"Status","Year","Organisation","Region_ITL3","Region_london","Responsibility_level_ungrouped","Headcount","FTE","Mean_salary","Median_salary"
"In post","2022","Accountant in Bankruptcy","East Ayrshire and North Ayrshire mainland","Outside London","AA","30","25","23160","23230"
"In post","2022","Accountant in Bankruptcy","East Ayrshire and North Ayrshire mainland","Outside London","EO","40","35","29390","30040"
"In post","2022","Accountant in Bankruptcy","East Ayrshire and North Ayrshire mainland","Outside London","G6","[c]","[c]","[c]","[c]"
"In post","2022","Accountant in Bankruptcy","East Ayrshire and North Ayrshire mainland","Outside London","G7","5","5","[c]","[c]"
"In post","2022","Accountant in Bankruptcy","East Ayrshire and North Ayrshire mainland","Outside London","HEO","25","25","34650","36130"
"In post","2022","Accountant in Bankruptcy","East Ayrshire and North Ayrshire mainland","Outside London","SCS level","[c]","[c]","[c]","[c]"
"In post","2022","Accountant in Bankruptcy","East Ayrshire and North Ayrshire mainland","Outside London","SEO","10","10","[c]","[c]"
"In post","2022","Accountant in Bankruptcy","Glasgow City","Outside London","HEO","[c]","[c]","[c]","[c]"
"In post","2022","Advisory, Conciliation and Arbitration Service","Birmingham","Outside London","AO","[c]","[c]","[c]","[c]"
"In post","2022","Advisory, Conciliation and Arbitration Service","Birmingham","Outside London","EO","25","20","24730","24250"
"In post","2022","Advisory, Conciliation and Arbitration Service","Birmingham","Outside London","G7","[c]","[c]","[c]","[c]"
"In post","2022","Advisory, Conciliation and Arbitration Service","Birmingham","Outside London","HEO","35","35","32220","30950"
"In post","2022","Advisory, Conciliation and Arbitration Service","Birmingham","Outside London","SEO","15","15","40550","39580"
"In post","2022","Advisory, Conciliation and Arbitration Service","Bournemouth, Christchurch and Poole","Outside London","SEO","[c]","[c]","[c]","[c]"
"In post","2022","Advisory, Conciliation and Arbitration Service","Breckland and South Norfolk","Outside London","SEO","[c]","[c]","[c]","[c]"
"In post","2022","Advisory, Conciliation and Arbitration Service","Bridgend and Neath Port Talbot","Outside London","EO","[c]","[c]","[c]","[c]"
"In post","2022","Advisory, Conciliation and Arbitration Service","Bristol, City of","Outside London","AO","[c]","[c]","[c]","[c]"
"In post","2022","Advisory, Conciliation and Arbitration Service","Bristol, City of","Outside London","EO","10","5","[c]","[c]"
"In post","2022","Advisory, Conciliation and Arbitration Service","Bristol, City of","Outside London","G7","[c]","[c]","[c]","[c]"
"In post","2022","Advisory, Conciliation and Arbitration Service","Bristol, City of","Outside London","HEO","25","25","31880","30950"
"In post","2022","Advisory, Conciliation and Arbitration Service","Bristol, City of","Outside London","SEO","5","5","[c]","[c]"
"In post","2022","Advisory, Conciliation and Arbitration Service","Cardiff and Vale of Glamorgan","Outside London","AO","[c]","[c]","[c]","[c]"
"In post","2022","Advisory, Conciliation and Arbitration Service","Cardiff and Vale of Glamorgan","Outside London","EO","30","30","24770","24250"
"In post","2022","Advisory, Conciliation and Arbitration Service","Cardiff and Vale of Glamorgan","Outside London","G6","[c]","[c]","[c]","[c]"
"In post","2022","Advisory, Conciliation and Arbitration Service","Cardiff and Vale of Glamorgan","Outside London","G7","[c]","[c]","[c]","[c]"
"In post","2022","Advisory, Conciliation and Arbitration Service","Cardiff and Vale of Glamorgan","Outside London","HEO","35","35","31940","30990"
"In post","2022","Advisory, Conciliation and Arbitration Service","Cardiff and Vale of Glamorgan","Outside London","SEO","5","5","[c]","[c]"
"In post","2022","Advisory, Conciliation and Arbitration Service","Central Hampshire","Outside London","HEO","[c]","[c]","[c]","[c]"
"In post","2022","Advisory, Conciliation and Arbitration Service","Cheshire West and Chester","Outside London","G7","[c]","[c]","[c]","[c]"
"In post","2022","Advisory, Conciliation and Arbitration Service","Devon CC","Outside London","HEO","[c]","[c]","[c]","[c]"
"In post","2022","Advisory, Conciliation and Arbitration Service","Devon CC","Outside London","SEO","[c]","[c]","[c]","[c]"
"In post","2022","Advisory, Conciliation and Arbitration Service","Dorset","Outside London","HEO","[c]","[c]","[c]","[c]"
"In post","2022","Advisory, Conciliation and Arbitration Service","Dudley","Outside London","EO","[c]","[c]","[c]","[c]"
"In post","2022","Advisory, Conciliation and Arbitration Service","East Merseyside","Outside London","HEO","[c]","[c]","[c]","[c]"
"In post","2022","Advisory, Conciliation and Arbitration Service","Flintshire and Wrexham","Outside London","SEO","[c]","[c]","[c]","[c]"
"In post","2022","Advisory, Conciliation and Arbitration Service","Glasgow City","Outside London","AO","[c]","[c]","[c]","[c]"
"In post","2022","Advisory, Conciliation and Arbitration Service","Glasgow City","Outside London","EO","30","30","24690","24250"
"In post","2022","Advisory, Conciliation and Arbitration Service","Glasgow City","Outside London","G6","[c]","[c]","[c]","[c]"
"In post","2022","Advisory, Conciliation and Arbitration Service","Glasgow City","Outside London","G7","[c]","[c]","[c]","[c]"
"In post","2022","Advisory, Conciliation and Arbitration Service","Glasgow City","Outside London","HEO","45","40","32180","31040"
"In post","2022","Advisory, Conciliation and Arbitration Service","Glasgow City","Outside London","SEO","15","15","41990","40710"
"In post","2022","Advisory, Conciliation and Arbitration Service","Greater Manchester North West","Outside London","SEO","[c]","[c]","[c]","[c]"
"In post","2022","Advisory, Conciliation and Arbitration Service","Hartlepool and Stockton-on-Tees","Outside London","HEO","[c]","[c]","[c]","[c]"
"In post","2022","Advisory, Conciliation and Arbitration Service","Heart of Essex","Outside London","SEO","[c]","[c]","[c]","[c]"
"In post","2022","Advisory, Conciliation and Arbitration Service","Kent Thames Gateway","Outside London","HEO","[c]","[c]","[c]","[c]"
"In post","2022","Advisory, Conciliation and Arbitration Service","Leeds","Outside London","AO","[c]","[c]","[c]","[c]"
"In post","2022","Advisory, Conciliation and Arbitration Service","Leeds","Outside London","EO","20","20","24560","24250"
"In post","2022","Advisory, Conciliation and Arbitration Service","Leeds","Outside London","G6","[c]","[c]","[c]","[c]"
"In post","2022","Advisory, Conciliation and Arbitration Service","Leeds","Outside London","G7","[c]","[c]","[c]","[c]"
"In post","2022","Advisory, Conciliation and Arbitration Service","Leeds","Outside London","HEO","30","30","32280","31140"
"In post","2022","Advisory, Conciliation and Arbitration Service","Leeds","Outside London","SEO","10","10","40820","39920"
"In post","2022","Advisory, Conciliation and Arbitration Service","Liverpool","Outside London","G7","[c]","[c]","[c]","[c]"
"In post","2022","Advisory, Conciliation and Arbitration Service","Manchester","Outside London","AO","5","5","[c]","[c]"
"In post","2022","Advisory, Conciliation and Arbitration Service","Manchester","Outside London","EO","55","50","24540","24250"
"In post","2022","Advisory, Conciliation and Arbitration Service","Manchester","Outside London","G6","[c]","[c]","[c]","[c]"
"In post","2022","Advisory, Conciliation and Arbitration Service","Manchester","Outside London","G7","[c]","[c]","[c]","[c]"
"In post","2022","Advisory, Conciliation and Arbitration Service","Manchester","Outside London","HEO","55","50","32730","32990"
"In post","2022","Advisory, Conciliation and Arbitration Service","Manchester","Outside London","SEO","15","15","40670","39840"
"In post","2022","Advisory, Conciliation and Arbitration Service","Medway","Outside London","HEO","[c]","[c]","[c]","[c]"
"In post","2022","Advisory, Conciliation and Arbitration Service","Mid Kent","Outside London","HEO","[c]","[c]","[c]","[c]"
"In post","2022","Advisory, Conciliation and Arbitration Service","Mid Lancashire","Outside London","HEO","[c]","[c]","[c]","[c]"
"In post","2022","Advisory, Conciliation and Arbitration Service","North Hampshire","Outside London","AO","[c]","[c]","[c]","[c]"
"In post","2022","Advisory, Conciliation and Arbitration Service","North Hampshire","Outside London","EO","5","5","[c]","[c]"
"In post","2022","Advisory, Conciliation and Arbitration Service","North Hampshire","Outside London","G7","[c]","[c]","[c]","[c]"
"In post","2022","Advisory, Conciliation and Arbitration Service","North Hampshire","Outside London","HEO","5","5","[c]","[c]"
"In post","2022","Advisory, Conciliation and Arbitration Service","North Hampshire","Outside London","SEO","10","10","[c]","[c]"
"In post","2022","Advisory, Conciliation and Arbitration Service","Nottingham","Outside London","AO","15","10","20210","20040"
"In post","2022","Advisory, Conciliation and Arbitration Service","Nottingham","Outside London","EO","40","40","24440","24250"
"In post","2022","Advisory, Conciliation and Arbitration Service","Nottingham","Outside London","G7","[c]","[c]","[c]","[c]"
"In post","2022","Advisory, Conciliation and Arbitration Service","Nottingham","Outside London","HEO","40","35","32060","30950"
"In post","2022","Advisory, Conciliation and Arbitration Service","Nottingham","Outside London","SEO","10","10","[c]","[c]"
"In post","2022","Advisory, Conciliation and Arbitration Service","Oxfordshire CC","Outside London","HEO","[c]","[c]","[c]","[c]"
"In post","2022","Advisory, Conciliation and Arbitration Service","Sefton","Outside London","HEO","[c]","[c]","[c]","[c]"
"In post","2022","Advisory, Conciliation and Arbitration Service","Somerset CC","Outside London","G6","[c]","[c]","[c]","[c]"
"In post","2022","Advisory, Conciliation and Arbitration Service","Somerset CC","Outside London","SEO","[c]","[c]","[c]","[c]"
"In post","2022","Advisory, Conciliation and Arbitration Service","South West Wales","Outside London","HEO","[c]","[c]","[c]","[c]"
"In post","2022","Advisory, Conciliation and Arbitration Service","South West Wales","Outside London","SEO","[c]","[c]","[c]","[c]"
"In post","2022","Advisory, Conciliation and Arbitration Service","Staffordshire CC","Outside London","G7","[c]","[c]","[c]","[c]"
"In post","2022","Advisory, Conciliation and Arbitration Service","Suffolk CC","Outside London","AO","[c]","[c]","[c]","[c]"
"In post","2022","Advisory, Conciliation and Arbitration Service","Suffolk CC","Outside London","EO","10","10","[c]","[c]"
"In post","2022","Advisory, Conciliation and Arbitration Service","Suffolk CC","Outside London","G6","[c]","[c]","[c]","[c]"
"In post","2022","Advisory, Conciliation and Arbitration Service","Suffolk CC","Outside London","G7","[c]","[c]","[c]","[c]"
"In post","2022","Advisory, Conciliation and Arbitration Service","Suffolk CC","Outside London","HEO","20","20","32570","34260"
"In post","2022","Advisory, Conciliation and Arbitration Service","Suffolk CC","Outside London","SEO","5","5","[c]","[c]"
"In post","2022","Advisory, Conciliation and Arbitration Service","Swansea","Outside London","EO","[c]","[c]","[c]","[c]"
"In post","2022","Advisory, Conciliation and Arbitration Service","Swansea","Outside London","HEO","[c]","[c]","[c]","[c]"
"In post","2022","Advisory, Conciliation and Arbitration Service","Thurrock","Outside London","HEO","[c]","[c]","[c]","[c]"
"In post","2022","Advisory, Conciliation and Arbitration Service","Tyneside","Outside London","AO","[c]","[c]","[c]","[c]"
"In post","2022","Advisory, Conciliation and Arbitration Service","Tyneside","Outside London","EO","60","55","24610","24250"
"In post","2022","Advisory, Conciliation and Arbitration Service","Tyneside","Outside London","G7","[c]","[c]","[c]","[c]"
"In post","2022","Advisory, Conciliation and Arbitration Service","Tyneside","Outside London","HEO","60","55","32040","30950"
"In post","2022","Advisory, Conciliation and Arbitration Service","Tyneside","Outside London","SEO","10","10","40680","39840"
"In post","2022","Advisory, Conciliation and Arbitration Service","Wandsworth","London","AO","[c]","[c]","[c]","[c]"
"In post","2022","Advisory, Conciliation and Arbitration Service","Wandsworth","London","EO","[c]","[c]","[c]","[c]"
"In post","2022","Advisory, Conciliation and Arbitration Service","Wandsworth","London","G7","[c]","[c]","[c]","[c]"
"In post","2022","Advisory, Conciliation and Arbitration Service","Wandsworth","London","HEO","[c]","[c]","[c]","[c]"
"In post","2022","Advisory, Conciliation and Arbitration Service","Wandsworth","London","SEO","[c]","[c]","[c]","[c]"
"In post","2022","Advisory, Conciliation and Arbitration Service","Warwickshire CC","Outside London","HEO","[c]","[c]","[c]","[c]"
"In post","2022","Advisory, Conciliation and Arbitration Service","West Kent","Outside London","SEO","[c]","[c]","[c]","[c]"
"In post","2022","Advisory, Conciliation and Arbitration Service","Westminster","London","AO","5","5","[c]","[c]"
"In post","2022","Advisory, Conciliation and Arbitration Service","Westminster","London","EO","30","30","28400","28420"
"In post","2022","Advisory, Conciliation and Arbitration Service","Westminster","London","G6","[c]","[c]","[c]","[c]"
"In post","2022","Advisory, Conciliation and Arbitration Service","Westminster","London","G7","20","20","58820","58560"
"In post","2022","Advisory, Conciliation and Arbitration Service","Westminster","London","HEO","65","60","37640","38670"
"In post","2022","Advisory, Conciliation and Arbitration Service","Westminster","London","SCS level","5","5","[c]","[c]"
"In post","2022","Advisory, Conciliation and Arbitration Service","Westminster","London","SEO","45","45","46610","47610"
"In post","2022","Animal and Plant Health Agency","Aberdeen City and Aberdeenshire","Outside London","AO","[c]","[c]","[c]","[c]"
"In post","2022","Animal and Plant Health Agency","Aberdeen City and Aberdeenshire","Outside London","EO","[c]","[c]","[c]","[c]"
"In post","2022","Animal and Plant Health Agency","Aberdeen City and Aberdeenshire","Outside London","G6","[c]","[c]","[c]","[c]"
"In post","2022","Animal and Plant Health Agency","Aberdeen City and Aberdeenshire","Outside London","HEO","[c]","[c]","[c]","[c]"
"In post","2022","Animal and Plant Health Agency","Aberdeen City and Aberdeenshire","Outside London","SEO","5","5","[c]","[c]"
"In post","2022","Animal and Plant Health Agency","Berkshire","Outside London","EO","[c]","[c]","[c]","[c]"
"In post","2022","Animal and Plant Health Agency","Berkshire","Outside London","SEO","[c]","[c]","[c]","[c]"
"In post","2022","Animal and Plant Health Agency","Bristol, City of","Outside London","AO","40","40","21360","21300"
"In post","2022","Animal and Plant Health Agency","Bristol, City of","Outside London","EO","10","10","[c]","[c]"
"In post","2022","Animal and Plant Health Agency","Bristol, City of","Outside London","G6","[c]","[c]","[c]","[c]"
"In post","2022","Animal and Plant Health Agency","Bristol, City of","Outside London","G7","[c]","[c]","[c]","[c]"
"In post","2022","Animal and Plant Health Agency","Bristol, City of","Outside London","HEO","5","5","[c]","[c]"
"In post","2022","Animal and Plant Health Agency","Bristol, City of","Outside London","SEO","[c]","[c]","[c]","[c]"
"In post","2022","Animal and Plant Health Agency","Caithness and Sutherland, and Ross and Cromarty","Outside London","EO","[c]","[c]","[c]","[c]"
"In post","2022","Animal and Plant Health Agency","Cambridgeshire CC","Outside London","AO","[c]","[c]","[c]","[c]"
"In post","2022","Animal and Plant Health Agency","Cambridgeshire CC","Outside London","EO","10","10","[c]","[c]"
"In post","2022","Animal and Plant Health Agency","Cambridgeshire CC","Outside London","G7","[c]","[c]","[c]","[c]"
"In post","2022","Animal and Plant Health Agency","Cambridgeshire CC","Outside London","HEO","10","10","[c]","[c]"
"In post","2022","Animal and Plant Health Agency","Cambridgeshire CC","Outside London","SEO","5","5","[c]","[c]"
"In post","2022","Animal and Plant Health Agency","Cardiff and Vale of Glamorgan","Outside London","AO","45","40","21240","21300"
"In post","2022","Animal and Plant Health Agency","Cardiff and Vale of Glamorgan","Outside London","EO","15","15","25270","24920"
"In post","2022","Animal and Plant Health Agency","Cardiff and Vale of Glamorgan","Outside London","G6","[c]","[c]","[c]","[c]"
"In post","2022","Animal and Plant Health Agency","Cardiff and Vale of Glamorgan","Outside London","G7","5","5","[c]","[c]"
"In post","2022","Animal and Plant Health Agency","Cardiff and Vale of Glamorgan","Outside London","HEO","10","10","30340","30400"
"In post","2022","Animal and Plant Health Agency","Cardiff and Vale of Glamorgan","Outside London","SEO","10","10","[c]","[c]"
"In post","2022","Animal and Plant Health Agency","Central Hampshire","Outside London","EO","20","20","24930","24920"
"In post","2022","Animal and Plant Health Agency","Central Hampshire","Outside London","G7","[c]","[c]","[c]","[c]"
"In post","2022","Animal and Plant Health Agency","Central Hampshire","Outside London","HEO","10","10","29860","29180"
"In post","2022","Animal and Plant Health Agency","Central Hampshire","Outside London","SEO","[c]","[c]","[c]","[c]"
"In post","2022","Animal and Plant Health Agency","Cheshire East","Outside London","EO","10","10","25200","24920"
"In post","2022","Animal and Plant Health Agency","Cheshire East","Outside London","G7","[c]","[c]","[c]","[c]"
"In post","2022","Animal and Plant Health Agency","Cheshire East","Outside London","HEO","10","10","[c]","[c]"
"In post","2022","Animal and Plant Health Agency","Cheshire East","Outside London","SEO","10","10","39620","36970"
"In post","2022","Animal and Plant Health Agency","City of Edinburgh","Outside London","HEO","[c]","[c]","[c]","[c]"
"In post","2022","Animal and Plant Health Agency","Cornwall and Isles of Scilly","Outside London","AO","10","10","21300","21300"
"In post","2022","Animal and Plant Health Agency","Cornwall and Isles of Scilly","Outside London","EO","15","15","25230","25190"
"In post","2022","Animal and Plant Health Agency","Cornwall and Isles of Scilly","Outside London","G6","[c]","[c]","[c]","[c]"
"In post","2022","Animal and Plant Health Agency","Cornwall and Isles of Scilly","Outside London","G7","[c]","[c]","[c]","[c]"
"In post","2022","Animal and Plant Health Agency","Cornwall and Isles of Scilly","Outside London","HEO","10","10","30250","29180"
"In post","2022","Animal and Plant Health Agency","Cornwall and Isles of Scilly","Outside London","SEO","15","15","40260","37910"
"In post","2022","Animal and Plant Health Agency","Devon CC","Outside London","AO","100","95","21320","21300"
"In post","2022","Animal and Plant Health Agency","Devon CC","Outside London","EO","50","45","25530","25090"
"In post","2022","Animal and Plant Health Agency","Devon CC","Outside London","G6","[c]","[c]","[c]","[c]"
"In post","2022","Animal and Plant Health Agency","Devon CC","Outside London","G7","10","10","50820","47550"
"In post","2022","Animal and Plant Health Agency","Devon CC","Outside London","HEO","15","15","29760","29180"
"In post","2022","Animal and Plant Health Agency","Devon CC","Outside London","SCS level","[c]","[c]","[c]","[c]"
"In post","2022","Animal and Plant Health Agency","Devon CC","Outside London","SEO","25","25","40600","37530"
"In post","2022","Animal and Plant Health Agency","Dorset","Outside London","G7","[c]","[c]","[c]","[c]"
"In post","2022","Animal and Plant Health Agency","Dorset","Outside London","HEO","[c]","[c]","[c]","[c]"
"In post","2022","Animal and Plant Health Agency","Dorset","Outside London","SEO","[c]","[c]","[c]","[c]"
"In post","2022","Animal and Plant Health Agency","Dumfries and Galloway","Outside London","EO","[c]","[c]","[c]","[c]"
"In post","2022","Animal and Plant Health Agency","Dumfries and Galloway","Outside London","G7","[c]","[c]","[c]","[c]"
"In post","2022","Animal and Plant Health Agency","Dumfries and Galloway","Outside London","HEO","[c]","[c]","[c]","[c]"
"In post","2022","Animal and Plant Health Agency","Dumfries and Galloway","Outside London","SEO","[c]","[c]","[c]","[c]"
"In post","2022","Animal and Plant Health Agency","East Cumbria","Outside London","AO","100","95","21430","21300"
"In post","2022","Animal and Plant Health Agency","East Cumbria","Outside London","EO","30","30","25260","24920"
"In post","2022","Animal and Plant Health Agency","East Cumbria","Outside London","G7","[c]","[c]","[c]","[c]"
"In post","2022","Animal and Plant Health Agency","East Cumbria","Outside London","HEO","10","10","29830","29180"
"In post","2022","Animal and Plant Health Agency","East Cumbria","Outside London","SCS level","[c]","[c]","[c]","[c]"
"In post","2022","Animal and Plant Health Agency","East Cumbria","Outside London","SEO","15","10","42250","37580"
"In post","2022","Animal and Plant Health Agency","East Kent","Outside London","EO","25","25","26990","24920"
"In post","2022","Animal and Plant Health Agency","East Kent","Outside London","HEO","5","5","[c]","[c]"
"In post","2022","Animal and Plant Health Agency","East Kent","Outside London","SEO","[c]","[c]","[c]","[c]"
"In post","2022","Animal and Plant Health Agency","East Lothian and Midlothian","Outside London","AO","[c]","[c]","[c]","[c]"
"In post","2022","Animal and Plant Health Agency","East Lothian and Midlothian","Outside London","EO","[c]","[c]","[c]","[c]"
"In post","2022","Animal and Plant Health Agency","East Lothian and Midlothian","Outside London","G6","[c]","[c]","[c]","[c]"
"In post","2022","Animal and Plant Health Agency","East Lothian and Midlothian","Outside London","G7","[c]","[c]","[c]","[c]"
"In post","2022","Animal and Plant Health Agency","East Lothian and Midlothian","Outside London","HEO","[c]","[c]","[c]","[c]"
"In post","2022","Animal and Plant Health Agency","East Lothian and Midlothian","Outside London","SEO","[c]","[c]","[c]","[c]"
"In post","2022","Animal and Plant Health Agency","East Riding of Yorkshire","Outside London","EO","10","10","24690","24920"
"In post","2022","Animal and Plant Health Agency","East Riding of Yorkshire","Outside London","HEO","5","5","[c]","[c]"
"In post","2022","Animal and Plant Health Agency","East Riding of Yorkshire","Outside London","SEO","[c]","[c]","[c]","[c]"
"In post","2022","Animal and Plant Health Agency","Gloucestershire CC","Outside London","AO","5","5","[c]","[c]"
"In post","2022","Animal and Plant Health Agency","Gloucestershire CC","Outside London","EO","25","20","25200","25100"
"In post","2022","Animal and Plant Health Agency","Gloucestershire CC","Outside London","G6","[c]","[c]","[c]","[c]"
"In post","2022","Animal and Plant Health Agency","Gloucestershire CC","Outside London","G7","[c]","[c]","[c]","[c]"
"In post","2022","Animal and Plant Health Agency","Gloucestershire CC","Outside London","HEO","15","15","29930","29550"
"In post","2022","Animal and Plant Health Agency","Gloucestershire CC","Outside London","SEO","15","15","39670","37480"
"In post","2022","Animal and Plant Health Agency","Gwynedd","Outside London","AO","30","25","21330","21300"
"In post","2022","Animal and Plant Health Agency","Gwynedd","Outside London","EO","15","15","26050","25770"
"In post","2022","Animal and Plant Health Agency","Gwynedd","Outside London","G6","[c]","[c]","[c]","[c]"
"In post","2022","Animal and Plant Health Agency","Gwynedd","Outside London","HEO","5","5","[c]","[c]"
"In post","2022","Animal and Plant Health Agency","Gwynedd","Outside London","SEO","15","10","37950","36970"
"In post","2022","Animal and Plant Health Agency","Harrow and Hillingdon","London","AO","[c]","[c]","[c]","[c]"
"In post","2022","Animal and Plant Health Agency","Harrow and Hillingdon","London","EO","5","5","[c]","[c]"
"In post","2022","Animal and Plant Health Agency","Harrow and Hillingdon","London","G7","[c]","[c]","[c]","[c]"
"In post","2022","Animal and Plant Health Agency","Harrow and Hillingdon","London","HEO","[c]","[c]","[c]","[c]"
"In post","2022","Animal and Plant Health Agency","Harrow and Hillingdon","London","SEO","5","5","[c]","[c]"
"In post","2022","Animal and Plant Health Agency","Heart of Essex","Outside London","AO","[c]","[c]","[c]","[c]"
"In post","2022","Animal and Plant Health Agency","Heart of Essex","Outside London","EO","20","20","25980","25230"
"In post","2022","Animal and Plant Health Agency","Heart of Essex","Outside London","G7","[c]","[c]","[c]","[c]"
"In post","2022","Animal and Plant Health Agency","Heart of Essex","Outside London","HEO","10","10","30450","29790"
"In post","2022","Animal and Plant Health Agency","Heart of Essex","Outside London","SEO","5","5","[c]","[c]"
"In post","2022","Animal and Plant Health Agency","Hertfordshire CC","Outside London","EO","[c]","[c]","[c]","[c]"
"In post","2022","Animal and Plant Health Agency","Hertfordshire CC","Outside London","G7","[c]","[c]","[c]","[c]"
"In post","2022","Animal and Plant Health Agency","Hertfordshire CC","Outside London","HEO","[c]","[c]","[c]","[c]"
"In post","2022","Animal and Plant Health Agency","Hertfordshire CC","Outside London","SEO","[c]","[c]","[c]","[c]"
"In post","2022","Animal and Plant Health Agency","Hounslow and Richmond upon Thames","London","AO","[c]","[c]","[c]","[c]"
"In post","2022","Animal and Plant Health Agency","Hounslow and Richmond upon Thames","London","EO","40","40","30630","31460"
"In post","2022","Animal and Plant Health Agency","Hounslow and Richmond upon Thames","London","G6","[c]","[c]","[c]","[c]"
"In post","2022","Animal and Plant Health Agency","Hounslow and Richmond upon Thames","London","G7","[c]","[c]","[c]","[c]"
"In post","2022","Animal and Plant Health Agency","Hounslow and Richmond upon Thames","London","HEO","15","15","34770","34960"
"In post","2022","Animal and Plant Health Agency","Hounslow and Richmond upon Thames","London","SEO","5","5","[c]","[c]"
"In post","2022","Animal and Plant Health Agency","Inverness and Nairn, Moray, and Badenoch and Strathspey","Outside London","AO","5","5","[c]","[c]"
"In post","2022","Animal and Plant Health Agency","Inverness and Nairn, Moray, and Badenoch and Strathspey","Outside London","EO","[c]","[c]","[c]","[c]"
"In post","2022","Animal and Plant Health Agency","Inverness and Nairn, Moray, and Badenoch and Strathspey","Outside London","G7","[c]","[c]","[c]","[c]"
"In post","2022","Animal and Plant Health Agency","Inverness and Nairn, Moray, and Badenoch and Strathspey","Outside London","HEO","[c]","[c]","[c]","[c]"
"In post","2022","Animal and Plant Health Agency","Inverness and Nairn, Moray, and Badenoch and Strathspey","Outside London","SEO","5","5","[c]","[c]"
"In post","2022","Animal and Plant Health Agency","Leeds","Outside London","HEO","[c]","[c]","[c]","[c]"
"In post","2022","Animal and Plant Health Agency","Leicestershire CC and Rutland","Outside London","AO","[c]","[c]","[c]","[c]"
"In post","2022","Animal and Plant Health Agency","Leicestershire CC and Rutland","Outside London","EO","5","5","[c]","[c]"
"In post","2022","Animal and Plant Health Agency","Leicestershire CC and Rutland","Outside London","G7","[c]","[c]","[c]","[c]"
"In post","2022","Animal and Plant Health Agency","Leicestershire CC and Rutland","Outside London","HEO","[c]","[c]","[c]","[c]"
"In post","2022","Animal and Plant Health Agency","Leicestershire CC and Rutland","Outside London","SEO","10","10","[c]","[c]"
"In post","2022","Animal and Plant Health Agency","Lincolnshire CC","Outside London","EO","10","10","[c]","[c]"
"In post","2022","Animal and Plant Health Agency","Lincolnshire CC","Outside London","G6","[c]","[c]","[c]","[c]"
"In post","2022","Animal and Plant Health Agency","Lincolnshire CC","Outside London","G7","[c]","[c]","[c]","[c]"
"In post","2022","Animal and Plant Health Agency","Lincolnshire CC","Outside London","HEO","5","5","[c]","[c]"
"In post","2022","Animal and Plant Health Agency","Lincolnshire CC","Outside London","SEO","5","5","[c]","[c]"
"In post","2022","Animal and Plant Health Agency","Manchester","Outside London","EO","5","5","[c]","[c]"
"In post","2022","Animal and Plant Health Agency","Manchester","Outside London","G6","[c]","[c]","[c]","[c]"
"In post","2022","Animal and Plant Health Agency","Manchester","Outside London","HEO","10","10","[c]","[c]"
"In post","2022","Animal and Plant Health Agency","Mid Kent","Outside London","EO","5","5","[c]","[c]"
"In post","2022","Animal and Plant Health Agency","Mid Kent","Outside London","HEO","[c]","[c]","[c]","[c]"
"In post","2022","Animal and Plant Health Agency","Mid Kent","Outside London","SEO","[c]","[c]","[c]","[c]"
"In post","2022","Animal and Plant Health Agency","Mid Lancashire","Outside London","AO","35","30","21370","21300"
"In post","2022","Animal and Plant Health Agency","Mid Lancashire","Outside London","EO","25","25","25180","24920"
"In post","2022","Animal and Plant Health Agency","Mid Lancashire","Outside London","G6","[c]","[c]","[c]","[c]"
"In post","2022","Animal and Plant Health Agency","Mid Lancashire","Outside London","G7","5","5","[c]","[c]"
"In post","2022","Animal and Plant Health Agency","Mid Lancashire","Outside London","HEO","20","15","30020","29180"
"In post","2022","Animal and Plant Health Agency","Mid Lancashire","Outside London","SEO","10","10","42210","38500"
"In post","2022","Animal and Plant Health Agency","North and West Norfolk","Outside London","EO","[c]","[c]","[c]","[c]"
"In post","2022","Animal and Plant Health Agency","North and West Norfolk","Outside London","HEO","5","5","[c]","[c]"
"In post","2022","Animal and Plant Health Agency","North and West Norfolk","Outside London","SEO","[c]","[c]","[c]","[c]"
"In post","2022","Animal and Plant Health Agency","North Yorkshire CC","Outside London","AO","20","15","21810","21300"
"In post","2022","Animal and Plant Health Agency","North Yorkshire CC","Outside London","EO","45","40","25610","25400"
"In post","2022","Animal and Plant Health Agency","North Yorkshire CC","Outside London","G6","5","5","[c]","[c]"
"In post","2022","Animal and Plant Health Agency","North Yorkshire CC","Outside London","G7","10","10","50440","49360"
"In post","2022","Animal and Plant Health Agency","North Yorkshire CC","Outside London","HEO","25","25","29930","29780"
"In post","2022","Animal and Plant Health Agency","North Yorkshire CC","Outside London","SEO","25","25","37290","36100"
"In post","2022","Animal and Plant Health Agency","Northumberland","Outside London","EO","[c]","[c]","[c]","[c]"
"In post","2022","Animal and Plant Health Agency","Norwich and East Norfolk","Outside London","EO","[c]","[c]","[c]","[c]"
"In post","2022","Animal and Plant Health Agency","Norwich and East Norfolk","Outside London","G7","[c]","[c]","[c]","[c]"
"In post","2022","Animal and Plant Health Agency","Norwich and East Norfolk","Outside London","HEO","[c]","[c]","[c]","[c]"
"In post","2022","Animal and Plant Health Agency","Norwich and East Norfolk","Outside London","SEO","[c]","[c]","[c]","[c]"
"In post","2022","Animal and Plant Health Agency","Nottingham","Outside London","EO","[c]","[c]","[c]","[c]"
"In post","2022","Animal and Plant Health Agency","Nottingham","Outside London","G7","[c]","[c]","[c]","[c]"
"In post","2022","Animal and Plant Health Agency","Nottingham","Outside London","HEO","[c]","[c]","[c]","[c]"
"In post","2022","Animal and Plant Health Agency","Nottingham","Outside London","SEO","[c]","[c]","[c]","[c]"
"In post","2022","Animal and Plant Health Agency","Oxfordshire CC","Outside London","EO","[c]","[c]","[c]","[c]"
"In post","2022","Animal and Plant Health Agency","Oxfordshire CC","Outside London","G6","[c]","[c]","[c]","[c]"
"In post","2022","Animal and Plant Health Agency","Oxfordshire CC","Outside London","G7","[c]","[c]","[c]","[c]"
"In post","2022","Animal and Plant Health Agency","Oxfordshire CC","Outside London","HEO","[c]","[c]","[c]","[c]"
"In post","2022","Animal and Plant Health Agency","Oxfordshire CC","Outside London","SEO","5","5","[c]","[c]"
"In post","2022","Animal and Plant Health Agency","Perth and Kinross, and Stirling","Outside London","AO","10","10","21300","21300"
"In post","2022","Animal and Plant Health Agency","Perth and Kinross, and Stirling","Outside London","EO","5","5","[c]","[c]"
"In post","2022","Animal and Plant Health Agency","Perth and Kinross, and Stirling","Outside London","G6","[c]","[c]","[c]","[c]"
"In post","2022","Animal and Plant Health Agency","Perth and Kinross, and Stirling","Outside London","G7","5","5","[c]","[c]"
"In post","2022","Animal and Plant Health Agency","Perth and Kinross, and Stirling","Outside London","HEO","5","5","[c]","[c]"
"In post","2022","Animal and Plant Health Agency","Perth and Kinross, and Stirling","Outside London","SCS level","[c]","[c]","[c]","[c]"
"In post","2022","Animal and Plant Health Agency","Perth and Kinross, and Stirling","Outside London","SEO","10","10","[c]","[c]"
"In post","2022","Animal and Plant Health Agency","Powys","Outside London","EO","5","5","[c]","[c]"
"In post","2022","Animal and Plant Health Agency","Powys","Outside London","G7","[c]","[c]","[c]","[c]"
"In post","2022","Animal and Plant Health Agency","Powys","Outside London","HEO","[c]","[c]","[c]","[c]"
"In post","2022","Animal and Plant Health Agency","Powys","Outside London","SEO","10","10","37460","37240"
"In post","2022","Animal and Plant Health Agency","Redbridge and Waltham Forest","London","EO","[c]","[c]","[c]","[c]"
"In post","2022","Animal and Plant Health Agency","Redbridge and Waltham Forest","London","HEO","[c]","[c]","[c]","[c]"
"In post","2022","Animal and Plant Health Agency","Scottish Borders","Outside London","AO","5","5","[c]","[c]"
"In post","2022","Animal and Plant Health Agency","Scottish Borders","Outside London","EO","[c]","[c]","[c]","[c]"
"In post","2022","Animal and Plant Health Agency","Scottish Borders","Outside London","G7","[c]","[c]","[c]","[c]"
"In post","2022","Animal and Plant Health Agency","Scottish Borders","Outside London","SEO","[c]","[c]","[c]","[c]"
"In post","2022","Animal and Plant Health Agency","Shropshire","Outside London","AO","5","5","[c]","[c]"
"In post","2022","Animal and Plant Health Agency","Shropshire","Outside London","EO","10","10","[c]","[c]"
"In post","2022","Animal and Plant Health Agency","Shropshire","Outside London","G6","[c]","[c]","[c]","[c]"
"In post","2022","Animal and Plant Health Agency","Shropshire","Outside London","G7","[c]","[c]","[c]","[c]"
"In post","2022","Animal and Plant Health Agency","Shropshire","Outside London","HEO","5","5","[c]","[c]"
"In post","2022","Animal and Plant Health Agency","Shropshire","Outside London","SEO","15","15","40780","37690"
"In post","2022","Animal and Plant Health Agency","Somerset CC","Outside London","EO","10","10","25630","26150"
"In post","2022","Animal and Plant Health Agency","Somerset CC","Outside London","G7","[c]","[c]","[c]","[c]"
"In post","2022","Animal and Plant Health Agency","Somerset CC","Outside London","HEO","[c]","[c]","[c]","[c]"
"In post","2022","Animal and Plant Health Agency","Somerset CC","Outside London","SEO","15","15","38100","36780"
"In post","2022","Animal and Plant Health Agency","South and West Derbyshire","Outside London","EO","[c]","[c]","[c]","[c]"
"In post","2022","Animal and Plant Health Agency","South and West Derbyshire","Outside London","G6","[c]","[c]","[c]","[c]"
"In post","2022","Animal and Plant Health Agency","South and West Derbyshire","Outside London","HEO","[c]","[c]","[c]","[c]"
"In post","2022","Animal and Plant Health Agency","South and West Derbyshire","Outside London","SEO","[c]","[c]","[c]","[c]"
"In post","2022","Animal and Plant Health Agency","South Ayrshire","Outside London","AO","10","10","21300","21300"
"In post","2022","Animal and Plant Health Agency","South Ayrshire","Outside London","EO","5","5","[c]","[c]"
"In post","2022","Animal and Plant Health Agency","South Ayrshire","Outside London","G7","[c]","[c]","[c]","[c]"
"In post","2022","Animal and Plant Health Agency","South Ayrshire","Outside London","HEO","[c]","[c]","[c]","[c]"
"In post","2022","Animal and Plant Health Agency","South Ayrshire","Outside London","SEO","[c]","[c]","[c]","[c]"
"In post","2022","Animal and Plant Health Agency","South Lanarkshire","Outside London","AO","[c]","[c]","[c]","[c]"
"In post","2022","Animal and Plant Health Agency","South Lanarkshire","Outside London","EO","[c]","[c]","[c]","[c]"
"In post","2022","Animal and Plant Health Agency","South Lanarkshire","Outside London","G6","[c]","[c]","[c]","[c]"
"In post","2022","Animal and Plant Health Agency","South Lanarkshire","Outside London","HEO","[c]","[c]","[c]","[c]"
"In post","2022","Animal and Plant Health Agency","South Lanarkshire","Outside London","SEO","[c]","[c]","[c]","[c]"
"In post","2022","Animal and Plant Health Agency","South Nottinghamshire","Outside London","AO","10","5","[c]","[c]"
"In post","2022","Animal and Plant Health Agency","South Nottinghamshire","Outside London","EO","[c]","[c]","[c]","[c]"
"In post","2022","Animal and Plant Health Agency","South Nottinghamshire","Outside London","G7","[c]","[c]","[c]","[c]"
"In post","2022","Animal and Plant Health Agency","South Nottinghamshire","Outside London","HEO","5","5","[c]","[c]"
"In post","2022","Animal and Plant Health Agency","South Nottinghamshire","Outside London","SEO","[c]","[c]","[c]","[c]"
"In post","2022","Animal and Plant Health Agency","South West Wales","Outside London","AO","55","50","21350","21300"
"In post","2022","Animal and Plant Health Agency","South West Wales","Outside London","EO","45","40","25500","25190"
"In post","2022","Animal and Plant Health Agency","South West Wales","Outside London","G6","[c]","[c]","[c]","[c]"
"In post","2022","Animal and Plant Health Agency","South West Wales","Outside London","G7","5","5","[c]","[c]"
"In post","2022","Animal and Plant Health Agency","South West Wales","Outside London","HEO","10","10","29740","29430"
"In post","2022","Animal and Plant Health Agency","South West Wales","Outside London","SEO","35","30","37510","36970"
"In post","2022","Animal and Plant Health Agency","Staffordshire CC","Outside London","AO","35","35","21300","21300"
"In post","2022","Animal and Plant Health Agency","Staffordshire CC","Outside London","EO","15","15","25270","24920"
"In post","2022","Animal and Plant Health Agency","Staffordshire CC","Outside London","G7","[c]","[c]","[c]","[c]"
"In post","2022","Animal and Plant Health Agency","Staffordshire CC","Outside London","HEO","10","10","[c]","[c]"
"In post","2022","Animal and Plant Health Agency","Staffordshire CC","Outside London","SEO","10","10","[c]","[c]"
"In post","2022","Animal and Plant Health Agency","Suffolk CC","Outside London","AO","5","5","[c]","[c]"
"In post","2022","Animal and Plant Health Agency","Suffolk CC","Outside London","EO","15","15","24780","24920"
"In post","2022","Animal and Plant Health Agency","Suffolk CC","Outside London","G7","[c]","[c]","[c]","[c]"
"In post","2022","Animal and Plant Health Agency","Suffolk CC","Outside London","HEO","10","10","[c]","[c]"
"In post","2022","Animal and Plant Health Agency","Suffolk CC","Outside London","SEO","15","15","42750","38300"
"In post","2022","Animal and Plant Health Agency","Telford and Wrekin","Outside London","HEO","[c]","[c]","[c]","[c]"
"In post","2022","Animal and Plant Health Agency","Telford and Wrekin","Outside London","SEO","[c]","[c]","[c]","[c]"
"In post","2022","Animal and Plant Health Agency","Thurrock","Outside London","EO","[c]","[c]","[c]","[c]"
"In post","2022","Animal and Plant Health Agency","Thurrock","Outside London","G7","[c]","[c]","[c]","[c]"
"In post","2022","Animal and Plant Health Agency","Thurrock","Outside London","HEO","[c]","[c]","[c]","[c]"
"In post","2022","Animal and Plant Health Agency","Tyneside","Outside London","AO","15","10","21300","21300"
"In post","2022","Animal and Plant Health Agency","Tyneside","Outside London","EO","15","15","25650","25190"
"In post","2022","Animal and Plant Health Agency","Tyneside","Outside London","G6","[c]","[c]","[c]","[c]"
"In post","2022","Animal and Plant Health Agency","Tyneside","Outside London","G7","5","5","[c]","[c]"
"In post","2022","Animal and Plant Health Agency","Tyneside","Outside London","HEO","5","5","[c]","[c]"
"In post","2022","Animal and Plant Health Agency","Tyneside","Outside London","SEO","10","10","[c]","[c]"
"In post","2022","Animal and Plant Health Agency","Unknown","Unknown","AO","5","5","[c]","[c]"
"In post","2022","Animal and Plant Health Agency","Unknown","Unknown","EO","10","10","[c]","[c]"
"In post","2022","Animal and Plant Health Agency","Unknown","Unknown","G7","[c]","[c]","[c]","[c]"
"In post","2022","Animal and Plant Health Agency","Unknown","Unknown","HEO","5","5","[c]","[c]"
"In post","2022","Animal and Plant Health Agency","Unknown","Unknown","SEO","[c]","[c]","[c]","[c]"
"In post","2022","Animal and Plant Health Agency","West Surrey","Outside London","AA","5","5","[c]","[c]"
"In post","2022","Animal and Plant Health Agency","West Surrey","Outside London","AO","185","180","24340","24370"
"In post","2022","Animal and Plant Health Agency","West Surrey","Outside London","EO","155","145","28260","27960"
"In post","2022","Animal and Plant Health Agency","West Surrey","Outside London","G6","20","20","65890","65870"
"In post","2022","Animal and Plant Health Agency","West Surrey","Outside London","G7","45","45","54330","53870"
"In post","2022","Animal and Plant Health Agency","West Surrey","Outside London","HEO","120","115","33250","32650"
"In post","2022","Animal and Plant Health Agency","West Surrey","Outside London","SCS level","[c]","[c]","[c]","[c]"
"In post","2022","Animal and Plant Health Agency","West Surrey","Outside London","SEO","110","105","40330","39420"
"In post","2022","Animal and Plant Health Agency","West Sussex (North East)","Outside London","EO","5","5","[c]","[c]"
"In post","2022","Animal and Plant Health Agency","West Sussex (North East)","Outside London","G6","[c]","[c]","[c]","[c]"
"In post","2022","Animal and Plant Health Agency","West Sussex (North East)","Outside London","HEO","5","5","[c]","[c]"
"In post","2022","Animal and Plant Health Agency","West Sussex (North East)","Outside London","SEO","5","5","[c]","[c]"
"In post","2022","Animal and Plant Health Agency","West Sussex (South West)","Outside London","EO","[c]","[c]","[c]","[c]"
"In post","2022","Animal and Plant Health Agency","Westminster","London","AO","[c]","[c]","[c]","[c]"
"In post","2022","Animal and Plant Health Agency","Westminster","London","EO","[c]","[c]","[c]","[c]"
"In post","2022","Animal and Plant Health Agency","Westminster","London","G6","[c]","[c]","[c]","[c]"
"In post","2022","Animal and Plant Health Agency","Westminster","London","G7","10","10","[c]","[c]"
"In post","2022","Animal and Plant Health Agency","Westminster","London","HEO","[c]","[c]","[c]","[c]"
"In post","2022","Animal and Plant Health Agency","Westminster","London","SEO","[c]","[c]","[c]","[c]"
"In post","2022","Animal and Plant Health Agency","Wiltshire","Outside London","EO","10","10","[c]","[c]"
"In post","2022","Animal and Plant Health Agency","Wiltshire","Outside London","HEO","[c]","[c]","[c]","[c]"
"In post","2022","Animal and Plant Health Agency","Worcestershire CC","Outside London","AA","[c]","[c]","[c]","[c]"
"In post","2022","Animal and Plant Health Agency","Worcestershire CC","Outside London","AO","35","35","21500","21300"
"In post","2022","Animal and Plant Health Agency","Worcestershire CC","Outside London","EO","45","45","25560","25190"
"In post","2022","Animal and Plant Health Agency","Worcestershire CC","Outside London","G6","[c]","[c]","[c]","[c]"
"In post","2022","Animal and Plant Health Agency","Worcestershire CC","Outside London","G7","10","10","[c]","[c]"
"In post","2022","Animal and Plant Health Agency","Worcestershire CC","Outside London","HEO","40","35","30290","30040"
"In post","2022","Animal and Plant Health Agency","Worcestershire CC","Outside London","SEO","30","30","38870","37210"
"In post","2022","Animal and Plant Health Agency","York","Outside London","AO","55","50","22060","21300"
"In post","2022","Animal and Plant Health Agency","York","Outside London","EO","10","10","25960","24920"
"In post","2022","Animal and Plant Health Agency","York","Outside London","G6","[c]","[c]","[c]","[c]"
"In post","2022","Animal and Plant Health Agency","York","Outside London","HEO","[c]","[c]","[c]","[c]"
"In post","2022","Animal and Plant Health Agency","York","Outside London","SEO","[c]","[c]","[c]","[c]"
"In post","2022","Attorney General's Office","Westminster","London","EO","5","5","[c]","[c]"
"In post","2022","Attorney General's Office","Westminster","London","G6","10","10","66710","65180"
"In post","2022","Attorney General's Office","Westminster","London","G7","10","10","52960","51250"
"In post","2022","Attorney General's Office","Westminster","London","HEO","5","5","[c]","[c]"
"In post","2022","Attorney General's Office","Westminster","London","SCS level","5","5","[c]","[c]"
"In post","2022","Attorney General's Office","Westminster","London","SEO","5","5","[c]","[c]"
"In post","2022","Cabinet Office (excl. agencies)","Ards and North Down","Outside London","AO","[c]","[c]","[c]","[c]"
"In post","2022","Cabinet Office (excl. agencies)","Ards and North Down","Outside London","EO","[c]","[c]","[c]","[c]"
"In post","2022","Cabinet Office (excl. agencies)","Ards and North Down","Outside London","HEO","[c]","[c]","[c]","[c]"
"In post","2022","Cabinet Office (excl. agencies)","Bath and North East Somerset, North Somerset and South Gloucestershire","Outside London","EO","[c]","[c]","[c]","[c]"
"In post","2022","Cabinet Office (excl. agencies)","Bath and North East Somerset, North Somerset and South Gloucestershire","Outside London","G6","5","5","[c]","[c]"
"In post","2022","Cabinet Office (excl. agencies)","Bath and North East Somerset, North Somerset and South Gloucestershire","Outside London","G7","10","10","57570","53410"
"In post","2022","Cabinet Office (excl. agencies)","Bath and North East Somerset, North Somerset and South Gloucestershire","Outside London","HEO","20","20","30080","29250"
"In post","2022","Cabinet Office (excl. agencies)","Bath and North East Somerset, North Somerset and South Gloucestershire","Outside London","SCS level","10","10","[c]","[c]"
"In post","2022","Cabinet Office (excl. agencies)","Bath and North East Somerset, North Somerset and South Gloucestershire","Outside London","SEO","[c]","[c]","[c]","[c]"
"In post","2022","Cabinet Office (excl. agencies)","Belfast","Outside London","G6","[c]","[c]","[c]","[c]"
"In post","2022","Cabinet Office (excl. agencies)","Belfast","Outside London","HEO","[c]","[c]","[c]","[c]"
"In post","2022","Cabinet Office (excl. agencies)","Belfast","Outside London","SEO","[c]","[c]","[c]","[c]"
"In post","2022","Cabinet Office (excl. agencies)","Berkshire","Outside London","G6","[c]","[c]","[c]","[c]"
"In post","2022","Cabinet Office (excl. agencies)","Berkshire","Outside London","G7","5","5","[c]","[c]"
"In post","2022","Cabinet Office (excl. agencies)","Berkshire","Outside London","HEO","25","25","30150","29250"
"In post","2022","Cabinet Office (excl. agencies)","Berkshire","Outside London","SEO","[c]","[c]","[c]","[c]"
"In post","2022","Cabinet Office (excl. agencies)","Birmingham","Outside London","EO","[c]","[c]","[c]","[c]"
"In post","2022","Cabinet Office (excl. agencies)","Birmingham","Outside London","G6","15","15","75710","70880"
"In post","2022","Cabinet Office (excl. agencies)","Birmingham","Outside London","G7","25","25","59340","56520"
"In post","2022","Cabinet Office (excl. agencies)","Birmingham","Outside London","HEO","45","45","29860","29250"
"In post","2022","Cabinet Office (excl. agencies)","Birmingham","Outside London","SCS level","10","10","118080","110000"
"In post","2022","Cabinet Office (excl. agencies)","Birmingham","Outside London","SEO","10","10","[c]","[c]"
"In post","2022","Cabinet Office (excl. agencies)","Blackpool","Outside London","G6","10","10","69160","64500"
"In post","2022","Cabinet Office (excl. agencies)","Blackpool","Outside London","G7","20","20","55690","49700"
"In post","2022","Cabinet Office (excl. agencies)","Blackpool","Outside London","HEO","[c]","[c]","[c]","[c]"
"In post","2022","Cabinet Office (excl. agencies)","Blackpool","Outside London","SCS level","[c]","[c]","[c]","[c]"
"In post","2022","Cabinet Office (excl. agencies)","Blackpool","Outside London","SEO","[c]","[c]","[c]","[c]"
"In post","2022","Cabinet Office (excl. agencies)","Bradford","Outside London","G7","[c]","[c]","[c]","[c]"
"In post","2022","Cabinet Office (excl. agencies)","Bradford","Outside London","HEO","[c]","[c]","[c]","[c]"
"In post","2022","Cabinet Office (excl. agencies)","Brighton and Hove","Outside London","SEO","[c]","[c]","[c]","[c]"
"In post","2022","Cabinet Office (excl. agencies)","Bristol, City of","Outside London","AO","[c]","[c]","[c]","[c]"
"In post","2022","Cabinet Office (excl. agencies)","Bristol, City of","Outside London","EO","10","10","25100","24820"
"In post","2022","Cabinet Office (excl. agencies)","Bristol, City of","Outside London","G6","10","10","65890","64290"
"In post","2022","Cabinet Office (excl. agencies)","Bristol, City of","Outside London","G7","40","40","53390","50000"
"In post","2022","Cabinet Office (excl. agencies)","Bristol, City of","Outside London","HEO","25","25","31130","32000"
"In post","2022","Cabinet Office (excl. agencies)","Bristol, City of","Outside London","SCS level","10","10","[c]","[c]"
"In post","2022","Cabinet Office (excl. agencies)","Bristol, City of","Outside London","SEO","10","10","38860","37300"
"In post","2022","Cabinet Office (excl. agencies)","Buckinghamshire","Outside London","G6","[c]","[c]","[c]","[c]"
"In post","2022","Cabinet Office (excl. agencies)","Buckinghamshire","Outside London","G7","5","5","[c]","[c]"
"In post","2022","Cabinet Office (excl. agencies)","Buckinghamshire","Outside London","HEO","[c]","[c]","[c]","[c]"
"In post","2022","Cabinet Office (excl. agencies)","Cambridgeshire CC","Outside London","G6","[c]","[c]","[c]","[c]"
"In post","2022","Cabinet Office (excl. agencies)","Cambridgeshire CC","Outside London","G7","5","5","[c]","[c]"
"In post","2022","Cabinet Office (excl. agencies)","Cambridgeshire CC","Outside London","HEO","5","5","[c]","[c]"
"In post","2022","Cabinet Office (excl. agencies)","Camden and City of London","London","EO","[c]","[c]","[c]","[c]"
"In post","2022","Cabinet Office (excl. agencies)","Camden and City of London","London","G6","5","5","[c]","[c]"
"In post","2022","Cabinet Office (excl. agencies)","Camden and City of London","London","G7","55","55","56640","54700"
"In post","2022","Cabinet Office (excl. agencies)","Camden and City of London","London","HEO","[c]","[c]","[c]","[c]"
"In post","2022","Cabinet Office (excl. agencies)","Camden and City of London","London","SCS level","[c]","[c]","[c]","[c]"
"In post","2022","Cabinet Office (excl. agencies)","Camden and City of London","London","SEO","[c]","[c]","[c]","[c]"
"In post","2022","Cabinet Office (excl. agencies)","Cardiff and Vale of Glamorgan","Outside London","EO","[c]","[c]","[c]","[c]"
"In post","2022","Cabinet Office (excl. agencies)","Cardiff and Vale of Glamorgan","Outside London","G6","[c]","[c]","[c]","[c]"
"In post","2022","Cabinet Office (excl. agencies)","Cardiff and Vale of Glamorgan","Outside London","G7","20","20","52290","49700"
"In post","2022","Cabinet Office (excl. agencies)","Cardiff and Vale of Glamorgan","Outside London","HEO","15","15","32160","32000"
"In post","2022","Cabinet Office (excl. agencies)","Cardiff and Vale of Glamorgan","Outside London","SCS level","[c]","[c]","[c]","[c]"
"In post","2022","Cabinet Office (excl. agencies)","Cardiff and Vale of Glamorgan","Outside London","SEO","10","10","[c]","[c]"
"In post","2022","Cabinet Office (excl. agencies)","Central Bedfordshire","Outside London","G7","[c]","[c]","[c]","[c]"
"In post","2022","Cabinet Office (excl. agencies)","Central Hampshire","Outside London","G6","10","10","78130","73670"
"In post","2022","Cabinet Office (excl. agencies)","Central Hampshire","Outside London","G7","20","20","63990","65640"
"In post","2022","Cabinet Office (excl. agencies)","Central Hampshire","Outside London","HEO","5","5","[c]","[c]"
"In post","2022","Cabinet Office (excl. agencies)","Central Hampshire","Outside London","SCS level","[c]","[c]","[c]","[c]"
"In post","2022","Cabinet Office (excl. agencies)","Central Hampshire","Outside London","SEO","[c]","[c]","[c]","[c]"
"In post","2022","Cabinet Office (excl. agencies)","City of Edinburgh","Outside London","AO","[c]","[c]","[c]","[c]"
"In post","2022","Cabinet Office (excl. agencies)","City of Edinburgh","Outside London","EO","[c]","[c]","[c]","[c]"
"In post","2022","Cabinet Office (excl. agencies)","City of Edinburgh","Outside London","G6","[c]","[c]","[c]","[c]"
"In post","2022","Cabinet Office (excl. agencies)","City of Edinburgh","Outside London","G7","[c]","[c]","[c]","[c]"
"In post","2022","Cabinet Office (excl. agencies)","City of Edinburgh","Outside London","HEO","20","20","30430","32000"
"In post","2022","Cabinet Office (excl. agencies)","City of Edinburgh","Outside London","SEO","[c]","[c]","[c]","[c]"
"In post","2022","Cabinet Office (excl. agencies)","Coventry","Outside London","G6","[c]","[c]","[c]","[c]"
"In post","2022","Cabinet Office (excl. agencies)","Coventry","Outside London","G7","5","5","[c]","[c]"
"In post","2022","Cabinet Office (excl. agencies)","Coventry","Outside London","HEO","[c]","[c]","[c]","[c]"
"In post","2022","Cabinet Office (excl. agencies)","Coventry","Outside London","SCS level","[c]","[c]","[c]","[c]"
"In post","2022","Cabinet Office (excl. agencies)","Croydon","London","G6","10","10","[c]","[c]"
"In post","2022","Cabinet Office (excl. agencies)","Croydon","London","G7","5","5","[c]","[c]"
"In post","2022","Cabinet Office (excl. agencies)","Croydon","London","HEO","[c]","[c]","[c]","[c]"
"In post","2022","Cabinet Office (excl. agencies)","Croydon","London","SCS level","[c]","[c]","[c]","[c]"
"In post","2022","Cabinet Office (excl. agencies)","Croydon","London","SEO","[c]","[c]","[c]","[c]"
"In post","2022","Cabinet Office (excl. agencies)","Darlington","Outside London","G6","[c]","[c]","[c]","[c]"
"In post","2022","Cabinet Office (excl. agencies)","Darlington","Outside London","G7","10","10","[c]","[c]"
"In post","2022","Cabinet Office (excl. agencies)","Darlington","Outside London","HEO","[c]","[c]","[c]","[c]"
"In post","2022","Cabinet Office (excl. agencies)","Darlington","Outside London","SEO","[c]","[c]","[c]","[c]"
"In post","2022","Cabinet Office (excl. agencies)","Devon CC","Outside London","G7","[c]","[c]","[c]","[c]"
"In post","2022","Cabinet Office (excl. agencies)","Devon CC","Outside London","SCS level","[c]","[c]","[c]","[c]"
"In post","2022","Cabinet Office (excl. agencies)","Devon CC","Outside London","SEO","[c]","[c]","[c]","[c]"
"In post","2022","Cabinet Office (excl. agencies)","Dorset","Outside London","HEO","10","10","[c]","[c]"
"In post","2022","Cabinet Office (excl. agencies)","Dorset","Outside London","SEO","[c]","[c]","[c]","[c]"
"In post","2022","Cabinet Office (excl. agencies)","Durham","Outside London","G7","[c]","[c]","[c]","[c]"
"In post","2022","Cabinet Office (excl. agencies)","East Ayrshire and North Ayrshire mainland","Outside London","G6","[c]","[c]","[c]","[c]"
"In post","2022","Cabinet Office (excl. agencies)","East Cumbria","Outside London","G6","[c]","[c]","[c]","[c]"
"In post","2022","Cabinet Office (excl. agencies)","East Dunbartonshire, West Dunbartonshire, and Helensburgh and Lomond","Outside London","HEO","[c]","[c]","[c]","[c]"
"In post","2022","Cabinet Office (excl. agencies)","East Kent","Outside London","G7","[c]","[c]","[c]","[c]"
"In post","2022","Cabinet Office (excl. agencies)","East Merseyside","Outside London","G7","[c]","[c]","[c]","[c]"
"In post","2022","Cabinet Office (excl. agencies)","East Merseyside","Outside London","SEO","[c]","[c]","[c]","[c]"
"In post","2022","Cabinet Office (excl. agencies)","East Riding of Yorkshire","Outside London","G7","[c]","[c]","[c]","[c]"
"In post","2022","Cabinet Office (excl. agencies)","East Riding of Yorkshire","Outside London","SCS level","[c]","[c]","[c]","[c]"
"In post","2022","Cabinet Office (excl. agencies)","Essex Haven Gateway","Outside London","SCS level","[c]","[c]","[c]","[c]"
"In post","2022","Cabinet Office (excl. agencies)","Falkirk","Outside London","HEO","[c]","[c]","[c]","[c]"
"In post","2022","Cabinet Office (excl. agencies)","Glasgow City","Outside London","AO","5","5","[c]","[c]"
"In post","2022","Cabinet Office (excl. agencies)","Glasgow City","Outside London","EO","35","35","24650","23850"
"In post","2022","Cabinet Office (excl. agencies)","Glasgow City","Outside London","G6","25","25","68420","63260"
"In post","2022","Cabinet Office (excl. agencies)","Glasgow City","Outside London","G7","50","50","53100","49700"
"In post","2022","Cabinet Office (excl. agencies)","Glasgow City","Outside London","HEO","90","90","31540","32000"
"In post","2022","Cabinet Office (excl. agencies)","Glasgow City","Outside London","SCS level","15","15","87290","82100"
"In post","2022","Cabinet Office (excl. agencies)","Glasgow City","Outside London","SEO","30","30","38030","37300"
"In post","2022","Cabinet Office (excl. agencies)","Gloucestershire CC","Outside London","HEO","[c]","[c]","[c]","[c]"
"In post","2022","Cabinet Office (excl. agencies)","Gloucestershire CC","Outside London","SCS level","[c]","[c]","[c]","[c]"
"In post","2022","Cabinet Office (excl. agencies)","Greater Manchester North West","Outside London","G6","[c]","[c]","[c]","[c]"
"In post","2022","Cabinet Office (excl. agencies)","Greater Manchester South East","Outside London","EO","[c]","[c]","[c]","[c]"
"In post","2022","Cabinet Office (excl. agencies)","Greater Manchester South East","Outside London","G7","[c]","[c]","[c]","[c]"
"In post","2022","Cabinet Office (excl. agencies)","Greater Manchester South East","Outside London","HEO","[c]","[c]","[c]","[c]"
"In post","2022","Cabinet Office (excl. agencies)","Greater Manchester South East","Outside London","SEO","[c]","[c]","[c]","[c]"
"In post","2022","Cabinet Office (excl. agencies)","Greater Manchester South West","Outside London","AO","[c]","[c]","[c]","[c]"
"In post","2022","Cabinet Office (excl. agencies)","Greater Manchester South West","Outside London","EO","20","20","25080","24100"
"In post","2022","Cabinet Office (excl. agencies)","Greater Manchester South West","Outside London","G6","15","15","72680","68290"
"In post","2022","Cabinet Office (excl. agencies)","Greater Manchester South West","Outside London","G7","70","70","55400","52580"
"In post","2022","Cabinet Office (excl. agencies)","Greater Manchester South West","Outside London","HEO","65","60","30740","29250"
"In post","2022","Cabinet Office (excl. agencies)","Greater Manchester South West","Outside London","SCS level","5","5","[c]","[c]"
"In post","2022","Cabinet Office (excl. agencies)","Greater Manchester South West","Outside London","SEO","65","60","38230","37300"
"In post","2022","Cabinet Office (excl. agencies)","Hackney and Newham","London","G6","[c]","[c]","[c]","[c]"
"In post","2022","Cabinet Office (excl. agencies)","Hackney and Newham","London","G7","[c]","[c]","[c]","[c]"
"In post","2022","Cabinet Office (excl. agencies)","Hackney and Newham","London","HEO","[c]","[c]","[c]","[c]"
"In post","2022","Cabinet Office (excl. agencies)","Herefordshire, County of","Outside London","HEO","[c]","[c]","[c]","[c]"
"In post","2022","Cabinet Office (excl. agencies)","Hertfordshire CC","Outside London","G6","[c]","[c]","[c]","[c]"
"In post","2022","Cabinet Office (excl. agencies)","Hertfordshire CC","Outside London","G7","[c]","[c]","[c]","[c]"
"In post","2022","Cabinet Office (excl. agencies)","Hertfordshire CC","Outside London","HEO","[c]","[c]","[c]","[c]"
"In post","2022","Cabinet Office (excl. agencies)","Inverclyde, East Renfrewshire, and Renfrewshire","Outside London","G6","[c]","[c]","[c]","[c]"
"In post","2022","Cabinet Office (excl. agencies)","Inverclyde, East Renfrewshire, and Renfrewshire","Outside London","G7","[c]","[c]","[c]","[c]"
"In post","2022","Cabinet Office (excl. agencies)","Lancaster and Wyre","Outside London","HEO","[c]","[c]","[c]","[c]"
"In post","2022","Cabinet Office (excl. agencies)","Lancaster and Wyre","Outside London","SEO","[c]","[c]","[c]","[c]"
"In post","2022","Cabinet Office (excl. agencies)","Leeds","Outside London","EO","10","10","24570","24100"
"In post","2022","Cabinet Office (excl. agencies)","Leeds","Outside London","G6","20","20","68220","64500"
"In post","2022","Cabinet Office (excl. agencies)","Leeds","Outside London","G7","85","80","58890","57630"
"In post","2022","Cabinet Office (excl. agencies)","Leeds","Outside London","HEO","80","75","30770","32000"
"In post","2022","Cabinet Office (excl. agencies)","Leeds","Outside London","SCS level","5","5","[c]","[c]"
"In post","2022","Cabinet Office (excl. agencies)","Leeds","Outside London","SEO","25","25","38700","38420"
"In post","2022","Cabinet Office (excl. agencies)","Lewisham and Southwark","London","G6","[c]","[c]","[c]","[c]"
"In post","2022","Cabinet Office (excl. agencies)","Lewisham and Southwark","London","G7","[c]","[c]","[c]","[c]"
"In post","2022","Cabinet Office (excl. agencies)","Lewisham and Southwark","London","HEO","[c]","[c]","[c]","[c]"
"In post","2022","Cabinet Office (excl. agencies)","Lewisham and Southwark","London","SCS level","5","5","[c]","[c]"
"In post","2022","Cabinet Office (excl. agencies)","Liverpool","Outside London","AO","15","10","21550","21670"
"In post","2022","Cabinet Office (excl. agencies)","Liverpool","Outside London","EO","[c]","[c]","[c]","[c]"
"In post","2022","Cabinet Office (excl. agencies)","Liverpool","Outside London","G6","15","15","71100","68110"
"In post","2022","Cabinet Office (excl. agencies)","Liverpool","Outside London","G7","25","25","57740","52110"
"In post","2022","Cabinet Office (excl. agencies)","Liverpool","Outside London","HEO","20","20","31890","32000"
"In post","2022","Cabinet Office (excl. agencies)","Liverpool","Outside London","SCS level","10","10","[c]","[c]"
"In post","2022","Cabinet Office (excl. agencies)","Liverpool","Outside London","SEO","5","5","[c]","[c]"
"In post","2022","Cabinet Office (excl. agencies)","Manchester","Outside London","AO","[c]","[c]","[c]","[c]"
"In post","2022","Cabinet Office (excl. agencies)","Manchester","Outside London","EO","5","5","[c]","[c]"
"In post","2022","Cabinet Office (excl. agencies)","Manchester","Outside London","G6","20","20","69180","65310"
"In post","2022","Cabinet Office (excl. agencies)","Manchester","Outside London","G7","50","50","53480","49700"
"In post","2022","Cabinet Office (excl. agencies)","Manchester","Outside London","HEO","35","35","31580","32000"
"In post","2022","Cabinet Office (excl. agencies)","Manchester","Outside London","SCS level","5","5","[c]","[c]"
"In post","2022","Cabinet Office (excl. agencies)","Manchester","Outside London","SEO","20","20","38050","37300"
"In post","2022","Cabinet Office (excl. agencies)","Medway","Outside London","G6","[c]","[c]","[c]","[c]"
"In post","2022","Cabinet Office (excl. agencies)","Milton Keynes","Outside London","AO","30","25","21220","21170"
"In post","2022","Cabinet Office (excl. agencies)","Milton Keynes","Outside London","EO","10","10","[c]","[c]"
"In post","2022","Cabinet Office (excl. agencies)","Milton Keynes","Outside London","G6","[c]","[c]","[c]","[c]"
"In post","2022","Cabinet Office (excl. agencies)","Milton Keynes","Outside London","G7","5","5","[c]","[c]"
"In post","2022","Cabinet Office (excl. agencies)","Milton Keynes","Outside London","HEO","35","35","33870","33300"
"In post","2022","Cabinet Office (excl. agencies)","Milton Keynes","Outside London","SCS level","[c]","[c]","[c]","[c]"
"In post","2022","Cabinet Office (excl. agencies)","Milton Keynes","Outside London","SEO","5","5","[c]","[c]"
"In post","2022","Cabinet Office (excl. agencies)","Monmouthshire and Newport","Outside London","G6","[c]","[c]","[c]","[c]"
"In post","2022","Cabinet Office (excl. agencies)","Monmouthshire and Newport","Outside London","G7","10","10","[c]","[c]"
"In post","2022","Cabinet Office (excl. agencies)","Monmouthshire and Newport","Outside London","HEO","20","20","29220","29050"
"In post","2022","Cabinet Office (excl. agencies)","Monmouthshire and Newport","Outside London","SCS level","[c]","[c]","[c]","[c]"
"In post","2022","Cabinet Office (excl. agencies)","Monmouthshire and Newport","Outside London","SEO","[c]","[c]","[c]","[c]"
"In post","2022","Cabinet Office (excl. agencies)","North Hampshire","Outside London","AO","[c]","[c]","[c]","[c]"
"In post","2022","Cabinet Office (excl. agencies)","North Hampshire","Outside London","EO","[c]","[c]","[c]","[c]"
"In post","2022","Cabinet Office (excl. agencies)","North Hampshire","Outside London","G6","[c]","[c]","[c]","[c]"
"In post","2022","Cabinet Office (excl. agencies)","North Hampshire","Outside London","G7","10","10","[c]","[c]"
"In post","2022","Cabinet Office (excl. agencies)","North Hampshire","Outside London","HEO","5","5","[c]","[c]"
"In post","2022","Cabinet Office (excl. agencies)","North Hampshire","Outside London","SCS level","[c]","[c]","[c]","[c]"
"In post","2022","Cabinet Office (excl. agencies)","North Hampshire","Outside London","SEO","[c]","[c]","[c]","[c]"
"In post","2022","Cabinet Office (excl. agencies)","North Nottinghamshire","Outside London","SCS level","[c]","[c]","[c]","[c]"
"In post","2022","Cabinet Office (excl. agencies)","North Yorkshire CC","Outside London","EO","[c]","[c]","[c]","[c]"
"In post","2022","Cabinet Office (excl. agencies)","North Yorkshire CC","Outside London","G6","[c]","[c]","[c]","[c]"
"In post","2022","Cabinet Office (excl. agencies)","North Yorkshire CC","Outside London","G7","5","5","[c]","[c]"
"In post","2022","Cabinet Office (excl. agencies)","North Yorkshire CC","Outside London","HEO","[c]","[c]","[c]","[c]"
"In post","2022","Cabinet Office (excl. agencies)","North Yorkshire CC","Outside London","SCS level","[c]","[c]","[c]","[c]"
"In post","2022","Cabinet Office (excl. agencies)","North Yorkshire CC","Outside London","SEO","[c]","[c]","[c]","[c]"
"In post","2022","Cabinet Office (excl. agencies)","Northumberland","Outside London","G7","[c]","[c]","[c]","[c]"
"In post","2022","Cabinet Office (excl. agencies)","Norwich and East Norfolk","Outside London","EO","10","5","[c]","[c]"
"In post","2022","Cabinet Office (excl. agencies)","Norwich and East Norfolk","Outside London","G6","5","5","[c]","[c]"
"In post","2022","Cabinet Office (excl. agencies)","Norwich and East Norfolk","Outside London","G7","25","25","56300","52830"
"In post","2022","Cabinet Office (excl. agencies)","Norwich and East Norfolk","Outside London","HEO","10","10","32870","32960"
"In post","2022","Cabinet Office (excl. agencies)","Norwich and East Norfolk","Outside London","SCS level","5","5","[c]","[c]"
"In post","2022","Cabinet Office (excl. agencies)","Norwich and East Norfolk","Outside London","SEO","10","10","38820","38420"
"In post","2022","Cabinet Office (excl. agencies)","Nottingham","Outside London","EO","[c]","[c]","[c]","[c]"
"In post","2022","Cabinet Office (excl. agencies)","Nottingham","Outside London","G6","[c]","[c]","[c]","[c]"
"In post","2022","Cabinet Office (excl. agencies)","Nottingham","Outside London","G7","5","5","[c]","[c]"
"In post","2022","Cabinet Office (excl. agencies)","Nottingham","Outside London","HEO","15","15","29910","29250"
"In post","2022","Cabinet Office (excl. agencies)","Nottingham","Outside London","SCS level","[c]","[c]","[c]","[c]"
"In post","2022","Cabinet Office (excl. agencies)","Nottingham","Outside London","SEO","[c]","[c]","[c]","[c]"
"In post","2022","Cabinet Office (excl. agencies)","Oxfordshire CC","Outside London","G6","[c]","[c]","[c]","[c]"
"In post","2022","Cabinet Office (excl. agencies)","Oxfordshire CC","Outside London","SCS level","[c]","[c]","[c]","[c]"
"In post","2022","Cabinet Office (excl. agencies)","Peterborough","Outside London","G6","[c]","[c]","[c]","[c]"
"In post","2022","Cabinet Office (excl. agencies)","Peterborough","Outside London","G7","[c]","[c]","[c]","[c]"
"In post","2022","Cabinet Office (excl. agencies)","Peterborough","Outside London","HEO","[c]","[c]","[c]","[c]"
"In post","2022","Cabinet Office (excl. agencies)","Peterborough","Outside London","SCS level","[c]","[c]","[c]","[c]"
"In post","2022","Cabinet Office (excl. agencies)","Peterborough","Outside London","SEO","[c]","[c]","[c]","[c]"
"In post","2022","Cabinet Office (excl. agencies)","Plymouth","Outside London","HEO","5","5","[c]","[c]"
"In post","2022","Cabinet Office (excl. agencies)","Portsmouth","Outside London","G6","[c]","[c]","[c]","[c]"
"In post","2022","Cabinet Office (excl. agencies)","Portsmouth","Outside London","G7","[c]","[c]","[c]","[c]"
"In post","2022","Cabinet Office (excl. agencies)","Portsmouth","Outside London","HEO","10","10","33230","33300"
"In post","2022","Cabinet Office (excl. agencies)","Portsmouth","Outside London","SEO","[c]","[c]","[c]","[c]"
"In post","2022","Cabinet Office (excl. agencies)","Sefton","Outside London","G6","[c]","[c]","[c]","[c]"
"In post","2022","Cabinet Office (excl. agencies)","Sefton","Outside London","G7","[c]","[c]","[c]","[c]"
"In post","2022","Cabinet Office (excl. agencies)","Sefton","Outside London","HEO","[c]","[c]","[c]","[c]"
"In post","2022","Cabinet Office (excl. agencies)","Sheffield","Outside London","EO","5","5","[c]","[c]"
"In post","2022","Cabinet Office (excl. agencies)","Sheffield","Outside London","G6","10","10","69790","65070"
"In post","2022","Cabinet Office (excl. agencies)","Sheffield","Outside London","G7","35","35","53240","50120"
"In post","2022","Cabinet Office (excl. agencies)","Sheffield","Outside London","HEO","15","15","31860","32480"
"In post","2022","Cabinet Office (excl. agencies)","Sheffield","Outside London","SCS level","5","5","[c]","[c]"
"In post","2022","Cabinet Office (excl. agencies)","Sheffield","Outside London","SEO","15","10","38190","38420"
"In post","2022","Cabinet Office (excl. agencies)","Shropshire","Outside London","G7","[c]","[c]","[c]","[c]"
"In post","2022","Cabinet Office (excl. agencies)","Solihull","Outside London","G7","[c]","[c]","[c]","[c]"
"In post","2022","Cabinet Office (excl. agencies)","Solihull","Outside London","SCS level","[c]","[c]","[c]","[c]"
"In post","2022","Cabinet Office (excl. agencies)","South Hampshire","Outside London","G6","[c]","[c]","[c]","[c]"
"In post","2022","Cabinet Office (excl. agencies)","South Hampshire","Outside London","G7","[c]","[c]","[c]","[c]"
"In post","2022","Cabinet Office (excl. agencies)","South Hampshire","Outside London","HEO","[c]","[c]","[c]","[c]"
"In post","2022","Cabinet Office (excl. agencies)","South Lanarkshire","Outside London","G6","[c]","[c]","[c]","[c]"
"In post","2022","Cabinet Office (excl. agencies)","South Lanarkshire","Outside London","G7","5","5","[c]","[c]"
"In post","2022","Cabinet Office (excl. agencies)","South Lanarkshire","Outside London","SCS level","[c]","[c]","[c]","[c]"
"In post","2022","Cabinet Office (excl. agencies)","South Nottinghamshire","Outside London","G6","[c]","[c]","[c]","[c]"
"In post","2022","Cabinet Office (excl. agencies)","South Nottinghamshire","Outside London","G7","[c]","[c]","[c]","[c]"
"In post","2022","Cabinet Office (excl. agencies)","Southampton","Outside London","EO","[c]","[c]","[c]","[c]"
"In post","2022","Cabinet Office (excl. agencies)","Staffordshire CC","Outside London","G6","[c]","[c]","[c]","[c]"
"In post","2022","Cabinet Office (excl. agencies)","Staffordshire CC","Outside London","G7","[c]","[c]","[c]","[c]"
"In post","2022","Cabinet Office (excl. agencies)","Staffordshire CC","Outside London","HEO","[c]","[c]","[c]","[c]"
"In post","2022","Cabinet Office (excl. agencies)","Staffordshire CC","Outside London","SCS level","[c]","[c]","[c]","[c]"
"In post","2022","Cabinet Office (excl. agencies)","Staffordshire CC","Outside London","SEO","[c]","[c]","[c]","[c]"
"In post","2022","Cabinet Office (excl. agencies)","Suffolk CC","Outside London","HEO","[c]","[c]","[c]","[c]"
"In post","2022","Cabinet Office (excl. agencies)","Swansea","Outside London","G7","[c]","[c]","[c]","[c]"
"In post","2022","Cabinet Office (excl. agencies)","Swansea","Outside London","SEO","[c]","[c]","[c]","[c]"
"In post","2022","Cabinet Office (excl. agencies)","Telford and Wrekin","Outside London","G6","5","5","[c]","[c]"
"In post","2022","Cabinet Office (excl. agencies)","Telford and Wrekin","Outside London","G7","10","10","60290","63360"
"In post","2022","Cabinet Office (excl. agencies)","Telford and Wrekin","Outside London","HEO","[c]","[c]","[c]","[c]"
"In post","2022","Cabinet Office (excl. agencies)","Telford and Wrekin","Outside London","SCS level","[c]","[c]","[c]","[c]"
"In post","2022","Cabinet Office (excl. agencies)","Telford and Wrekin","Outside London","SEO","[c]","[c]","[c]","[c]"
"In post","2022","Cabinet Office (excl. agencies)","Tower Hamlets","London","AO","5","5","[c]","[c]"
"In post","2022","Cabinet Office (excl. agencies)","Tower Hamlets","London","EO","70","70","27600","27500"
"In post","2022","Cabinet Office (excl. agencies)","Tower Hamlets","London","G6","150","145","67220","65960"
"In post","2022","Cabinet Office (excl. agencies)","Tower Hamlets","London","G7","465","455","56140","54700"
"In post","2022","Cabinet Office (excl. agencies)","Tower Hamlets","London","HEO","160","155","33660","34550"
"In post","2022","Cabinet Office (excl. agencies)","Tower Hamlets","London","SCS level","45","40","98470","85000"
"In post","2022","Cabinet Office (excl. agencies)","Tower Hamlets","London","SEO","120","120","40980","40600"
"In post","2022","Cabinet Office (excl. agencies)","Tyneside","Outside London","AO","170","155","21050","21050"
"In post","2022","Cabinet Office (excl. agencies)","Tyneside","Outside London","EO","95","85","24810","24100"
"In post","2022","Cabinet Office (excl. agencies)","Tyneside","Outside London","G6","10","10","[c]","[c]"
"In post","2022","Cabinet Office (excl. agencies)","Tyneside","Outside London","G7","30","30","53020","51190"
"In post","2022","Cabinet Office (excl. agencies)","Tyneside","Outside London","HEO","125","120","31480","32000"
"In post","2022","Cabinet Office (excl. agencies)","Tyneside","Outside London","SCS level","5","5","[c]","[c]"
"In post","2022","Cabinet Office (excl. agencies)","Tyneside","Outside London","SEO","30","30","37670","37300"
"In post","2022","Cabinet Office (excl. agencies)","Unknown","Unknown","AO","[c]","[c]","[c]","[c]"
"In post","2022","Cabinet Office (excl. agencies)","Unknown","Unknown","EO","30","30","26000","26570"
"In post","2022","Cabinet Office (excl. agencies)","Unknown","Unknown","G6","10","10","69440","64500"
"In post","2022","Cabinet Office (excl. agencies)","Unknown","Unknown","G7","75","70","54150","54700"
"In post","2022","Cabinet Office (excl. agencies)","Unknown","Unknown","HEO","300","300","30510","29250"
"In post","2022","Cabinet Office (excl. agencies)","Unknown","Unknown","SCS level","15","15","100010","86870"
"In post","2022","Cabinet Office (excl. agencies)","Unknown","Unknown","SEO","45","45","39370","40250"
"In post","2022","Cabinet Office (excl. agencies)","Warrington","Outside London","G6","[c]","[c]","[c]","[c]"
"In post","2022","Cabinet Office (excl. agencies)","Warrington","Outside London","G7","[c]","[c]","[c]","[c]"
"In post","2022","Cabinet Office (excl. agencies)","Warrington","Outside London","HEO","[c]","[c]","[c]","[c]"
"In post","2022","Cabinet Office (excl. agencies)","West Cumbria","Outside London","G7","[c]","[c]","[c]","[c]"
"In post","2022","Cabinet Office (excl. agencies)","West Cumbria","Outside London","HEO","5","5","[c]","[c]"
"In post","2022","Cabinet Office (excl. agencies)","West Kent","Outside London","G6","[c]","[c]","[c]","[c]"
"In post","2022","Cabinet Office (excl. agencies)","West Kent","Outside London","G7","[c]","[c]","[c]","[c]"
"In post","2022","Cabinet Office (excl. agencies)","West Surrey","Outside London","G6","[c]","[c]","[c]","[c]"
"In post","2022","Cabinet Office (excl. agencies)","West Surrey","Outside London","SCS level","[c]","[c]","[c]","[c]"
"In post","2022","Cabinet Office (excl. agencies)","West Surrey","Outside London","SEO","[c]","[c]","[c]","[c]"
"In post","2022","Cabinet Office (excl. agencies)","Westminster","London","AO","100","100","24150","24490"
"In post","2022","Cabinet Office (excl. agencies)","Westminster","London","EO","455","445","27710","27500"
"In post","2022","Cabinet Office (excl. agencies)","Westminster","London","G6","590","585","69110","65710"
"In post","2022","Cabinet Office (excl. agencies)","Westminster","London","G7","1330","1310","56880","54700"
"In post","2022","Cabinet Office (excl. agencies)","Westminster","London","HEO","1730","1725","31710","32000"
"In post","2022","Cabinet Office (excl. agencies)","Westminster","London","SCS level","535","525","99530","93000"
"In post","2022","Cabinet Office (excl. agencies)","Westminster","London","SEO","555","550","41030","40600"
"In post","2022","Cabinet Office (excl. agencies)","Wiltshire","Outside London","G6","15","15","74710","76400"
"In post","2022","Cabinet Office (excl. agencies)","Wiltshire","Outside London","G7","25","25","54730","53320"
"In post","2022","Cabinet Office (excl. agencies)","Wiltshire","Outside London","HEO","5","5","[c]","[c]"
"In post","2022","Cabinet Office (excl. agencies)","Wiltshire","Outside London","SCS level","10","10","[c]","[c]"
"In post","2022","Cabinet Office (excl. agencies)","Wiltshire","Outside London","SEO","[c]","[c]","[c]","[c]"
"In post","2022","Cabinet Office (excl. agencies)","Wirral","Outside London","G7","[c]","[c]","[c]","[c]"
"In post","2022","Cabinet Office (excl. agencies)","Wolverhampton","Outside London","G6","[c]","[c]","[c]","[c]"
"In post","2022","Cabinet Office (excl. agencies)","Wolverhampton","Outside London","G7","5","5","[c]","[c]"
"In post","2022","Cabinet Office (excl. agencies)","York","Outside London","AA","[c]","[c]","[c]","[c]"
"In post","2022","Cabinet Office (excl. agencies)","York","Outside London","AO","125","115","21190","21170"
"In post","2022","Cabinet Office (excl. agencies)","York","Outside London","EO","135","130","25740","26350"
"In post","2022","Cabinet Office (excl. agencies)","York","Outside London","G6","15","15","63600","63860"
"In post","2022","Cabinet Office (excl. agencies)","York","Outside London","G7","50","45","54560","49700"
"In post","2022","Cabinet Office (excl. agencies)","York","Outside London","HEO","160","155","33160","33300"
"In post","2022","Cabinet Office (excl. agencies)","York","Outside London","SCS level","5","5","[c]","[c]"
"In post","2022","Cabinet Office (excl. agencies)","York","Outside London","SEO","55","55","39030","40000"
"In post","2022","Centre for Environment, Fisheries and Aquaculture Science","Cornwall and Isles of Scilly","Outside London","EO","[c]","[c]","[c]","[c]"
"In post","2022","Centre for Environment, Fisheries and Aquaculture Science","Cornwall and Isles of Scilly","Outside London","HEO","[c]","[c]","[c]","[c]"
"In post","2022","Centre for Environment, Fisheries and Aquaculture Science","Devon CC","Outside London","EO","[c]","[c]","[c]","[c]"
"In post","2022","Centre for Environment, Fisheries and Aquaculture Science","Devon CC","Outside London","G7","[c]","[c]","[c]","[c]"
"In post","2022","Centre for Environment, Fisheries and Aquaculture Science","Dorset","Outside London","AO","10","10","21510","21510"
"In post","2022","Centre for Environment, Fisheries and Aquaculture Science","Dorset","Outside London","EO","40","35","25170","25010"
"In post","2022","Centre for Environment, Fisheries and Aquaculture Science","Dorset","Outside London","G6","10","10","[c]","[c]"
"In post","2022","Centre for Environment, Fisheries and Aquaculture Science","Dorset","Outside London","G7","15","15","49380","49510"
"In post","2022","Centre for Environment, Fisheries and Aquaculture Science","Dorset","Outside London","HEO","45","45","29950","29750"
"In post","2022","Centre for Environment, Fisheries and Aquaculture Science","Dorset","Outside London","SCS level","[c]","[c]","[c]","[c]"
"In post","2022","Centre for Environment, Fisheries and Aquaculture Science","Dorset","Outside London","SEO","30","25","37300","36580"
"In post","2022","Centre for Environment, Fisheries and Aquaculture Science","North Yorkshire CC","Outside London","EO","5","5","[c]","[c]"
"In post","2022","Centre for Environment, Fisheries and Aquaculture Science","North Yorkshire CC","Outside London","HEO","[c]","[c]","[c]","[c]"
"In post","2022","Centre for Environment, Fisheries and Aquaculture Science","Plymouth","Outside London","EO","[c]","[c]","[c]","[c]"
"In post","2022","Centre for Environment, Fisheries and Aquaculture Science","Suffolk CC","Outside London","AA","[c]","[c]","[c]","[c]"
"In post","2022","Centre for Environment, Fisheries and Aquaculture Science","Suffolk CC","Outside London","AO","35","30","21260","21510"
"In post","2022","Centre for Environment, Fisheries and Aquaculture Science","Suffolk CC","Outside London","EO","95","90","25250","25010"
"In post","2022","Centre for Environment, Fisheries and Aquaculture Science","Suffolk CC","Outside London","G6","15","15","63070","60250"
"In post","2022","Centre for Environment, Fisheries and Aquaculture Science","Suffolk CC","Outside London","G7","75","70","48920","48080"
"In post","2022","Centre for Environment, Fisheries and Aquaculture Science","Suffolk CC","Outside London","HEO","135","130","29780","29750"
"In post","2022","Centre for Environment, Fisheries and Aquaculture Science","Suffolk CC","Outside London","SCS level","[c]","[c]","[c]","[c]"
"In post","2022","Centre for Environment, Fisheries and Aquaculture Science","Suffolk CC","Outside London","SEO","120","115","37110","36580"
"In post","2022","Charity Commission","Monmouthshire and Newport","Outside London","HEO","[c]","[c]","[c]","[c]"
"In post","2022","Charity Commission","Monmouthshire and Newport","Outside London","SEO","[c]","[c]","[c]","[c]"
"In post","2022","Charity Commission","Sefton","Outside London","AO","25","20","18710","17140"
"In post","2022","Charity Commission","Sefton","Outside London","EO","100","95","24820","24440"
"In post","2022","Charity Commission","Sefton","Outside London","G6","10","10","[c]","[c]"
"In post","2022","Charity Commission","Sefton","Outside London","G7","25","25","50560","51070"
"In post","2022","Charity Commission","Sefton","Outside London","HEO","115","110","29140","29160"
"In post","2022","Charity Commission","Sefton","Outside London","SCS level","[c]","[c]","[c]","[c]"
"In post","2022","Charity Commission","Sefton","Outside London","SEO","65","65","37460","37910"
"In post","2022","Charity Commission","Somerset CC","Outside London","AO","[c]","[c]","[c]","[c]"
"In post","2022","Charity Commission","Somerset CC","Outside London","EO","10","10","[c]","[c]"
"In post","2022","Charity Commission","Somerset CC","Outside London","G6","[c]","[c]","[c]","[c]"
"In post","2022","Charity Commission","Somerset CC","Outside London","G7","[c]","[c]","[c]","[c]"
"In post","2022","Charity Commission","Somerset CC","Outside London","HEO","10","10","30030","29550"
"In post","2022","Charity Commission","Somerset CC","Outside London","SEO","10","10","36940","37910"
"In post","2022","Charity Commission","Westminster","London","AO","[c]","[c]","[c]","[c]"
"In post","2022","Charity Commission","Westminster","London","EO","5","5","[c]","[c]"
"In post","2022","Charity Commission","Westminster","London","G6","10","10","[c]","[c]"
"In post","2022","Charity Commission","Westminster","London","G7","25","20","52080","51070"
"In post","2022","Charity Commission","Westminster","London","HEO","20","20","29040","29160"
"In post","2022","Charity Commission","Westminster","London","SCS level","[c]","[c]","[c]","[c]"
"In post","2022","Charity Commission","Westminster","London","SEO","20","20","38180","37910"
"In post","2022","Companies House","Antrim and Newtownabbey","Outside London","SEO","[c]","[c]","[c]","[c]"
"In post","2022","Companies House","Ards and North Down","Outside London","HEO","[c]","[c]","[c]","[c]"
"In post","2022","Companies House","Barnsley, Doncaster and Rotherham","Outside London","HEO","[c]","[c]","[c]","[c]"
"In post","2022","Companies House","Belfast","Outside London","AO","10","10","22080","22740"
"In post","2022","Companies House","Belfast","Outside London","EO","10","10","[c]","[c]"
"In post","2022","Companies House","Belfast","Outside London","HEO","[c]","[c]","[c]","[c]"
"In post","2022","Companies House","Belfast","Outside London","SEO","[c]","[c]","[c]","[c]"
"In post","2022","Companies House","Berkshire","Outside London","EO","[c]","[c]","[c]","[c]"
"In post","2022","Companies House","Berkshire","Outside London","HEO","[c]","[c]","[c]","[c]"
"In post","2022","Companies House","Birmingham","Outside London","EO","[c]","[c]","[c]","[c]"
"In post","2022","Companies House","Birmingham","Outside London","HEO","[c]","[c]","[c]","[c]"
"In post","2022","Companies House","Calderdale and Kirklees","Outside London","SEO","[c]","[c]","[c]","[c]"
"In post","2022","Companies House","Cardiff and Vale of Glamorgan","Outside London","AA","[c]","[c]","[c]","[c]"
"In post","2022","Companies House","Cardiff and Vale of Glamorgan","Outside London","AO","410","360","21700","22740"
"In post","2022","Companies House","Cardiff and Vale of Glamorgan","Outside London","EO","270","250","27380","25460"
"In post","2022","Companies House","Cardiff and Vale of Glamorgan","Outside London","G6","25","25","66920","65990"
"In post","2022","Companies House","Cardiff and Vale of Glamorgan","Outside London","G7","60","60","52790","50120"
"In post","2022","Companies House","Cardiff and Vale of Glamorgan","Outside London","HEO","155","150","34500","35570"
"In post","2022","Companies House","Cardiff and Vale of Glamorgan","Outside London","SCS level","5","5","[c]","[c]"
"In post","2022","Companies House","Cardiff and Vale of Glamorgan","Outside London","SEO","150","145","43170","42990"
"In post","2022","Companies House","Central Valleys","Outside London","EO","[c]","[c]","[c]","[c]"
"In post","2022","Companies House","Cheshire West and Chester","Outside London","SEO","[c]","[c]","[c]","[c]"
"In post","2022","Companies House","City of Edinburgh","Outside London","AO","20","20","21450","21350"
"In post","2022","Companies House","City of Edinburgh","Outside London","EO","15","15","25370","24620"
"In post","2022","Companies House","City of Edinburgh","Outside London","G7","[c]","[c]","[c]","[c]"
"In post","2022","Companies House","City of Edinburgh","Outside London","HEO","[c]","[c]","[c]","[c]"
"In post","2022","Companies House","City of Edinburgh","Outside London","SEO","[c]","[c]","[c]","[c]"
"In post","2022","Companies House","Clackmannanshire and Fife","Outside London","SEO","[c]","[c]","[c]","[c]"
"In post","2022","Companies House","Coventry","Outside London","EO","[c]","[c]","[c]","[c]"
"In post","2022","Companies House","East Lothian and Midlothian","Outside London","SEO","[c]","[c]","[c]","[c]"
"In post","2022","Companies House","Glasgow City","Outside London","EO","[c]","[c]","[c]","[c]"
"In post","2022","Companies House","Haringey and Islington","London","G7","[c]","[c]","[c]","[c]"
"In post","2022","Companies House","Lincolnshire CC","Outside London","HEO","[c]","[c]","[c]","[c]"
"In post","2022","Companies House","Lisburn and Castlereagh","Outside London","HEO","[c]","[c]","[c]","[c]"
"In post","2022","Companies House","Manchester","Outside London","SEO","[c]","[c]","[c]","[c]"
"In post","2022","Companies House","Merton, Kingston upon Thames and Sutton","London","HEO","[c]","[c]","[c]","[c]"
"In post","2022","Companies House","Milton Keynes","Outside London","HEO","[c]","[c]","[c]","[c]"
"In post","2022","Companies House","Oxfordshire CC","Outside London","G7","[c]","[c]","[c]","[c]"
"In post","2022","Companies House","Plymouth","Outside London","HEO","[c]","[c]","[c]","[c]"
"In post","2022","Companies House","Torbay","Outside London","EO","[c]","[c]","[c]","[c]"
"In post","2022","Companies House","Tyneside","Outside London","SEO","[c]","[c]","[c]","[c]"
"In post","2022","Companies House","Westminster","London","AO","[c]","[c]","[c]","[c]"
"In post","2022","Companies House","Westminster","London","EO","[c]","[c]","[c]","[c]"
"In post","2022","Companies House","Westminster","London","HEO","[c]","[c]","[c]","[c]"
"In post","2022","Competition and Markets Authority","Belfast","Outside London","G6","[c]","[c]","[c]","[c]"
"In post","2022","Competition and Markets Authority","Belfast","Outside London","G7","[c]","[c]","[c]","[c]"
"In post","2022","Competition and Markets Authority","Belfast","Outside London","HEO","[c]","[c]","[c]","[c]"
"In post","2022","Competition and Markets Authority","Cardiff and Vale of Glamorgan","Outside London","G6","[c]","[c]","[c]","[c]"
"In post","2022","Competition and Markets Authority","Cardiff and Vale of Glamorgan","Outside London","G7","[c]","[c]","[c]","[c]"
"In post","2022","Competition and Markets Authority","Cardiff and Vale of Glamorgan","Outside London","SEO","[c]","[c]","[c]","[c]"
"In post","2022","Competition and Markets Authority","City of Edinburgh","Outside London","EO","[c]","[c]","[c]","[c]"
"In post","2022","Competition and Markets Authority","City of Edinburgh","Outside London","G6","15","15","73400","72430"
"In post","2022","Competition and Markets Authority","City of Edinburgh","Outside London","G7","20","20","55930","55860"
"In post","2022","Competition and Markets Authority","City of Edinburgh","Outside London","HEO","10","10","[c]","[c]"
"In post","2022","Competition and Markets Authority","City of Edinburgh","Outside London","SCS level","5","5","[c]","[c]"
"In post","2022","Competition and Markets Authority","City of Edinburgh","Outside London","SEO","[c]","[c]","[c]","[c]"
"In post","2022","Competition and Markets Authority","Tower Hamlets","London","AO","20","20","23010","22520"
"In post","2022","Competition and Markets Authority","Tower Hamlets","London","EO","65","60","28220","27920"
"In post","2022","Competition and Markets Authority","Tower Hamlets","London","G6","185","175","76150","75140"
"In post","2022","Competition and Markets Authority","Tower Hamlets","London","G7","215","210","57390","56360"
"In post","2022","Competition and Markets Authority","Tower Hamlets","London","HEO","135","130","34830","34570"
"In post","2022","Competition and Markets Authority","Tower Hamlets","London","SCS level","120","115","108020","99920"
"In post","2022","Competition and Markets Authority","Tower Hamlets","London","SEO","55","55","44020","43880"
"In post","2022","Criminal Injuries Compensation Authority","Glasgow City","Outside London","AA","10","10","19200","19200"
"In post","2022","Criminal Injuries Compensation Authority","Glasgow City","Outside London","AO","110","100","21190","21120"
"In post","2022","Criminal Injuries Compensation Authority","Glasgow City","Outside London","EO","80","80","25360","25120"
"In post","2022","Criminal Injuries Compensation Authority","Glasgow City","Outside London","G6","[c]","[c]","[c]","[c]"
"In post","2022","Criminal Injuries Compensation Authority","Glasgow City","Outside London","G7","15","10","56780","59000"
"In post","2022","Criminal Injuries Compensation Authority","Glasgow City","Outside London","HEO","85","85","30850","30450"
"In post","2022","Criminal Injuries Compensation Authority","Glasgow City","Outside London","SCS level","[c]","[c]","[c]","[c]"
"In post","2022","Criminal Injuries Compensation Authority","Glasgow City","Outside London","SEO","10","10","37170","36050"
"In post","2022","Criminal Injuries Compensation Authority","Unknown","Unknown","AO","[c]","[c]","[c]","[c]"
"In post","2022","Crown Commercial Service","Bath and North East Somerset, North Somerset and South Gloucestershire","Outside London","G7","[c]","[c]","[c]","[c]"
"In post","2022","Crown Commercial Service","Berkshire","Outside London","SEO","[c]","[c]","[c]","[c]"
"In post","2022","Crown Commercial Service","Birmingham","Outside London","AO","[c]","[c]","[c]","[c]"
"In post","2022","Crown Commercial Service","Birmingham","Outside London","EO","10","10","[c]","[c]"
"In post","2022","Crown Commercial Service","Birmingham","Outside London","G7","[c]","[c]","[c]","[c]"
"In post","2022","Crown Commercial Service","Birmingham","Outside London","HEO","10","10","[c]","[c]"
"In post","2022","Crown Commercial Service","Birmingham","Outside London","SEO","5","5","[c]","[c]"
"In post","2022","Crown Commercial Service","Bradford","Outside London","G7","[c]","[c]","[c]","[c]"
"In post","2022","Crown Commercial Service","Brent","London","SEO","[c]","[c]","[c]","[c]"
"In post","2022","Crown Commercial Service","Bristol, City of","Outside London","G7","[c]","[c]","[c]","[c]"
"In post","2022","Crown Commercial Service","Bristol, City of","Outside London","SCS level","[c]","[c]","[c]","[c]"
"In post","2022","Crown Commercial Service","Calderdale and Kirklees","Outside London","G6","[c]","[c]","[c]","[c]"
"In post","2022","Crown Commercial Service","Central Valleys","Outside London","G6","[c]","[c]","[c]","[c]"
"In post","2022","Crown Commercial Service","Cheshire East","Outside London","G7","[c]","[c]","[c]","[c]"
"In post","2022","Crown Commercial Service","Cheshire West and Chester","Outside London","SEO","[c]","[c]","[c]","[c]"
"In post","2022","Crown Commercial Service","Dorset","Outside London","G7","[c]","[c]","[c]","[c]"
"In post","2022","Crown Commercial Service","Durham","Outside London","G7","[c]","[c]","[c]","[c]"
"In post","2022","Crown Commercial Service","East Derbyshire","Outside London","SEO","[c]","[c]","[c]","[c]"
"In post","2022","Crown Commercial Service","East Merseyside","Outside London","G7","[c]","[c]","[c]","[c]"
"In post","2022","Crown Commercial Service","East Riding of Yorkshire","Outside London","G7","[c]","[c]","[c]","[c]"
"In post","2022","Crown Commercial Service","Gloucestershire CC","Outside London","G6","[c]","[c]","[c]","[c]"
"In post","2022","Crown Commercial Service","Harrow and Hillingdon","London","G7","[c]","[c]","[c]","[c]"
"In post","2022","Crown Commercial Service","Hertfordshire CC","Outside London","G7","[c]","[c]","[c]","[c]"
"In post","2022","Crown Commercial Service","Hertfordshire CC","Outside London","SCS level","[c]","[c]","[c]","[c]"
"In post","2022","Crown Commercial Service","Inverclyde, East Renfrewshire, and Renfrewshire","Outside London","G7","[c]","[c]","[c]","[c]"
"In post","2022","Crown Commercial Service","Leicestershire CC and Rutland","Outside London","G6","[c]","[c]","[c]","[c]"
"In post","2022","Crown Commercial Service","Leicestershire CC and Rutland","Outside London","G7","[c]","[c]","[c]","[c]"
"In post","2022","Crown Commercial Service","Liverpool","Outside London","AO","10","10","20330","20330"
"In post","2022","Crown Commercial Service","Liverpool","Outside London","EO","70","70","25700","25520"
"In post","2022","Crown Commercial Service","Liverpool","Outside London","G6","20","20","65430","64660"
"In post","2022","Crown Commercial Service","Liverpool","Outside London","G7","65","60","49980","51100"
"In post","2022","Crown Commercial Service","Liverpool","Outside London","HEO","85","85","30790","30940"
"In post","2022","Crown Commercial Service","Liverpool","Outside London","SCS level","[c]","[c]","[c]","[c]"
"In post","2022","Crown Commercial Service","Liverpool","Outside London","SEO","130","125","38680","38980"
"In post","2022","Crown Commercial Service","Medway","Outside London","HEO","[c]","[c]","[c]","[c]"
"In post","2022","Crown Commercial Service","Merton, Kingston upon Thames and Sutton","London","G7","[c]","[c]","[c]","[c]"
"In post","2022","Crown Commercial Service","Monmouthshire and Newport","Outside London","AO","5","5","[c]","[c]"
"In post","2022","Crown Commercial Service","Monmouthshire and Newport","Outside London","EO","15","15","26270","25970"
"In post","2022","Crown Commercial Service","Monmouthshire and Newport","Outside London","G6","[c]","[c]","[c]","[c]"
"In post","2022","Crown Commercial Service","Monmouthshire and Newport","Outside London","G7","20","20","49000","51100"
"In post","2022","Crown Commercial Service","Monmouthshire and Newport","Outside London","HEO","40","35","30780","30940"
"In post","2022","Crown Commercial Service","Monmouthshire and Newport","Outside London","SCS level","[c]","[c]","[c]","[c]"
"In post","2022","Crown Commercial Service","Monmouthshire and Newport","Outside London","SEO","35","30","38500","38980"
"In post","2022","Crown Commercial Service","North and North East Lincolnshire","Outside London","G6","[c]","[c]","[c]","[c]"
"In post","2022","Crown Commercial Service","North Lanarkshire","Outside London","G6","[c]","[c]","[c]","[c]"
"In post","2022","Crown Commercial Service","North Northamptonshire","Outside London","SEO","[c]","[c]","[c]","[c]"
"In post","2022","Crown Commercial Service","North Yorkshire CC","Outside London","G6","[c]","[c]","[c]","[c]"
"In post","2022","Crown Commercial Service","North Yorkshire CC","Outside London","G7","[c]","[c]","[c]","[c]"
"In post","2022","Crown Commercial Service","Norwich and East Norfolk","Outside London","AO","5","5","[c]","[c]"
"In post","2022","Crown Commercial Service","Norwich and East Norfolk","Outside London","EO","15","15","26050","25740"
"In post","2022","Crown Commercial Service","Norwich and East Norfolk","Outside London","G6","10","10","66500","67370"
"In post","2022","Crown Commercial Service","Norwich and East Norfolk","Outside London","G7","15","15","48790","51100"
"In post","2022","Crown Commercial Service","Norwich and East Norfolk","Outside London","HEO","50","45","31050","30940"
"In post","2022","Crown Commercial Service","Norwich and East Norfolk","Outside London","SCS level","[c]","[c]","[c]","[c]"
"In post","2022","Crown Commercial Service","Norwich and East Norfolk","Outside London","SEO","55","50","39050","38980"
"In post","2022","Crown Commercial Service","Oxfordshire CC","Outside London","G7","[c]","[c]","[c]","[c]"
"In post","2022","Crown Commercial Service","Sefton","Outside London","G7","[c]","[c]","[c]","[c]"
"In post","2022","Crown Commercial Service","Sheffield","Outside London","SEO","[c]","[c]","[c]","[c]"
"In post","2022","Crown Commercial Service","Solihull","Outside London","G7","[c]","[c]","[c]","[c]"
"In post","2022","Crown Commercial Service","South and West Derbyshire","Outside London","G7","[c]","[c]","[c]","[c]"
"In post","2022","Crown Commercial Service","South Hampshire","Outside London","SCS level","[c]","[c]","[c]","[c]"
"In post","2022","Crown Commercial Service","South Nottinghamshire","Outside London","G7","[c]","[c]","[c]","[c]"
"In post","2022","Crown Commercial Service","Southampton","Outside London","G7","[c]","[c]","[c]","[c]"
"In post","2022","Crown Commercial Service","Suffolk CC","Outside London","G6","[c]","[c]","[c]","[c]"
"In post","2022","Crown Commercial Service","Suffolk CC","Outside London","G7","[c]","[c]","[c]","[c]"
"In post","2022","Crown Commercial Service","Swindon","Outside London","G6","[c]","[c]","[c]","[c]"
"In post","2022","Crown Commercial Service","Swindon","Outside London","G7","[c]","[c]","[c]","[c]"
"In post","2022","Crown Commercial Service","Tower Hamlets","London","AO","[c]","[c]","[c]","[c]"
"In post","2022","Crown Commercial Service","Tower Hamlets","London","EO","5","5","[c]","[c]"
"In post","2022","Crown Commercial Service","Tower Hamlets","London","G6","10","10","67160","67640"
"In post","2022","Crown Commercial Service","Tower Hamlets","London","G7","20","20","57290","56160"
"In post","2022","Crown Commercial Service","Tower Hamlets","London","HEO","10","10","35540","36910"
"In post","2022","Crown Commercial Service","Tower Hamlets","London","SCS level","10","10","[c]","[c]"
"In post","2022","Crown Commercial Service","Tower Hamlets","London","SEO","15","15","42560","41420"
"In post","2022","Crown Commercial Service","Wakefield","Outside London","HEO","[c]","[c]","[c]","[c]"
"In post","2022","Crown Commercial Service","Wakefield","Outside London","SEO","[c]","[c]","[c]","[c]"
"In post","2022","Crown Commercial Service","West Surrey","Outside London","G7","[c]","[c]","[c]","[c]"
"In post","2022","Crown Commercial Service","Wirral","Outside London","G7","[c]","[c]","[c]","[c]"
"In post","2022","Crown Office and Procurator Fiscal Service","Aberdeen City and Aberdeenshire","Outside London","AO","45","40","22340","23230"
"In post","2022","Crown Office and Procurator Fiscal Service","Aberdeen City and Aberdeenshire","Outside London","EO","15","15","28450","27940"
"In post","2022","Crown Office and Procurator Fiscal Service","Aberdeen City and Aberdeenshire","Outside London","G6","[c]","[c]","[c]","[c]"
"In post","2022","Crown Office and Procurator Fiscal Service","Aberdeen City and Aberdeenshire","Outside London","G7","5","5","[c]","[c]"
"In post","2022","Crown Office and Procurator Fiscal Service","Aberdeen City and Aberdeenshire","Outside London","HEO","25","20","34250","34600"
"In post","2022","Crown Office and Procurator Fiscal Service","Aberdeen City and Aberdeenshire","Outside London","SEO","30","25","48580","41750"
"In post","2022","Crown Office and Procurator Fiscal Service","Angus and Dundee City","Outside London","AO","35","30","22540","23230"
"In post","2022","Crown Office and Procurator Fiscal Service","Angus and Dundee City","Outside London","EO","15","15","28740","28990"
"In post","2022","Crown Office and Procurator Fiscal Service","Angus and Dundee City","Outside London","G6","[c]","[c]","[c]","[c]"
"In post","2022","Crown Office and Procurator Fiscal Service","Angus and Dundee City","Outside London","G7","5","5","[c]","[c]"
"In post","2022","Crown Office and Procurator Fiscal Service","Angus and Dundee City","Outside London","HEO","20","20","33410","31540"
"In post","2022","Crown Office and Procurator Fiscal Service","Angus and Dundee City","Outside London","SEO","30","30","50810","53490"
"In post","2022","Crown Office and Procurator Fiscal Service","Caithness and Sutherland, and Ross and Cromarty","Outside London","AO","5","5","[c]","[c]"
"In post","2022","Crown Office and Procurator Fiscal Service","Caithness and Sutherland, and Ross and Cromarty","Outside London","EO","[c]","[c]","[c]","[c]"
"In post","2022","Crown Office and Procurator Fiscal Service","Caithness and Sutherland, and Ross and Cromarty","Outside London","SEO","[c]","[c]","[c]","[c]"
"In post","2022","Crown Office and Procurator Fiscal Service","City of Edinburgh","Outside London","AO","135","130","22300","22480"
"In post","2022","Crown Office and Procurator Fiscal Service","City of Edinburgh","Outside London","EO","105","105","28560","27230"
"In post","2022","Crown Office and Procurator Fiscal Service","City of Edinburgh","Outside London","G6","10","10","76020","75340"
"In post","2022","Crown Office and Procurator Fiscal Service","City of Edinburgh","Outside London","G7","55","50","66070","69780"
"In post","2022","Crown Office and Procurator Fiscal Service","City of Edinburgh","Outside London","HEO","105","105","33930","34600"
"In post","2022","Crown Office and Procurator Fiscal Service","City of Edinburgh","Outside London","SCS level","10","10","[c]","[c]"
"In post","2022","Crown Office and Procurator Fiscal Service","City of Edinburgh","Outside London","SEO","125","120","49130","47490"
"In post","2022","Crown Office and Procurator Fiscal Service","Clackmannanshire and Fife","Outside London","AO","35","30","22790","23230"
"In post","2022","Crown Office and Procurator Fiscal Service","Clackmannanshire and Fife","Outside London","EO","15","10","28960","30040"
"In post","2022","Crown Office and Procurator Fiscal Service","Clackmannanshire and Fife","Outside London","G6","[c]","[c]","[c]","[c]"
"In post","2022","Crown Office and Procurator Fiscal Service","Clackmannanshire and Fife","Outside London","G7","[c]","[c]","[c]","[c]"
"In post","2022","Crown Office and Procurator Fiscal Service","Clackmannanshire and Fife","Outside London","HEO","15","10","35070","36130"
"In post","2022","Crown Office and Procurator Fiscal Service","Clackmannanshire and Fife","Outside London","SEO","20","20","45780","41750"
"In post","2022","Crown Office and Procurator Fiscal Service","Dumfries and Galloway","Outside London","AO","20","20","22820","23230"
"In post","2022","Crown Office and Procurator Fiscal Service","Dumfries and Galloway","Outside London","EO","5","5","[c]","[c]"
"In post","2022","Crown Office and Procurator Fiscal Service","Dumfries and Galloway","Outside London","G7","[c]","[c]","[c]","[c]"
"In post","2022","Crown Office and Procurator Fiscal Service","Dumfries and Galloway","Outside London","HEO","10","10","[c]","[c]"
"In post","2022","Crown Office and Procurator Fiscal Service","Dumfries and Galloway","Outside London","SEO","10","10","[c]","[c]"
"In post","2022","Crown Office and Procurator Fiscal Service","East Ayrshire and North Ayrshire mainland","Outside London","AO","40","35","22610","23230"
"In post","2022","Crown Office and Procurator Fiscal Service","East Ayrshire and North Ayrshire mainland","Outside London","EO","15","10","29470","30040"
"In post","2022","Crown Office and Procurator Fiscal Service","East Ayrshire and North Ayrshire mainland","Outside London","G6","[c]","[c]","[c]","[c]"
"In post","2022","Crown Office and Procurator Fiscal Service","East Ayrshire and North Ayrshire mainland","Outside London","G7","[c]","[c]","[c]","[c]"
"In post","2022","Crown Office and Procurator Fiscal Service","East Ayrshire and North Ayrshire mainland","Outside London","HEO","5","5","[c]","[c]"
"In post","2022","Crown Office and Procurator Fiscal Service","East Ayrshire and North Ayrshire mainland","Outside London","SEO","20","20","45730","41750"
"In post","2022","Crown Office and Procurator Fiscal Service","East Dunbartonshire, West Dunbartonshire, and Helensburgh and Lomond","Outside London","AO","55","50","22370","23230"
"In post","2022","Crown Office and Procurator Fiscal Service","East Dunbartonshire, West Dunbartonshire, and Helensburgh and Lomond","Outside London","EO","10","10","29400","30040"
"In post","2022","Crown Office and Procurator Fiscal Service","East Dunbartonshire, West Dunbartonshire, and Helensburgh and Lomond","Outside London","G7","[c]","[c]","[c]","[c]"
"In post","2022","Crown Office and Procurator Fiscal Service","East Dunbartonshire, West Dunbartonshire, and Helensburgh and Lomond","Outside London","HEO","5","5","[c]","[c]"
"In post","2022","Crown Office and Procurator Fiscal Service","East Dunbartonshire, West Dunbartonshire, and Helensburgh and Lomond","Outside London","SEO","10","10","[c]","[c]"
"In post","2022","Crown Office and Procurator Fiscal Service","Falkirk","Outside London","AO","25","20","22820","23230"
"In post","2022","Crown Office and Procurator Fiscal Service","Falkirk","Outside London","EO","10","10","29100","30040"
"In post","2022","Crown Office and Procurator Fiscal Service","Falkirk","Outside London","G6","[c]","[c]","[c]","[c]"
"In post","2022","Crown Office and Procurator Fiscal Service","Falkirk","Outside London","G7","5","5","[c]","[c]"
"In post","2022","Crown Office and Procurator Fiscal Service","Falkirk","Outside London","HEO","[c]","[c]","[c]","[c]"
"In post","2022","Crown Office and Procurator Fiscal Service","Falkirk","Outside London","SCS level","[c]","[c]","[c]","[c]"
"In post","2022","Crown Office and Procurator Fiscal Service","Falkirk","Outside London","SEO","20","15","46410","41750"
"In post","2022","Crown Office and Procurator Fiscal Service","Glasgow City","Outside London","AO","200","185","22690","23230"
"In post","2022","Crown Office and Procurator Fiscal Service","Glasgow City","Outside London","EO","100","95","28390","27230"
"In post","2022","Crown Office and Procurator Fiscal Service","Glasgow City","Outside London","G6","10","10","[c]","[c]"
"In post","2022","Crown Office and Procurator Fiscal Service","Glasgow City","Outside London","G7","60","60","68070","69780"
"In post","2022","Crown Office and Procurator Fiscal Service","Glasgow City","Outside London","HEO","150","140","34450","34600"
"In post","2022","Crown Office and Procurator Fiscal Service","Glasgow City","Outside London","SCS level","10","10","[c]","[c]"
"In post","2022","Crown Office and Procurator Fiscal Service","Glasgow City","Outside London","SEO","120","115","50760","52520"
"In post","2022","Crown Office and Procurator Fiscal Service","Inverclyde, East Renfrewshire, and Renfrewshire","Outside London","AO","40","35","22240","23230"
"In post","2022","Crown Office and Procurator Fiscal Service","Inverclyde, East Renfrewshire, and Renfrewshire","Outside London","EO","25","25","28630","27940"
"In post","2022","Crown Office and Procurator Fiscal Service","Inverclyde, East Renfrewshire, and Renfrewshire","Outside London","G6","[c]","[c]","[c]","[c]"
"In post","2022","Crown Office and Procurator Fiscal Service","Inverclyde, East Renfrewshire, and Renfrewshire","Outside London","G7","10","10","[c]","[c]"
"In post","2022","Crown Office and Procurator Fiscal Service","Inverclyde, East Renfrewshire, and Renfrewshire","Outside London","HEO","5","5","[c]","[c]"
"In post","2022","Crown Office and Procurator Fiscal Service","Inverclyde, East Renfrewshire, and Renfrewshire","Outside London","SCS level","[c]","[c]","[c]","[c]"
"In post","2022","Crown Office and Procurator Fiscal Service","Inverclyde, East Renfrewshire, and Renfrewshire","Outside London","SEO","45","40","49660","45920"
"In post","2022","Crown Office and Procurator Fiscal Service","Inverness and Nairn, Moray, and Badenoch and Strathspey","Outside London","AO","35","30","22390","23230"
"In post","2022","Crown Office and Procurator Fiscal Service","Inverness and Nairn, Moray, and Badenoch and Strathspey","Outside London","EO","10","10","[c]","[c]"
"In post","2022","Crown Office and Procurator Fiscal Service","Inverness and Nairn, Moray, and Badenoch and Strathspey","Outside London","G6","[c]","[c]","[c]","[c]"
"In post","2022","Crown Office and Procurator Fiscal Service","Inverness and Nairn, Moray, and Badenoch and Strathspey","Outside London","G7","[c]","[c]","[c]","[c]"
"In post","2022","Crown Office and Procurator Fiscal Service","Inverness and Nairn, Moray, and Badenoch and Strathspey","Outside London","HEO","5","5","[c]","[c]"
"In post","2022","Crown Office and Procurator Fiscal Service","Inverness and Nairn, Moray, and Badenoch and Strathspey","Outside London","SCS level","[c]","[c]","[c]","[c]"
"In post","2022","Crown Office and Procurator Fiscal Service","Inverness and Nairn, Moray, and Badenoch and Strathspey","Outside London","SEO","20","20","49250","53000"
"In post","2022","Crown Office and Procurator Fiscal Service","Lochaber, Skye and Lochalsh, Arran and Cumbrae, and Argyll and Bute","Outside London","AO","5","5","[c]","[c]"
"In post","2022","Crown Office and Procurator Fiscal Service","Lochaber, Skye and Lochalsh, Arran and Cumbrae, and Argyll and Bute","Outside London","EO","[c]","[c]","[c]","[c]"
"In post","2022","Crown Office and Procurator Fiscal Service","Lochaber, Skye and Lochalsh, Arran and Cumbrae, and Argyll and Bute","Outside London","SEO","[c]","[c]","[c]","[c]"
"In post","2022","Crown Office and Procurator Fiscal Service","Na h-Eileanan Siar","Outside London","AO","[c]","[c]","[c]","[c]"
"In post","2022","Crown Office and Procurator Fiscal Service","Na h-Eileanan Siar","Outside London","SEO","[c]","[c]","[c]","[c]"
"In post","2022","Crown Office and Procurator Fiscal Service","North Lanarkshire","Outside London","AO","25","25","22160","22480"
"In post","2022","Crown Office and Procurator Fiscal Service","North Lanarkshire","Outside London","EO","15","15","28310","27580"
"In post","2022","Crown Office and Procurator Fiscal Service","North Lanarkshire","Outside London","G6","[c]","[c]","[c]","[c]"
"In post","2022","Crown Office and Procurator Fiscal Service","North Lanarkshire","Outside London","G7","10","10","[c]","[c]"
"In post","2022","Crown Office and Procurator Fiscal Service","North Lanarkshire","Outside London","HEO","20","20","33760","34600"
"In post","2022","Crown Office and Procurator Fiscal Service","North Lanarkshire","Outside London","SCS level","[c]","[c]","[c]","[c]"
"In post","2022","Crown Office and Procurator Fiscal Service","North Lanarkshire","Outside London","SEO","30","25","51280","52520"
"In post","2022","Crown Office and Procurator Fiscal Service","Orkney Islands","Outside London","AO","[c]","[c]","[c]","[c]"
"In post","2022","Crown Office and Procurator Fiscal Service","Orkney Islands","Outside London","G7","[c]","[c]","[c]","[c]"
"In post","2022","Crown Office and Procurator Fiscal Service","Perth and Kinross, and Stirling","Outside London","AO","10","5","[c]","[c]"
"In post","2022","Crown Office and Procurator Fiscal Service","Perth and Kinross, and Stirling","Outside London","EO","[c]","[c]","[c]","[c]"
"In post","2022","Crown Office and Procurator Fiscal Service","Perth and Kinross, and Stirling","Outside London","G6","[c]","[c]","[c]","[c]"
"In post","2022","Crown Office and Procurator Fiscal Service","Perth and Kinross, and Stirling","Outside London","G7","[c]","[c]","[c]","[c]"
"In post","2022","Crown Office and Procurator Fiscal Service","Perth and Kinross, and Stirling","Outside London","HEO","[c]","[c]","[c]","[c]"
"In post","2022","Crown Office and Procurator Fiscal Service","Perth and Kinross, and Stirling","Outside London","SEO","10","10","45090","41750"
"In post","2022","Crown Office and Procurator Fiscal Service","Scottish Borders","Outside London","AO","15","15","21550","21050"
"In post","2022","Crown Office and Procurator Fiscal Service","Scottish Borders","Outside London","EO","[c]","[c]","[c]","[c]"
"In post","2022","Crown Office and Procurator Fiscal Service","Scottish Borders","Outside London","SEO","[c]","[c]","[c]","[c]"
"In post","2022","Crown Office and Procurator Fiscal Service","Shetland Islands","Outside London","AO","[c]","[c]","[c]","[c]"
"In post","2022","Crown Office and Procurator Fiscal Service","Shetland Islands","Outside London","SEO","[c]","[c]","[c]","[c]"
"In post","2022","Crown Office and Procurator Fiscal Service","South Lanarkshire","Outside London","AO","50","45","22560","23230"
"In post","2022","Crown Office and Procurator Fiscal Service","South Lanarkshire","Outside London","EO","30","30","28770","28990"
"In post","2022","Crown Office and Procurator Fiscal Service","South Lanarkshire","Outside London","G6","5","5","[c]","[c]"
"In post","2022","Crown Office and Procurator Fiscal Service","South Lanarkshire","Outside London","G7","15","15","67520","69780"
"In post","2022","Crown Office and Procurator Fiscal Service","South Lanarkshire","Outside London","HEO","20","20","34020","34600"
"In post","2022","Crown Office and Procurator Fiscal Service","South Lanarkshire","Outside London","SCS level","[c]","[c]","[c]","[c]"
"In post","2022","Crown Office and Procurator Fiscal Service","South Lanarkshire","Outside London","SEO","45","45","49180","47960"
"In post","2022","Crown Office and Procurator Fiscal Service","West Lothian","Outside London","AO","10","10","22900","23230"
"In post","2022","Crown Office and Procurator Fiscal Service","West Lothian","Outside London","EO","[c]","[c]","[c]","[c]"
"In post","2022","Crown Office and Procurator Fiscal Service","West Lothian","Outside London","G7","[c]","[c]","[c]","[c]"
"In post","2022","Crown Office and Procurator Fiscal Service","West Lothian","Outside London","HEO","[c]","[c]","[c]","[c]"
"In post","2022","Crown Office and Procurator Fiscal Service","West Lothian","Outside London","SEO","5","5","[c]","[c]"
"In post","2022","Crown Prosecution Service","Barnsley, Doncaster and Rotherham","Outside London","G7","[c]","[c]","[c]","[c]"
"In post","2022","Crown Prosecution Service","Bath and North East Somerset, North Somerset and South Gloucestershire","Outside London","G7","[c]","[c]","[c]","[c]"
"In post","2022","Crown Prosecution Service","Berkshire","Outside London","AO","25","25","23860","23770"
"In post","2022","Crown Prosecution Service","Berkshire","Outside London","EO","25","25","28230","27050"
"In post","2022","Crown Prosecution Service","Berkshire","Outside London","G6","5","5","[c]","[c]"
"In post","2022","Crown Prosecution Service","Berkshire","Outside London","G7","50","45","58450","55880"
"In post","2022","Crown Prosecution Service","Berkshire","Outside London","HEO","20","20","35910","35020"
"In post","2022","Crown Prosecution Service","Berkshire","Outside London","SCS level","[c]","[c]","[c]","[c]"
"In post","2022","Crown Prosecution Service","Berkshire","Outside London","SEO","[c]","[c]","[c]","[c]"
"In post","2022","Crown Prosecution Service","Bexley and Greenwich","London","AO","5","5","[c]","[c]"
"In post","2022","Crown Prosecution Service","Bexley and Greenwich","London","EO","[c]","[c]","[c]","[c]"
"In post","2022","Crown Prosecution Service","Bexley and Greenwich","London","G7","[c]","[c]","[c]","[c]"
"In post","2022","Crown Prosecution Service","Bexley and Greenwich","London","HEO","[c]","[c]","[c]","[c]"
"In post","2022","Crown Prosecution Service","Birmingham","Outside London","AA","[c]","[c]","[c]","[c]"
"In post","2022","Crown Prosecution Service","Birmingham","Outside London","AO","100","90","22280","22200"
"In post","2022","Crown Prosecution Service","Birmingham","Outside London","EO","100","95","26950","26160"
"In post","2022","Crown Prosecution Service","Birmingham","Outside London","G6","20","20","73520","70000"
"In post","2022","Crown Prosecution Service","Birmingham","Outside London","G7","215","200","53300","53350"
"In post","2022","Crown Prosecution Service","Birmingham","Outside London","HEO","55","50","33250","32050"
"In post","2022","Crown Prosecution Service","Birmingham","Outside London","SCS level","[c]","[c]","[c]","[c]"
"In post","2022","Crown Prosecution Service","Birmingham","Outside London","SEO","15","10","38330","38180"
"In post","2022","Crown Prosecution Service","Blackburn with Darwen","Outside London","G7","[c]","[c]","[c]","[c]"
"In post","2022","Crown Prosecution Service","Bradford","Outside London","G7","[c]","[c]","[c]","[c]"
"In post","2022","Crown Prosecution Service","Bridgend and Neath Port Talbot","Outside London","EO","[c]","[c]","[c]","[c]"
"In post","2022","Crown Prosecution Service","Bridgend and Neath Port Talbot","Outside London","G7","[c]","[c]","[c]","[c]"
"In post","2022","Crown Prosecution Service","Brighton and Hove","Outside London","AO","30","25","23700","23770"
"In post","2022","Crown Prosecution Service","Brighton and Hove","Outside London","EO","35","30","28180","27760"
"In post","2022","Crown Prosecution Service","Brighton and Hove","Outside London","G6","[c]","[c]","[c]","[c]"
"In post","2022","Crown Prosecution Service","Brighton and Hove","Outside London","G7","45","40","58650","60710"
"In post","2022","Crown Prosecution Service","Brighton and Hove","Outside London","HEO","10","10","35770","36240"
"In post","2022","Crown Prosecution Service","Brighton and Hove","Outside London","SCS level","[c]","[c]","[c]","[c]"
"In post","2022","Crown Prosecution Service","Brighton and Hove","Outside London","SEO","[c]","[c]","[c]","[c]"
"In post","2022","Crown Prosecution Service","Bristol, City of","Outside London","AO","30","30","22080","22200"
"In post","2022","Crown Prosecution Service","Bristol, City of","Outside London","EO","30","30","26820","26220"
"In post","2022","Crown Prosecution Service","Bristol, City of","Outside London","G6","[c]","[c]","[c]","[c]"
"In post","2022","Crown Prosecution Service","Bristol, City of","Outside London","G7","75","70","53160","51940"
"In post","2022","Crown Prosecution Service","Bristol, City of","Outside London","HEO","20","20","34130","33310"
"In post","2022","Crown Prosecution Service","Bristol, City of","Outside London","SCS level","[c]","[c]","[c]","[c]"
"In post","2022","Crown Prosecution Service","Bristol, City of","Outside London","SEO","[c]","[c]","[c]","[c]"
"In post","2022","Crown Prosecution Service","Bromley","London","G7","[c]","[c]","[c]","[c]"
"In post","2022","Crown Prosecution Service","Buckinghamshire","Outside London","AO","[c]","[c]","[c]","[c]"
"In post","2022","Crown Prosecution Service","Buckinghamshire","Outside London","G7","[c]","[c]","[c]","[c]"
"In post","2022","Crown Prosecution Service","Calderdale and Kirklees","Outside London","G7","5","5","[c]","[c]"
"In post","2022","Crown Prosecution Service","Cambridgeshire CC","Outside London","EO","[c]","[c]","[c]","[c]"
"In post","2022","Crown Prosecution Service","Cambridgeshire CC","Outside London","G7","5","5","[c]","[c]"
"In post","2022","Crown Prosecution Service","Cambridgeshire CC","Outside London","HEO","[c]","[c]","[c]","[c]"
"In post","2022","Crown Prosecution Service","Camden and City of London","London","AO","[c]","[c]","[c]","[c]"
"In post","2022","Crown Prosecution Service","Cardiff and Vale of Glamorgan","Outside London","AO","50","45","21930","22200"
"In post","2022","Crown Prosecution Service","Cardiff and Vale of Glamorgan","Outside London","EO","45","40","27100","27070"
"In post","2022","Crown Prosecution Service","Cardiff and Vale of Glamorgan","Outside London","G6","5","5","[c]","[c]"
"In post","2022","Crown Prosecution Service","Cardiff and Vale of Glamorgan","Outside London","G7","95","90","53670","54200"
"In post","2022","Crown Prosecution Service","Cardiff and Vale of Glamorgan","Outside London","HEO","20","20","34360","32910"
"In post","2022","Crown Prosecution Service","Cardiff and Vale of Glamorgan","Outside London","SCS level","[c]","[c]","[c]","[c]"
"In post","2022","Crown Prosecution Service","Cardiff and Vale of Glamorgan","Outside London","SEO","10","10","[c]","[c]"
"In post","2022","Crown Prosecution Service","Central Hampshire","Outside London","G7","[c]","[c]","[c]","[c]"
"In post","2022","Crown Prosecution Service","Cheshire East","Outside London","G7","[c]","[c]","[c]","[c]"
"In post","2022","Crown Prosecution Service","Conwy and Denbighshire","Outside London","G7","[c]","[c]","[c]","[c]"
"In post","2022","Crown Prosecution Service","Cornwall and Isles of Scilly","Outside London","AO","10","5","[c]","[c]"
"In post","2022","Crown Prosecution Service","Cornwall and Isles of Scilly","Outside London","EO","5","5","[c]","[c]"
"In post","2022","Crown Prosecution Service","Cornwall and Isles of Scilly","Outside London","G7","15","10","53230","54480"
"In post","2022","Crown Prosecution Service","Cornwall and Isles of Scilly","Outside London","HEO","[c]","[c]","[c]","[c]"
"In post","2022","Crown Prosecution Service","Croydon","London","AO","5","5","[c]","[c]"
"In post","2022","Crown Prosecution Service","Croydon","London","EO","[c]","[c]","[c]","[c]"
"In post","2022","Crown Prosecution Service","Croydon","London","HEO","[c]","[c]","[c]","[c]"
"In post","2022","Crown Prosecution Service","Derby","Outside London","EO","[c]","[c]","[c]","[c]"
"In post","2022","Crown Prosecution Service","Derby","Outside London","G7","[c]","[c]","[c]","[c]"
"In post","2022","Crown Prosecution Service","Derby","Outside London","HEO","[c]","[c]","[c]","[c]"
"In post","2022","Crown Prosecution Service","Devon CC","Outside London","AO","15","15","22190","22200"
"In post","2022","Crown Prosecution Service","Devon CC","Outside London","EO","25","25","26710","26090"
"In post","2022","Crown Prosecution Service","Devon CC","Outside London","G6","[c]","[c]","[c]","[c]"
"In post","2022","Crown Prosecution Service","Devon CC","Outside London","G7","45","40","53710","55610"
"In post","2022","Crown Prosecution Service","Devon CC","Outside London","HEO","15","15","32810","32910"
"In post","2022","Crown Prosecution Service","Devon CC","Outside London","SEO","5","5","[c]","[c]"
"In post","2022","Crown Prosecution Service","Dorset","Outside London","G7","[c]","[c]","[c]","[c]"
"In post","2022","Crown Prosecution Service","Durham","Outside London","AO","[c]","[c]","[c]","[c]"
"In post","2022","Crown Prosecution Service","Durham","Outside London","EO","[c]","[c]","[c]","[c]"
"In post","2022","Crown Prosecution Service","Durham","Outside London","G6","[c]","[c]","[c]","[c]"
"In post","2022","Crown Prosecution Service","Durham","Outside London","G7","[c]","[c]","[c]","[c]"
"In post","2022","Crown Prosecution Service","Ealing","London","G7","[c]","[c]","[c]","[c]"
"In post","2022","Crown Prosecution Service","East Cumbria","Outside London","AA","[c]","[c]","[c]","[c]"
"In post","2022","Crown Prosecution Service","East Cumbria","Outside London","AO","10","10","22340","22200"
"In post","2022","Crown Prosecution Service","East Cumbria","Outside London","EO","[c]","[c]","[c]","[c]"
"In post","2022","Crown Prosecution Service","East Cumbria","Outside London","G6","[c]","[c]","[c]","[c]"
"In post","2022","Crown Prosecution Service","East Cumbria","Outside London","G7","15","15","54110","54200"
"In post","2022","Crown Prosecution Service","East Cumbria","Outside London","HEO","[c]","[c]","[c]","[c]"
"In post","2022","Crown Prosecution Service","East Derbyshire","Outside London","G7","[c]","[c]","[c]","[c]"
"In post","2022","Crown Prosecution Service","East Derbyshire","Outside London","HEO","[c]","[c]","[c]","[c]"
"In post","2022","Crown Prosecution Service","East Kent","Outside London","AO","35","35","23670","23770"
"In post","2022","Crown Prosecution Service","East Kent","Outside London","EO","30","30","28650","29170"
"In post","2022","Crown Prosecution Service","East Kent","Outside London","G6","[c]","[c]","[c]","[c]"
"In post","2022","Crown Prosecution Service","East Kent","Outside London","G7","45","40","57780","55660"
"In post","2022","Crown Prosecution Service","East Kent","Outside London","HEO","10","10","37360","36240"
"In post","2022","Crown Prosecution Service","East Kent","Outside London","SEO","5","5","[c]","[c]"
"In post","2022","Crown Prosecution Service","East Lothian and Midlothian","Outside London","G7","[c]","[c]","[c]","[c]"
"In post","2022","Crown Prosecution Service","East Merseyside","Outside London","AO","[c]","[c]","[c]","[c]"
"In post","2022","Crown Prosecution Service","East Merseyside","Outside London","G7","[c]","[c]","[c]","[c]"
"In post","2022","Crown Prosecution Service","East Surrey","Outside London","G7","[c]","[c]","[c]","[c]"
"In post","2022","Crown Prosecution Service","Essex Haven Gateway","Outside London","HEO","[c]","[c]","[c]","[c]"
"In post","2022","Crown Prosecution Service","Essex Thames Gateway","Outside London","G7","[c]","[c]","[c]","[c]"
"In post","2022","Crown Prosecution Service","Flintshire and Wrexham","Outside London","AO","10","10","21900","22200"
"In post","2022","Crown Prosecution Service","Flintshire and Wrexham","Outside London","EO","15","15","26910","26160"
"In post","2022","Crown Prosecution Service","Flintshire and Wrexham","Outside London","G7","40","35","53320","55610"
"In post","2022","Crown Prosecution Service","Flintshire and Wrexham","Outside London","HEO","10","10","34810","34480"
"In post","2022","Crown Prosecution Service","Flintshire and Wrexham","Outside London","SEO","5","5","[c]","[c]"
"In post","2022","Crown Prosecution Service","Gloucestershire CC","Outside London","G7","[c]","[c]","[c]","[c]"
"In post","2022","Crown Prosecution Service","Gloucestershire CC","Outside London","HEO","[c]","[c]","[c]","[c]"
"In post","2022","Crown Prosecution Service","Greater Manchester North East","Outside London","G7","[c]","[c]","[c]","[c]"
"In post","2022","Crown Prosecution Service","Greater Manchester North West","Outside London","G7","[c]","[c]","[c]","[c]"
"In post","2022","Crown Prosecution Service","Greater Manchester South East","Outside London","G7","[c]","[c]","[c]","[c]"
"In post","2022","Crown Prosecution Service","Greater Manchester South West","Outside London","AO","[c]","[c]","[c]","[c]"
"In post","2022","Crown Prosecution Service","Greater Manchester South West","Outside London","G7","[c]","[c]","[c]","[c]"
"In post","2022","Crown Prosecution Service","Gwent Valleys","Outside London","G7","[c]","[c]","[c]","[c]"
"In post","2022","Crown Prosecution Service","Haringey and Islington","London","AO","5","5","[c]","[c]"
"In post","2022","Crown Prosecution Service","Haringey and Islington","London","G6","[c]","[c]","[c]","[c]"
"In post","2022","Crown Prosecution Service","Haringey and Islington","London","G7","[c]","[c]","[c]","[c]"
"In post","2022","Crown Prosecution Service","Haringey and Islington","London","HEO","[c]","[c]","[c]","[c]"
"In post","2022","Crown Prosecution Service","Harrow and Hillingdon","London","AO","[c]","[c]","[c]","[c]"
"In post","2022","Crown Prosecution Service","Harrow and Hillingdon","London","EO","[c]","[c]","[c]","[c]"
"In post","2022","Crown Prosecution Service","Harrow and Hillingdon","London","G7","[c]","[c]","[c]","[c]"
"In post","2022","Crown Prosecution Service","Harrow and Hillingdon","London","HEO","[c]","[c]","[c]","[c]"
"In post","2022","Crown Prosecution Service","Hartlepool and Stockton-on-Tees","Outside London","EO","[c]","[c]","[c]","[c]"
"In post","2022","Crown Prosecution Service","Hartlepool and Stockton-on-Tees","Outside London","G7","[c]","[c]","[c]","[c]"
"In post","2022","Crown Prosecution Service","Heart of Essex","Outside London","AO","40","35","23300","23770"
"In post","2022","Crown Prosecution Service","Heart of Essex","Outside London","EO","45","45","28680","29390"
"In post","2022","Crown Prosecution Service","Heart of Essex","Outside London","G6","5","5","[c]","[c]"
"In post","2022","Crown Prosecution Service","Heart of Essex","Outside London","G7","75","70","57900","54890"
"In post","2022","Crown Prosecution Service","Heart of Essex","Outside London","HEO","25","25","37560","40000"
"In post","2022","Crown Prosecution Service","Heart of Essex","Outside London","SCS level","[c]","[c]","[c]","[c]"
"In post","2022","Crown Prosecution Service","Heart of Essex","Outside London","SEO","5","5","[c]","[c]"
"In post","2022","Crown Prosecution Service","Herefordshire, County of","Outside London","G7","[c]","[c]","[c]","[c]"
"In post","2022","Crown Prosecution Service","Hertfordshire CC","Outside London","AO","40","40","23460","23770"
"In post","2022","Crown Prosecution Service","Hertfordshire CC","Outside London","EO","35","30","28590","27760"
"In post","2022","Crown Prosecution Service","Hertfordshire CC","Outside London","G6","[c]","[c]","[c]","[c]"
"In post","2022","Crown Prosecution Service","Hertfordshire CC","Outside London","G7","80","70","59190","61430"
"In post","2022","Crown Prosecution Service","Hertfordshire CC","Outside London","HEO","15","15","37520","38120"
"In post","2022","Crown Prosecution Service","Hertfordshire CC","Outside London","SCS level","[c]","[c]","[c]","[c]"
"In post","2022","Crown Prosecution Service","Hertfordshire CC","Outside London","SEO","[c]","[c]","[c]","[c]"
"In post","2022","Crown Prosecution Service","Hounslow and Richmond upon Thames","London","AO","10","10","[c]","[c]"
"In post","2022","Crown Prosecution Service","Hounslow and Richmond upon Thames","London","G7","[c]","[c]","[c]","[c]"
"In post","2022","Crown Prosecution Service","Kent Thames Gateway","Outside London","G7","[c]","[c]","[c]","[c]"
"In post","2022","Crown Prosecution Service","Kingston upon Hull, City of","Outside London","AO","20","20","22180","22200"
"In post","2022","Crown Prosecution Service","Kingston upon Hull, City of","Outside London","EO","15","15","27700","28430"
"In post","2022","Crown Prosecution Service","Kingston upon Hull, City of","Outside London","G6","[c]","[c]","[c]","[c]"
"In post","2022","Crown Prosecution Service","Kingston upon Hull, City of","Outside London","G7","35","30","54320","55610"
"In post","2022","Crown Prosecution Service","Kingston upon Hull, City of","Outside London","HEO","[c]","[c]","[c]","[c]"
"In post","2022","Crown Prosecution Service","Kingston upon Hull, City of","Outside London","SEO","[c]","[c]","[c]","[c]"
"In post","2022","Crown Prosecution Service","Lancaster and Wyre","Outside London","G7","[c]","[c]","[c]","[c]"
"In post","2022","Crown Prosecution Service","Leeds","Outside London","AA","[c]","[c]","[c]","[c]"
"In post","2022","Crown Prosecution Service","Leeds","Outside London","AO","70","60","22210","22200"
"In post","2022","Crown Prosecution Service","Leeds","Outside London","EO","75","65","27030","26220"
"In post","2022","Crown Prosecution Service","Leeds","Outside London","G6","10","10","[c]","[c]"
"In post","2022","Crown Prosecution Service","Leeds","Outside London","G7","165","155","52960","51470"
"In post","2022","Crown Prosecution Service","Leeds","Outside London","HEO","50","45","35090","34480"
"In post","2022","Crown Prosecution Service","Leeds","Outside London","SCS level","5","5","[c]","[c]"
"In post","2022","Crown Prosecution Service","Leeds","Outside London","SEO","[c]","[c]","[c]","[c]"
"In post","2022","Crown Prosecution Service","Leicester","Outside London","AA","[c]","[c]","[c]","[c]"
"In post","2022","Crown Prosecution Service","Leicester","Outside London","AO","30","25","21870","22200"
"In post","2022","Crown Prosecution Service","Leicester","Outside London","EO","25","20","27500","28430"
"In post","2022","Crown Prosecution Service","Leicester","Outside London","G6","[c]","[c]","[c]","[c]"
"In post","2022","Crown Prosecution Service","Leicester","Outside London","G7","65","55","52400","51470"
"In post","2022","Crown Prosecution Service","Leicester","Outside London","HEO","15","15","34160","33900"
"In post","2022","Crown Prosecution Service","Leicester","Outside London","SCS level","[c]","[c]","[c]","[c]"
"In post","2022","Crown Prosecution Service","Leicester","Outside London","SEO","[c]","[c]","[c]","[c]"
"In post","2022","Crown Prosecution Service","Leicestershire CC and Rutland","Outside London","G7","[c]","[c]","[c]","[c]"
"In post","2022","Crown Prosecution Service","Lewisham and Southwark","London","AO","10","10","24260","24590"
"In post","2022","Crown Prosecution Service","Lewisham and Southwark","London","EO","[c]","[c]","[c]","[c]"
"In post","2022","Crown Prosecution Service","Lewisham and Southwark","London","G7","[c]","[c]","[c]","[c]"
"In post","2022","Crown Prosecution Service","Lewisham and Southwark","London","HEO","[c]","[c]","[c]","[c]"
"In post","2022","Crown Prosecution Service","Lincolnshire CC","Outside London","AO","[c]","[c]","[c]","[c]"
"In post","2022","Crown Prosecution Service","Lincolnshire CC","Outside London","EO","[c]","[c]","[c]","[c]"
"In post","2022","Crown Prosecution Service","Lincolnshire CC","Outside London","G7","15","10","54630","55610"
"In post","2022","Crown Prosecution Service","Lincolnshire CC","Outside London","HEO","[c]","[c]","[c]","[c]"
"In post","2022","Crown Prosecution Service","Liverpool","Outside London","AO","90","85","21950","22200"
"In post","2022","Crown Prosecution Service","Liverpool","Outside London","EO","90","85","26900","26220"
"In post","2022","Crown Prosecution Service","Liverpool","Outside London","G6","10","10","[c]","[c]"
"In post","2022","Crown Prosecution Service","Liverpool","Outside London","G7","130","125","53370","53350"
"In post","2022","Crown Prosecution Service","Liverpool","Outside London","HEO","45","45","33260","32050"
"In post","2022","Crown Prosecution Service","Liverpool","Outside London","SCS level","[c]","[c]","[c]","[c]"
"In post","2022","Crown Prosecution Service","Liverpool","Outside London","SEO","10","10","38420","38180"
"In post","2022","Crown Prosecution Service","Luton","Outside London","G7","[c]","[c]","[c]","[c]"
"In post","2022","Crown Prosecution Service","Manchester","Outside London","AO","75","70","22080","22200"
"In post","2022","Crown Prosecution Service","Manchester","Outside London","EO","85","75","27640","28430"
"In post","2022","Crown Prosecution Service","Manchester","Outside London","G6","15","15","70650","70350"
"In post","2022","Crown Prosecution Service","Manchester","Outside London","G7","145","130","53990","55610"
"In post","2022","Crown Prosecution Service","Manchester","Outside London","HEO","35","30","33630","33310"
"In post","2022","Crown Prosecution Service","Manchester","Outside London","SCS level","[c]","[c]","[c]","[c]"
"In post","2022","Crown Prosecution Service","Manchester","Outside London","SEO","10","10","38970","38180"
"In post","2022","Crown Prosecution Service","Medway","Outside London","G7","[c]","[c]","[c]","[c]"
"In post","2022","Crown Prosecution Service","Merton, Kingston upon Thames and Sutton","London","AO","[c]","[c]","[c]","[c]"
"In post","2022","Crown Prosecution Service","Merton, Kingston upon Thames and Sutton","London","G6","[c]","[c]","[c]","[c]"
"In post","2022","Crown Prosecution Service","Merton, Kingston upon Thames and Sutton","London","G7","[c]","[c]","[c]","[c]"
"In post","2022","Crown Prosecution Service","Merton, Kingston upon Thames and Sutton","London","HEO","[c]","[c]","[c]","[c]"
"In post","2022","Crown Prosecution Service","Mid Kent","Outside London","AO","5","5","[c]","[c]"
"In post","2022","Crown Prosecution Service","Mid Kent","Outside London","EO","[c]","[c]","[c]","[c]"
"In post","2022","Crown Prosecution Service","Mid Kent","Outside London","G7","[c]","[c]","[c]","[c]"
"In post","2022","Crown Prosecution Service","Mid Lancashire","Outside London","AO","35","30","22410","22200"
"In post","2022","Crown Prosecution Service","Mid Lancashire","Outside London","EO","40","40","27600","28430"
"In post","2022","Crown Prosecution Service","Mid Lancashire","Outside London","G6","[c]","[c]","[c]","[c]"
"In post","2022","Crown Prosecution Service","Mid Lancashire","Outside London","G7","75","70","53450","54290"
"In post","2022","Crown Prosecution Service","Mid Lancashire","Outside London","HEO","20","20","33810","33310"
"In post","2022","Crown Prosecution Service","Mid Lancashire","Outside London","SCS level","[c]","[c]","[c]","[c]"
"In post","2022","Crown Prosecution Service","Mid Lancashire","Outside London","SEO","5","5","[c]","[c]"
"In post","2022","Crown Prosecution Service","Monmouthshire and Newport","Outside London","G7","[c]","[c]","[c]","[c]"
"In post","2022","Crown Prosecution Service","North and North East Lincolnshire","Outside London","G7","[c]","[c]","[c]","[c]"
"In post","2022","Crown Prosecution Service","North Hampshire","Outside London","G7","[c]","[c]","[c]","[c]"
"In post","2022","Crown Prosecution Service","North Northamptonshire","Outside London","AO","[c]","[c]","[c]","[c]"
"In post","2022","Crown Prosecution Service","North Nottinghamshire","Outside London","G6","[c]","[c]","[c]","[c]"
"In post","2022","Crown Prosecution Service","North Nottinghamshire","Outside London","G7","[c]","[c]","[c]","[c]"
"In post","2022","Crown Prosecution Service","North Yorkshire CC","Outside London","G6","[c]","[c]","[c]","[c]"
"In post","2022","Crown Prosecution Service","North Yorkshire CC","Outside London","G7","[c]","[c]","[c]","[c]"
"In post","2022","Crown Prosecution Service","Northumberland","Outside London","G7","[c]","[c]","[c]","[c]"
"In post","2022","Crown Prosecution Service","Norwich and East Norfolk","Outside London","AO","30","25","22020","22200"
"In post","2022","Crown Prosecution Service","Norwich and East Norfolk","Outside London","EO","20","15","26860","26090"
"In post","2022","Crown Prosecution Service","Norwich and East Norfolk","Outside London","G6","[c]","[c]","[c]","[c]"
"In post","2022","Crown Prosecution Service","Norwich and East Norfolk","Outside London","G7","20","20","56060","57640"
"In post","2022","Crown Prosecution Service","Norwich and East Norfolk","Outside London","HEO","5","5","[c]","[c]"
"In post","2022","Crown Prosecution Service","Norwich and East Norfolk","Outside London","SCS level","[c]","[c]","[c]","[c]"
"In post","2022","Crown Prosecution Service","Norwich and East Norfolk","Outside London","SEO","[c]","[c]","[c]","[c]"
"In post","2022","Crown Prosecution Service","Nottingham","Outside London","AO","70","65","21910","22200"
"In post","2022","Crown Prosecution Service","Nottingham","Outside London","EO","70","65","26490","25650"
"In post","2022","Crown Prosecution Service","Nottingham","Outside London","G6","5","5","[c]","[c]"
"In post","2022","Crown Prosecution Service","Nottingham","Outside London","G7","110","100","52750","51010"
"In post","2022","Crown Prosecution Service","Nottingham","Outside London","HEO","35","35","33730","32680"
"In post","2022","Crown Prosecution Service","Nottingham","Outside London","SCS level","[c]","[c]","[c]","[c]"
"In post","2022","Crown Prosecution Service","Nottingham","Outside London","SEO","10","10","[c]","[c]"
"In post","2022","Crown Prosecution Service","Overseas","Overseas","G7","[c]","[c]","[c]","[c]"
"In post","2022","Crown Prosecution Service","Oxfordshire CC","Outside London","G7","[c]","[c]","[c]","[c]"
"In post","2022","Crown Prosecution Service","Peterborough","Outside London","G7","[c]","[c]","[c]","[c]"
"In post","2022","Crown Prosecution Service","Portsmouth","Outside London","AA","[c]","[c]","[c]","[c]"
"In post","2022","Crown Prosecution Service","Portsmouth","Outside London","AO","30","30","23740","23770"
"In post","2022","Crown Prosecution Service","Portsmouth","Outside London","EO","20","20","28350","27600"
"In post","2022","Crown Prosecution Service","Portsmouth","Outside London","G6","[c]","[c]","[c]","[c]"
"In post","2022","Crown Prosecution Service","Portsmouth","Outside London","G7","45","45","59260","60710"
"In post","2022","Crown Prosecution Service","Portsmouth","Outside London","HEO","[c]","[c]","[c]","[c]"
"In post","2022","Crown Prosecution Service","Portsmouth","Outside London","SEO","[c]","[c]","[c]","[c]"
"In post","2022","Crown Prosecution Service","Redbridge and Waltham Forest","London","AO","10","10","23380","24590"
"In post","2022","Crown Prosecution Service","Redbridge and Waltham Forest","London","G7","[c]","[c]","[c]","[c]"
"In post","2022","Crown Prosecution Service","Sefton","Outside London","EO","[c]","[c]","[c]","[c]"
"In post","2022","Crown Prosecution Service","Sefton","Outside London","G7","[c]","[c]","[c]","[c]"
"In post","2022","Crown Prosecution Service","Sheffield","Outside London","AO","45","40","22050","22200"
"In post","2022","Crown Prosecution Service","Sheffield","Outside London","EO","35","30","27240","28430"
"In post","2022","Crown Prosecution Service","Sheffield","Outside London","G6","5","5","[c]","[c]"
"In post","2022","Crown Prosecution Service","Sheffield","Outside London","G7","40","35","52920","52410"
"In post","2022","Crown Prosecution Service","Sheffield","Outside London","HEO","10","10","32860","33310"
"In post","2022","Crown Prosecution Service","Sheffield","Outside London","SEO","[c]","[c]","[c]","[c]"
"In post","2022","Crown Prosecution Service","Shropshire","Outside London","EO","[c]","[c]","[c]","[c]"
"In post","2022","Crown Prosecution Service","Shropshire","Outside London","G7","[c]","[c]","[c]","[c]"
"In post","2022","Crown Prosecution Service","Somerset CC","Outside London","G7","[c]","[c]","[c]","[c]"
"In post","2022","Crown Prosecution Service","South and West Derbyshire","Outside London","G7","[c]","[c]","[c]","[c]"
"In post","2022","Crown Prosecution Service","South Hampshire","Outside London","AO","25","20","23120","23770"
"In post","2022","Crown Prosecution Service","South Hampshire","Outside London","EO","35","35","28020","26970"
"In post","2022","Crown Prosecution Service","South Hampshire","Outside London","G6","10","10","[c]","[c]"
"In post","2022","Crown Prosecution Service","South Hampshire","Outside London","G7","65","60","57470","54390"
"In post","2022","Crown Prosecution Service","South Hampshire","Outside London","HEO","20","15","34670","33510"
"In post","2022","Crown Prosecution Service","South Hampshire","Outside London","SCS level","[c]","[c]","[c]","[c]"
"In post","2022","Crown Prosecution Service","South Hampshire","Outside London","SEO","10","10","[c]","[c]"
"In post","2022","Crown Prosecution Service","South Nottinghamshire","Outside London","G7","[c]","[c]","[c]","[c]"
"In post","2022","Crown Prosecution Service","South Teesside","Outside London","AO","20","15","22680","22200"
"In post","2022","Crown Prosecution Service","South Teesside","Outside London","EO","20","15","27440","28430"
"In post","2022","Crown Prosecution Service","South Teesside","Outside London","G6","[c]","[c]","[c]","[c]"
"In post","2022","Crown Prosecution Service","South Teesside","Outside London","G7","35","35","53780","55610"
"In post","2022","Crown Prosecution Service","South Teesside","Outside London","HEO","10","10","[c]","[c]"
"In post","2022","Crown Prosecution Service","South Teesside","Outside London","SCS level","[c]","[c]","[c]","[c]"
"In post","2022","Crown Prosecution Service","South Teesside","Outside London","SEO","[c]","[c]","[c]","[c]"
"In post","2022","Crown Prosecution Service","South West Wales","Outside London","AO","[c]","[c]","[c]","[c]"
"In post","2022","Crown Prosecution Service","Staffordshire CC","Outside London","EO","[c]","[c]","[c]","[c]"
"In post","2022","Crown Prosecution Service","Staffordshire CC","Outside London","G7","[c]","[c]","[c]","[c]"
"In post","2022","Crown Prosecution Service","Stoke-on-Trent","Outside London","AO","15","15","22500","22200"
"In post","2022","Crown Prosecution Service","Stoke-on-Trent","Outside London","EO","5","5","[c]","[c]"
"In post","2022","Crown Prosecution Service","Stoke-on-Trent","Outside London","G6","[c]","[c]","[c]","[c]"
"In post","2022","Crown Prosecution Service","Stoke-on-Trent","Outside London","G7","30","25","54590","53540"
"In post","2022","Crown Prosecution Service","Stoke-on-Trent","Outside London","HEO","5","5","[c]","[c]"
"In post","2022","Crown Prosecution Service","Stoke-on-Trent","Outside London","SCS level","[c]","[c]","[c]","[c]"
"In post","2022","Crown Prosecution Service","Stoke-on-Trent","Outside London","SEO","[c]","[c]","[c]","[c]"
"In post","2022","Crown Prosecution Service","Suffolk CC","Outside London","AO","5","5","[c]","[c]"
"In post","2022","Crown Prosecution Service","Suffolk CC","Outside London","EO","10","10","[c]","[c]"
"In post","2022","Crown Prosecution Service","Suffolk CC","Outside London","G7","15","10","56620","55610"
"In post","2022","Crown Prosecution Service","Suffolk CC","Outside London","HEO","5","5","[c]","[c]"
"In post","2022","Crown Prosecution Service","Swansea","Outside London","AO","10","10","22180","22200"
"In post","2022","Crown Prosecution Service","Swansea","Outside London","EO","10","10","26540","25650"
"In post","2022","Crown Prosecution Service","Swansea","Outside London","G6","[c]","[c]","[c]","[c]"
"In post","2022","Crown Prosecution Service","Swansea","Outside London","G7","35","35","53270","54200"
"In post","2022","Crown Prosecution Service","Swansea","Outside London","HEO","15","15","33510","32560"
"In post","2022","Crown Prosecution Service","Swansea","Outside London","SEO","[c]","[c]","[c]","[c]"
"In post","2022","Crown Prosecution Service","Swindon","Outside London","AO","[c]","[c]","[c]","[c]"
"In post","2022","Crown Prosecution Service","Swindon","Outside London","EO","[c]","[c]","[c]","[c]"
"In post","2022","Crown Prosecution Service","Swindon","Outside London","G7","[c]","[c]","[c]","[c]"
"In post","2022","Crown Prosecution Service","Swindon","Outside London","HEO","[c]","[c]","[c]","[c]"
"In post","2022","Crown Prosecution Service","Swindon","Outside London","SEO","[c]","[c]","[c]","[c]"
"In post","2022","Crown Prosecution Service","Telford and Wrekin","Outside London","G7","[c]","[c]","[c]","[c]"
"In post","2022","Crown Prosecution Service","Thurrock","Outside London","G7","[c]","[c]","[c]","[c]"
"In post","2022","Crown Prosecution Service","Tyneside","Outside London","AA","[c]","[c]","[c]","[c]"
"In post","2022","Crown Prosecution Service","Tyneside","Outside London","AO","60","55","22220","22200"
"In post","2022","Crown Prosecution Service","Tyneside","Outside London","EO","45","40","27100","27570"
"In post","2022","Crown Prosecution Service","Tyneside","Outside London","G6","10","10","[c]","[c]"
"In post","2022","Crown Prosecution Service","Tyneside","Outside London","G7","95","90","53240","53780"
"In post","2022","Crown Prosecution Service","Tyneside","Outside London","HEO","30","30","33280","32480"
"In post","2022","Crown Prosecution Service","Tyneside","Outside London","SCS level","[c]","[c]","[c]","[c]"
"In post","2022","Crown Prosecution Service","Tyneside","Outside London","SEO","10","10","38830","38180"
"In post","2022","Crown Prosecution Service","Wakefield","Outside London","AO","15","10","21950","22200"
"In post","2022","Crown Prosecution Service","Wakefield","Outside London","EO","20","20","26250","25920"
"In post","2022","Crown Prosecution Service","Wakefield","Outside London","G6","[c]","[c]","[c]","[c]"
"In post","2022","Crown Prosecution Service","Wakefield","Outside London","G7","10","10","57080","55070"
"In post","2022","Crown Prosecution Service","Wakefield","Outside London","HEO","15","15","30970","30130"
"In post","2022","Crown Prosecution Service","Wakefield","Outside London","SEO","10","10","40110","38180"
"In post","2022","Crown Prosecution Service","Walsall","Outside London","G7","[c]","[c]","[c]","[c]"
"In post","2022","Crown Prosecution Service","Warrington","Outside London","AO","[c]","[c]","[c]","[c]"
"In post","2022","Crown Prosecution Service","Warrington","Outside London","EO","5","5","[c]","[c]"
"In post","2022","Crown Prosecution Service","Warrington","Outside London","G6","[c]","[c]","[c]","[c]"
"In post","2022","Crown Prosecution Service","Warrington","Outside London","G7","10","10","[c]","[c]"
"In post","2022","Crown Prosecution Service","Warrington","Outside London","HEO","[c]","[c]","[c]","[c]"
"In post","2022","Crown Prosecution Service","Warrington","Outside London","SCS level","[c]","[c]","[c]","[c]"
"In post","2022","Crown Prosecution Service","Warrington","Outside London","SEO","[c]","[c]","[c]","[c]"
"In post","2022","Crown Prosecution Service","Warwickshire CC","Outside London","EO","[c]","[c]","[c]","[c]"
"In post","2022","Crown Prosecution Service","Warwickshire CC","Outside London","G7","[c]","[c]","[c]","[c]"
"In post","2022","Crown Prosecution Service","West Cumbria","Outside London","AO","[c]","[c]","[c]","[c]"
"In post","2022","Crown Prosecution Service","West Cumbria","Outside London","G7","[c]","[c]","[c]","[c]"
"In post","2022","Crown Prosecution Service","West Kent","Outside London","G7","[c]","[c]","[c]","[c]"
"In post","2022","Crown Prosecution Service","West Northamptonshire","Outside London","AO","[c]","[c]","[c]","[c]"
"In post","2022","Crown Prosecution Service","West Northamptonshire","Outside London","EO","[c]","[c]","[c]","[c]"
"In post","2022","Crown Prosecution Service","West Northamptonshire","Outside London","G7","10","10","[c]","[c]"
"In post","2022","Crown Prosecution Service","West Northamptonshire","Outside London","HEO","[c]","[c]","[c]","[c]"
"In post","2022","Crown Prosecution Service","West Surrey","Outside London","AO","10","10","[c]","[c]"
"In post","2022","Crown Prosecution Service","West Surrey","Outside London","EO","15","15","28600","29170"
"In post","2022","Crown Prosecution Service","West Surrey","Outside London","G6","[c]","[c]","[c]","[c]"
"In post","2022","Crown Prosecution Service","West Surrey","Outside London","G7","30","25","59100","61420"
"In post","2022","Crown Prosecution Service","West Surrey","Outside London","HEO","10","10","[c]","[c]"
"In post","2022","Crown Prosecution Service","West Surrey","Outside London","SCS level","[c]","[c]","[c]","[c]"
"In post","2022","Crown Prosecution Service","West Surrey","Outside London","SEO","[c]","[c]","[c]","[c]"
"In post","2022","Crown Prosecution Service","West Sussex (North East)","Outside London","G7","[c]","[c]","[c]","[c]"
"In post","2022","Crown Prosecution Service","West Sussex (South West)","Outside London","G7","[c]","[c]","[c]","[c]"
"In post","2022","Crown Prosecution Service","Westminster","London","AA","5","5","[c]","[c]"
"In post","2022","Crown Prosecution Service","Westminster","London","AO","285","265","23300","23770"
"In post","2022","Crown Prosecution Service","Westminster","London","EO","370","345","28710","29290"
"In post","2022","Crown Prosecution Service","Westminster","London","G6","90","85","75650","74660"
"In post","2022","Crown Prosecution Service","Westminster","London","G7","660","620","59270","60220"
"In post","2022","Crown Prosecution Service","Westminster","London","HEO","170","165","34460","33920"
"In post","2022","Crown Prosecution Service","Westminster","London","SCS level","35","35","98740","90730"
"In post","2022","Crown Prosecution Service","Westminster","London","SEO","70","70","40920","39750"
"In post","2022","Crown Prosecution Service","Wiltshire","Outside London","G7","[c]","[c]","[c]","[c]"
"In post","2022","Crown Prosecution Service","Wirral","Outside London","G7","[c]","[c]","[c]","[c]"
"In post","2022","Crown Prosecution Service","Wolverhampton","Outside London","EO","[c]","[c]","[c]","[c]"
"In post","2022","Crown Prosecution Service","Worcestershire CC","Outside London","EO","[c]","[c]","[c]","[c]"
"In post","2022","Crown Prosecution Service","Worcestershire CC","Outside London","G7","5","5","[c]","[c]"
"In post","2022","Crown Prosecution Service","York","Outside London","AO","25","20","22130","22200"
"In post","2022","Crown Prosecution Service","York","Outside London","EO","25","25","26290","25920"
"In post","2022","Crown Prosecution Service","York","Outside London","G6","15","15","71480","71260"
"In post","2022","Crown Prosecution Service","York","Outside London","G7","40","35","55880","53730"
"In post","2022","Crown Prosecution Service","York","Outside London","HEO","25","25","30900","30610"
"In post","2022","Crown Prosecution Service","York","Outside London","SCS level","[c]","[c]","[c]","[c]"
"In post","2022","Crown Prosecution Service","York","Outside London","SEO","30","30","38910","38180"
"In post","2022","Defence Electronics and Components Agency","Flintshire and Wrexham","Outside London","AA","35","35","18910","17450"
"In post","2022","Defence Electronics and Components Agency","Flintshire and Wrexham","Outside London","AO","50","45","22390","22430"
"In post","2022","Defence Electronics and Components Agency","Flintshire and Wrexham","Outside London","EO","220","210","29280","29470"
"In post","2022","Defence Electronics and Components Agency","Flintshire and Wrexham","Outside London","G6","5","5","[c]","[c]"
"In post","2022","Defence Electronics and Components Agency","Flintshire and Wrexham","Outside London","G7","[c]","[c]","[c]","[c]"
"In post","2022","Defence Electronics and Components Agency","Flintshire and Wrexham","Outside London","HEO","60","60","35820","33670"
"In post","2022","Defence Electronics and Components Agency","Flintshire and Wrexham","Outside London","SEO","10","10","[c]","[c]"
"In post","2022","Defence Electronics and Components Agency","Staffordshire CC","Outside London","AA","10","10","[c]","[c]"
"In post","2022","Defence Electronics and Components Agency","Staffordshire CC","Outside London","AO","10","10","21260","20550"
"In post","2022","Defence Electronics and Components Agency","Staffordshire CC","Outside London","EO","30","30","27110","26600"
"In post","2022","Defence Electronics and Components Agency","Staffordshire CC","Outside London","HEO","[c]","[c]","[c]","[c]"
"In post","2022","Defence Electronics and Components Agency","Staffordshire CC","Outside London","SEO","[c]","[c]","[c]","[c]"
"In post","2022","Defence Equipment and Support","Bath and North East Somerset, North Somerset and South Gloucestershire","Outside London","EO","1440","1375","23080","22720"
"In post","2022","Defence Equipment and Support","Bath and North East Somerset, North Somerset and South Gloucestershire","Outside London","G6","415","405","68210","67150"
"In post","2022","Defence Equipment and Support","Bath and North East Somerset, North Somerset and South Gloucestershire","Outside London","G7","1215","1185","52160","52700"
"In post","2022","Defence Equipment and Support","Bath and North East Somerset, North Somerset and South Gloucestershire","Outside London","HEO","2365","2265","30230","30420"
"In post","2022","Defence Equipment and Support","Bath and North East Somerset, North Somerset and South Gloucestershire","Outside London","SCS level","110","110","102430","93640"
"In post","2022","Defence Equipment and Support","Bath and North East Somerset, North Somerset and South Gloucestershire","Outside London","SEO","2680","2585","40290","40510"
"In post","2022","Defence Equipment and Support","Bath and North East Somerset, North Somerset and South Gloucestershire","Outside London","Unknown","[c]","[c]","[c]","[c]"
"In post","2022","Defence Equipment and Support","Belfast","Outside London","HEO","[c]","[c]","[c]","[c]"
"In post","2022","Defence Equipment and Support","Berkshire","Outside London","HEO","[c]","[c]","[c]","[c]"
"In post","2022","Defence Equipment and Support","Berkshire","Outside London","SEO","[c]","[c]","[c]","[c]"
"In post","2022","Defence Equipment and Support","Birmingham","Outside London","SEO","[c]","[c]","[c]","[c]"
"In post","2022","Defence Equipment and Support","Cambridgeshire CC","Outside London","EO","[c]","[c]","[c]","[c]"
"In post","2022","Defence Equipment and Support","Cambridgeshire CC","Outside London","G7","[c]","[c]","[c]","[c]"
"In post","2022","Defence Equipment and Support","Cambridgeshire CC","Outside London","HEO","20","20","31850","32980"
"In post","2022","Defence Equipment and Support","Cambridgeshire CC","Outside London","SEO","10","10","41130","42590"
"In post","2022","Defence Equipment and Support","Camden and City of London","London","G7","[c]","[c]","[c]","[c]"
"In post","2022","Defence Equipment and Support","Camden and City of London","London","HEO","[c]","[c]","[c]","[c]"
"In post","2022","Defence Equipment and Support","Central Bedfordshire","Outside London","EO","5","5","[c]","[c]"
"In post","2022","Defence Equipment and Support","Central Bedfordshire","Outside London","G6","[c]","[c]","[c]","[c]"
"In post","2022","Defence Equipment and Support","Central Bedfordshire","Outside London","G7","5","5","[c]","[c]"
"In post","2022","Defence Equipment and Support","Central Bedfordshire","Outside London","HEO","30","30","31680","30980"
"In post","2022","Defence Equipment and Support","Central Bedfordshire","Outside London","SEO","15","15","41480","40920"
"In post","2022","Defence Equipment and Support","Central Hampshire","Outside London","EO","[c]","[c]","[c]","[c]"
"In post","2022","Defence Equipment and Support","Central Hampshire","Outside London","G7","[c]","[c]","[c]","[c]"
"In post","2022","Defence Equipment and Support","Central Hampshire","Outside London","HEO","[c]","[c]","[c]","[c]"
"In post","2022","Defence Equipment and Support","Central Hampshire","Outside London","SEO","[c]","[c]","[c]","[c]"
"In post","2022","Defence Equipment and Support","Clackmannanshire and Fife","Outside London","EO","25","25","23270","23110"
"In post","2022","Defence Equipment and Support","Clackmannanshire and Fife","Outside London","G6","[c]","[c]","[c]","[c]"
"In post","2022","Defence Equipment and Support","Clackmannanshire and Fife","Outside London","G7","[c]","[c]","[c]","[c]"
"In post","2022","Defence Equipment and Support","Clackmannanshire and Fife","Outside London","HEO","20","20","33910","34680"
"In post","2022","Defence Equipment and Support","Clackmannanshire and Fife","Outside London","SEO","20","20","41870","42430"
"In post","2022","Defence Equipment and Support","Cornwall and Isles of Scilly","Outside London","G7","[c]","[c]","[c]","[c]"
"In post","2022","Defence Equipment and Support","Cornwall and Isles of Scilly","Outside London","HEO","[c]","[c]","[c]","[c]"
"In post","2022","Defence Equipment and Support","Cornwall and Isles of Scilly","Outside London","SEO","[c]","[c]","[c]","[c]"
"In post","2022","Defence Equipment and Support","Dorset","Outside London","EO","25","25","19930","19890"
"In post","2022","Defence Equipment and Support","Dorset","Outside London","HEO","10","10","[c]","[c]"
"In post","2022","Defence Equipment and Support","Dorset","Outside London","SEO","[c]","[c]","[c]","[c]"
"In post","2022","Defence Equipment and Support","East Ayrshire and North Ayrshire mainland","Outside London","EO","165","160","21760","21120"
"In post","2022","Defence Equipment and Support","East Ayrshire and North Ayrshire mainland","Outside London","G6","[c]","[c]","[c]","[c]"
"In post","2022","Defence Equipment and Support","East Ayrshire and North Ayrshire mainland","Outside London","G7","5","5","[c]","[c]"
"In post","2022","Defence Equipment and Support","East Ayrshire and North Ayrshire mainland","Outside London","HEO","50","50","28520","28720"
"In post","2022","Defence Equipment and Support","East Ayrshire and North Ayrshire mainland","Outside London","SEO","20","20","37340","37360"
"In post","2022","Defence Equipment and Support","East Cumbria","Outside London","EO","60","60","21130","20690"
"In post","2022","Defence Equipment and Support","East Cumbria","Outside London","G7","[c]","[c]","[c]","[c]"
"In post","2022","Defence Equipment and Support","East Cumbria","Outside London","HEO","10","10","27880","27810"
"In post","2022","Defence Equipment and Support","East Cumbria","Outside London","SEO","[c]","[c]","[c]","[c]"
"In post","2022","Defence Equipment and Support","East Dunbartonshire, West Dunbartonshire, and Helensburgh and Lomond","Outside London","EO","45","40","21360","21130"
"In post","2022","Defence Equipment and Support","East Dunbartonshire, West Dunbartonshire, and Helensburgh and Lomond","Outside London","G7","[c]","[c]","[c]","[c]"
"In post","2022","Defence Equipment and Support","East Dunbartonshire, West Dunbartonshire, and Helensburgh and Lomond","Outside London","HEO","20","20","30340","28000"
"In post","2022","Defence Equipment and Support","East Dunbartonshire, West Dunbartonshire, and Helensburgh and Lomond","Outside London","SEO","10","10","39140","39500"
"In post","2022","Defence Equipment and Support","Essex Haven Gateway","Outside London","EO","[c]","[c]","[c]","[c]"
"In post","2022","Defence Equipment and Support","Essex Haven Gateway","Outside London","SEO","[c]","[c]","[c]","[c]"
"In post","2022","Defence Equipment and Support","Flintshire and Wrexham","Outside London","SEO","[c]","[c]","[c]","[c]"
"In post","2022","Defence Equipment and Support","Glasgow City","Outside London","EO","10","10","22000","21040"
"In post","2022","Defence Equipment and Support","Glasgow City","Outside London","G6","[c]","[c]","[c]","[c]"
"In post","2022","Defence Equipment and Support","Glasgow City","Outside London","G7","10","10","53670","55750"
"In post","2022","Defence Equipment and Support","Glasgow City","Outside London","HEO","40","40","31150","32000"
"In post","2022","Defence Equipment and Support","Glasgow City","Outside London","SEO","35","30","41280","42000"
"In post","2022","Defence Equipment and Support","Gloucestershire CC","Outside London","EO","[c]","[c]","[c]","[c]"
"In post","2022","Defence Equipment and Support","Gloucestershire CC","Outside London","HEO","5","5","[c]","[c]"
"In post","2022","Defence Equipment and Support","Gloucestershire CC","Outside London","SEO","[c]","[c]","[c]","[c]"
"In post","2022","Defence Equipment and Support","Harrow and Hillingdon","London","EO","115","115","20660","20070"
"In post","2022","Defence Equipment and Support","Harrow and Hillingdon","London","G6","[c]","[c]","[c]","[c]"
"In post","2022","Defence Equipment and Support","Harrow and Hillingdon","London","G7","[c]","[c]","[c]","[c]"
"In post","2022","Defence Equipment and Support","Harrow and Hillingdon","London","HEO","45","45","27860","27370"
"In post","2022","Defence Equipment and Support","Harrow and Hillingdon","London","SEO","10","10","[c]","[c]"
"In post","2022","Defence Equipment and Support","Inverness and Nairn, Moray, and Badenoch and Strathspey","Outside London","G7","[c]","[c]","[c]","[c]"
"In post","2022","Defence Equipment and Support","Inverness and Nairn, Moray, and Badenoch and Strathspey","Outside London","HEO","5","5","[c]","[c]"
"In post","2022","Defence Equipment and Support","Inverness and Nairn, Moray, and Badenoch and Strathspey","Outside London","SEO","[c]","[c]","[c]","[c]"
"In post","2022","Defence Equipment and Support","Isle of Anglesey","Outside London","HEO","[c]","[c]","[c]","[c]"
"In post","2022","Defence Equipment and Support","Isle of Anglesey","Outside London","SEO","[c]","[c]","[c]","[c]"
"In post","2022","Defence Equipment and Support","Lincolnshire CC","Outside London","EO","15","15","24330","25900"
"In post","2022","Defence Equipment and Support","Lincolnshire CC","Outside London","G6","[c]","[c]","[c]","[c]"
"In post","2022","Defence Equipment and Support","Lincolnshire CC","Outside London","G7","20","20","52720","51280"
"In post","2022","Defence Equipment and Support","Lincolnshire CC","Outside London","HEO","90","90","31180","31090"
"In post","2022","Defence Equipment and Support","Lincolnshire CC","Outside London","SEO","70","70","40310","41000"
"In post","2022","Defence Equipment and Support","Lisburn and Castlereagh","Outside London","HEO","[c]","[c]","[c]","[c]"
"In post","2022","Defence Equipment and Support","Lisburn and Castlereagh","Outside London","SEO","[c]","[c]","[c]","[c]"
"In post","2022","Defence Equipment and Support","Lochaber, Skye and Lochalsh, Arran and Cumbrae, and Argyll and Bute","Outside London","SEO","[c]","[c]","[c]","[c]"
"In post","2022","Defence Equipment and Support","Manchester","Outside London","EO","[c]","[c]","[c]","[c]"
"In post","2022","Defence Equipment and Support","Manchester","Outside London","G6","[c]","[c]","[c]","[c]"
"In post","2022","Defence Equipment and Support","Manchester","Outside London","G7","[c]","[c]","[c]","[c]"
"In post","2022","Defence Equipment and Support","Manchester","Outside London","HEO","15","10","34830","35560"
"In post","2022","Defence Equipment and Support","Manchester","Outside London","SEO","10","10","43310","42560"
"In post","2022","Defence Equipment and Support","Mid Lancashire","Outside London","EO","[c]","[c]","[c]","[c]"
"In post","2022","Defence Equipment and Support","Mid Lancashire","Outside London","G7","[c]","[c]","[c]","[c]"
"In post","2022","Defence Equipment and Support","Mid Lancashire","Outside London","HEO","10","10","34460","33970"
"In post","2022","Defence Equipment and Support","Mid Lancashire","Outside London","SEO","10","10","[c]","[c]"
"In post","2022","Defence Equipment and Support","Milton Keynes","Outside London","HEO","[c]","[c]","[c]","[c]"
"In post","2022","Defence Equipment and Support","Monmouthshire and Newport","Outside London","HEO","[c]","[c]","[c]","[c]"
"In post","2022","Defence Equipment and Support","Monmouthshire and Newport","Outside London","SEO","[c]","[c]","[c]","[c]"
"In post","2022","Defence Equipment and Support","North and West Norfolk","Outside London","EO","5","5","[c]","[c]"
"In post","2022","Defence Equipment and Support","North and West Norfolk","Outside London","G6","[c]","[c]","[c]","[c]"
"In post","2022","Defence Equipment and Support","North and West Norfolk","Outside London","G7","[c]","[c]","[c]","[c]"
"In post","2022","Defence Equipment and Support","North and West Norfolk","Outside London","HEO","50","50","31610","31790"
"In post","2022","Defence Equipment and Support","North and West Norfolk","Outside London","SEO","25","25","40490","40950"
"In post","2022","Defence Equipment and Support","North Hampshire","Outside London","EO","[c]","[c]","[c]","[c]"
"In post","2022","Defence Equipment and Support","North Hampshire","Outside London","HEO","[c]","[c]","[c]","[c]"
"In post","2022","Defence Equipment and Support","North Hampshire","Outside London","SEO","[c]","[c]","[c]","[c]"
"In post","2022","Defence Equipment and Support","North Nottinghamshire","Outside London","EO","[c]","[c]","[c]","[c]"
"In post","2022","Defence Equipment and Support","North Nottinghamshire","Outside London","G7","[c]","[c]","[c]","[c]"
"In post","2022","Defence Equipment and Support","North Nottinghamshire","Outside London","HEO","5","5","[c]","[c]"
"In post","2022","Defence Equipment and Support","North Nottinghamshire","Outside London","SEO","[c]","[c]","[c]","[c]"
"In post","2022","Defence Equipment and Support","North Yorkshire CC","Outside London","EO","5","5","[c]","[c]"
"In post","2022","Defence Equipment and Support","North Yorkshire CC","Outside London","G6","[c]","[c]","[c]","[c]"
"In post","2022","Defence Equipment and Support","North Yorkshire CC","Outside London","HEO","10","10","[c]","[c]"
"In post","2022","Defence Equipment and Support","North Yorkshire CC","Outside London","SEO","5","5","[c]","[c]"
"In post","2022","Defence Equipment and Support","Northumberland","Outside London","SEO","[c]","[c]","[c]","[c]"
"In post","2022","Defence Equipment and Support","Overseas","Overseas","EO","[c]","[c]","[c]","[c]"
"In post","2022","Defence Equipment and Support","Overseas","Overseas","G6","5","5","[c]","[c]"
"In post","2022","Defence Equipment and Support","Overseas","Overseas","G7","10","10","[c]","[c]"
"In post","2022","Defence Equipment and Support","Overseas","Overseas","HEO","15","15","32820","32370"
"In post","2022","Defence Equipment and Support","Overseas","Overseas","SEO","40","40","40910","41460"
"In post","2022","Defence Equipment and Support","Oxfordshire CC","Outside London","EO","15","10","22970","22750"
"In post","2022","Defence Equipment and Support","Oxfordshire CC","Outside London","G6","[c]","[c]","[c]","[c]"
"In post","2022","Defence Equipment and Support","Oxfordshire CC","Outside London","G7","10","10","52290","52510"
"In post","2022","Defence Equipment and Support","Oxfordshire CC","Outside London","HEO","55","55","30730","30920"
"In post","2022","Defence Equipment and Support","Oxfordshire CC","Outside London","SCS level","[c]","[c]","[c]","[c]"
"In post","2022","Defence Equipment and Support","Oxfordshire CC","Outside London","SEO","40","40","39620","40130"
"In post","2022","Defence Equipment and Support","Peterborough","Outside London","HEO","[c]","[c]","[c]","[c]"
"In post","2022","Defence Equipment and Support","Plymouth","Outside London","EO","40","40","21530","21000"
"In post","2022","Defence Equipment and Support","Plymouth","Outside London","G7","[c]","[c]","[c]","[c]"
"In post","2022","Defence Equipment and Support","Plymouth","Outside London","HEO","25","25","31830","31700"
"In post","2022","Defence Equipment and Support","Plymouth","Outside London","SEO","15","15","41240","41920"
"In post","2022","Defence Equipment and Support","Portsmouth","Outside London","EO","30","30","21830","21180"
"In post","2022","Defence Equipment and Support","Portsmouth","Outside London","G7","5","5","[c]","[c]"
"In post","2022","Defence Equipment and Support","Portsmouth","Outside London","HEO","25","25","31280","31350"
"In post","2022","Defence Equipment and Support","Portsmouth","Outside London","SEO","25","25","41240","41150"
"In post","2022","Defence Equipment and Support","Portsmouth","Outside London","Unknown","[c]","[c]","[c]","[c]"
"In post","2022","Defence Equipment and Support","Powys","Outside London","EO","[c]","[c]","[c]","[c]"
"In post","2022","Defence Equipment and Support","Powys","Outside London","HEO","[c]","[c]","[c]","[c]"
"In post","2022","Defence Equipment and Support","Sandwell","Outside London","G7","[c]","[c]","[c]","[c]"
"In post","2022","Defence Equipment and Support","Sandwell","Outside London","HEO","5","5","[c]","[c]"
"In post","2022","Defence Equipment and Support","Sandwell","Outside London","SEO","[c]","[c]","[c]","[c]"
"In post","2022","Defence Equipment and Support","Shropshire","Outside London","SEO","[c]","[c]","[c]","[c]"
"In post","2022","Defence Equipment and Support","Somerset CC","Outside London","EO","50","45","23700","23900"
"In post","2022","Defence Equipment and Support","Somerset CC","Outside London","G6","5","5","[c]","[c]"
"In post","2022","Defence Equipment and Support","Somerset CC","Outside London","G7","20","20","52650","53220"
"In post","2022","Defence Equipment and Support","Somerset CC","Outside London","HEO","130","125","31730","32960"
"In post","2022","Defence Equipment and Support","Somerset CC","Outside London","SEO","125","120","41430","41580"
"In post","2022","Defence Equipment and Support","South Hampshire","Outside London","EO","150","145","21560","20940"
"In post","2022","Defence Equipment and Support","South Hampshire","Outside London","G7","[c]","[c]","[c]","[c]"
"In post","2022","Defence Equipment and Support","South Hampshire","Outside London","HEO","50","50","28630","29010"
"In post","2022","Defence Equipment and Support","South Hampshire","Outside London","SEO","15","15","37680","38100"
"In post","2022","Defence Equipment and Support","South Nottinghamshire","Outside London","HEO","[c]","[c]","[c]","[c]"
"In post","2022","Defence Equipment and Support","South Nottinghamshire","Outside London","SEO","[c]","[c]","[c]","[c]"
"In post","2022","Defence Equipment and Support","South West Wales","Outside London","SEO","[c]","[c]","[c]","[c]"
"In post","2022","Defence Equipment and Support","Southend-on-Sea","Outside London","SEO","[c]","[c]","[c]","[c]"
"In post","2022","Defence Equipment and Support","Staffordshire CC","Outside London","SEO","[c]","[c]","[c]","[c]"
"In post","2022","Defence Equipment and Support","Suffolk CC","Outside London","EO","[c]","[c]","[c]","[c]"
"In post","2022","Defence Equipment and Support","Suffolk CC","Outside London","HEO","[c]","[c]","[c]","[c]"
"In post","2022","Defence Equipment and Support","Suffolk CC","Outside London","SEO","[c]","[c]","[c]","[c]"
"In post","2022","Defence Equipment and Support","Telford and Wrekin","Outside London","EO","25","20","21660","21260"
"In post","2022","Defence Equipment and Support","Telford and Wrekin","Outside London","G6","[c]","[c]","[c]","[c]"
"In post","2022","Defence Equipment and Support","Telford and Wrekin","Outside London","HEO","20","20","28200","28100"
"In post","2022","Defence Equipment and Support","Telford and Wrekin","Outside London","SEO","10","10","39850","40900"
"In post","2022","Defence Equipment and Support","Unknown","Unknown","EO","[c]","[c]","[c]","[c]"
"In post","2022","Defence Equipment and Support","Unknown","Unknown","G7","[c]","[c]","[c]","[c]"
"In post","2022","Defence Equipment and Support","Unknown","Unknown","HEO","[c]","[c]","[c]","[c]"
"In post","2022","Defence Equipment and Support","Unknown","Unknown","SEO","[c]","[c]","[c]","[c]"
"In post","2022","Defence Equipment and Support","Warwickshire CC","Outside London","EO","85","85","20970","20430"
"In post","2022","Defence Equipment and Support","Warwickshire CC","Outside London","G7","[c]","[c]","[c]","[c]"
"In post","2022","Defence Equipment and Support","Warwickshire CC","Outside London","HEO","25","25","28540","27710"
"In post","2022","Defence Equipment and Support","Warwickshire CC","Outside London","SEO","15","15","36830","37900"
"In post","2022","Defence Equipment and Support","West Cumbria","Outside London","EO","[c]","[c]","[c]","[c]"
"In post","2022","Defence Equipment and Support","West Cumbria","Outside London","SEO","[c]","[c]","[c]","[c]"
"In post","2022","Defence Equipment and Support","Westminster","London","EO","[c]","[c]","[c]","[c]"
"In post","2022","Defence Equipment and Support","Westminster","London","G7","[c]","[c]","[c]","[c]"
"In post","2022","Defence Equipment and Support","Westminster","London","HEO","10","5","[c]","[c]"
"In post","2022","Defence Equipment and Support","Westminster","London","SCS level","[c]","[c]","[c]","[c]"
"In post","2022","Defence Equipment and Support","Westminster","London","SEO","[c]","[c]","[c]","[c]"
"In post","2022","Defence Equipment and Support","Wiltshire","Outside London","EO","5","5","[c]","[c]"
"In post","2022","Defence Equipment and Support","Wiltshire","Outside London","G6","[c]","[c]","[c]","[c]"
"In post","2022","Defence Equipment and Support","Wiltshire","Outside London","G7","5","5","[c]","[c]"
"In post","2022","Defence Equipment and Support","Wiltshire","Outside London","HEO","20","20","30690","32140"
"In post","2022","Defence Equipment and Support","Wiltshire","Outside London","SEO","15","15","40480","41930"
"In post","2022","Defence Equipment and Support","Wirral","Outside London","HEO","[c]","[c]","[c]","[c]"
"In post","2022","Defence Equipment and Support","Wirral","Outside London","SEO","[c]","[c]","[c]","[c]"
"In post","2022","Defence Science and Technology Laboratory","Buckinghamshire","Outside London","G7","[c]","[c]","[c]","[c]"
"In post","2022","Defence Science and Technology Laboratory","Cambridgeshire CC","Outside London","G6","[c]","[c]","[c]","[c]"
"In post","2022","Defence Science and Technology Laboratory","Cambridgeshire CC","Outside London","G7","5","5","[c]","[c]"
"In post","2022","Defence Science and Technology Laboratory","Cambridgeshire CC","Outside London","HEO","[c]","[c]","[c]","[c]"
"In post","2022","Defence Science and Technology Laboratory","Cambridgeshire CC","Outside London","SEO","[c]","[c]","[c]","[c]"
"In post","2022","Defence Science and Technology Laboratory","Central Hampshire","Outside London","AA","[c]","[c]","[c]","[c]"
"In post","2022","Defence Science and Technology Laboratory","Central Hampshire","Outside London","AO","25","25","20870","21440"
"In post","2022","Defence Science and Technology Laboratory","Central Hampshire","Outside London","EO","65","60","25060","23490"
"In post","2022","Defence Science and Technology Laboratory","Central Hampshire","Outside London","G6","55","50","69590","67840"
"In post","2022","Defence Science and Technology Laboratory","Central Hampshire","Outside London","G7","645","610","51120","47490"
"In post","2022","Defence Science and Technology Laboratory","Central Hampshire","Outside London","HEO","380","370","30200","29230"
"In post","2022","Defence Science and Technology Laboratory","Central Hampshire","Outside London","SEO","325","310","39560","38070"
"In post","2022","Defence Science and Technology Laboratory","Lincolnshire CC","Outside London","G7","[c]","[c]","[c]","[c]"
"In post","2022","Defence Science and Technology Laboratory","South Hampshire","Outside London","AO","[c]","[c]","[c]","[c]"
"In post","2022","Defence Science and Technology Laboratory","South Hampshire","Outside London","EO","10","10","23630","23490"
"In post","2022","Defence Science and Technology Laboratory","South Hampshire","Outside London","G7","30","30","48200","47010"
"In post","2022","Defence Science and Technology Laboratory","South Hampshire","Outside London","HEO","20","20","30280","29230"
"In post","2022","Defence Science and Technology Laboratory","South Hampshire","Outside London","SEO","15","10","38870","38090"
"In post","2022","Defence Science and Technology Laboratory","West Kent","Outside London","AA","5","5","[c]","[c]"
"In post","2022","Defence Science and Technology Laboratory","West Kent","Outside London","AO","[c]","[c]","[c]","[c]"
"In post","2022","Defence Science and Technology Laboratory","West Kent","Outside London","EO","10","10","[c]","[c]"
"In post","2022","Defence Science and Technology Laboratory","West Kent","Outside London","G6","[c]","[c]","[c]","[c]"
"In post","2022","Defence Science and Technology Laboratory","West Kent","Outside London","G7","60","55","49980","47140"
"In post","2022","Defence Science and Technology Laboratory","West Kent","Outside London","HEO","25","25","30930","29230"
"In post","2022","Defence Science and Technology Laboratory","West Kent","Outside London","SEO","45","40","39070","38070"
"In post","2022","Defence Science and Technology Laboratory","Westminster","London","SEO","[c]","[c]","[c]","[c]"
"In post","2022","Defence Science and Technology Laboratory","Wiltshire","Outside London","AA","45","45","19350","17790"
"In post","2022","Defence Science and Technology Laboratory","Wiltshire","Outside London","AO","110","105","20890","22230"
"In post","2022","Defence Science and Technology Laboratory","Wiltshire","Outside London","EO","205","195","24850","23490"
"In post","2022","Defence Science and Technology Laboratory","Wiltshire","Outside London","G6","110","105","71420","67780"
"In post","2022","Defence Science and Technology Laboratory","Wiltshire","Outside London","G7","1035","1000","51160","47180"
"In post","2022","Defence Science and Technology Laboratory","Wiltshire","Outside London","HEO","750","735","30260","29230"
"In post","2022","Defence Science and Technology Laboratory","Wiltshire","Outside London","SCS level","5","5","[c]","[c]"
"In post","2022","Defence Science and Technology Laboratory","Wiltshire","Outside London","SEO","670","645","39310","38070"
"In post","2022","Department for Business, Energy and Industrial Strategy (excl. agencies)","Aberdeen City and Aberdeenshire","Outside London","AO","5","5","[c]","[c]"
"In post","2022","Department for Business, Energy and Industrial Strategy (excl. agencies)","Aberdeen City and Aberdeenshire","Outside London","EO","15","15","25570","24570"
"In post","2022","Department for Business, Energy and Industrial Strategy (excl. agencies)","Aberdeen City and Aberdeenshire","Outside London","G6","5","5","[c]","[c]"
"In post","2022","Department for Business, Energy and Industrial Strategy (excl. agencies)","Aberdeen City and Aberdeenshire","Outside London","G7","10","10","61280","53050"
"In post","2022","Department for Business, Energy and Industrial Strategy (excl. agencies)","Aberdeen City and Aberdeenshire","Outside London","HEO","25","25","47350","31560"
"In post","2022","Department for Business, Energy and Industrial Strategy (excl. agencies)","Aberdeen City and Aberdeenshire","Outside London","SCS level","[c]","[c]","[c]","[c]"
"In post","2022","Department for Business, Energy and Industrial Strategy (excl. agencies)","Aberdeen City and Aberdeenshire","Outside London","SEO","40","40","59950","69170"
"In post","2022","Department for Business, Energy and Industrial Strategy (excl. agencies)","Belfast","Outside London","G7","[c]","[c]","[c]","[c]"
"In post","2022","Department for Business, Energy and Industrial Strategy (excl. agencies)","Birmingham","Outside London","AO","5","5","[c]","[c]"
"In post","2022","Department for Business, Energy and Industrial Strategy (excl. agencies)","Birmingham","Outside London","EO","35","35","24840","24570"
"In post","2022","Department for Business, Energy and Industrial Strategy (excl. agencies)","Birmingham","Outside London","G6","25","25","62030","60370"
"In post","2022","Department for Business, Energy and Industrial Strategy (excl. agencies)","Birmingham","Outside London","G7","65","65","49840","49080"
"In post","2022","Department for Business, Energy and Industrial Strategy (excl. agencies)","Birmingham","Outside London","HEO","50","50","30770","30360"
"In post","2022","Department for Business, Energy and Industrial Strategy (excl. agencies)","Birmingham","Outside London","SCS level","10","10","103500","95200"
"In post","2022","Department for Business, Energy and Industrial Strategy (excl. agencies)","Birmingham","Outside London","SEO","45","45","38080","36740"
"In post","2022","Department for Business, Energy and Industrial Strategy (excl. agencies)","Bristol, City of","Outside London","EO","[c]","[c]","[c]","[c]"
"In post","2022","Department for Business, Energy and Industrial Strategy (excl. agencies)","Bristol, City of","Outside London","G6","[c]","[c]","[c]","[c]"
"In post","2022","Department for Business, Energy and Industrial Strategy (excl. agencies)","Bristol, City of","Outside London","G7","5","5","[c]","[c]"
"In post","2022","Department for Business, Energy and Industrial Strategy (excl. agencies)","Bristol, City of","Outside London","HEO","[c]","[c]","[c]","[c]"
"In post","2022","Department for Business, Energy and Industrial Strategy (excl. agencies)","Bristol, City of","Outside London","SCS level","[c]","[c]","[c]","[c]"
"In post","2022","Department for Business, Energy and Industrial Strategy (excl. agencies)","Bristol, City of","Outside London","SEO","[c]","[c]","[c]","[c]"
"In post","2022","Department for Business, Energy and Industrial Strategy (excl. agencies)","Cambridgeshire CC","Outside London","G6","[c]","[c]","[c]","[c]"
"In post","2022","Department for Business, Energy and Industrial Strategy (excl. agencies)","Cambridgeshire CC","Outside London","G7","5","5","[c]","[c]"
"In post","2022","Department for Business, Energy and Industrial Strategy (excl. agencies)","Cambridgeshire CC","Outside London","SEO","[c]","[c]","[c]","[c]"
"In post","2022","Department for Business, Energy and Industrial Strategy (excl. agencies)","Cardiff and Vale of Glamorgan","Outside London","AO","[c]","[c]","[c]","[c]"
"In post","2022","Department for Business, Energy and Industrial Strategy (excl. agencies)","Cardiff and Vale of Glamorgan","Outside London","EO","35","30","25200","24570"
"In post","2022","Department for Business, Energy and Industrial Strategy (excl. agencies)","Cardiff and Vale of Glamorgan","Outside London","G6","5","5","[c]","[c]"
"In post","2022","Department for Business, Energy and Industrial Strategy (excl. agencies)","Cardiff and Vale of Glamorgan","Outside London","G7","15","15","49640","49080"
"In post","2022","Department for Business, Energy and Industrial Strategy (excl. agencies)","Cardiff and Vale of Glamorgan","Outside London","HEO","30","25","30830","30360"
"In post","2022","Department for Business, Energy and Industrial Strategy (excl. agencies)","Cardiff and Vale of Glamorgan","Outside London","SCS level","[c]","[c]","[c]","[c]"
"In post","2022","Department for Business, Energy and Industrial Strategy (excl. agencies)","Cardiff and Vale of Glamorgan","Outside London","SEO","[c]","[c]","[c]","[c]"
"In post","2022","Department for Business, Energy and Industrial Strategy (excl. agencies)","City of Edinburgh","Outside London","G6","[c]","[c]","[c]","[c]"
"In post","2022","Department for Business, Energy and Industrial Strategy (excl. agencies)","City of Edinburgh","Outside London","G7","5","5","[c]","[c]"
"In post","2022","Department for Business, Energy and Industrial Strategy (excl. agencies)","City of Edinburgh","Outside London","HEO","[c]","[c]","[c]","[c]"
"In post","2022","Department for Business, Energy and Industrial Strategy (excl. agencies)","City of Edinburgh","Outside London","SCS level","[c]","[c]","[c]","[c]"
"In post","2022","Department for Business, Energy and Industrial Strategy (excl. agencies)","Darlington","Outside London","G6","[c]","[c]","[c]","[c]"
"In post","2022","Department for Business, Energy and Industrial Strategy (excl. agencies)","Darlington","Outside London","G7","[c]","[c]","[c]","[c]"
"In post","2022","Department for Business, Energy and Industrial Strategy (excl. agencies)","Darlington","Outside London","HEO","[c]","[c]","[c]","[c]"
"In post","2022","Department for Business, Energy and Industrial Strategy (excl. agencies)","Darlington","Outside London","SCS level","[c]","[c]","[c]","[c]"
"In post","2022","Department for Business, Energy and Industrial Strategy (excl. agencies)","East Merseyside","Outside London","G6","[c]","[c]","[c]","[c]"
"In post","2022","Department for Business, Energy and Industrial Strategy (excl. agencies)","East Merseyside","Outside London","SEO","[c]","[c]","[c]","[c]"
"In post","2022","Department for Business, Energy and Industrial Strategy (excl. agencies)","Greater Manchester South West","Outside London","AO","[c]","[c]","[c]","[c]"
"In post","2022","Department for Business, Energy and Industrial Strategy (excl. agencies)","Greater Manchester South West","Outside London","EO","15","15","25430","24570"
"In post","2022","Department for Business, Energy and Industrial Strategy (excl. agencies)","Greater Manchester South West","Outside London","G6","20","20","63290","60730"
"In post","2022","Department for Business, Energy and Industrial Strategy (excl. agencies)","Greater Manchester South West","Outside London","G7","50","50","51110","49340"
"In post","2022","Department for Business, Energy and Industrial Strategy (excl. agencies)","Greater Manchester South West","Outside London","HEO","80","75","30730","30360"
"In post","2022","Department for Business, Energy and Industrial Strategy (excl. agencies)","Greater Manchester South West","Outside London","SCS level","10","10","[c]","[c]"
"In post","2022","Department for Business, Energy and Industrial Strategy (excl. agencies)","Greater Manchester South West","Outside London","SEO","65","65","37260","36740"
"In post","2022","Department for Business, Energy and Industrial Strategy (excl. agencies)","Hounslow and Richmond upon Thames","London","AO","[c]","[c]","[c]","[c]"
"In post","2022","Department for Business, Energy and Industrial Strategy (excl. agencies)","Hounslow and Richmond upon Thames","London","EO","10","10","[c]","[c]"
"In post","2022","Department for Business, Energy and Industrial Strategy (excl. agencies)","Hounslow and Richmond upon Thames","London","G6","5","5","[c]","[c]"
"In post","2022","Department for Business, Energy and Industrial Strategy (excl. agencies)","Hounslow and Richmond upon Thames","London","G7","15","15","55100","53600"
"In post","2022","Department for Business, Energy and Industrial Strategy (excl. agencies)","Hounslow and Richmond upon Thames","London","HEO","35","30","36910","36150"
"In post","2022","Department for Business, Energy and Industrial Strategy (excl. agencies)","Hounslow and Richmond upon Thames","London","SCS level","[c]","[c]","[c]","[c]"
"In post","2022","Department for Business, Energy and Industrial Strategy (excl. agencies)","Hounslow and Richmond upon Thames","London","SEO","20","20","42400","40270"
"In post","2022","Department for Business, Energy and Industrial Strategy (excl. agencies)","Leeds","Outside London","G7","[c]","[c]","[c]","[c]"
"In post","2022","Department for Business, Energy and Industrial Strategy (excl. agencies)","Leeds","Outside London","HEO","[c]","[c]","[c]","[c]"
"In post","2022","Department for Business, Energy and Industrial Strategy (excl. agencies)","Leeds","Outside London","SCS level","[c]","[c]","[c]","[c]"
"In post","2022","Department for Business, Energy and Industrial Strategy (excl. agencies)","Leeds","Outside London","SEO","[c]","[c]","[c]","[c]"
"In post","2022","Department for Business, Energy and Industrial Strategy (excl. agencies)","Nottingham","Outside London","EO","[c]","[c]","[c]","[c]"
"In post","2022","Department for Business, Energy and Industrial Strategy (excl. agencies)","Nottingham","Outside London","G7","[c]","[c]","[c]","[c]"
"In post","2022","Department for Business, Energy and Industrial Strategy (excl. agencies)","Nottingham","Outside London","HEO","[c]","[c]","[c]","[c]"
"In post","2022","Department for Business, Energy and Industrial Strategy (excl. agencies)","Nottingham","Outside London","SCS level","[c]","[c]","[c]","[c]"
"In post","2022","Department for Business, Energy and Industrial Strategy (excl. agencies)","Nottingham","Outside London","SEO","[c]","[c]","[c]","[c]"
"In post","2022","Department for Business, Energy and Industrial Strategy (excl. agencies)","Sheffield","Outside London","G7","[c]","[c]","[c]","[c]"
"In post","2022","Department for Business, Energy and Industrial Strategy (excl. agencies)","Suffolk CC","Outside London","HEO","[c]","[c]","[c]","[c]"
"In post","2022","Department for Business, Energy and Industrial Strategy (excl. agencies)","Suffolk CC","Outside London","SEO","[c]","[c]","[c]","[c]"
"In post","2022","Department for Business, Energy and Industrial Strategy (excl. agencies)","Swindon","Outside London","G7","[c]","[c]","[c]","[c]"
"In post","2022","Department for Business, Energy and Industrial Strategy (excl. agencies)","Swindon","Outside London","HEO","[c]","[c]","[c]","[c]"
"In post","2022","Department for Business, Energy and Industrial Strategy (excl. agencies)","Swindon","Outside London","SEO","[c]","[c]","[c]","[c]"
"In post","2022","Department for Business, Energy and Industrial Strategy (excl. agencies)","Tyneside","Outside London","EO","[c]","[c]","[c]","[c]"
"In post","2022","Department for Business, Energy and Industrial Strategy (excl. agencies)","Tyneside","Outside London","G6","[c]","[c]","[c]","[c]"
"In post","2022","Department for Business, Energy and Industrial Strategy (excl. agencies)","Tyneside","Outside London","G7","5","5","[c]","[c]"
"In post","2022","Department for Business, Energy and Industrial Strategy (excl. agencies)","Tyneside","Outside London","HEO","[c]","[c]","[c]","[c]"
"In post","2022","Department for Business, Energy and Industrial Strategy (excl. agencies)","Tyneside","Outside London","SCS level","[c]","[c]","[c]","[c]"
"In post","2022","Department for Business, Energy and Industrial Strategy (excl. agencies)","Tyneside","Outside London","SEO","5","5","[c]","[c]"
"In post","2022","Department for Business, Energy and Industrial Strategy (excl. agencies)","West Surrey","Outside London","G6","[c]","[c]","[c]","[c]"
"In post","2022","Department for Business, Energy and Industrial Strategy (excl. agencies)","West Surrey","Outside London","SEO","[c]","[c]","[c]","[c]"
"In post","2022","Department for Business, Energy and Industrial Strategy (excl. agencies)","Westminster","London","AO","50","50","25700","24900"
"In post","2022","Department for Business, Energy and Industrial Strategy (excl. agencies)","Westminster","London","EO","310","305","28690","27680"
"In post","2022","Department for Business, Energy and Industrial Strategy (excl. agencies)","Westminster","London","G6","640","615","67590","64990"
"In post","2022","Department for Business, Energy and Industrial Strategy (excl. agencies)","Westminster","London","G7","1720","1685","55360","53600"
"In post","2022","Department for Business, Energy and Industrial Strategy (excl. agencies)","Westminster","London","HEO","1020","1010","34580","33570"
"In post","2022","Department for Business, Energy and Industrial Strategy (excl. agencies)","Westminster","London","SCS level","300","285","87840","82200"
"In post","2022","Department for Business, Energy and Industrial Strategy (excl. agencies)","Westminster","London","SEO","1100","1090","41460","40050"
"In post","2022","Department for Digital, Culture, Media and Sport","Belfast","Outside London","G7","[c]","[c]","[c]","[c]"
"In post","2022","Department for Digital, Culture, Media and Sport","Belfast","Outside London","HEO","[c]","[c]","[c]","[c]"
"In post","2022","Department for Digital, Culture, Media and Sport","Birmingham","Outside London","G7","[c]","[c]","[c]","[c]"
"In post","2022","Department for Digital, Culture, Media and Sport","Birmingham","Outside London","HEO","5","5","[c]","[c]"
"In post","2022","Department for Digital, Culture, Media and Sport","Bristol, City of","Outside London","G7","10","10","50860","48550"
"In post","2022","Department for Digital, Culture, Media and Sport","Bristol, City of","Outside London","HEO","5","5","[c]","[c]"
"In post","2022","Department for Digital, Culture, Media and Sport","Cardiff and Vale of Glamorgan","Outside London","G6","[c]","[c]","[c]","[c]"
"In post","2022","Department for Digital, Culture, Media and Sport","Cardiff and Vale of Glamorgan","Outside London","G7","5","5","[c]","[c]"
"In post","2022","Department for Digital, Culture, Media and Sport","Cardiff and Vale of Glamorgan","Outside London","HEO","5","5","[c]","[c]"
"In post","2022","Department for Digital, Culture, Media and Sport","Cardiff and Vale of Glamorgan","Outside London","SCS level","[c]","[c]","[c]","[c]"
"In post","2022","Department for Digital, Culture, Media and Sport","City of Edinburgh","Outside London","EO","[c]","[c]","[c]","[c]"
"In post","2022","Department for Digital, Culture, Media and Sport","City of Edinburgh","Outside London","G7","[c]","[c]","[c]","[c]"
"In post","2022","Department for Digital, Culture, Media and Sport","City of Edinburgh","Outside London","HEO","10","10","35090","34020"
"In post","2022","Department for Digital, Culture, Media and Sport","Glasgow City","Outside London","EO","[c]","[c]","[c]","[c]"
"In post","2022","Department for Digital, Culture, Media and Sport","Glasgow City","Outside London","G6","[c]","[c]","[c]","[c]"
"In post","2022","Department for Digital, Culture, Media and Sport","Glasgow City","Outside London","G7","[c]","[c]","[c]","[c]"
"In post","2022","Department for Digital, Culture, Media and Sport","Glasgow City","Outside London","HEO","[c]","[c]","[c]","[c]"
"In post","2022","Department for Digital, Culture, Media and Sport","Glasgow City","Outside London","SCS level","[c]","[c]","[c]","[c]"
"In post","2022","Department for Digital, Culture, Media and Sport","Leeds","Outside London","EO","[c]","[c]","[c]","[c]"
"In post","2022","Department for Digital, Culture, Media and Sport","Leeds","Outside London","G6","[c]","[c]","[c]","[c]"
"In post","2022","Department for Digital, Culture, Media and Sport","Leeds","Outside London","G7","[c]","[c]","[c]","[c]"
"In post","2022","Department for Digital, Culture, Media and Sport","Leeds","Outside London","HEO","10","10","[c]","[c]"
"In post","2022","Department for Digital, Culture, Media and Sport","Leeds","Outside London","SCS level","[c]","[c]","[c]","[c]"
"In post","2022","Department for Digital, Culture, Media and Sport","Liverpool","Outside London","EO","[c]","[c]","[c]","[c]"
"In post","2022","Department for Digital, Culture, Media and Sport","Liverpool","Outside London","G6","[c]","[c]","[c]","[c]"
"In post","2022","Department for Digital, Culture, Media and Sport","Liverpool","Outside London","G7","[c]","[c]","[c]","[c]"
"In post","2022","Department for Digital, Culture, Media and Sport","Liverpool","Outside London","HEO","5","5","[c]","[c]"
"In post","2022","Department for Digital, Culture, Media and Sport","Manchester","Outside London","EO","15","15","25400","26180"
"In post","2022","Department for Digital, Culture, Media and Sport","Manchester","Outside London","G6","5","5","[c]","[c]"
"In post","2022","Department for Digital, Culture, Media and Sport","Manchester","Outside London","G7","30","30","51900","51730"
"In post","2022","Department for Digital, Culture, Media and Sport","Manchester","Outside London","HEO","55","55","34330","34020"
"In post","2022","Department for Digital, Culture, Media and Sport","Manchester","Outside London","SCS level","[c]","[c]","[c]","[c]"
"In post","2022","Department for Digital, Culture, Media and Sport","Nottingham","Outside London","EO","[c]","[c]","[c]","[c]"
"In post","2022","Department for Digital, Culture, Media and Sport","Nottingham","Outside London","G7","[c]","[c]","[c]","[c]"
"In post","2022","Department for Digital, Culture, Media and Sport","Nottingham","Outside London","HEO","5","5","[c]","[c]"
"In post","2022","Department for Digital, Culture, Media and Sport","Tyneside","Outside London","EO","5","5","[c]","[c]"
"In post","2022","Department for Digital, Culture, Media and Sport","Tyneside","Outside London","G6","[c]","[c]","[c]","[c]"
"In post","2022","Department for Digital, Culture, Media and Sport","Tyneside","Outside London","G7","[c]","[c]","[c]","[c]"
"In post","2022","Department for Digital, Culture, Media and Sport","Tyneside","Outside London","HEO","5","5","[c]","[c]"
"In post","2022","Department for Digital, Culture, Media and Sport","Westminster","London","AO","10","10","23930","23560"
"In post","2022","Department for Digital, Culture, Media and Sport","Westminster","London","EO","160","155","27020","26180"
"In post","2022","Department for Digital, Culture, Media and Sport","Westminster","London","G6","220","215","64120","63120"
"In post","2022","Department for Digital, Culture, Media and Sport","Westminster","London","G7","615","605","53750","52130"
"In post","2022","Department for Digital, Culture, Media and Sport","Westminster","London","HEO","665","655","35680","34020"
"In post","2022","Department for Digital, Culture, Media and Sport","Westminster","London","SCS level","115","110","83760","75700"
"In post","2022","Department for Education (excl. agencies)","Barking & Dagenham and Havering","London","G6","[c]","[c]","[c]","[c]"
"In post","2022","Department for Education (excl. agencies)","Barnsley, Doncaster and Rotherham","Outside London","G6","[c]","[c]","[c]","[c]"
"In post","2022","Department for Education (excl. agencies)","Barnsley, Doncaster and Rotherham","Outside London","G7","[c]","[c]","[c]","[c]"
"In post","2022","Department for Education (excl. agencies)","Bath and North East Somerset, North Somerset and South Gloucestershire","Outside London","G7","[c]","[c]","[c]","[c]"
"In post","2022","Department for Education (excl. agencies)","Berkshire","Outside London","G6","[c]","[c]","[c]","[c]"
"In post","2022","Department for Education (excl. agencies)","Bexley and Greenwich","London","G6","[c]","[c]","[c]","[c]"
"In post","2022","Department for Education (excl. agencies)","Bexley and Greenwich","London","G7","[c]","[c]","[c]","[c]"
"In post","2022","Department for Education (excl. agencies)","Bexley and Greenwich","London","HEO","[c]","[c]","[c]","[c]"
"In post","2022","Department for Education (excl. agencies)","Birmingham","Outside London","G6","[c]","[c]","[c]","[c]"
"In post","2022","Department for Education (excl. agencies)","Birmingham","Outside London","G7","[c]","[c]","[c]","[c]"
"In post","2022","Department for Education (excl. agencies)","Bournemouth, Christchurch and Poole","Outside London","G6","[c]","[c]","[c]","[c]"
"In post","2022","Department for Education (excl. agencies)","Bournemouth, Christchurch and Poole","Outside London","G7","[c]","[c]","[c]","[c]"
"In post","2022","Department for Education (excl. agencies)","Bradford","Outside London","G6","[c]","[c]","[c]","[c]"
"In post","2022","Department for Education (excl. agencies)","Bradford","Outside London","SCS level","[c]","[c]","[c]","[c]"
"In post","2022","Department for Education (excl. agencies)","Breckland and South Norfolk","Outside London","G6","[c]","[c]","[c]","[c]"
"In post","2022","Department for Education (excl. agencies)","Brent","London","G6","[c]","[c]","[c]","[c]"
"In post","2022","Department for Education (excl. agencies)","Brent","London","G7","[c]","[c]","[c]","[c]"
"In post","2022","Department for Education (excl. agencies)","Bristol, City of","Outside London","AO","[c]","[c]","[c]","[c]"
"In post","2022","Department for Education (excl. agencies)","Bristol, City of","Outside London","EO","15","15","25080","25000"
"In post","2022","Department for Education (excl. agencies)","Bristol, City of","Outside London","G6","25","25","62920","61010"
"In post","2022","Department for Education (excl. agencies)","Bristol, City of","Outside London","G7","55","50","50760","49860"
"In post","2022","Department for Education (excl. agencies)","Bristol, City of","Outside London","HEO","30","30","30790","29360"
"In post","2022","Department for Education (excl. agencies)","Bristol, City of","Outside London","SCS level","5","5","[c]","[c]"
"In post","2022","Department for Education (excl. agencies)","Bristol, City of","Outside London","SEO","70","70","38470","36500"
"In post","2022","Department for Education (excl. agencies)","Bromley","London","G6","[c]","[c]","[c]","[c]"
"In post","2022","Department for Education (excl. agencies)","Bromley","London","G7","[c]","[c]","[c]","[c]"
"In post","2022","Department for Education (excl. agencies)","Calderdale and Kirklees","Outside London","G6","[c]","[c]","[c]","[c]"
"In post","2022","Department for Education (excl. agencies)","Cambridgeshire CC","Outside London","EO","[c]","[c]","[c]","[c]"
"In post","2022","Department for Education (excl. agencies)","Cambridgeshire CC","Outside London","G6","5","5","[c]","[c]"
"In post","2022","Department for Education (excl. agencies)","Cambridgeshire CC","Outside London","G7","10","10","51300","50630"
"In post","2022","Department for Education (excl. agencies)","Cambridgeshire CC","Outside London","HEO","10","10","[c]","[c]"
"In post","2022","Department for Education (excl. agencies)","Cambridgeshire CC","Outside London","SEO","5","5","[c]","[c]"
"In post","2022","Department for Education (excl. agencies)","Central Bedfordshire","Outside London","G6","[c]","[c]","[c]","[c]"
"In post","2022","Department for Education (excl. agencies)","Central Bedfordshire","Outside London","G7","[c]","[c]","[c]","[c]"
"In post","2022","Department for Education (excl. agencies)","Central Hampshire","Outside London","G7","[c]","[c]","[c]","[c]"
"In post","2022","Department for Education (excl. agencies)","Cheshire West and Chester","Outside London","G6","[c]","[c]","[c]","[c]"
"In post","2022","Department for Education (excl. agencies)","Cheshire West and Chester","Outside London","G7","[c]","[c]","[c]","[c]"
"In post","2022","Department for Education (excl. agencies)","Chorley and West Lancashire","Outside London","G6","[c]","[c]","[c]","[c]"
"In post","2022","Department for Education (excl. agencies)","Chorley and West Lancashire","Outside London","G7","[c]","[c]","[c]","[c]"
"In post","2022","Department for Education (excl. agencies)","City of Edinburgh","Outside London","G7","[c]","[c]","[c]","[c]"
"In post","2022","Department for Education (excl. agencies)","Clackmannanshire and Fife","Outside London","G7","[c]","[c]","[c]","[c]"
"In post","2022","Department for Education (excl. agencies)","Conwy and Denbighshire","Outside London","G6","[c]","[c]","[c]","[c]"
"In post","2022","Department for Education (excl. agencies)","Conwy and Denbighshire","Outside London","G7","[c]","[c]","[c]","[c]"
"In post","2022","Department for Education (excl. agencies)","Cornwall and Isles of Scilly","Outside London","G6","[c]","[c]","[c]","[c]"
"In post","2022","Department for Education (excl. agencies)","Coventry","Outside London","AO","5","5","[c]","[c]"
"In post","2022","Department for Education (excl. agencies)","Coventry","Outside London","EO","85","85","25410","25000"
"In post","2022","Department for Education (excl. agencies)","Coventry","Outside London","G6","45","40","63430","61680"
"In post","2022","Department for Education (excl. agencies)","Coventry","Outside London","G7","120","120","50740","49980"
"In post","2022","Department for Education (excl. agencies)","Coventry","Outside London","HEO","145","145","30160","29360"
"In post","2022","Department for Education (excl. agencies)","Coventry","Outside London","SCS level","10","10","88550","74100"
"In post","2022","Department for Education (excl. agencies)","Coventry","Outside London","SEO","150","150","37640","36500"
"In post","2022","Department for Education (excl. agencies)","Croydon","London","EO","5","5","[c]","[c]"
"In post","2022","Department for Education (excl. agencies)","Croydon","London","G6","[c]","[c]","[c]","[c]"
"In post","2022","Department for Education (excl. agencies)","Croydon","London","G7","10","10","54880","54400"
"In post","2022","Department for Education (excl. agencies)","Croydon","London","HEO","10","10","33260","32940"
"In post","2022","Department for Education (excl. agencies)","Croydon","London","SCS level","[c]","[c]","[c]","[c]"
"In post","2022","Department for Education (excl. agencies)","Croydon","London","SEO","10","10","[c]","[c]"
"In post","2022","Department for Education (excl. agencies)","Darlington","Outside London","AO","30","30","21280","21250"
"In post","2022","Department for Education (excl. agencies)","Darlington","Outside London","EO","95","85","25530","25000"
"In post","2022","Department for Education (excl. agencies)","Darlington","Outside London","G6","30","30","62390","61350"
"In post","2022","Department for Education (excl. agencies)","Darlington","Outside London","G7","125","120","50600","50080"
"In post","2022","Department for Education (excl. agencies)","Darlington","Outside London","HEO","135","130","30170","29730"
"In post","2022","Department for Education (excl. agencies)","Darlington","Outside London","SCS level","10","10","77980","74100"
"In post","2022","Department for Education (excl. agencies)","Darlington","Outside London","SEO","195","185","37880","36780"
"In post","2022","Department for Education (excl. agencies)","Derby","Outside London","G7","[c]","[c]","[c]","[c]"
"In post","2022","Department for Education (excl. agencies)","Devon CC","Outside London","G6","10","10","[c]","[c]"
"In post","2022","Department for Education (excl. agencies)","Devon CC","Outside London","G7","[c]","[c]","[c]","[c]"
"In post","2022","Department for Education (excl. agencies)","Devon CC","Outside London","SEO","[c]","[c]","[c]","[c]"
"In post","2022","Department for Education (excl. agencies)","Dorset","Outside London","G6","[c]","[c]","[c]","[c]"
"In post","2022","Department for Education (excl. agencies)","Dorset","Outside London","G7","[c]","[c]","[c]","[c]"
"In post","2022","Department for Education (excl. agencies)","Dudley","Outside London","G6","[c]","[c]","[c]","[c]"
"In post","2022","Department for Education (excl. agencies)","Durham","Outside London","G6","5","5","[c]","[c]"
"In post","2022","Department for Education (excl. agencies)","Durham","Outside London","G7","[c]","[c]","[c]","[c]"
"In post","2022","Department for Education (excl. agencies)","Ealing","London","G6","[c]","[c]","[c]","[c]"
"In post","2022","Department for Education (excl. agencies)","Ealing","London","G7","[c]","[c]","[c]","[c]"
"In post","2022","Department for Education (excl. agencies)","East Derbyshire","Outside London","G7","[c]","[c]","[c]","[c]"
"In post","2022","Department for Education (excl. agencies)","East Kent","Outside London","G6","[c]","[c]","[c]","[c]"
"In post","2022","Department for Education (excl. agencies)","East Kent","Outside London","G7","[c]","[c]","[c]","[c]"
"In post","2022","Department for Education (excl. agencies)","East Lancashire","Outside London","G7","[c]","[c]","[c]","[c]"
"In post","2022","Department for Education (excl. agencies)","East Riding of Yorkshire","Outside London","G6","[c]","[c]","[c]","[c]"
"In post","2022","Department for Education (excl. agencies)","East Riding of Yorkshire","Outside London","G7","[c]","[c]","[c]","[c]"
"In post","2022","Department for Education (excl. agencies)","East Riding of Yorkshire","Outside London","SEO","[c]","[c]","[c]","[c]"
"In post","2022","Department for Education (excl. agencies)","East Sussex CC","Outside London","G6","[c]","[c]","[c]","[c]"
"In post","2022","Department for Education (excl. agencies)","Enfield","London","G6","[c]","[c]","[c]","[c]"
"In post","2022","Department for Education (excl. agencies)","Enfield","London","G7","[c]","[c]","[c]","[c]"
"In post","2022","Department for Education (excl. agencies)","Essex Haven Gateway","Outside London","G6","[c]","[c]","[c]","[c]"
"In post","2022","Department for Education (excl. agencies)","Gloucestershire CC","Outside London","G6","[c]","[c]","[c]","[c]"
"In post","2022","Department for Education (excl. agencies)","Gloucestershire CC","Outside London","G7","[c]","[c]","[c]","[c]"
"In post","2022","Department for Education (excl. agencies)","Greater Manchester North East","Outside London","G6","[c]","[c]","[c]","[c]"
"In post","2022","Department for Education (excl. agencies)","Greater Manchester North East","Outside London","G7","[c]","[c]","[c]","[c]"
"In post","2022","Department for Education (excl. agencies)","Greater Manchester North West","Outside London","G7","[c]","[c]","[c]","[c]"
"In post","2022","Department for Education (excl. agencies)","Greater Manchester South East","Outside London","G6","[c]","[c]","[c]","[c]"
"In post","2022","Department for Education (excl. agencies)","Greater Manchester South East","Outside London","G7","[c]","[c]","[c]","[c]"
"In post","2022","Department for Education (excl. agencies)","Greater Manchester South West","Outside London","G6","5","5","[c]","[c]"
"In post","2022","Department for Education (excl. agencies)","Greater Manchester South West","Outside London","G7","[c]","[c]","[c]","[c]"
"In post","2022","Department for Education (excl. agencies)","Gwent Valleys","Outside London","G7","[c]","[c]","[c]","[c]"
"In post","2022","Department for Education (excl. agencies)","Gwynedd","Outside London","G6","[c]","[c]","[c]","[c]"
"In post","2022","Department for Education (excl. agencies)","Haringey and Islington","London","G7","[c]","[c]","[c]","[c]"
"In post","2022","Department for Education (excl. agencies)","Harrow and Hillingdon","London","G6","[c]","[c]","[c]","[c]"
"In post","2022","Department for Education (excl. agencies)","Heart of Essex","Outside London","G7","[c]","[c]","[c]","[c]"
"In post","2022","Department for Education (excl. agencies)","Hertfordshire CC","Outside London","EO","[c]","[c]","[c]","[c]"
"In post","2022","Department for Education (excl. agencies)","Hertfordshire CC","Outside London","G6","5","5","[c]","[c]"
"In post","2022","Department for Education (excl. agencies)","Hertfordshire CC","Outside London","G7","5","5","[c]","[c]"
"In post","2022","Department for Education (excl. agencies)","Hertfordshire CC","Outside London","HEO","10","10","33790","33460"
"In post","2022","Department for Education (excl. agencies)","Hertfordshire CC","Outside London","SCS level","[c]","[c]","[c]","[c]"
"In post","2022","Department for Education (excl. agencies)","Hertfordshire CC","Outside London","SEO","5","5","[c]","[c]"
"In post","2022","Department for Education (excl. agencies)","Hounslow and Richmond upon Thames","London","G6","[c]","[c]","[c]","[c]"
"In post","2022","Department for Education (excl. agencies)","Inverclyde, East Renfrewshire, and Renfrewshire","Outside London","EO","[c]","[c]","[c]","[c]"
"In post","2022","Department for Education (excl. agencies)","Kent Thames Gateway","Outside London","G6","[c]","[c]","[c]","[c]"
"In post","2022","Department for Education (excl. agencies)","Kingston upon Hull, City of","Outside London","G6","[c]","[c]","[c]","[c]"
"In post","2022","Department for Education (excl. agencies)","Lambeth","London","G6","[c]","[c]","[c]","[c]"
"In post","2022","Department for Education (excl. agencies)","Lambeth","London","G7","[c]","[c]","[c]","[c]"
"In post","2022","Department for Education (excl. agencies)","Lancaster and Wyre","Outside London","G7","[c]","[c]","[c]","[c]"
"In post","2022","Department for Education (excl. agencies)","Leeds","Outside London","EO","[c]","[c]","[c]","[c]"
"In post","2022","Department for Education (excl. agencies)","Leeds","Outside London","G6","5","5","[c]","[c]"
"In post","2022","Department for Education (excl. agencies)","Leeds","Outside London","G7","15","15","50410","49860"
"In post","2022","Department for Education (excl. agencies)","Leeds","Outside London","HEO","[c]","[c]","[c]","[c]"
"In post","2022","Department for Education (excl. agencies)","Leeds","Outside London","SCS level","[c]","[c]","[c]","[c]"
"In post","2022","Department for Education (excl. agencies)","Leeds","Outside London","SEO","15","15","38530","36500"
"In post","2022","Department for Education (excl. agencies)","Leicester","Outside London","G7","[c]","[c]","[c]","[c]"
"In post","2022","Department for Education (excl. agencies)","Leicester","Outside London","SEO","[c]","[c]","[c]","[c]"
"In post","2022","Department for Education (excl. agencies)","Leicestershire CC and Rutland","Outside London","G6","[c]","[c]","[c]","[c]"
"In post","2022","Department for Education (excl. agencies)","Leicestershire CC and Rutland","Outside London","G7","[c]","[c]","[c]","[c]"
"In post","2022","Department for Education (excl. agencies)","Lewisham and Southwark","London","EO","[c]","[c]","[c]","[c]"
"In post","2022","Department for Education (excl. agencies)","Lewisham and Southwark","London","G6","[c]","[c]","[c]","[c]"
"In post","2022","Department for Education (excl. agencies)","Lewisham and Southwark","London","G7","[c]","[c]","[c]","[c]"
"In post","2022","Department for Education (excl. agencies)","Lincolnshire CC","Outside London","G6","[c]","[c]","[c]","[c]"
"In post","2022","Department for Education (excl. agencies)","Lincolnshire CC","Outside London","G7","[c]","[c]","[c]","[c]"
"In post","2022","Department for Education (excl. agencies)","Lincolnshire CC","Outside London","HEO","[c]","[c]","[c]","[c]"
"In post","2022","Department for Education (excl. agencies)","Liverpool","Outside London","G6","[c]","[c]","[c]","[c]"
"In post","2022","Department for Education (excl. agencies)","Liverpool","Outside London","G7","[c]","[c]","[c]","[c]"
"In post","2022","Department for Education (excl. agencies)","Luton","Outside London","G7","[c]","[c]","[c]","[c]"
"In post","2022","Department for Education (excl. agencies)","Manchester","Outside London","AO","15","15","21270","21250"
"In post","2022","Department for Education (excl. agencies)","Manchester","Outside London","EO","125","125","25220","25000"
"In post","2022","Department for Education (excl. agencies)","Manchester","Outside London","G6","90","85","62230","61350"
"In post","2022","Department for Education (excl. agencies)","Manchester","Outside London","G7","250","240","50490","49860"
"In post","2022","Department for Education (excl. agencies)","Manchester","Outside London","HEO","225","220","30370","29360"
"In post","2022","Department for Education (excl. agencies)","Manchester","Outside London","SCS level","15","15","77520","74100"
"In post","2022","Department for Education (excl. agencies)","Manchester","Outside London","SEO","260","255","37590","36500"
"In post","2022","Department for Education (excl. agencies)","Medway","Outside London","G6","[c]","[c]","[c]","[c]"
"In post","2022","Department for Education (excl. agencies)","Merton, Kingston upon Thames and Sutton","London","G6","[c]","[c]","[c]","[c]"
"In post","2022","Department for Education (excl. agencies)","Merton, Kingston upon Thames and Sutton","London","G7","[c]","[c]","[c]","[c]"
"In post","2022","Department for Education (excl. agencies)","Merton, Kingston upon Thames and Sutton","London","SCS level","[c]","[c]","[c]","[c]"
"In post","2022","Department for Education (excl. agencies)","Mid Kent","Outside London","G6","[c]","[c]","[c]","[c]"
"In post","2022","Department for Education (excl. agencies)","Mid Lancashire","Outside London","G6","[c]","[c]","[c]","[c]"
"In post","2022","Department for Education (excl. agencies)","Mid Lancashire","Outside London","G7","[c]","[c]","[c]","[c]"
"In post","2022","Department for Education (excl. agencies)","North and North East Lincolnshire","Outside London","G6","[c]","[c]","[c]","[c]"
"In post","2022","Department for Education (excl. agencies)","North and North East Lincolnshire","Outside London","G7","[c]","[c]","[c]","[c]"
"In post","2022","Department for Education (excl. agencies)","North and West Norfolk","Outside London","G6","[c]","[c]","[c]","[c]"
"In post","2022","Department for Education (excl. agencies)","North Hampshire","Outside London","G6","[c]","[c]","[c]","[c]"
"In post","2022","Department for Education (excl. agencies)","North Yorkshire CC","Outside London","G6","[c]","[c]","[c]","[c]"
"In post","2022","Department for Education (excl. agencies)","Northumberland","Outside London","G6","[c]","[c]","[c]","[c]"
"In post","2022","Department for Education (excl. agencies)","Nottingham","Outside London","AO","[c]","[c]","[c]","[c]"
"In post","2022","Department for Education (excl. agencies)","Nottingham","Outside London","EO","35","35","26000","25500"
"In post","2022","Department for Education (excl. agencies)","Nottingham","Outside London","G6","20","20","62770","61680"
"In post","2022","Department for Education (excl. agencies)","Nottingham","Outside London","G7","70","70","50460","49860"
"In post","2022","Department for Education (excl. agencies)","Nottingham","Outside London","HEO","55","50","30430","29360"
"In post","2022","Department for Education (excl. agencies)","Nottingham","Outside London","SCS level","[c]","[c]","[c]","[c]"
"In post","2022","Department for Education (excl. agencies)","Nottingham","Outside London","SEO","80","75","38320","36870"
"In post","2022","Department for Education (excl. agencies)","Oxfordshire CC","Outside London","G6","[c]","[c]","[c]","[c]"
"In post","2022","Department for Education (excl. agencies)","Perth and Kinross, and Stirling","Outside London","G7","[c]","[c]","[c]","[c]"
"In post","2022","Department for Education (excl. agencies)","Portsmouth","Outside London","G7","[c]","[c]","[c]","[c]"
"In post","2022","Department for Education (excl. agencies)","Powys","Outside London","G6","[c]","[c]","[c]","[c]"
"In post","2022","Department for Education (excl. agencies)","Redbridge and Waltham Forest","London","EO","[c]","[c]","[c]","[c]"
"In post","2022","Department for Education (excl. agencies)","Redbridge and Waltham Forest","London","G6","[c]","[c]","[c]","[c]"
"In post","2022","Department for Education (excl. agencies)","Scottish Borders","Outside London","G6","[c]","[c]","[c]","[c]"
"In post","2022","Department for Education (excl. agencies)","Sefton","Outside London","G6","[c]","[c]","[c]","[c]"
"In post","2022","Department for Education (excl. agencies)","Sheffield","Outside London","AO","[c]","[c]","[c]","[c]"
"In post","2022","Department for Education (excl. agencies)","Sheffield","Outside London","EO","145","140","25420","25000"
"In post","2022","Department for Education (excl. agencies)","Sheffield","Outside London","G6","100","95","62180","61010"
"In post","2022","Department for Education (excl. agencies)","Sheffield","Outside London","G7","285","270","50850","50130"
"In post","2022","Department for Education (excl. agencies)","Sheffield","Outside London","HEO","265","250","30420","29730"
"In post","2022","Department for Education (excl. agencies)","Sheffield","Outside London","SCS level","25","25","75280","74100"
"In post","2022","Department for Education (excl. agencies)","Sheffield","Outside London","SEO","365","350","37950","36780"
"In post","2022","Department for Education (excl. agencies)","Shropshire","Outside London","G6","[c]","[c]","[c]","[c]"
"In post","2022","Department for Education (excl. agencies)","Solihull","Outside London","G7","[c]","[c]","[c]","[c]"
"In post","2022","Department for Education (excl. agencies)","Somerset CC","Outside London","G6","[c]","[c]","[c]","[c]"
"In post","2022","Department for Education (excl. agencies)","South and West Derbyshire","Outside London","G6","[c]","[c]","[c]","[c]"
"In post","2022","Department for Education (excl. agencies)","South and West Derbyshire","Outside London","G7","[c]","[c]","[c]","[c]"
"In post","2022","Department for Education (excl. agencies)","South Nottinghamshire","Outside London","G6","[c]","[c]","[c]","[c]"
"In post","2022","Department for Education (excl. agencies)","South Nottinghamshire","Outside London","G7","[c]","[c]","[c]","[c]"
"In post","2022","Department for Education (excl. agencies)","South Teesside","Outside London","HEO","[c]","[c]","[c]","[c]"
"In post","2022","Department for Education (excl. agencies)","South Teesside","Outside London","SEO","[c]","[c]","[c]","[c]"
"In post","2022","Department for Education (excl. agencies)","Staffordshire CC","Outside London","G6","[c]","[c]","[c]","[c]"
"In post","2022","Department for Education (excl. agencies)","Staffordshire CC","Outside London","G7","[c]","[c]","[c]","[c]"
"In post","2022","Department for Education (excl. agencies)","Suffolk CC","Outside London","G6","[c]","[c]","[c]","[c]"
"In post","2022","Department for Education (excl. agencies)","Suffolk CC","Outside London","G7","[c]","[c]","[c]","[c]"
"In post","2022","Department for Education (excl. agencies)","Swansea","Outside London","G6","[c]","[c]","[c]","[c]"
"In post","2022","Department for Education (excl. agencies)","Telford and Wrekin","Outside London","G6","[c]","[c]","[c]","[c]"
"In post","2022","Department for Education (excl. agencies)","Tower Hamlets","London","G6","[c]","[c]","[c]","[c]"
"In post","2022","Department for Education (excl. agencies)","Tyneside","Outside London","AO","[c]","[c]","[c]","[c]"
"In post","2022","Department for Education (excl. agencies)","Tyneside","Outside London","EO","10","10","25000","25000"
"In post","2022","Department for Education (excl. agencies)","Tyneside","Outside London","G6","5","5","[c]","[c]"
"In post","2022","Department for Education (excl. agencies)","Tyneside","Outside London","G7","25","25","51090","49860"
"In post","2022","Department for Education (excl. agencies)","Tyneside","Outside London","HEO","15","15","29950","29360"
"In post","2022","Department for Education (excl. agencies)","Tyneside","Outside London","SCS level","[c]","[c]","[c]","[c]"
"In post","2022","Department for Education (excl. agencies)","Tyneside","Outside London","SEO","20","20","37490","36500"
"In post","2022","Department for Education (excl. agencies)","Wakefield","Outside London","G7","[c]","[c]","[c]","[c]"
"In post","2022","Department for Education (excl. agencies)","Wandsworth","London","G6","[c]","[c]","[c]","[c]"
"In post","2022","Department for Education (excl. agencies)","Warrington","Outside London","G6","[c]","[c]","[c]","[c]"
"In post","2022","Department for Education (excl. agencies)","Warwickshire CC","Outside London","G6","[c]","[c]","[c]","[c]"
"In post","2022","Department for Education (excl. agencies)","Warwickshire CC","Outside London","G7","[c]","[c]","[c]","[c]"
"In post","2022","Department for Education (excl. agencies)","West Essex","Outside London","G6","[c]","[c]","[c]","[c]"
"In post","2022","Department for Education (excl. agencies)","West Kent","Outside London","G6","[c]","[c]","[c]","[c]"
"In post","2022","Department for Education (excl. agencies)","West Kent","Outside London","G7","[c]","[c]","[c]","[c]"
"In post","2022","Department for Education (excl. agencies)","West Surrey","Outside London","G6","5","5","[c]","[c]"
"In post","2022","Department for Education (excl. agencies)","West Surrey","Outside London","G7","[c]","[c]","[c]","[c]"
"In post","2022","Department for Education (excl. agencies)","West Sussex (North East)","Outside London","G6","[c]","[c]","[c]","[c]"
"In post","2022","Department for Education (excl. agencies)","West Sussex (North East)","Outside London","G7","[c]","[c]","[c]","[c]"
"In post","2022","Department for Education (excl. agencies)","West Sussex (South West)","Outside London","G6","[c]","[c]","[c]","[c]"
"In post","2022","Department for Education (excl. agencies)","Westminster","London","AO","25","25","24320","24250"
"In post","2022","Department for Education (excl. agencies)","Westminster","London","EO","185","180","29260","29500"
"In post","2022","Department for Education (excl. agencies)","Westminster","London","G6","320","305","66150","65070"
"In post","2022","Department for Education (excl. agencies)","Westminster","London","G7","595","570","54870","53760"
"In post","2022","Department for Education (excl. agencies)","Westminster","London","HEO","305","300","34320","33300"
"In post","2022","Department for Education (excl. agencies)","Westminster","London","SCS level","155","145","82280","74340"
"In post","2022","Department for Education (excl. agencies)","Westminster","London","SEO","425","410","41960","40510"
"In post","2022","Department for Education (excl. agencies)","Wiltshire","Outside London","G7","[c]","[c]","[c]","[c]"
"In post","2022","Department for Education (excl. agencies)","Wirral","Outside London","G6","[c]","[c]","[c]","[c]"
"In post","2022","Department for Education (excl. agencies)","Wirral","Outside London","G7","[c]","[c]","[c]","[c]"
"In post","2022","Department for Education (excl. agencies)","Wirral","Outside London","SCS level","[c]","[c]","[c]","[c]"
"In post","2022","Department for Education (excl. agencies)","Worcestershire CC","Outside London","G6","[c]","[c]","[c]","[c]"
"In post","2022","Department for Education (excl. agencies)","York","Outside London","G6","[c]","[c]","[c]","[c]"
"In post","2022","Department for Education (excl. agencies)","York","Outside London","G7","[c]","[c]","[c]","[c]"
"In post","2022","Department for Education (excl. agencies)","York","Outside London","HEO","[c]","[c]","[c]","[c]"
"In post","2022","Department for Environment, Food and Rural Affairs (excl. agencies)","Aberdeen City and Aberdeenshire","Outside London","SEO","[c]","[c]","[c]","[c]"
"In post","2022","Department for Environment, Food and Rural Affairs (excl. agencies)","Angus and Dundee City","Outside London","G6","[c]","[c]","[c]","[c]"
"In post","2022","Department for Environment, Food and Rural Affairs (excl. agencies)","Armagh City, Banbridge and Craigavon","Outside London","G7","[c]","[c]","[c]","[c]"
"In post","2022","Department for Environment, Food and Rural Affairs (excl. agencies)","Barnet","London","HEO","[c]","[c]","[c]","[c]"
"In post","2022","Department for Environment, Food and Rural Affairs (excl. agencies)","Barnsley, Doncaster and Rotherham","Outside London","AO","[c]","[c]","[c]","[c]"
"In post","2022","Department for Environment, Food and Rural Affairs (excl. agencies)","Barnsley, Doncaster and Rotherham","Outside London","EO","[c]","[c]","[c]","[c]"
"In post","2022","Department for Environment, Food and Rural Affairs (excl. agencies)","Barnsley, Doncaster and Rotherham","Outside London","G6","[c]","[c]","[c]","[c]"
"In post","2022","Department for Environment, Food and Rural Affairs (excl. agencies)","Barnsley, Doncaster and Rotherham","Outside London","G7","5","5","[c]","[c]"
"In post","2022","Department for Environment, Food and Rural Affairs (excl. agencies)","Barnsley, Doncaster and Rotherham","Outside London","HEO","[c]","[c]","[c]","[c]"
"In post","2022","Department for Environment, Food and Rural Affairs (excl. agencies)","Barnsley, Doncaster and Rotherham","Outside London","SEO","[c]","[c]","[c]","[c]"
"In post","2022","Department for Environment, Food and Rural Affairs (excl. agencies)","Bath and North East Somerset, North Somerset and South Gloucestershire","Outside London","G6","[c]","[c]","[c]","[c]"
"In post","2022","Department for Environment, Food and Rural Affairs (excl. agencies)","Bath and North East Somerset, North Somerset and South Gloucestershire","Outside London","G7","[c]","[c]","[c]","[c]"
"In post","2022","Department for Environment, Food and Rural Affairs (excl. agencies)","Bath and North East Somerset, North Somerset and South Gloucestershire","Outside London","HEO","[c]","[c]","[c]","[c]"
"In post","2022","Department for Environment, Food and Rural Affairs (excl. agencies)","Bath and North East Somerset, North Somerset and South Gloucestershire","Outside London","SEO","5","5","[c]","[c]"
"In post","2022","Department for Environment, Food and Rural Affairs (excl. agencies)","Bedford","Outside London","G6","[c]","[c]","[c]","[c]"
"In post","2022","Department for Environment, Food and Rural Affairs (excl. agencies)","Bedford","Outside London","G7","[c]","[c]","[c]","[c]"
"In post","2022","Department for Environment, Food and Rural Affairs (excl. agencies)","Belfast","Outside London","SEO","[c]","[c]","[c]","[c]"
"In post","2022","Department for Environment, Food and Rural Affairs (excl. agencies)","Berkshire","Outside London","AO","10","10","[c]","[c]"
"In post","2022","Department for Environment, Food and Rural Affairs (excl. agencies)","Berkshire","Outside London","EO","20","20","26180","25450"
"In post","2022","Department for Environment, Food and Rural Affairs (excl. agencies)","Berkshire","Outside London","G6","10","10","62420","60000"
"In post","2022","Department for Environment, Food and Rural Affairs (excl. agencies)","Berkshire","Outside London","G7","45","45","50610","49340"
"In post","2022","Department for Environment, Food and Rural Affairs (excl. agencies)","Berkshire","Outside London","HEO","35","30","30890","30300"
"In post","2022","Department for Environment, Food and Rural Affairs (excl. agencies)","Berkshire","Outside London","SCS level","[c]","[c]","[c]","[c]"
"In post","2022","Department for Environment, Food and Rural Affairs (excl. agencies)","Berkshire","Outside London","SEO","45","45","40360","37410"
"In post","2022","Department for Environment, Food and Rural Affairs (excl. agencies)","Bexley and Greenwich","London","G6","[c]","[c]","[c]","[c]"
"In post","2022","Department for Environment, Food and Rural Affairs (excl. agencies)","Bexley and Greenwich","London","G7","[c]","[c]","[c]","[c]"
"In post","2022","Department for Environment, Food and Rural Affairs (excl. agencies)","Bexley and Greenwich","London","SEO","[c]","[c]","[c]","[c]"
"In post","2022","Department for Environment, Food and Rural Affairs (excl. agencies)","Birmingham","Outside London","AO","[c]","[c]","[c]","[c]"
"In post","2022","Department for Environment, Food and Rural Affairs (excl. agencies)","Birmingham","Outside London","EO","10","10","[c]","[c]"
"In post","2022","Department for Environment, Food and Rural Affairs (excl. agencies)","Birmingham","Outside London","G6","5","5","[c]","[c]"
"In post","2022","Department for Environment, Food and Rural Affairs (excl. agencies)","Birmingham","Outside London","G7","15","15","50040","48990"
"In post","2022","Department for Environment, Food and Rural Affairs (excl. agencies)","Birmingham","Outside London","HEO","15","15","29660","29180"
"In post","2022","Department for Environment, Food and Rural Affairs (excl. agencies)","Birmingham","Outside London","SCS level","[c]","[c]","[c]","[c]"
"In post","2022","Department for Environment, Food and Rural Affairs (excl. agencies)","Birmingham","Outside London","SEO","30","30","36860","36700"
"In post","2022","Department for Environment, Food and Rural Affairs (excl. agencies)","Blackburn with Darwen","Outside London","G7","[c]","[c]","[c]","[c]"
"In post","2022","Department for Environment, Food and Rural Affairs (excl. agencies)","Bournemouth, Christchurch and Poole","Outside London","SEO","[c]","[c]","[c]","[c]"
"In post","2022","Department for Environment, Food and Rural Affairs (excl. agencies)","Bradford","Outside London","G6","[c]","[c]","[c]","[c]"
"In post","2022","Department for Environment, Food and Rural Affairs (excl. agencies)","Bradford","Outside London","G7","[c]","[c]","[c]","[c]"
"In post","2022","Department for Environment, Food and Rural Affairs (excl. agencies)","Breckland and South Norfolk","Outside London","HEO","[c]","[c]","[c]","[c]"
"In post","2022","Department for Environment, Food and Rural Affairs (excl. agencies)","Brighton and Hove","Outside London","G7","[c]","[c]","[c]","[c]"
"In post","2022","Department for Environment, Food and Rural Affairs (excl. agencies)","Bristol, City of","Outside London","AO","15","10","22080","21300"
"In post","2022","Department for Environment, Food and Rural Affairs (excl. agencies)","Bristol, City of","Outside London","EO","55","55","24550","24920"
"In post","2022","Department for Environment, Food and Rural Affairs (excl. agencies)","Bristol, City of","Outside London","G6","75","75","60020","59160"
"In post","2022","Department for Environment, Food and Rural Affairs (excl. agencies)","Bristol, City of","Outside London","G7","260","245","49580","48370"
"In post","2022","Department for Environment, Food and Rural Affairs (excl. agencies)","Bristol, City of","Outside London","HEO","220","210","30080","29180"
"In post","2022","Department for Environment, Food and Rural Affairs (excl. agencies)","Bristol, City of","Outside London","SCS level","10","10","82050","75610"
"In post","2022","Department for Environment, Food and Rural Affairs (excl. agencies)","Bristol, City of","Outside London","SEO","270","255","37360","36520"
"In post","2022","Department for Environment, Food and Rural Affairs (excl. agencies)","Calderdale and Kirklees","Outside London","G7","[c]","[c]","[c]","[c]"
"In post","2022","Department for Environment, Food and Rural Affairs (excl. agencies)","Cambridgeshire CC","Outside London","AO","[c]","[c]","[c]","[c]"
"In post","2022","Department for Environment, Food and Rural Affairs (excl. agencies)","Cambridgeshire CC","Outside London","EO","5","5","[c]","[c]"
"In post","2022","Department for Environment, Food and Rural Affairs (excl. agencies)","Cambridgeshire CC","Outside London","G6","[c]","[c]","[c]","[c]"
"In post","2022","Department for Environment, Food and Rural Affairs (excl. agencies)","Cambridgeshire CC","Outside London","G7","5","5","[c]","[c]"
"In post","2022","Department for Environment, Food and Rural Affairs (excl. agencies)","Cambridgeshire CC","Outside London","HEO","5","5","[c]","[c]"
"In post","2022","Department for Environment, Food and Rural Affairs (excl. agencies)","Cambridgeshire CC","Outside London","SEO","10","10","[c]","[c]"
"In post","2022","Department for Environment, Food and Rural Affairs (excl. agencies)","Camden and City of London","London","EO","[c]","[c]","[c]","[c]"
"In post","2022","Department for Environment, Food and Rural Affairs (excl. agencies)","Cardiff and Vale of Glamorgan","Outside London","G7","[c]","[c]","[c]","[c]"
"In post","2022","Department for Environment, Food and Rural Affairs (excl. agencies)","Cardiff and Vale of Glamorgan","Outside London","HEO","[c]","[c]","[c]","[c]"
"In post","2022","Department for Environment, Food and Rural Affairs (excl. agencies)","Cardiff and Vale of Glamorgan","Outside London","SEO","5","5","[c]","[c]"
"In post","2022","Department for Environment, Food and Rural Affairs (excl. agencies)","Central Bedfordshire","Outside London","SEO","[c]","[c]","[c]","[c]"
"In post","2022","Department for Environment, Food and Rural Affairs (excl. agencies)","Central Hampshire","Outside London","EO","[c]","[c]","[c]","[c]"
"In post","2022","Department for Environment, Food and Rural Affairs (excl. agencies)","Central Hampshire","Outside London","G7","5","5","[c]","[c]"
"In post","2022","Department for Environment, Food and Rural Affairs (excl. agencies)","Central Hampshire","Outside London","HEO","[c]","[c]","[c]","[c]"
"In post","2022","Department for Environment, Food and Rural Affairs (excl. agencies)","Central Hampshire","Outside London","SEO","5","5","[c]","[c]"
"In post","2022","Department for Environment, Food and Rural Affairs (excl. agencies)","Cheshire East","Outside London","EO","5","5","[c]","[c]"
"In post","2022","Department for Environment, Food and Rural Affairs (excl. agencies)","Cheshire East","Outside London","G6","5","5","[c]","[c]"
"In post","2022","Department for Environment, Food and Rural Affairs (excl. agencies)","Cheshire East","Outside London","G7","20","20","50790","49690"
"In post","2022","Department for Environment, Food and Rural Affairs (excl. agencies)","Cheshire East","Outside London","HEO","20","20","29950","29180"
"In post","2022","Department for Environment, Food and Rural Affairs (excl. agencies)","Cheshire East","Outside London","SCS level","5","5","[c]","[c]"
"In post","2022","Department for Environment, Food and Rural Affairs (excl. agencies)","Cheshire East","Outside London","SEO","10","10","37530","36050"
"In post","2022","Department for Environment, Food and Rural Affairs (excl. agencies)","Cheshire West and Chester","Outside London","HEO","[c]","[c]","[c]","[c]"
"In post","2022","Department for Environment, Food and Rural Affairs (excl. agencies)","Chorley and West Lancashire","Outside London","G7","[c]","[c]","[c]","[c]"
"In post","2022","Department for Environment, Food and Rural Affairs (excl. agencies)","Chorley and West Lancashire","Outside London","HEO","[c]","[c]","[c]","[c]"
"In post","2022","Department for Environment, Food and Rural Affairs (excl. agencies)","Chorley and West Lancashire","Outside London","SEO","[c]","[c]","[c]","[c]"
"In post","2022","Department for Environment, Food and Rural Affairs (excl. agencies)","City of Edinburgh","Outside London","G7","[c]","[c]","[c]","[c]"
"In post","2022","Department for Environment, Food and Rural Affairs (excl. agencies)","City of Edinburgh","Outside London","HEO","[c]","[c]","[c]","[c]"
"In post","2022","Department for Environment, Food and Rural Affairs (excl. agencies)","Conwy and Denbighshire","Outside London","G7","[c]","[c]","[c]","[c]"
"In post","2022","Department for Environment, Food and Rural Affairs (excl. agencies)","Cornwall and Isles of Scilly","Outside London","AO","[c]","[c]","[c]","[c]"
"In post","2022","Department for Environment, Food and Rural Affairs (excl. agencies)","Cornwall and Isles of Scilly","Outside London","EO","[c]","[c]","[c]","[c]"
"In post","2022","Department for Environment, Food and Rural Affairs (excl. agencies)","Cornwall and Isles of Scilly","Outside London","G6","[c]","[c]","[c]","[c]"
"In post","2022","Department for Environment, Food and Rural Affairs (excl. agencies)","Cornwall and Isles of Scilly","Outside London","G7","5","5","[c]","[c]"
"In post","2022","Department for Environment, Food and Rural Affairs (excl. agencies)","Cornwall and Isles of Scilly","Outside London","HEO","10","10","[c]","[c]"
"In post","2022","Department for Environment, Food and Rural Affairs (excl. agencies)","Cornwall and Isles of Scilly","Outside London","SEO","15","15","36780","36520"
"In post","2022","Department for Environment, Food and Rural Affairs (excl. agencies)","Coventry","Outside London","HEO","[c]","[c]","[c]","[c]"
"In post","2022","Department for Environment, Food and Rural Affairs (excl. agencies)","Coventry","Outside London","SEO","[c]","[c]","[c]","[c]"
"In post","2022","Department for Environment, Food and Rural Affairs (excl. agencies)","Croydon","London","SEO","[c]","[c]","[c]","[c]"
"In post","2022","Department for Environment, Food and Rural Affairs (excl. agencies)","Darlington","Outside London","AO","[c]","[c]","[c]","[c]"
"In post","2022","Department for Environment, Food and Rural Affairs (excl. agencies)","Darlington","Outside London","EO","[c]","[c]","[c]","[c]"
"In post","2022","Department for Environment, Food and Rural Affairs (excl. agencies)","Darlington","Outside London","G6","[c]","[c]","[c]","[c]"
"In post","2022","Department for Environment, Food and Rural Affairs (excl. agencies)","Darlington","Outside London","HEO","[c]","[c]","[c]","[c]"
"In post","2022","Department for Environment, Food and Rural Affairs (excl. agencies)","Darlington","Outside London","SEO","[c]","[c]","[c]","[c]"
"In post","2022","Department for Environment, Food and Rural Affairs (excl. agencies)","Devon CC","Outside London","AO","15","10","21620","21300"
"In post","2022","Department for Environment, Food and Rural Affairs (excl. agencies)","Devon CC","Outside London","EO","15","10","25350","25100"
"In post","2022","Department for Environment, Food and Rural Affairs (excl. agencies)","Devon CC","Outside London","G6","10","10","58620","58110"
"In post","2022","Department for Environment, Food and Rural Affairs (excl. agencies)","Devon CC","Outside London","G7","30","30","49500","48840"
"In post","2022","Department for Environment, Food and Rural Affairs (excl. agencies)","Devon CC","Outside London","HEO","25","25","29850","29910"
"In post","2022","Department for Environment, Food and Rural Affairs (excl. agencies)","Devon CC","Outside London","SCS level","[c]","[c]","[c]","[c]"
"In post","2022","Department for Environment, Food and Rural Affairs (excl. agencies)","Devon CC","Outside London","SEO","45","40","37150","36520"
"In post","2022","Department for Environment, Food and Rural Affairs (excl. agencies)","Dorset","Outside London","EO","[c]","[c]","[c]","[c]"
"In post","2022","Department for Environment, Food and Rural Affairs (excl. agencies)","Dorset","Outside London","G6","[c]","[c]","[c]","[c]"
"In post","2022","Department for Environment, Food and Rural Affairs (excl. agencies)","Dorset","Outside London","HEO","[c]","[c]","[c]","[c]"
"In post","2022","Department for Environment, Food and Rural Affairs (excl. agencies)","Dorset","Outside London","SEO","5","5","[c]","[c]"
"In post","2022","Department for Environment, Food and Rural Affairs (excl. agencies)","Dudley","Outside London","G7","[c]","[c]","[c]","[c]"
"In post","2022","Department for Environment, Food and Rural Affairs (excl. agencies)","Dudley","Outside London","SEO","[c]","[c]","[c]","[c]"
"In post","2022","Department for Environment, Food and Rural Affairs (excl. agencies)","Dumfries and Galloway","Outside London","G7","[c]","[c]","[c]","[c]"
"In post","2022","Department for Environment, Food and Rural Affairs (excl. agencies)","Dumfries and Galloway","Outside London","SEO","[c]","[c]","[c]","[c]"
"In post","2022","Department for Environment, Food and Rural Affairs (excl. agencies)","Durham","Outside London","G6","[c]","[c]","[c]","[c]"
"In post","2022","Department for Environment, Food and Rural Affairs (excl. agencies)","Durham","Outside London","G7","[c]","[c]","[c]","[c]"
"In post","2022","Department for Environment, Food and Rural Affairs (excl. agencies)","Durham","Outside London","SEO","[c]","[c]","[c]","[c]"
"In post","2022","Department for Environment, Food and Rural Affairs (excl. agencies)","Ealing","London","HEO","[c]","[c]","[c]","[c]"
"In post","2022","Department for Environment, Food and Rural Affairs (excl. agencies)","Ealing","London","SEO","[c]","[c]","[c]","[c]"
"In post","2022","Department for Environment, Food and Rural Affairs (excl. agencies)","East Cumbria","Outside London","AO","[c]","[c]","[c]","[c]"
"In post","2022","Department for Environment, Food and Rural Affairs (excl. agencies)","East Cumbria","Outside London","EO","10","10","[c]","[c]"
"In post","2022","Department for Environment, Food and Rural Affairs (excl. agencies)","East Cumbria","Outside London","G6","[c]","[c]","[c]","[c]"
"In post","2022","Department for Environment, Food and Rural Affairs (excl. agencies)","East Cumbria","Outside London","G7","10","10","[c]","[c]"
"In post","2022","Department for Environment, Food and Rural Affairs (excl. agencies)","East Cumbria","Outside London","HEO","10","10","[c]","[c]"
"In post","2022","Department for Environment, Food and Rural Affairs (excl. agencies)","East Cumbria","Outside London","SEO","10","10","37270","36600"
"In post","2022","Department for Environment, Food and Rural Affairs (excl. agencies)","East Derbyshire","Outside London","G6","[c]","[c]","[c]","[c]"
"In post","2022","Department for Environment, Food and Rural Affairs (excl. agencies)","East Derbyshire","Outside London","SEO","[c]","[c]","[c]","[c]"
"In post","2022","Department for Environment, Food and Rural Affairs (excl. agencies)","East Kent","Outside London","G6","[c]","[c]","[c]","[c]"
"In post","2022","Department for Environment, Food and Rural Affairs (excl. agencies)","East Kent","Outside London","G7","[c]","[c]","[c]","[c]"
"In post","2022","Department for Environment, Food and Rural Affairs (excl. agencies)","East Kent","Outside London","HEO","[c]","[c]","[c]","[c]"
"In post","2022","Department for Environment, Food and Rural Affairs (excl. agencies)","East Kent","Outside London","SEO","[c]","[c]","[c]","[c]"
"In post","2022","Department for Environment, Food and Rural Affairs (excl. agencies)","East Lancashire","Outside London","G7","[c]","[c]","[c]","[c]"
"In post","2022","Department for Environment, Food and Rural Affairs (excl. agencies)","East Merseyside","Outside London","SEO","[c]","[c]","[c]","[c]"
"In post","2022","Department for Environment, Food and Rural Affairs (excl. agencies)","East Riding of Yorkshire","Outside London","AO","[c]","[c]","[c]","[c]"
"In post","2022","Department for Environment, Food and Rural Affairs (excl. agencies)","East Riding of Yorkshire","Outside London","EO","[c]","[c]","[c]","[c]"
"In post","2022","Department for Environment, Food and Rural Affairs (excl. agencies)","East Riding of Yorkshire","Outside London","SEO","5","5","[c]","[c]"
"In post","2022","Department for Environment, Food and Rural Affairs (excl. agencies)","East Surrey","Outside London","G7","[c]","[c]","[c]","[c]"
"In post","2022","Department for Environment, Food and Rural Affairs (excl. agencies)","East Sussex CC","Outside London","EO","[c]","[c]","[c]","[c]"
"In post","2022","Department for Environment, Food and Rural Affairs (excl. agencies)","East Sussex CC","Outside London","G6","[c]","[c]","[c]","[c]"
"In post","2022","Department for Environment, Food and Rural Affairs (excl. agencies)","East Sussex CC","Outside London","HEO","[c]","[c]","[c]","[c]"
"In post","2022","Department for Environment, Food and Rural Affairs (excl. agencies)","Essex Haven Gateway","Outside London","AO","[c]","[c]","[c]","[c]"
"In post","2022","Department for Environment, Food and Rural Affairs (excl. agencies)","Essex Thames Gateway","Outside London","SEO","[c]","[c]","[c]","[c]"
"In post","2022","Department for Environment, Food and Rural Affairs (excl. agencies)","Falkirk","Outside London","G7","[c]","[c]","[c]","[c]"
"In post","2022","Department for Environment, Food and Rural Affairs (excl. agencies)","Fermanagh and Omagh","Outside London","G7","[c]","[c]","[c]","[c]"
"In post","2022","Department for Environment, Food and Rural Affairs (excl. agencies)","Flintshire and Wrexham","Outside London","SEO","[c]","[c]","[c]","[c]"
"In post","2022","Department for Environment, Food and Rural Affairs (excl. agencies)","Flintshire and Wrexham","Outside London","Unknown","[c]","[c]","[c]","[c]"
"In post","2022","Department for Environment, Food and Rural Affairs (excl. agencies)","Glasgow City","Outside London","G7","[c]","[c]","[c]","[c]"
"In post","2022","Department for Environment, Food and Rural Affairs (excl. agencies)","Glasgow City","Outside London","HEO","[c]","[c]","[c]","[c]"
"In post","2022","Department for Environment, Food and Rural Affairs (excl. agencies)","Gloucestershire CC","Outside London","AO","[c]","[c]","[c]","[c]"
"In post","2022","Department for Environment, Food and Rural Affairs (excl. agencies)","Gloucestershire CC","Outside London","EO","[c]","[c]","[c]","[c]"
"In post","2022","Department for Environment, Food and Rural Affairs (excl. agencies)","Gloucestershire CC","Outside London","G6","[c]","[c]","[c]","[c]"
"In post","2022","Department for Environment, Food and Rural Affairs (excl. agencies)","Gloucestershire CC","Outside London","G7","5","5","[c]","[c]"
"In post","2022","Department for Environment, Food and Rural Affairs (excl. agencies)","Gloucestershire CC","Outside London","HEO","[c]","[c]","[c]","[c]"
"In post","2022","Department for Environment, Food and Rural Affairs (excl. agencies)","Gloucestershire CC","Outside London","SEO","[c]","[c]","[c]","[c]"
"In post","2022","Department for Environment, Food and Rural Affairs (excl. agencies)","Greater Manchester North East","Outside London","EO","[c]","[c]","[c]","[c]"
"In post","2022","Department for Environment, Food and Rural Affairs (excl. agencies)","Greater Manchester North East","Outside London","G6","[c]","[c]","[c]","[c]"
"In post","2022","Department for Environment, Food and Rural Affairs (excl. agencies)","Greater Manchester North East","Outside London","HEO","[c]","[c]","[c]","[c]"
"In post","2022","Department for Environment, Food and Rural Affairs (excl. agencies)","Greater Manchester South East","Outside London","G6","[c]","[c]","[c]","[c]"
"In post","2022","Department for Environment, Food and Rural Affairs (excl. agencies)","Greater Manchester South West","Outside London","EO","[c]","[c]","[c]","[c]"
"In post","2022","Department for Environment, Food and Rural Affairs (excl. agencies)","Greater Manchester South West","Outside London","G6","[c]","[c]","[c]","[c]"
"In post","2022","Department for Environment, Food and Rural Affairs (excl. agencies)","Greater Manchester South West","Outside London","G7","[c]","[c]","[c]","[c]"
"In post","2022","Department for Environment, Food and Rural Affairs (excl. agencies)","Greater Manchester South West","Outside London","HEO","[c]","[c]","[c]","[c]"
"In post","2022","Department for Environment, Food and Rural Affairs (excl. agencies)","Greater Manchester South West","Outside London","SEO","[c]","[c]","[c]","[c]"
"In post","2022","Department for Environment, Food and Rural Affairs (excl. agencies)","Gwynedd","Outside London","SEO","[c]","[c]","[c]","[c]"
"In post","2022","Department for Environment, Food and Rural Affairs (excl. agencies)","Hackney and Newham","London","HEO","[c]","[c]","[c]","[c]"
"In post","2022","Department for Environment, Food and Rural Affairs (excl. agencies)","Haringey and Islington","London","HEO","[c]","[c]","[c]","[c]"
"In post","2022","Department for Environment, Food and Rural Affairs (excl. agencies)","Harrow and Hillingdon","London","SEO","[c]","[c]","[c]","[c]"
"In post","2022","Department for Environment, Food and Rural Affairs (excl. agencies)","Hartlepool and Stockton-on-Tees","Outside London","G7","[c]","[c]","[c]","[c]"
"In post","2022","Department for Environment, Food and Rural Affairs (excl. agencies)","Hartlepool and Stockton-on-Tees","Outside London","HEO","[c]","[c]","[c]","[c]"
"In post","2022","Department for Environment, Food and Rural Affairs (excl. agencies)","Heart of Essex","Outside London","EO","[c]","[c]","[c]","[c]"
"In post","2022","Department for Environment, Food and Rural Affairs (excl. agencies)","Heart of Essex","Outside London","HEO","[c]","[c]","[c]","[c]"
"In post","2022","Department for Environment, Food and Rural Affairs (excl. agencies)","Heart of Essex","Outside London","SEO","[c]","[c]","[c]","[c]"
"In post","2022","Department for Environment, Food and Rural Affairs (excl. agencies)","Herefordshire, County of","Outside London","HEO","[c]","[c]","[c]","[c]"
"In post","2022","Department for Environment, Food and Rural Affairs (excl. agencies)","Hertfordshire CC","Outside London","AO","[c]","[c]","[c]","[c]"
"In post","2022","Department for Environment, Food and Rural Affairs (excl. agencies)","Hertfordshire CC","Outside London","EO","5","5","[c]","[c]"
"In post","2022","Department for Environment, Food and Rural Affairs (excl. agencies)","Hertfordshire CC","Outside London","G6","[c]","[c]","[c]","[c]"
"In post","2022","Department for Environment, Food and Rural Affairs (excl. agencies)","Hertfordshire CC","Outside London","G7","[c]","[c]","[c]","[c]"
"In post","2022","Department for Environment, Food and Rural Affairs (excl. agencies)","Hertfordshire CC","Outside London","HEO","[c]","[c]","[c]","[c]"
"In post","2022","Department for Environment, Food and Rural Affairs (excl. agencies)","Hertfordshire CC","Outside London","SEO","[c]","[c]","[c]","[c]"
"In post","2022","Department for Environment, Food and Rural Affairs (excl. agencies)","Hounslow and Richmond upon Thames","London","G6","[c]","[c]","[c]","[c]"
"In post","2022","Department for Environment, Food and Rural Affairs (excl. agencies)","Hounslow and Richmond upon Thames","London","SEO","[c]","[c]","[c]","[c]"
"In post","2022","Department for Environment, Food and Rural Affairs (excl. agencies)","Inverness and Nairn, Moray, and Badenoch and Strathspey","Outside London","AO","[c]","[c]","[c]","[c]"
"In post","2022","Department for Environment, Food and Rural Affairs (excl. agencies)","Inverness and Nairn, Moray, and Badenoch and Strathspey","Outside London","EO","[c]","[c]","[c]","[c]"
"In post","2022","Department for Environment, Food and Rural Affairs (excl. agencies)","Inverness and Nairn, Moray, and Badenoch and Strathspey","Outside London","G7","[c]","[c]","[c]","[c]"
"In post","2022","Department for Environment, Food and Rural Affairs (excl. agencies)","Inverness and Nairn, Moray, and Badenoch and Strathspey","Outside London","HEO","5","5","[c]","[c]"
"In post","2022","Department for Environment, Food and Rural Affairs (excl. agencies)","Inverness and Nairn, Moray, and Badenoch and Strathspey","Outside London","SEO","[c]","[c]","[c]","[c]"
"In post","2022","Department for Environment, Food and Rural Affairs (excl. agencies)","Kent Thames Gateway","Outside London","HEO","[c]","[c]","[c]","[c]"
"In post","2022","Department for Environment, Food and Rural Affairs (excl. agencies)","Lancaster and Wyre","Outside London","G7","[c]","[c]","[c]","[c]"
"In post","2022","Department for Environment, Food and Rural Affairs (excl. agencies)","Lancaster and Wyre","Outside London","HEO","[c]","[c]","[c]","[c]"
"In post","2022","Department for Environment, Food and Rural Affairs (excl. agencies)","Leeds","Outside London","EO","10","10","[c]","[c]"
"In post","2022","Department for Environment, Food and Rural Affairs (excl. agencies)","Leeds","Outside London","G6","10","10","[c]","[c]"
"In post","2022","Department for Environment, Food and Rural Affairs (excl. agencies)","Leeds","Outside London","G7","20","15","49560","48420"
"In post","2022","Department for Environment, Food and Rural Affairs (excl. agencies)","Leeds","Outside London","HEO","15","15","29580","29280"
"In post","2022","Department for Environment, Food and Rural Affairs (excl. agencies)","Leeds","Outside London","SEO","40","40","38500","36970"
"In post","2022","Department for Environment, Food and Rural Affairs (excl. agencies)","Leeds","Outside London","Unknown","[c]","[c]","[c]","[c]"
"In post","2022","Department for Environment, Food and Rural Affairs (excl. agencies)","Leicester","Outside London","G7","[c]","[c]","[c]","[c]"
"In post","2022","Department for Environment, Food and Rural Affairs (excl. agencies)","Leicestershire CC and Rutland","Outside London","EO","[c]","[c]","[c]","[c]"
"In post","2022","Department for Environment, Food and Rural Affairs (excl. agencies)","Leicestershire CC and Rutland","Outside London","G7","[c]","[c]","[c]","[c]"
"In post","2022","Department for Environment, Food and Rural Affairs (excl. agencies)","Leicestershire CC and Rutland","Outside London","SEO","5","5","[c]","[c]"
"In post","2022","Department for Environment, Food and Rural Affairs (excl. agencies)","Lewisham and Southwark","London","HEO","[c]","[c]","[c]","[c]"
"In post","2022","Department for Environment, Food and Rural Affairs (excl. agencies)","Lincolnshire CC","Outside London","AO","[c]","[c]","[c]","[c]"
"In post","2022","Department for Environment, Food and Rural Affairs (excl. agencies)","Lincolnshire CC","Outside London","EO","[c]","[c]","[c]","[c]"
"In post","2022","Department for Environment, Food and Rural Affairs (excl. agencies)","Lincolnshire CC","Outside London","G6","[c]","[c]","[c]","[c]"
"In post","2022","Department for Environment, Food and Rural Affairs (excl. agencies)","Lincolnshire CC","Outside London","G7","5","5","[c]","[c]"
"In post","2022","Department for Environment, Food and Rural Affairs (excl. agencies)","Lincolnshire CC","Outside London","HEO","5","5","[c]","[c]"
"In post","2022","Department for Environment, Food and Rural Affairs (excl. agencies)","Lincolnshire CC","Outside London","SEO","10","10","38150","36630"
"In post","2022","Department for Environment, Food and Rural Affairs (excl. agencies)","Lisburn and Castlereagh","Outside London","G7","[c]","[c]","[c]","[c]"
"In post","2022","Department for Environment, Food and Rural Affairs (excl. agencies)","Liverpool","Outside London","EO","[c]","[c]","[c]","[c]"
"In post","2022","Department for Environment, Food and Rural Affairs (excl. agencies)","Liverpool","Outside London","HEO","[c]","[c]","[c]","[c]"
"In post","2022","Department for Environment, Food and Rural Affairs (excl. agencies)","Liverpool","Outside London","SEO","[c]","[c]","[c]","[c]"
"In post","2022","Department for Environment, Food and Rural Affairs (excl. agencies)","Lochaber, Skye and Lochalsh, Arran and Cumbrae, and Argyll and Bute","Outside London","G6","[c]","[c]","[c]","[c]"
"In post","2022","Department for Environment, Food and Rural Affairs (excl. agencies)","Manchester","Outside London","EO","[c]","[c]","[c]","[c]"
"In post","2022","Department for Environment, Food and Rural Affairs (excl. agencies)","Manchester","Outside London","G7","5","5","[c]","[c]"
"In post","2022","Department for Environment, Food and Rural Affairs (excl. agencies)","Manchester","Outside London","HEO","10","10","29200","29180"
"In post","2022","Department for Environment, Food and Rural Affairs (excl. agencies)","Manchester","Outside London","SEO","[c]","[c]","[c]","[c]"
"In post","2022","Department for Environment, Food and Rural Affairs (excl. agencies)","Merton, Kingston upon Thames and Sutton","London","SEO","[c]","[c]","[c]","[c]"
"In post","2022","Department for Environment, Food and Rural Affairs (excl. agencies)","Mid Kent","Outside London","G7","[c]","[c]","[c]","[c]"
"In post","2022","Department for Environment, Food and Rural Affairs (excl. agencies)","Mid Kent","Outside London","HEO","[c]","[c]","[c]","[c]"
"In post","2022","Department for Environment, Food and Rural Affairs (excl. agencies)","Mid Kent","Outside London","SCS level","[c]","[c]","[c]","[c]"
"In post","2022","Department for Environment, Food and Rural Affairs (excl. agencies)","Mid Kent","Outside London","SEO","[c]","[c]","[c]","[c]"
"In post","2022","Department for Environment, Food and Rural Affairs (excl. agencies)","Mid Kent","Outside London","Unknown","[c]","[c]","[c]","[c]"
"In post","2022","Department for Environment, Food and Rural Affairs (excl. agencies)","Mid Lancashire","Outside London","AO","[c]","[c]","[c]","[c]"
"In post","2022","Department for Environment, Food and Rural Affairs (excl. agencies)","Mid Lancashire","Outside London","EO","5","5","[c]","[c]"
"In post","2022","Department for Environment, Food and Rural Affairs (excl. agencies)","Mid Lancashire","Outside London","G6","[c]","[c]","[c]","[c]"
"In post","2022","Department for Environment, Food and Rural Affairs (excl. agencies)","Mid Lancashire","Outside London","G7","15","15","49100","48300"
"In post","2022","Department for Environment, Food and Rural Affairs (excl. agencies)","Mid Lancashire","Outside London","HEO","[c]","[c]","[c]","[c]"
"In post","2022","Department for Environment, Food and Rural Affairs (excl. agencies)","Mid Lancashire","Outside London","SCS level","[c]","[c]","[c]","[c]"
"In post","2022","Department for Environment, Food and Rural Affairs (excl. agencies)","Mid Lancashire","Outside London","SEO","10","10","[c]","[c]"
"In post","2022","Department for Environment, Food and Rural Affairs (excl. agencies)","Mid Lancashire","Outside London","Unknown","[c]","[c]","[c]","[c]"
"In post","2022","Department for Environment, Food and Rural Affairs (excl. agencies)","Monmouthshire and Newport","Outside London","EO","[c]","[c]","[c]","[c]"
"In post","2022","Department for Environment, Food and Rural Affairs (excl. agencies)","Monmouthshire and Newport","Outside London","G7","[c]","[c]","[c]","[c]"
"In post","2022","Department for Environment, Food and Rural Affairs (excl. agencies)","Monmouthshire and Newport","Outside London","SEO","[c]","[c]","[c]","[c]"
"In post","2022","Department for Environment, Food and Rural Affairs (excl. agencies)","Na h-Eileanan Siar","Outside London","SEO","[c]","[c]","[c]","[c]"
"In post","2022","Department for Environment, Food and Rural Affairs (excl. agencies)","North and North East Lincolnshire","Outside London","G7","[c]","[c]","[c]","[c]"
"In post","2022","Department for Environment, Food and Rural Affairs (excl. agencies)","North and North East Lincolnshire","Outside London","SEO","[c]","[c]","[c]","[c]"
"In post","2022","Department for Environment, Food and Rural Affairs (excl. agencies)","North and West Norfolk","Outside London","G7","[c]","[c]","[c]","[c]"
"In post","2022","Department for Environment, Food and Rural Affairs (excl. agencies)","North Hampshire","Outside London","HEO","[c]","[c]","[c]","[c]"
"In post","2022","Department for Environment, Food and Rural Affairs (excl. agencies)","North Lanarkshire","Outside London","EO","[c]","[c]","[c]","[c]"
"In post","2022","Department for Environment, Food and Rural Affairs (excl. agencies)","North Lanarkshire","Outside London","G7","[c]","[c]","[c]","[c]"
"In post","2022","Department for Environment, Food and Rural Affairs (excl. agencies)","North Lanarkshire","Outside London","HEO","[c]","[c]","[c]","[c]"
"In post","2022","Department for Environment, Food and Rural Affairs (excl. agencies)","North Northamptonshire","Outside London","EO","[c]","[c]","[c]","[c]"
"In post","2022","Department for Environment, Food and Rural Affairs (excl. agencies)","North Northamptonshire","Outside London","HEO","[c]","[c]","[c]","[c]"
"In post","2022","Department for Environment, Food and Rural Affairs (excl. agencies)","North Northamptonshire","Outside London","SEO","[c]","[c]","[c]","[c]"
"In post","2022","Department for Environment, Food and Rural Affairs (excl. agencies)","North Nottinghamshire","Outside London","EO","[c]","[c]","[c]","[c]"
"In post","2022","Department for Environment, Food and Rural Affairs (excl. agencies)","North Nottinghamshire","Outside London","G7","[c]","[c]","[c]","[c]"
"In post","2022","Department for Environment, Food and Rural Affairs (excl. agencies)","North Nottinghamshire","Outside London","HEO","[c]","[c]","[c]","[c]"
"In post","2022","Department for Environment, Food and Rural Affairs (excl. agencies)","North Yorkshire CC","Outside London","AO","[c]","[c]","[c]","[c]"
"In post","2022","Department for Environment, Food and Rural Affairs (excl. agencies)","North Yorkshire CC","Outside London","EO","5","5","[c]","[c]"
"In post","2022","Department for Environment, Food and Rural Affairs (excl. agencies)","North Yorkshire CC","Outside London","G6","5","5","[c]","[c]"
"In post","2022","Department for Environment, Food and Rural Affairs (excl. agencies)","North Yorkshire CC","Outside London","G7","15","15","49610","48920"
"In post","2022","Department for Environment, Food and Rural Affairs (excl. agencies)","North Yorkshire CC","Outside London","HEO","10","10","[c]","[c]"
"In post","2022","Department for Environment, Food and Rural Affairs (excl. agencies)","North Yorkshire CC","Outside London","SCS level","[c]","[c]","[c]","[c]"
"In post","2022","Department for Environment, Food and Rural Affairs (excl. agencies)","North Yorkshire CC","Outside London","SEO","10","10","37030","36790"
"In post","2022","Department for Environment, Food and Rural Affairs (excl. agencies)","Northumberland","Outside London","AO","[c]","[c]","[c]","[c]"
"In post","2022","Department for Environment, Food and Rural Affairs (excl. agencies)","Northumberland","Outside London","EO","5","5","[c]","[c]"
"In post","2022","Department for Environment, Food and Rural Affairs (excl. agencies)","Northumberland","Outside London","G6","[c]","[c]","[c]","[c]"
"In post","2022","Department for Environment, Food and Rural Affairs (excl. agencies)","Northumberland","Outside London","G7","[c]","[c]","[c]","[c]"
"In post","2022","Department for Environment, Food and Rural Affairs (excl. agencies)","Northumberland","Outside London","HEO","[c]","[c]","[c]","[c]"
"In post","2022","Department for Environment, Food and Rural Affairs (excl. agencies)","Northumberland","Outside London","SEO","[c]","[c]","[c]","[c]"
"In post","2022","Department for Environment, Food and Rural Affairs (excl. agencies)","Norwich and East Norfolk","Outside London","AO","[c]","[c]","[c]","[c]"
"In post","2022","Department for Environment, Food and Rural Affairs (excl. agencies)","Norwich and East Norfolk","Outside London","EO","[c]","[c]","[c]","[c]"
"In post","2022","Department for Environment, Food and Rural Affairs (excl. agencies)","Norwich and East Norfolk","Outside London","G6","[c]","[c]","[c]","[c]"
"In post","2022","Department for Environment, Food and Rural Affairs (excl. agencies)","Norwich and East Norfolk","Outside London","G7","10","5","[c]","[c]"
"In post","2022","Department for Environment, Food and Rural Affairs (excl. agencies)","Norwich and East Norfolk","Outside London","HEO","5","5","[c]","[c]"
"In post","2022","Department for Environment, Food and Rural Affairs (excl. agencies)","Norwich and East Norfolk","Outside London","SEO","10","10","[c]","[c]"
"In post","2022","Department for Environment, Food and Rural Affairs (excl. agencies)","Norwich and East Norfolk","Outside London","Unknown","[c]","[c]","[c]","[c]"
"In post","2022","Department for Environment, Food and Rural Affairs (excl. agencies)","Nottingham","Outside London","EO","[c]","[c]","[c]","[c]"
"In post","2022","Department for Environment, Food and Rural Affairs (excl. agencies)","Nottingham","Outside London","G6","[c]","[c]","[c]","[c]"
"In post","2022","Department for Environment, Food and Rural Affairs (excl. agencies)","Nottingham","Outside London","G7","[c]","[c]","[c]","[c]"
"In post","2022","Department for Environment, Food and Rural Affairs (excl. agencies)","Nottingham","Outside London","HEO","10","5","[c]","[c]"
"In post","2022","Department for Environment, Food and Rural Affairs (excl. agencies)","Nottingham","Outside London","SEO","5","5","[c]","[c]"
"In post","2022","Department for Environment, Food and Rural Affairs (excl. agencies)","Oxfordshire CC","Outside London","AO","[c]","[c]","[c]","[c]"
"In post","2022","Department for Environment, Food and Rural Affairs (excl. agencies)","Oxfordshire CC","Outside London","EO","[c]","[c]","[c]","[c]"
"In post","2022","Department for Environment, Food and Rural Affairs (excl. agencies)","Oxfordshire CC","Outside London","G6","[c]","[c]","[c]","[c]"
"In post","2022","Department for Environment, Food and Rural Affairs (excl. agencies)","Oxfordshire CC","Outside London","G7","[c]","[c]","[c]","[c]"
"In post","2022","Department for Environment, Food and Rural Affairs (excl. agencies)","Oxfordshire CC","Outside London","HEO","[c]","[c]","[c]","[c]"
"In post","2022","Department for Environment, Food and Rural Affairs (excl. agencies)","Oxfordshire CC","Outside London","SEO","[c]","[c]","[c]","[c]"
"In post","2022","Department for Environment, Food and Rural Affairs (excl. agencies)","Perth and Kinross, and Stirling","Outside London","G7","[c]","[c]","[c]","[c]"
"In post","2022","Department for Environment, Food and Rural Affairs (excl. agencies)","Perth and Kinross, and Stirling","Outside London","SEO","[c]","[c]","[c]","[c]"
"In post","2022","Department for Environment, Food and Rural Affairs (excl. agencies)","Peterborough","Outside London","EO","15","10","26650","26570"
"In post","2022","Department for Environment, Food and Rural Affairs (excl. agencies)","Peterborough","Outside London","G6","5","5","[c]","[c]"
"In post","2022","Department for Environment, Food and Rural Affairs (excl. agencies)","Peterborough","Outside London","G7","30","30","49000","48370"
"In post","2022","Department for Environment, Food and Rural Affairs (excl. agencies)","Peterborough","Outside London","HEO","25","25","30460","29970"
"In post","2022","Department for Environment, Food and Rural Affairs (excl. agencies)","Peterborough","Outside London","SCS level","[c]","[c]","[c]","[c]"
"In post","2022","Department for Environment, Food and Rural Affairs (excl. agencies)","Peterborough","Outside London","SEO","30","25","37460","36970"
"In post","2022","Department for Environment, Food and Rural Affairs (excl. agencies)","Peterborough","Outside London","Unknown","[c]","[c]","[c]","[c]"
"In post","2022","Department for Environment, Food and Rural Affairs (excl. agencies)","Plymouth","Outside London","EO","[c]","[c]","[c]","[c]"
"In post","2022","Department for Environment, Food and Rural Affairs (excl. agencies)","Plymouth","Outside London","G6","[c]","[c]","[c]","[c]"
"In post","2022","Department for Environment, Food and Rural Affairs (excl. agencies)","Plymouth","Outside London","G7","[c]","[c]","[c]","[c]"
"In post","2022","Department for Environment, Food and Rural Affairs (excl. agencies)","Plymouth","Outside London","HEO","[c]","[c]","[c]","[c]"
"In post","2022","Department for Environment, Food and Rural Affairs (excl. agencies)","Plymouth","Outside London","SEO","[c]","[c]","[c]","[c]"
"In post","2022","Department for Environment, Food and Rural Affairs (excl. agencies)","Portsmouth","Outside London","G7","[c]","[c]","[c]","[c]"
"In post","2022","Department for Environment, Food and Rural Affairs (excl. agencies)","Portsmouth","Outside London","SEO","[c]","[c]","[c]","[c]"
"In post","2022","Department for Environment, Food and Rural Affairs (excl. agencies)","Powys","Outside London","G7","[c]","[c]","[c]","[c]"
"In post","2022","Department for Environment, Food and Rural Affairs (excl. agencies)","Powys","Outside London","HEO","[c]","[c]","[c]","[c]"
"In post","2022","Department for Environment, Food and Rural Affairs (excl. agencies)","Powys","Outside London","SEO","[c]","[c]","[c]","[c]"
"In post","2022","Department for Environment, Food and Rural Affairs (excl. agencies)","Redbridge and Waltham Forest","London","G7","[c]","[c]","[c]","[c]"
"In post","2022","Department for Environment, Food and Rural Affairs (excl. agencies)","Scottish Borders","Outside London","EO","[c]","[c]","[c]","[c]"
"In post","2022","Department for Environment, Food and Rural Affairs (excl. agencies)","Scottish Borders","Outside London","HEO","[c]","[c]","[c]","[c]"
"In post","2022","Department for Environment, Food and Rural Affairs (excl. agencies)","Sefton","Outside London","EO","[c]","[c]","[c]","[c]"
"In post","2022","Department for Environment, Food and Rural Affairs (excl. agencies)","Sheffield","Outside London","AO","[c]","[c]","[c]","[c]"
"In post","2022","Department for Environment, Food and Rural Affairs (excl. agencies)","Sheffield","Outside London","EO","[c]","[c]","[c]","[c]"
"In post","2022","Department for Environment, Food and Rural Affairs (excl. agencies)","Sheffield","Outside London","G6","[c]","[c]","[c]","[c]"
"In post","2022","Department for Environment, Food and Rural Affairs (excl. agencies)","Sheffield","Outside London","G7","5","5","[c]","[c]"
"In post","2022","Department for Environment, Food and Rural Affairs (excl. agencies)","Sheffield","Outside London","HEO","5","5","[c]","[c]"
"In post","2022","Department for Environment, Food and Rural Affairs (excl. agencies)","Sheffield","Outside London","SCS level","[c]","[c]","[c]","[c]"
"In post","2022","Department for Environment, Food and Rural Affairs (excl. agencies)","Sheffield","Outside London","SEO","10","10","[c]","[c]"
"In post","2022","Department for Environment, Food and Rural Affairs (excl. agencies)","Shropshire","Outside London","AO","[c]","[c]","[c]","[c]"
"In post","2022","Department for Environment, Food and Rural Affairs (excl. agencies)","Shropshire","Outside London","EO","[c]","[c]","[c]","[c]"
"In post","2022","Department for Environment, Food and Rural Affairs (excl. agencies)","Shropshire","Outside London","G7","[c]","[c]","[c]","[c]"
"In post","2022","Department for Environment, Food and Rural Affairs (excl. agencies)","Shropshire","Outside London","HEO","[c]","[c]","[c]","[c]"
"In post","2022","Department for Environment, Food and Rural Affairs (excl. agencies)","Shropshire","Outside London","SEO","[c]","[c]","[c]","[c]"
"In post","2022","Department for Environment, Food and Rural Affairs (excl. agencies)","Solihull","Outside London","G7","[c]","[c]","[c]","[c]"
"In post","2022","Department for Environment, Food and Rural Affairs (excl. agencies)","Solihull","Outside London","HEO","[c]","[c]","[c]","[c]"
"In post","2022","Department for Environment, Food and Rural Affairs (excl. agencies)","Solihull","Outside London","SEO","[c]","[c]","[c]","[c]"
"In post","2022","Department for Environment, Food and Rural Affairs (excl. agencies)","Somerset CC","Outside London","AO","[c]","[c]","[c]","[c]"
"In post","2022","Department for Environment, Food and Rural Affairs (excl. agencies)","Somerset CC","Outside London","EO","[c]","[c]","[c]","[c]"
"In post","2022","Department for Environment, Food and Rural Affairs (excl. agencies)","Somerset CC","Outside London","G6","[c]","[c]","[c]","[c]"
"In post","2022","Department for Environment, Food and Rural Affairs (excl. agencies)","Somerset CC","Outside London","G7","10","10","50350","48990"
"In post","2022","Department for Environment, Food and Rural Affairs (excl. agencies)","Somerset CC","Outside London","HEO","5","5","[c]","[c]"
"In post","2022","Department for Environment, Food and Rural Affairs (excl. agencies)","Somerset CC","Outside London","SCS level","[c]","[c]","[c]","[c]"
"In post","2022","Department for Environment, Food and Rural Affairs (excl. agencies)","Somerset CC","Outside London","SEO","5","5","[c]","[c]"
"In post","2022","Department for Environment, Food and Rural Affairs (excl. agencies)","South and West Derbyshire","Outside London","G6","[c]","[c]","[c]","[c]"
"In post","2022","Department for Environment, Food and Rural Affairs (excl. agencies)","South and West Derbyshire","Outside London","G7","[c]","[c]","[c]","[c]"
"In post","2022","Department for Environment, Food and Rural Affairs (excl. agencies)","South and West Derbyshire","Outside London","HEO","[c]","[c]","[c]","[c]"
"In post","2022","Department for Environment, Food and Rural Affairs (excl. agencies)","South and West Derbyshire","Outside London","SEO","[c]","[c]","[c]","[c]"
"In post","2022","Department for Environment, Food and Rural Affairs (excl. agencies)","South Hampshire","Outside London","G7","[c]","[c]","[c]","[c]"
"In post","2022","Department for Environment, Food and Rural Affairs (excl. agencies)","South Hampshire","Outside London","HEO","[c]","[c]","[c]","[c]"
"In post","2022","Department for Environment, Food and Rural Affairs (excl. agencies)","South Hampshire","Outside London","SEO","[c]","[c]","[c]","[c]"
"In post","2022","Department for Environment, Food and Rural Affairs (excl. agencies)","South Lanarkshire","Outside London","G6","[c]","[c]","[c]","[c]"
"In post","2022","Department for Environment, Food and Rural Affairs (excl. agencies)","South Lanarkshire","Outside London","HEO","[c]","[c]","[c]","[c]"
"In post","2022","Department for Environment, Food and Rural Affairs (excl. agencies)","South Nottinghamshire","Outside London","AO","[c]","[c]","[c]","[c]"
"In post","2022","Department for Environment, Food and Rural Affairs (excl. agencies)","South Nottinghamshire","Outside London","EO","10","10","[c]","[c]"
"In post","2022","Department for Environment, Food and Rural Affairs (excl. agencies)","South Nottinghamshire","Outside London","G6","[c]","[c]","[c]","[c]"
"In post","2022","Department for Environment, Food and Rural Affairs (excl. agencies)","South Nottinghamshire","Outside London","G7","10","10","[c]","[c]"
"In post","2022","Department for Environment, Food and Rural Affairs (excl. agencies)","South Nottinghamshire","Outside London","HEO","15","15","29480","29180"
"In post","2022","Department for Environment, Food and Rural Affairs (excl. agencies)","South Nottinghamshire","Outside London","SCS level","[c]","[c]","[c]","[c]"
"In post","2022","Department for Environment, Food and Rural Affairs (excl. agencies)","South Nottinghamshire","Outside London","SEO","15","15","36380","35930"
"In post","2022","Department for Environment, Food and Rural Affairs (excl. agencies)","South West Wales","Outside London","AO","[c]","[c]","[c]","[c]"
"In post","2022","Department for Environment, Food and Rural Affairs (excl. agencies)","South West Wales","Outside London","EO","[c]","[c]","[c]","[c]"
"In post","2022","Department for Environment, Food and Rural Affairs (excl. agencies)","South West Wales","Outside London","G7","[c]","[c]","[c]","[c]"
"In post","2022","Department for Environment, Food and Rural Affairs (excl. agencies)","South West Wales","Outside London","HEO","5","5","[c]","[c]"
"In post","2022","Department for Environment, Food and Rural Affairs (excl. agencies)","South West Wales","Outside London","SEO","[c]","[c]","[c]","[c]"
"In post","2022","Department for Environment, Food and Rural Affairs (excl. agencies)","Southampton","Outside London","SEO","[c]","[c]","[c]","[c]"
"In post","2022","Department for Environment, Food and Rural Affairs (excl. agencies)","Southend-on-Sea","Outside London","SEO","[c]","[c]","[c]","[c]"
"In post","2022","Department for Environment, Food and Rural Affairs (excl. agencies)","Staffordshire CC","Outside London","AO","[c]","[c]","[c]","[c]"
"In post","2022","Department for Environment, Food and Rural Affairs (excl. agencies)","Staffordshire CC","Outside London","EO","[c]","[c]","[c]","[c]"
"In post","2022","Department for Environment, Food and Rural Affairs (excl. agencies)","Staffordshire CC","Outside London","G6","[c]","[c]","[c]","[c]"
"In post","2022","Department for Environment, Food and Rural Affairs (excl. agencies)","Staffordshire CC","Outside London","G7","10","10","50030","48990"
"In post","2022","Department for Environment, Food and Rural Affairs (excl. agencies)","Staffordshire CC","Outside London","HEO","5","5","[c]","[c]"
"In post","2022","Department for Environment, Food and Rural Affairs (excl. agencies)","Staffordshire CC","Outside London","SCS level","[c]","[c]","[c]","[c]"
"In post","2022","Department for Environment, Food and Rural Affairs (excl. agencies)","Staffordshire CC","Outside London","SEO","10","10","37390","37480"
"In post","2022","Department for Environment, Food and Rural Affairs (excl. agencies)","Suffolk CC","Outside London","AO","[c]","[c]","[c]","[c]"
"In post","2022","Department for Environment, Food and Rural Affairs (excl. agencies)","Suffolk CC","Outside London","EO","[c]","[c]","[c]","[c]"
"In post","2022","Department for Environment, Food and Rural Affairs (excl. agencies)","Suffolk CC","Outside London","G7","[c]","[c]","[c]","[c]"
"In post","2022","Department for Environment, Food and Rural Affairs (excl. agencies)","Suffolk CC","Outside London","HEO","[c]","[c]","[c]","[c]"
"In post","2022","Department for Environment, Food and Rural Affairs (excl. agencies)","Suffolk CC","Outside London","SEO","10","10","36940","36800"
"In post","2022","Department for Environment, Food and Rural Affairs (excl. agencies)","Sunderland","Outside London","SEO","[c]","[c]","[c]","[c]"
"In post","2022","Department for Environment, Food and Rural Affairs (excl. agencies)","Swansea","Outside London","HEO","[c]","[c]","[c]","[c]"
"In post","2022","Department for Environment, Food and Rural Affairs (excl. agencies)","Swansea","Outside London","SEO","[c]","[c]","[c]","[c]"
"In post","2022","Department for Environment, Food and Rural Affairs (excl. agencies)","Swindon","Outside London","G7","[c]","[c]","[c]","[c]"
"In post","2022","Department for Environment, Food and Rural Affairs (excl. agencies)","Telford and Wrekin","Outside London","EO","[c]","[c]","[c]","[c]"
"In post","2022","Department for Environment, Food and Rural Affairs (excl. agencies)","Telford and Wrekin","Outside London","G7","[c]","[c]","[c]","[c]"
"In post","2022","Department for Environment, Food and Rural Affairs (excl. agencies)","Telford and Wrekin","Outside London","SEO","[c]","[c]","[c]","[c]"
"In post","2022","Department for Environment, Food and Rural Affairs (excl. agencies)","Torbay","Outside London","G7","[c]","[c]","[c]","[c]"
"In post","2022","Department for Environment, Food and Rural Affairs (excl. agencies)","Torbay","Outside London","HEO","[c]","[c]","[c]","[c]"
"In post","2022","Department for Environment, Food and Rural Affairs (excl. agencies)","Tyneside","Outside London","AO","[c]","[c]","[c]","[c]"
"In post","2022","Department for Environment, Food and Rural Affairs (excl. agencies)","Tyneside","Outside London","EO","25","25","25430","25010"
"In post","2022","Department for Environment, Food and Rural Affairs (excl. agencies)","Tyneside","Outside London","G6","20","20","60030","58780"
"In post","2022","Department for Environment, Food and Rural Affairs (excl. agencies)","Tyneside","Outside London","G7","60","60","48890","47640"
"In post","2022","Department for Environment, Food and Rural Affairs (excl. agencies)","Tyneside","Outside London","HEO","70","65","30230","29690"
"In post","2022","Department for Environment, Food and Rural Affairs (excl. agencies)","Tyneside","Outside London","SCS level","5","5","[c]","[c]"
"In post","2022","Department for Environment, Food and Rural Affairs (excl. agencies)","Tyneside","Outside London","SEO","70","65","37250","36520"
"In post","2022","Department for Environment, Food and Rural Affairs (excl. agencies)","Unknown","Unknown","G7","[c]","[c]","[c]","[c]"
"In post","2022","Department for Environment, Food and Rural Affairs (excl. agencies)","Unknown","Unknown","Unknown","[c]","[c]","[c]","[c]"
"In post","2022","Department for Environment, Food and Rural Affairs (excl. agencies)","Wakefield","Outside London","EO","[c]","[c]","[c]","[c]"
"In post","2022","Department for Environment, Food and Rural Affairs (excl. agencies)","Wakefield","Outside London","SEO","[c]","[c]","[c]","[c]"
"In post","2022","Department for Environment, Food and Rural Affairs (excl. agencies)","Walsall","Outside London","G6","[c]","[c]","[c]","[c]"
"In post","2022","Department for Environment, Food and Rural Affairs (excl. agencies)","Warrington","Outside London","AO","[c]","[c]","[c]","[c]"
"In post","2022","Department for Environment, Food and Rural Affairs (excl. agencies)","Warrington","Outside London","EO","20","20","24230","24920"
"In post","2022","Department for Environment, Food and Rural Affairs (excl. agencies)","Warrington","Outside London","G6","15","15","60270","58890"
"In post","2022","Department for Environment, Food and Rural Affairs (excl. agencies)","Warrington","Outside London","G7","65","65","49830","48370"
"In post","2022","Department for Environment, Food and Rural Affairs (excl. agencies)","Warrington","Outside London","HEO","35","35","30110","29690"
"In post","2022","Department for Environment, Food and Rural Affairs (excl. agencies)","Warrington","Outside London","SCS level","[c]","[c]","[c]","[c]"
"In post","2022","Department for Environment, Food and Rural Affairs (excl. agencies)","Warrington","Outside London","SEO","40","35","37180","36850"
"In post","2022","Department for Environment, Food and Rural Affairs (excl. agencies)","Warwickshire CC","Outside London","EO","[c]","[c]","[c]","[c]"
"In post","2022","Department for Environment, Food and Rural Affairs (excl. agencies)","Warwickshire CC","Outside London","G7","[c]","[c]","[c]","[c]"
"In post","2022","Department for Environment, Food and Rural Affairs (excl. agencies)","West Cumbria","Outside London","AO","[c]","[c]","[c]","[c]"
"In post","2022","Department for Environment, Food and Rural Affairs (excl. agencies)","West Cumbria","Outside London","EO","10","10","25480","24920"
"In post","2022","Department for Environment, Food and Rural Affairs (excl. agencies)","West Cumbria","Outside London","G6","[c]","[c]","[c]","[c]"
"In post","2022","Department for Environment, Food and Rural Affairs (excl. agencies)","West Cumbria","Outside London","G7","5","5","[c]","[c]"
"In post","2022","Department for Environment, Food and Rural Affairs (excl. agencies)","West Cumbria","Outside London","HEO","10","10","29530","29180"
"In post","2022","Department for Environment, Food and Rural Affairs (excl. agencies)","West Cumbria","Outside London","SEO","10","10","[c]","[c]"
"In post","2022","Department for Environment, Food and Rural Affairs (excl. agencies)","West Kent","Outside London","AO","[c]","[c]","[c]","[c]"
"In post","2022","Department for Environment, Food and Rural Affairs (excl. agencies)","West Kent","Outside London","EO","[c]","[c]","[c]","[c]"
"In post","2022","Department for Environment, Food and Rural Affairs (excl. agencies)","West Kent","Outside London","G7","[c]","[c]","[c]","[c]"
"In post","2022","Department for Environment, Food and Rural Affairs (excl. agencies)","West Kent","Outside London","HEO","[c]","[c]","[c]","[c]"
"In post","2022","Department for Environment, Food and Rural Affairs (excl. agencies)","West Kent","Outside London","SEO","[c]","[c]","[c]","[c]"
"In post","2022","Department for Environment, Food and Rural Affairs (excl. agencies)","West Lothian","Outside London","G7","[c]","[c]","[c]","[c]"
"In post","2022","Department for Environment, Food and Rural Affairs (excl. agencies)","West Northamptonshire","Outside London","SEO","[c]","[c]","[c]","[c]"
"In post","2022","Department for Environment, Food and Rural Affairs (excl. agencies)","West Surrey","Outside London","AO","[c]","[c]","[c]","[c]"
"In post","2022","Department for Environment, Food and Rural Affairs (excl. agencies)","West Surrey","Outside London","EO","15","15","28470","28420"
"In post","2022","Department for Environment, Food and Rural Affairs (excl. agencies)","West Surrey","Outside London","G6","10","10","68640","68120"
"In post","2022","Department for Environment, Food and Rural Affairs (excl. agencies)","West Surrey","Outside London","G7","30","30","55260","53870"
"In post","2022","Department for Environment, Food and Rural Affairs (excl. agencies)","West Surrey","Outside London","HEO","15","15","33970","33510"
"In post","2022","Department for Environment, Food and Rural Affairs (excl. agencies)","West Surrey","Outside London","SCS level","5","5","[c]","[c]"
"In post","2022","Department for Environment, Food and Rural Affairs (excl. agencies)","West Surrey","Outside London","SEO","20","20","40570","39570"
"In post","2022","Department for Environment, Food and Rural Affairs (excl. agencies)","West Sussex (North East)","Outside London","G6","[c]","[c]","[c]","[c]"
"In post","2022","Department for Environment, Food and Rural Affairs (excl. agencies)","West Sussex (South West)","Outside London","AO","[c]","[c]","[c]","[c]"
"In post","2022","Department for Environment, Food and Rural Affairs (excl. agencies)","West Sussex (South West)","Outside London","EO","[c]","[c]","[c]","[c]"
"In post","2022","Department for Environment, Food and Rural Affairs (excl. agencies)","West Sussex (South West)","Outside London","G6","[c]","[c]","[c]","[c]"
"In post","2022","Department for Environment, Food and Rural Affairs (excl. agencies)","West Sussex (South West)","Outside London","G7","5","5","[c]","[c]"
"In post","2022","Department for Environment, Food and Rural Affairs (excl. agencies)","West Sussex (South West)","Outside London","HEO","5","5","[c]","[c]"
"In post","2022","Department for Environment, Food and Rural Affairs (excl. agencies)","West Sussex (South West)","Outside London","SCS level","[c]","[c]","[c]","[c]"
"In post","2022","Department for Environment, Food and Rural Affairs (excl. agencies)","West Sussex (South West)","Outside London","SEO","15","10","39150","36970"
"In post","2022","Department for Environment, Food and Rural Affairs (excl. agencies)","Westminster","London","AA","[c]","[c]","[c]","[c]"
"In post","2022","Department for Environment, Food and Rural Affairs (excl. agencies)","Westminster","London","AO","75","75","24390","24370"
"In post","2022","Department for Environment, Food and Rural Affairs (excl. agencies)","Westminster","London","EO","290","280","28240","28170"
"In post","2022","Department for Environment, Food and Rural Affairs (excl. agencies)","Westminster","London","G6","245","235","64970","64290"
"In post","2022","Department for Environment, Food and Rural Affairs (excl. agencies)","Westminster","London","G7","675","650","54340","53600"
"In post","2022","Department for Environment, Food and Rural Affairs (excl. agencies)","Westminster","London","HEO","735","725","33500","32560"
"In post","2022","Department for Environment, Food and Rural Affairs (excl. agencies)","Westminster","London","SCS level","135","130","83960","77160"
"In post","2022","Department for Environment, Food and Rural Affairs (excl. agencies)","Westminster","London","SEO","590","570","40570","39420"
"In post","2022","Department for Environment, Food and Rural Affairs (excl. agencies)","Westminster","London","Unknown","20","20","[c]","[c]"
"In post","2022","Department for Environment, Food and Rural Affairs (excl. agencies)","Wiltshire","Outside London","G6","[c]","[c]","[c]","[c]"
"In post","2022","Department for Environment, Food and Rural Affairs (excl. agencies)","Wiltshire","Outside London","G7","[c]","[c]","[c]","[c]"
"In post","2022","Department for Environment, Food and Rural Affairs (excl. agencies)","Wiltshire","Outside London","HEO","[c]","[c]","[c]","[c]"
"In post","2022","Department for Environment, Food and Rural Affairs (excl. agencies)","Wiltshire","Outside London","SEO","5","5","[c]","[c]"
"In post","2022","Department for Environment, Food and Rural Affairs (excl. agencies)","Wirral","Outside London","SEO","[c]","[c]","[c]","[c]"
"In post","2022","Department for Environment, Food and Rural Affairs (excl. agencies)","Wolverhampton","Outside London","HEO","[c]","[c]","[c]","[c]"
"In post","2022","Department for Environment, Food and Rural Affairs (excl. agencies)","Wolverhampton","Outside London","SEO","[c]","[c]","[c]","[c]"
"In post","2022","Department for Environment, Food and Rural Affairs (excl. agencies)","Worcestershire CC","Outside London","AO","[c]","[c]","[c]","[c]"
"In post","2022","Department for Environment, Food and Rural Affairs (excl. agencies)","Worcestershire CC","Outside London","EO","10","10","24820","25190"
"In post","2022","Department for Environment, Food and Rural Affairs (excl. agencies)","Worcestershire CC","Outside London","G6","15","15","62600","62200"
"In post","2022","Department for Environment, Food and Rural Affairs (excl. agencies)","Worcestershire CC","Outside London","G7","30","30","50040","48990"
"In post","2022","Department for Environment, Food and Rural Affairs (excl. agencies)","Worcestershire CC","Outside London","HEO","35","30","30200","29690"
"In post","2022","Department for Environment, Food and Rural Affairs (excl. agencies)","Worcestershire CC","Outside London","SCS level","5","5","[c]","[c]"
"In post","2022","Department for Environment, Food and Rural Affairs (excl. agencies)","Worcestershire CC","Outside London","SEO","40","40","39200","37360"
"In post","2022","Department for Environment, Food and Rural Affairs (excl. agencies)","York","Outside London","AO","10","10","20760","21300"
"In post","2022","Department for Environment, Food and Rural Affairs (excl. agencies)","York","Outside London","EO","40","40","25290","25100"
"In post","2022","Department for Environment, Food and Rural Affairs (excl. agencies)","York","Outside London","G6","35","35","60450","59370"
"In post","2022","Department for Environment, Food and Rural Affairs (excl. agencies)","York","Outside London","G7","145","145","49580","48370"
"In post","2022","Department for Environment, Food and Rural Affairs (excl. agencies)","York","Outside London","HEO","145","145","30640","29690"
"In post","2022","Department for Environment, Food and Rural Affairs (excl. agencies)","York","Outside London","SCS level","5","5","[c]","[c]"
"In post","2022","Department for Environment, Food and Rural Affairs (excl. agencies)","York","Outside London","SEO","160","155","37250","36520"
"In post","2022","Department for International Trade","Belfast","Outside London","G6","[c]","[c]","[c]","[c]"
"In post","2022","Department for International Trade","Belfast","Outside London","G7","[c]","[c]","[c]","[c]"
"In post","2022","Department for International Trade","Berkshire","Outside London","G7","[c]","[c]","[c]","[c]"
"In post","2022","Department for International Trade","Berkshire","Outside London","HEO","[c]","[c]","[c]","[c]"
"In post","2022","Department for International Trade","Berkshire","Outside London","SEO","[c]","[c]","[c]","[c]"
"In post","2022","Department for International Trade","Birmingham","Outside London","AO","[c]","[c]","[c]","[c]"
"In post","2022","Department for International Trade","Birmingham","Outside London","EO","[c]","[c]","[c]","[c]"
"In post","2022","Department for International Trade","Birmingham","Outside London","G6","[c]","[c]","[c]","[c]"
"In post","2022","Department for International Trade","Birmingham","Outside London","G7","10","10","[c]","[c]"
"In post","2022","Department for International Trade","Birmingham","Outside London","HEO","[c]","[c]","[c]","[c]"
"In post","2022","Department for International Trade","Birmingham","Outside London","SCS level","[c]","[c]","[c]","[c]"
"In post","2022","Department for International Trade","Birmingham","Outside London","SEO","[c]","[c]","[c]","[c]"
"In post","2022","Department for International Trade","Bristol, City of","Outside London","G6","[c]","[c]","[c]","[c]"
"In post","2022","Department for International Trade","Bristol, City of","Outside London","G7","[c]","[c]","[c]","[c]"
"In post","2022","Department for International Trade","Bristol, City of","Outside London","HEO","[c]","[c]","[c]","[c]"
"In post","2022","Department for International Trade","Bristol, City of","Outside London","SCS level","[c]","[c]","[c]","[c]"
"In post","2022","Department for International Trade","Bristol, City of","Outside London","SEO","[c]","[c]","[c]","[c]"
"In post","2022","Department for International Trade","Cambridgeshire CC","Outside London","EO","[c]","[c]","[c]","[c]"
"In post","2022","Department for International Trade","Cambridgeshire CC","Outside London","G7","[c]","[c]","[c]","[c]"
"In post","2022","Department for International Trade","Cambridgeshire CC","Outside London","HEO","[c]","[c]","[c]","[c]"
"In post","2022","Department for International Trade","Cambridgeshire CC","Outside London","SEO","[c]","[c]","[c]","[c]"
"In post","2022","Department for International Trade","Cardiff and Vale of Glamorgan","Outside London","EO","[c]","[c]","[c]","[c]"
"In post","2022","Department for International Trade","Cardiff and Vale of Glamorgan","Outside London","G6","[c]","[c]","[c]","[c]"
"In post","2022","Department for International Trade","Cardiff and Vale of Glamorgan","Outside London","G7","10","10","50490","48220"
"In post","2022","Department for International Trade","Cardiff and Vale of Glamorgan","Outside London","HEO","[c]","[c]","[c]","[c]"
"In post","2022","Department for International Trade","Cardiff and Vale of Glamorgan","Outside London","SCS level","[c]","[c]","[c]","[c]"
"In post","2022","Department for International Trade","Cardiff and Vale of Glamorgan","Outside London","SEO","[c]","[c]","[c]","[c]"
"In post","2022","Department for International Trade","City of Edinburgh","Outside London","EO","[c]","[c]","[c]","[c]"
"In post","2022","Department for International Trade","City of Edinburgh","Outside London","G6","[c]","[c]","[c]","[c]"
"In post","2022","Department for International Trade","City of Edinburgh","Outside London","G7","10","10","[c]","[c]"
"In post","2022","Department for International Trade","City of Edinburgh","Outside London","HEO","[c]","[c]","[c]","[c]"
"In post","2022","Department for International Trade","City of Edinburgh","Outside London","SCS level","[c]","[c]","[c]","[c]"
"In post","2022","Department for International Trade","City of Edinburgh","Outside London","SEO","[c]","[c]","[c]","[c]"
"In post","2022","Department for International Trade","Darlington","Outside London","EO","[c]","[c]","[c]","[c]"
"In post","2022","Department for International Trade","Darlington","Outside London","G6","[c]","[c]","[c]","[c]"
"In post","2022","Department for International Trade","Darlington","Outside London","G7","5","5","[c]","[c]"
"In post","2022","Department for International Trade","Darlington","Outside London","HEO","15","15","28880","28070"
"In post","2022","Department for International Trade","Darlington","Outside London","SCS level","[c]","[c]","[c]","[c]"
"In post","2022","Department for International Trade","Darlington","Outside London","SEO","5","5","[c]","[c]"
"In post","2022","Department for International Trade","Devon CC","Outside London","HEO","[c]","[c]","[c]","[c]"
"In post","2022","Department for International Trade","Glasgow City","Outside London","AO","[c]","[c]","[c]","[c]"
"In post","2022","Department for International Trade","Glasgow City","Outside London","EO","[c]","[c]","[c]","[c]"
"In post","2022","Department for International Trade","Glasgow City","Outside London","G6","[c]","[c]","[c]","[c]"
"In post","2022","Department for International Trade","Glasgow City","Outside London","G7","[c]","[c]","[c]","[c]"
"In post","2022","Department for International Trade","Glasgow City","Outside London","HEO","[c]","[c]","[c]","[c]"
"In post","2022","Department for International Trade","Glasgow City","Outside London","SEO","[c]","[c]","[c]","[c]"
"In post","2022","Department for International Trade","Hartlepool and Stockton-on-Tees","Outside London","EO","[c]","[c]","[c]","[c]"
"In post","2022","Department for International Trade","Hartlepool and Stockton-on-Tees","Outside London","G7","[c]","[c]","[c]","[c]"
"In post","2022","Department for International Trade","Hartlepool and Stockton-on-Tees","Outside London","HEO","[c]","[c]","[c]","[c]"
"In post","2022","Department for International Trade","Hartlepool and Stockton-on-Tees","Outside London","SEO","[c]","[c]","[c]","[c]"
"In post","2022","Department for International Trade","Leeds","Outside London","EO","[c]","[c]","[c]","[c]"
"In post","2022","Department for International Trade","Leeds","Outside London","G6","[c]","[c]","[c]","[c]"
"In post","2022","Department for International Trade","Leeds","Outside London","G7","[c]","[c]","[c]","[c]"
"In post","2022","Department for International Trade","Leeds","Outside London","HEO","5","5","[c]","[c]"
"In post","2022","Department for International Trade","Leeds","Outside London","SCS level","[c]","[c]","[c]","[c]"
"In post","2022","Department for International Trade","Leeds","Outside London","SEO","[c]","[c]","[c]","[c]"
"In post","2022","Department for International Trade","Manchester","Outside London","EO","[c]","[c]","[c]","[c]"
"In post","2022","Department for International Trade","Manchester","Outside London","G6","[c]","[c]","[c]","[c]"
"In post","2022","Department for International Trade","Manchester","Outside London","G7","5","5","[c]","[c]"
"In post","2022","Department for International Trade","Manchester","Outside London","HEO","[c]","[c]","[c]","[c]"
"In post","2022","Department for International Trade","Manchester","Outside London","SCS level","[c]","[c]","[c]","[c]"
"In post","2022","Department for International Trade","Manchester","Outside London","SEO","10","10","[c]","[c]"
"In post","2022","Department for International Trade","Nottingham","Outside London","EO","[c]","[c]","[c]","[c]"
"In post","2022","Department for International Trade","Nottingham","Outside London","G6","[c]","[c]","[c]","[c]"
"In post","2022","Department for International Trade","Nottingham","Outside London","G7","[c]","[c]","[c]","[c]"
"In post","2022","Department for International Trade","Nottingham","Outside London","HEO","[c]","[c]","[c]","[c]"
"In post","2022","Department for International Trade","Nottingham","Outside London","SEO","[c]","[c]","[c]","[c]"
"In post","2022","Department for International Trade","Overseas","Overseas","EO","[c]","[c]","[c]","[c]"
"In post","2022","Department for International Trade","Overseas","Overseas","G6","30","30","64550","63900"
"In post","2022","Department for International Trade","Overseas","Overseas","G7","70","70","53850","53160"
"In post","2022","Department for International Trade","Overseas","Overseas","HEO","20","20","33640","33780"
"In post","2022","Department for International Trade","Overseas","Overseas","SCS level","25","25","83630","75290"
"In post","2022","Department for International Trade","Overseas","Overseas","SEO","30","30","40050","39170"
"In post","2022","Department for International Trade","Tower Hamlets","London","SEO","[c]","[c]","[c]","[c]"
"In post","2022","Department for International Trade","Tyneside","Outside London","EO","[c]","[c]","[c]","[c]"
"In post","2022","Department for International Trade","Tyneside","Outside London","G6","[c]","[c]","[c]","[c]"
"In post","2022","Department for International Trade","Tyneside","Outside London","G7","[c]","[c]","[c]","[c]"
"In post","2022","Department for International Trade","Tyneside","Outside London","HEO","[c]","[c]","[c]","[c]"
"In post","2022","Department for International Trade","Tyneside","Outside London","SCS level","[c]","[c]","[c]","[c]"
"In post","2022","Department for International Trade","Tyneside","Outside London","SEO","[c]","[c]","[c]","[c]"
"In post","2022","Department for International Trade","West Surrey","Outside London","G6","[c]","[c]","[c]","[c]"
"In post","2022","Department for International Trade","West Surrey","Outside London","G7","[c]","[c]","[c]","[c]"
"In post","2022","Department for International Trade","West Surrey","Outside London","HEO","[c]","[c]","[c]","[c]"
"In post","2022","Department for International Trade","West Surrey","Outside London","SEO","[c]","[c]","[c]","[c]"
"In post","2022","Department for International Trade","Westminster","London","AO","25","25","25260","25140"
"In post","2022","Department for International Trade","Westminster","London","EO","250","250","27770","26510"
"In post","2022","Department for International Trade","Westminster","London","G6","255","255","64970","63180"
"In post","2022","Department for International Trade","Westminster","London","G7","720","710","53780","51970"
"In post","2022","Department for International Trade","Westminster","London","HEO","560","555","32960","31800"
"In post","2022","Department for International Trade","Westminster","London","SCS level","140","140","87490","77270"
"In post","2022","Department for International Trade","Westminster","London","SEO","550","545","40160","38540"
"In post","2022","Department for Levelling Up, Housing and Communities (excl. agencies)","Birmingham","Outside London","AO","[c]","[c]","[c]","[c]"
"In post","2022","Department for Levelling Up, Housing and Communities (excl. agencies)","Birmingham","Outside London","EO","10","10","25020","24830"
"In post","2022","Department for Levelling Up, Housing and Communities (excl. agencies)","Birmingham","Outside London","G6","5","5","[c]","[c]"
"In post","2022","Department for Levelling Up, Housing and Communities (excl. agencies)","Birmingham","Outside London","G7","35","35","49390","48200"
"In post","2022","Department for Levelling Up, Housing and Communities (excl. agencies)","Birmingham","Outside London","HEO","35","35","30940","30190"
"In post","2022","Department for Levelling Up, Housing and Communities (excl. agencies)","Birmingham","Outside London","SCS level","[c]","[c]","[c]","[c]"
"In post","2022","Department for Levelling Up, Housing and Communities (excl. agencies)","Birmingham","Outside London","SEO","25","25","37450","36340"
"In post","2022","Department for Levelling Up, Housing and Communities (excl. agencies)","Bristol, City of","Outside London","AO","[c]","[c]","[c]","[c]"
"In post","2022","Department for Levelling Up, Housing and Communities (excl. agencies)","Bristol, City of","Outside London","EO","10","10","[c]","[c]"
"In post","2022","Department for Levelling Up, Housing and Communities (excl. agencies)","Bristol, City of","Outside London","G6","10","5","[c]","[c]"
"In post","2022","Department for Levelling Up, Housing and Communities (excl. agencies)","Bristol, City of","Outside London","G7","35","35","48820","48200"
"In post","2022","Department for Levelling Up, Housing and Communities (excl. agencies)","Bristol, City of","Outside London","HEO","20","20","30620","30190"
"In post","2022","Department for Levelling Up, Housing and Communities (excl. agencies)","Bristol, City of","Outside London","SCS level","[c]","[c]","[c]","[c]"
"In post","2022","Department for Levelling Up, Housing and Communities (excl. agencies)","Bristol, City of","Outside London","SEO","20","20","37420","36340"
"In post","2022","Department for Levelling Up, Housing and Communities (excl. agencies)","Cambridgeshire CC","Outside London","G6","[c]","[c]","[c]","[c]"
"In post","2022","Department for Levelling Up, Housing and Communities (excl. agencies)","Cambridgeshire CC","Outside London","G7","5","5","[c]","[c]"
"In post","2022","Department for Levelling Up, Housing and Communities (excl. agencies)","Cambridgeshire CC","Outside London","HEO","15","10","31980","30870"
"In post","2022","Department for Levelling Up, Housing and Communities (excl. agencies)","Cambridgeshire CC","Outside London","SCS level","[c]","[c]","[c]","[c]"
"In post","2022","Department for Levelling Up, Housing and Communities (excl. agencies)","Cambridgeshire CC","Outside London","SEO","10","10","[c]","[c]"
"In post","2022","Department for Levelling Up, Housing and Communities (excl. agencies)","Cardiff and Vale of Glamorgan","Outside London","EO","[c]","[c]","[c]","[c]"
"In post","2022","Department for Levelling Up, Housing and Communities (excl. agencies)","Cardiff and Vale of Glamorgan","Outside London","G6","[c]","[c]","[c]","[c]"
"In post","2022","Department for Levelling Up, Housing and Communities (excl. agencies)","Cardiff and Vale of Glamorgan","Outside London","G7","10","10","[c]","[c]"
"In post","2022","Department for Levelling Up, Housing and Communities (excl. agencies)","Cardiff and Vale of Glamorgan","Outside London","HEO","[c]","[c]","[c]","[c]"
"In post","2022","Department for Levelling Up, Housing and Communities (excl. agencies)","Cardiff and Vale of Glamorgan","Outside London","SCS level","[c]","[c]","[c]","[c]"
"In post","2022","Department for Levelling Up, Housing and Communities (excl. agencies)","Cardiff and Vale of Glamorgan","Outside London","SEO","[c]","[c]","[c]","[c]"
"In post","2022","Department for Levelling Up, Housing and Communities (excl. agencies)","Cheshire East","Outside London","G6","[c]","[c]","[c]","[c]"
"In post","2022","Department for Levelling Up, Housing and Communities (excl. agencies)","City of Edinburgh","Outside London","EO","[c]","[c]","[c]","[c]"
"In post","2022","Department for Levelling Up, Housing and Communities (excl. agencies)","City of Edinburgh","Outside London","G6","[c]","[c]","[c]","[c]"
"In post","2022","Department for Levelling Up, Housing and Communities (excl. agencies)","City of Edinburgh","Outside London","G7","10","10","[c]","[c]"
"In post","2022","Department for Levelling Up, Housing and Communities (excl. agencies)","City of Edinburgh","Outside London","HEO","10","10","31350","31590"
"In post","2022","Department for Levelling Up, Housing and Communities (excl. agencies)","City of Edinburgh","Outside London","SCS level","[c]","[c]","[c]","[c]"
"In post","2022","Department for Levelling Up, Housing and Communities (excl. agencies)","City of Edinburgh","Outside London","SEO","5","5","[c]","[c]"
"In post","2022","Department for Levelling Up, Housing and Communities (excl. agencies)","Cornwall and Isles of Scilly","Outside London","G7","5","5","[c]","[c]"
"In post","2022","Department for Levelling Up, Housing and Communities (excl. agencies)","Cornwall and Isles of Scilly","Outside London","HEO","[c]","[c]","[c]","[c]"
"In post","2022","Department for Levelling Up, Housing and Communities (excl. agencies)","Cornwall and Isles of Scilly","Outside London","SCS level","[c]","[c]","[c]","[c]"
"In post","2022","Department for Levelling Up, Housing and Communities (excl. agencies)","Cornwall and Isles of Scilly","Outside London","SEO","5","5","[c]","[c]"
"In post","2022","Department for Levelling Up, Housing and Communities (excl. agencies)","Darlington","Outside London","EO","[c]","[c]","[c]","[c]"
"In post","2022","Department for Levelling Up, Housing and Communities (excl. agencies)","Darlington","Outside London","G6","5","5","[c]","[c]"
"In post","2022","Department for Levelling Up, Housing and Communities (excl. agencies)","Darlington","Outside London","G7","5","5","[c]","[c]"
"In post","2022","Department for Levelling Up, Housing and Communities (excl. agencies)","Darlington","Outside London","HEO","10","10","[c]","[c]"
"In post","2022","Department for Levelling Up, Housing and Communities (excl. agencies)","Darlington","Outside London","SCS level","[c]","[c]","[c]","[c]"
"In post","2022","Department for Levelling Up, Housing and Communities (excl. agencies)","Darlington","Outside London","SEO","[c]","[c]","[c]","[c]"
"In post","2022","Department for Levelling Up, Housing and Communities (excl. agencies)","Devon CC","Outside London","EO","[c]","[c]","[c]","[c]"
"In post","2022","Department for Levelling Up, Housing and Communities (excl. agencies)","Devon CC","Outside London","G6","[c]","[c]","[c]","[c]"
"In post","2022","Department for Levelling Up, Housing and Communities (excl. agencies)","Devon CC","Outside London","G7","[c]","[c]","[c]","[c]"
"In post","2022","Department for Levelling Up, Housing and Communities (excl. agencies)","Devon CC","Outside London","HEO","10","10","[c]","[c]"
"In post","2022","Department for Levelling Up, Housing and Communities (excl. agencies)","Devon CC","Outside London","SEO","10","10","38270","36370"
"In post","2022","Department for Levelling Up, Housing and Communities (excl. agencies)","Dorset","Outside London","SEO","[c]","[c]","[c]","[c]"
"In post","2022","Department for Levelling Up, Housing and Communities (excl. agencies)","East Riding of Yorkshire","Outside London","G6","[c]","[c]","[c]","[c]"
"In post","2022","Department for Levelling Up, Housing and Communities (excl. agencies)","East Riding of Yorkshire","Outside London","SEO","[c]","[c]","[c]","[c]"
"In post","2022","Department for Levelling Up, Housing and Communities (excl. agencies)","East Sussex CC","Outside London","AO","[c]","[c]","[c]","[c]"
"In post","2022","Department for Levelling Up, Housing and Communities (excl. agencies)","East Sussex CC","Outside London","EO","[c]","[c]","[c]","[c]"
"In post","2022","Department for Levelling Up, Housing and Communities (excl. agencies)","East Sussex CC","Outside London","G6","[c]","[c]","[c]","[c]"
"In post","2022","Department for Levelling Up, Housing and Communities (excl. agencies)","East Sussex CC","Outside London","G7","[c]","[c]","[c]","[c]"
"In post","2022","Department for Levelling Up, Housing and Communities (excl. agencies)","East Sussex CC","Outside London","HEO","[c]","[c]","[c]","[c]"
"In post","2022","Department for Levelling Up, Housing and Communities (excl. agencies)","East Sussex CC","Outside London","SEO","[c]","[c]","[c]","[c]"
"In post","2022","Department for Levelling Up, Housing and Communities (excl. agencies)","Glasgow City","Outside London","G7","[c]","[c]","[c]","[c]"
"In post","2022","Department for Levelling Up, Housing and Communities (excl. agencies)","Gloucestershire CC","Outside London","SEO","[c]","[c]","[c]","[c]"
"In post","2022","Department for Levelling Up, Housing and Communities (excl. agencies)","Hertfordshire CC","Outside London","AO","[c]","[c]","[c]","[c]"
"In post","2022","Department for Levelling Up, Housing and Communities (excl. agencies)","Hertfordshire CC","Outside London","EO","10","10","[c]","[c]"
"In post","2022","Department for Levelling Up, Housing and Communities (excl. agencies)","Hertfordshire CC","Outside London","G6","5","5","[c]","[c]"
"In post","2022","Department for Levelling Up, Housing and Communities (excl. agencies)","Hertfordshire CC","Outside London","G7","10","10","54790","53130"
"In post","2022","Department for Levelling Up, Housing and Communities (excl. agencies)","Hertfordshire CC","Outside London","HEO","10","10","35160","35780"
"In post","2022","Department for Levelling Up, Housing and Communities (excl. agencies)","Hertfordshire CC","Outside London","SEO","10","10","42360","41360"
"In post","2022","Department for Levelling Up, Housing and Communities (excl. agencies)","Leeds","Outside London","EO","5","5","[c]","[c]"
"In post","2022","Department for Levelling Up, Housing and Communities (excl. agencies)","Leeds","Outside London","G6","5","5","[c]","[c]"
"In post","2022","Department for Levelling Up, Housing and Communities (excl. agencies)","Leeds","Outside London","G7","20","15","49680","48200"
"In post","2022","Department for Levelling Up, Housing and Communities (excl. agencies)","Leeds","Outside London","HEO","20","20","31580","30850"
"In post","2022","Department for Levelling Up, Housing and Communities (excl. agencies)","Leeds","Outside London","SCS level","[c]","[c]","[c]","[c]"
"In post","2022","Department for Levelling Up, Housing and Communities (excl. agencies)","Leeds","Outside London","SEO","30","30","37330","37070"
"In post","2022","Department for Levelling Up, Housing and Communities (excl. agencies)","Manchester","Outside London","EO","5","5","[c]","[c]"
"In post","2022","Department for Levelling Up, Housing and Communities (excl. agencies)","Manchester","Outside London","G6","[c]","[c]","[c]","[c]"
"In post","2022","Department for Levelling Up, Housing and Communities (excl. agencies)","Manchester","Outside London","G7","25","25","49040","48200"
"In post","2022","Department for Levelling Up, Housing and Communities (excl. agencies)","Manchester","Outside London","HEO","20","20","30310","30190"
"In post","2022","Department for Levelling Up, Housing and Communities (excl. agencies)","Manchester","Outside London","SEO","20","20","36870","36340"
"In post","2022","Department for Levelling Up, Housing and Communities (excl. agencies)","Norwich and East Norfolk","Outside London","AO","10","5","[c]","[c]"
"In post","2022","Department for Levelling Up, Housing and Communities (excl. agencies)","Norwich and East Norfolk","Outside London","EO","5","5","[c]","[c]"
"In post","2022","Department for Levelling Up, Housing and Communities (excl. agencies)","Norwich and East Norfolk","Outside London","HEO","[c]","[c]","[c]","[c]"
"In post","2022","Department for Levelling Up, Housing and Communities (excl. agencies)","Nottingham","Outside London","EO","[c]","[c]","[c]","[c]"
"In post","2022","Department for Levelling Up, Housing and Communities (excl. agencies)","Nottingham","Outside London","G6","5","5","[c]","[c]"
"In post","2022","Department for Levelling Up, Housing and Communities (excl. agencies)","Nottingham","Outside London","G7","15","15","49780","48200"
"In post","2022","Department for Levelling Up, Housing and Communities (excl. agencies)","Nottingham","Outside London","HEO","10","10","[c]","[c]"
"In post","2022","Department for Levelling Up, Housing and Communities (excl. agencies)","Nottingham","Outside London","SEO","20","20","37240","36340"
"In post","2022","Department for Levelling Up, Housing and Communities (excl. agencies)","Plymouth","Outside London","EO","[c]","[c]","[c]","[c]"
"In post","2022","Department for Levelling Up, Housing and Communities (excl. agencies)","Plymouth","Outside London","G6","[c]","[c]","[c]","[c]"
"In post","2022","Department for Levelling Up, Housing and Communities (excl. agencies)","Plymouth","Outside London","G7","[c]","[c]","[c]","[c]"
"In post","2022","Department for Levelling Up, Housing and Communities (excl. agencies)","Plymouth","Outside London","HEO","5","5","[c]","[c]"
"In post","2022","Department for Levelling Up, Housing and Communities (excl. agencies)","Plymouth","Outside London","SEO","5","5","[c]","[c]"
"In post","2022","Department for Levelling Up, Housing and Communities (excl. agencies)","Sheffield","Outside London","EO","[c]","[c]","[c]","[c]"
"In post","2022","Department for Levelling Up, Housing and Communities (excl. agencies)","Sheffield","Outside London","G6","[c]","[c]","[c]","[c]"
"In post","2022","Department for Levelling Up, Housing and Communities (excl. agencies)","Sheffield","Outside London","G7","5","5","[c]","[c]"
"In post","2022","Department for Levelling Up, Housing and Communities (excl. agencies)","Sheffield","Outside London","HEO","5","5","[c]","[c]"
"In post","2022","Department for Levelling Up, Housing and Communities (excl. agencies)","Sheffield","Outside London","SCS level","[c]","[c]","[c]","[c]"
"In post","2022","Department for Levelling Up, Housing and Communities (excl. agencies)","Sheffield","Outside London","SEO","10","10","[c]","[c]"
"In post","2022","Department for Levelling Up, Housing and Communities (excl. agencies)","Tyneside","Outside London","AO","[c]","[c]","[c]","[c]"
"In post","2022","Department for Levelling Up, Housing and Communities (excl. agencies)","Tyneside","Outside London","EO","5","5","[c]","[c]"
"In post","2022","Department for Levelling Up, Housing and Communities (excl. agencies)","Tyneside","Outside London","G6","[c]","[c]","[c]","[c]"
"In post","2022","Department for Levelling Up, Housing and Communities (excl. agencies)","Tyneside","Outside London","G7","20","20","49810","48200"
"In post","2022","Department for Levelling Up, Housing and Communities (excl. agencies)","Tyneside","Outside London","HEO","15","10","31130","30190"
"In post","2022","Department for Levelling Up, Housing and Communities (excl. agencies)","Tyneside","Outside London","SCS level","[c]","[c]","[c]","[c]"
"In post","2022","Department for Levelling Up, Housing and Communities (excl. agencies)","Tyneside","Outside London","SEO","25","20","37070","36340"
"In post","2022","Department for Levelling Up, Housing and Communities (excl. agencies)","Unknown","Unknown","EO","[c]","[c]","[c]","[c]"
"In post","2022","Department for Levelling Up, Housing and Communities (excl. agencies)","Unknown","Unknown","G6","[c]","[c]","[c]","[c]"
"In post","2022","Department for Levelling Up, Housing and Communities (excl. agencies)","Unknown","Unknown","G7","[c]","[c]","[c]","[c]"
"In post","2022","Department for Levelling Up, Housing and Communities (excl. agencies)","Unknown","Unknown","HEO","[c]","[c]","[c]","[c]"
"In post","2022","Department for Levelling Up, Housing and Communities (excl. agencies)","Unknown","Unknown","SCS level","[c]","[c]","[c]","[c]"
"In post","2022","Department for Levelling Up, Housing and Communities (excl. agencies)","Unknown","Unknown","SEO","[c]","[c]","[c]","[c]"
"In post","2022","Department for Levelling Up, Housing and Communities (excl. agencies)","Warrington","Outside London","EO","5","5","[c]","[c]"
"In post","2022","Department for Levelling Up, Housing and Communities (excl. agencies)","Warrington","Outside London","G6","[c]","[c]","[c]","[c]"
"In post","2022","Department for Levelling Up, Housing and Communities (excl. agencies)","Warrington","Outside London","G7","10","10","50630","48200"
"In post","2022","Department for Levelling Up, Housing and Communities (excl. agencies)","Warrington","Outside London","HEO","20","20","30910","30190"
"In post","2022","Department for Levelling Up, Housing and Communities (excl. agencies)","Warrington","Outside London","SCS level","[c]","[c]","[c]","[c]"
"In post","2022","Department for Levelling Up, Housing and Communities (excl. agencies)","Warrington","Outside London","SEO","15","15","38030","36340"
"In post","2022","Department for Levelling Up, Housing and Communities (excl. agencies)","Westminster","London","AA","[c]","[c]","[c]","[c]"
"In post","2022","Department for Levelling Up, Housing and Communities (excl. agencies)","Westminster","London","AO","25","25","26870","26870"
"In post","2022","Department for Levelling Up, Housing and Communities (excl. agencies)","Westminster","London","EO","225","220","28880","27850"
"In post","2022","Department for Levelling Up, Housing and Communities (excl. agencies)","Westminster","London","G6","295","285","65330","64000"
"In post","2022","Department for Levelling Up, Housing and Communities (excl. agencies)","Westminster","London","G7","690","675","54440","53130"
"In post","2022","Department for Levelling Up, Housing and Communities (excl. agencies)","Westminster","London","HEO","445","440","33960","33210"
"In post","2022","Department for Levelling Up, Housing and Communities (excl. agencies)","Westminster","London","SCS level","155","150","85050","77000"
"In post","2022","Department for Levelling Up, Housing and Communities (excl. agencies)","Westminster","London","SEO","375","370","40740","39600"
"In post","2022","Department for Levelling Up, Housing and Communities (excl. agencies)","Wirral","Outside London","AO","10","10","23320","23320"
"In post","2022","Department for Levelling Up, Housing and Communities (excl. agencies)","Wirral","Outside London","EO","5","5","[c]","[c]"
"In post","2022","Department for Levelling Up, Housing and Communities (excl. agencies)","Wirral","Outside London","G6","5","5","[c]","[c]"
"In post","2022","Department for Levelling Up, Housing and Communities (excl. agencies)","Wirral","Outside London","G7","10","10","49890","48500"
"In post","2022","Department for Levelling Up, Housing and Communities (excl. agencies)","Wirral","Outside London","HEO","15","15","30660","30190"
"In post","2022","Department for Levelling Up, Housing and Communities (excl. agencies)","Wirral","Outside London","SEO","5","5","[c]","[c]"
"In post","2022","Department for Levelling Up, Housing and Communities (excl. agencies)","Wolverhampton","Outside London","AO","[c]","[c]","[c]","[c]"
"In post","2022","Department for Levelling Up, Housing and Communities (excl. agencies)","Wolverhampton","Outside London","EO","40","40","25010","24830"
"In post","2022","Department for Levelling Up, Housing and Communities (excl. agencies)","Wolverhampton","Outside London","G6","5","5","[c]","[c]"
"In post","2022","Department for Levelling Up, Housing and Communities (excl. agencies)","Wolverhampton","Outside London","G7","40","40","48620","48200"
"In post","2022","Department for Levelling Up, Housing and Communities (excl. agencies)","Wolverhampton","Outside London","HEO","75","75","30430","30190"
"In post","2022","Department for Levelling Up, Housing and Communities (excl. agencies)","Wolverhampton","Outside London","SCS level","[c]","[c]","[c]","[c]"
"In post","2022","Department for Levelling Up, Housing and Communities (excl. agencies)","Wolverhampton","Outside London","SEO","35","35","37410","36340"
"In post","2022","Department for Transport (excl. agencies)","Birmingham","Outside London","EO","30","30","25620","26130"
"In post","2022","Department for Transport (excl. agencies)","Birmingham","Outside London","G6","5","5","[c]","[c]"
"In post","2022","Department for Transport (excl. agencies)","Birmingham","Outside London","G7","30","30","49540","48770"
"In post","2022","Department for Transport (excl. agencies)","Birmingham","Outside London","HEO","45","45","30810","30730"
"In post","2022","Department for Transport (excl. agencies)","Birmingham","Outside London","SCS level","[c]","[c]","[c]","[c]"
"In post","2022","Department for Transport (excl. agencies)","Birmingham","Outside London","SEO","35","35","38480","38650"
"In post","2022","Department for Transport (excl. agencies)","Bristol, City of","Outside London","G6","[c]","[c]","[c]","[c]"
"In post","2022","Department for Transport (excl. agencies)","Bristol, City of","Outside London","G7","[c]","[c]","[c]","[c]"
"In post","2022","Department for Transport (excl. agencies)","Bristol, City of","Outside London","HEO","[c]","[c]","[c]","[c]"
"In post","2022","Department for Transport (excl. agencies)","Bristol, City of","Outside London","SEO","[c]","[c]","[c]","[c]"
"In post","2022","Department for Transport (excl. agencies)","Cambridgeshire CC","Outside London","G7","[c]","[c]","[c]","[c]"
"In post","2022","Department for Transport (excl. agencies)","City of Edinburgh","Outside London","G6","[c]","[c]","[c]","[c]"
"In post","2022","Department for Transport (excl. agencies)","City of Edinburgh","Outside London","SCS level","[c]","[c]","[c]","[c]"
"In post","2022","Department for Transport (excl. agencies)","Derby","Outside London","AO","[c]","[c]","[c]","[c]"
"In post","2022","Department for Transport (excl. agencies)","Derby","Outside London","EO","[c]","[c]","[c]","[c]"
"In post","2022","Department for Transport (excl. agencies)","Derby","Outside London","G6","[c]","[c]","[c]","[c]"
"In post","2022","Department for Transport (excl. agencies)","Derby","Outside London","G7","10","10","73780","77220"
"In post","2022","Department for Transport (excl. agencies)","Derby","Outside London","HEO","[c]","[c]","[c]","[c]"
"In post","2022","Department for Transport (excl. agencies)","Derby","Outside London","SCS level","[c]","[c]","[c]","[c]"
"In post","2022","Department for Transport (excl. agencies)","Derby","Outside London","SEO","[c]","[c]","[c]","[c]"
"In post","2022","Department for Transport (excl. agencies)","East Sussex CC","Outside London","AO","10","10","21840","21840"
"In post","2022","Department for Transport (excl. agencies)","East Sussex CC","Outside London","EO","30","25","26010","26350"
"In post","2022","Department for Transport (excl. agencies)","East Sussex CC","Outside London","G6","5","5","[c]","[c]"
"In post","2022","Department for Transport (excl. agencies)","East Sussex CC","Outside London","G7","10","10","51580","49300"
"In post","2022","Department for Transport (excl. agencies)","East Sussex CC","Outside London","HEO","35","30","31590","31040"
"In post","2022","Department for Transport (excl. agencies)","East Sussex CC","Outside London","SEO","35","30","39670","39470"
"In post","2022","Department for Transport (excl. agencies)","Leeds","Outside London","EO","25","25","24900","26130"
"In post","2022","Department for Transport (excl. agencies)","Leeds","Outside London","G6","5","5","[c]","[c]"
"In post","2022","Department for Transport (excl. agencies)","Leeds","Outside London","G7","40","40","49450","48770"
"In post","2022","Department for Transport (excl. agencies)","Leeds","Outside London","HEO","35","35","30850","30730"
"In post","2022","Department for Transport (excl. agencies)","Leeds","Outside London","SCS level","[c]","[c]","[c]","[c]"
"In post","2022","Department for Transport (excl. agencies)","Leeds","Outside London","SEO","30","30","38920","38650"
"In post","2022","Department for Transport (excl. agencies)","Lewisham and Southwark","London","AO","75","60","33050","33390"
"In post","2022","Department for Transport (excl. agencies)","Lewisham and Southwark","London","EO","5","5","[c]","[c]"
"In post","2022","Department for Transport (excl. agencies)","Lewisham and Southwark","London","G7","[c]","[c]","[c]","[c]"
"In post","2022","Department for Transport (excl. agencies)","Lewisham and Southwark","London","HEO","[c]","[c]","[c]","[c]"
"In post","2022","Department for Transport (excl. agencies)","North Hampshire","Outside London","AO","5","5","[c]","[c]"
"In post","2022","Department for Transport (excl. agencies)","North Hampshire","Outside London","EO","10","10","26580","26740"
"In post","2022","Department for Transport (excl. agencies)","North Hampshire","Outside London","G6","10","10","89810","92850"
"In post","2022","Department for Transport (excl. agencies)","North Hampshire","Outside London","G7","40","40","77420","78200"
"In post","2022","Department for Transport (excl. agencies)","North Hampshire","Outside London","HEO","5","5","[c]","[c]"
"In post","2022","Department for Transport (excl. agencies)","North Hampshire","Outside London","SCS level","[c]","[c]","[c]","[c]"
"In post","2022","Department for Transport (excl. agencies)","North Hampshire","Outside London","SEO","[c]","[c]","[c]","[c]"
"In post","2022","Department for Transport (excl. agencies)","Nottingham","Outside London","G7","[c]","[c]","[c]","[c]"
"In post","2022","Department for Transport (excl. agencies)","Overseas","Overseas","G7","[c]","[c]","[c]","[c]"
"In post","2022","Department for Transport (excl. agencies)","Overseas","Overseas","SEO","[c]","[c]","[c]","[c]"
"In post","2022","Department for Transport (excl. agencies)","Sefton","Outside London","G7","[c]","[c]","[c]","[c]"
"In post","2022","Department for Transport (excl. agencies)","Southampton","Outside London","AO","[c]","[c]","[c]","[c]"
"In post","2022","Department for Transport (excl. agencies)","Southampton","Outside London","EO","5","5","[c]","[c]"
"In post","2022","Department for Transport (excl. agencies)","Southampton","Outside London","G6","5","5","[c]","[c]"
"In post","2022","Department for Transport (excl. agencies)","Southampton","Outside London","G7","15","15","74970","75640"
"In post","2022","Department for Transport (excl. agencies)","Southampton","Outside London","HEO","5","5","[c]","[c]"
"In post","2022","Department for Transport (excl. agencies)","Southampton","Outside London","SCS level","[c]","[c]","[c]","[c]"
"In post","2022","Department for Transport (excl. agencies)","Southampton","Outside London","SEO","[c]","[c]","[c]","[c]"
"In post","2022","Department for Transport (excl. agencies)","Swansea","Outside London","AO","[c]","[c]","[c]","[c]"
"In post","2022","Department for Transport (excl. agencies)","Swansea","Outside London","EO","5","5","[c]","[c]"
"In post","2022","Department for Transport (excl. agencies)","Swansea","Outside London","G6","5","5","[c]","[c]"
"In post","2022","Department for Transport (excl. agencies)","Swansea","Outside London","G7","15","15","49440","49240"
"In post","2022","Department for Transport (excl. agencies)","Swansea","Outside London","HEO","10","10","31740","31040"
"In post","2022","Department for Transport (excl. agencies)","Swansea","Outside London","SCS level","[c]","[c]","[c]","[c]"
"In post","2022","Department for Transport (excl. agencies)","Swansea","Outside London","SEO","10","10","38160","38650"
"In post","2022","Department for Transport (excl. agencies)","Tyneside","Outside London","AO","5","5","[c]","[c]"
"In post","2022","Department for Transport (excl. agencies)","Tyneside","Outside London","EO","5","5","[c]","[c]"
"In post","2022","Department for Transport (excl. agencies)","Tyneside","Outside London","HEO","[c]","[c]","[c]","[c]"
"In post","2022","Department for Transport (excl. agencies)","Tyneside","Outside London","SEO","[c]","[c]","[c]","[c]"
"In post","2022","Department for Transport (excl. agencies)","West Surrey","Outside London","G6","[c]","[c]","[c]","[c]"
"In post","2022","Department for Transport (excl. agencies)","West Surrey","Outside London","G7","[c]","[c]","[c]","[c]"
"In post","2022","Department for Transport (excl. agencies)","West Surrey","Outside London","SEO","[c]","[c]","[c]","[c]"
"In post","2022","Department for Transport (excl. agencies)","Westminster","London","AA","[c]","[c]","[c]","[c]"
"In post","2022","Department for Transport (excl. agencies)","Westminster","London","AO","30","30","25570","25730"
"In post","2022","Department for Transport (excl. agencies)","Westminster","London","EO","250","250","29860","30270"
"In post","2022","Department for Transport (excl. agencies)","Westminster","London","G6","410","400","66570","66090"
"In post","2022","Department for Transport (excl. agencies)","Westminster","London","G7","815","795","55250","54650"
"In post","2022","Department for Transport (excl. agencies)","Westminster","London","HEO","575","565","35000","34710"
"In post","2022","Department for Transport (excl. agencies)","Westminster","London","SCS level","220","210","87300","79000"
"In post","2022","Department for Transport (excl. agencies)","Westminster","London","SEO","625","615","43020","42470"
"In post","2022","Department for Transport (excl. agencies)","York","Outside London","HEO","[c]","[c]","[c]","[c]"
"In post","2022","Department for Work and Pensions (excl. agencies)","Aberdeen City and Aberdeenshire","Outside London","AO","60","50","20820","21260"
"In post","2022","Department for Work and Pensions (excl. agencies)","Aberdeen City and Aberdeenshire","Outside London","EO","190","170","27590","27570"
"In post","2022","Department for Work and Pensions (excl. agencies)","Aberdeen City and Aberdeenshire","Outside London","G6","[c]","[c]","[c]","[c]"
"In post","2022","Department for Work and Pensions (excl. agencies)","Aberdeen City and Aberdeenshire","Outside London","G7","[c]","[c]","[c]","[c]"
"In post","2022","Department for Work and Pensions (excl. agencies)","Aberdeen City and Aberdeenshire","Outside London","HEO","10","10","32370","31990"
"In post","2022","Department for Work and Pensions (excl. agencies)","Aberdeen City and Aberdeenshire","Outside London","SEO","[c]","[c]","[c]","[c]"
"In post","2022","Department for Work and Pensions (excl. agencies)","Angus and Dundee City","Outside London","AO","540","500","21180","21260"
"In post","2022","Department for Work and Pensions (excl. agencies)","Angus and Dundee City","Outside London","EO","300","265","27520","27570"
"In post","2022","Department for Work and Pensions (excl. agencies)","Angus and Dundee City","Outside London","G6","[c]","[c]","[c]","[c]"
"In post","2022","Department for Work and Pensions (excl. agencies)","Angus and Dundee City","Outside London","G7","5","5","[c]","[c]"
"In post","2022","Department for Work and Pensions (excl. agencies)","Angus and Dundee City","Outside London","HEO","35","30","32570","31990"
"In post","2022","Department for Work and Pensions (excl. agencies)","Angus and Dundee City","Outside London","SEO","10","10","[c]","[c]"
"In post","2022","Department for Work and Pensions (excl. agencies)","Barking & Dagenham and Havering","London","AO","55","45","24590","25110"
"In post","2022","Department for Work and Pensions (excl. agencies)","Barking & Dagenham and Havering","London","EO","395","360","31080","31060"
"In post","2022","Department for Work and Pensions (excl. agencies)","Barking & Dagenham and Havering","London","G6","[c]","[c]","[c]","[c]"
"In post","2022","Department for Work and Pensions (excl. agencies)","Barking & Dagenham and Havering","London","G7","[c]","[c]","[c]","[c]"
"In post","2022","Department for Work and Pensions (excl. agencies)","Barking & Dagenham and Havering","London","HEO","35","35","37090","36650"
"In post","2022","Department for Work and Pensions (excl. agencies)","Barking & Dagenham and Havering","London","SEO","5","5","[c]","[c]"
"In post","2022","Department for Work and Pensions (excl. agencies)","Barnet","London","AO","50","40","24750","25110"
"In post","2022","Department for Work and Pensions (excl. agencies)","Barnet","London","EO","225","205","31140","31060"
"In post","2022","Department for Work and Pensions (excl. agencies)","Barnet","London","G7","[c]","[c]","[c]","[c]"
"In post","2022","Department for Work and Pensions (excl. agencies)","Barnet","London","HEO","25","20","36640","36650"
"In post","2022","Department for Work and Pensions (excl. agencies)","Barnet","London","SEO","[c]","[c]","[c]","[c]"
"In post","2022","Department for Work and Pensions (excl. agencies)","Barnsley, Doncaster and Rotherham","Outside London","AA","10","10","20190","20480"
"In post","2022","Department for Work and Pensions (excl. agencies)","Barnsley, Doncaster and Rotherham","Outside London","AO","555","460","21070","21260"
"In post","2022","Department for Work and Pensions (excl. agencies)","Barnsley, Doncaster and Rotherham","Outside London","EO","660","565","27500","27570"
"In post","2022","Department for Work and Pensions (excl. agencies)","Barnsley, Doncaster and Rotherham","Outside London","G6","[c]","[c]","[c]","[c]"
"In post","2022","Department for Work and Pensions (excl. agencies)","Barnsley, Doncaster and Rotherham","Outside London","G7","10","10","49370","49170"
"In post","2022","Department for Work and Pensions (excl. agencies)","Barnsley, Doncaster and Rotherham","Outside London","HEO","95","85","32640","31990"
"In post","2022","Department for Work and Pensions (excl. agencies)","Barnsley, Doncaster and Rotherham","Outside London","SEO","15","15","36050","35310"
"In post","2022","Department for Work and Pensions (excl. agencies)","Bath and North East Somerset, North Somerset and South Gloucestershire","Outside London","AO","35","30","21240","21260"
"In post","2022","Department for Work and Pensions (excl. agencies)","Bath and North East Somerset, North Somerset and South Gloucestershire","Outside London","EO","220","195","27540","27570"
"In post","2022","Department for Work and Pensions (excl. agencies)","Bath and North East Somerset, North Somerset and South Gloucestershire","Outside London","G6","[c]","[c]","[c]","[c]"
"In post","2022","Department for Work and Pensions (excl. agencies)","Bath and North East Somerset, North Somerset and South Gloucestershire","Outside London","G7","[c]","[c]","[c]","[c]"
"In post","2022","Department for Work and Pensions (excl. agencies)","Bath and North East Somerset, North Somerset and South Gloucestershire","Outside London","HEO","15","15","33000","33170"
"In post","2022","Department for Work and Pensions (excl. agencies)","Bath and North East Somerset, North Somerset and South Gloucestershire","Outside London","SEO","[c]","[c]","[c]","[c]"
"In post","2022","Department for Work and Pensions (excl. agencies)","Bedford","Outside London","AO","15","15","22000","21710"
"In post","2022","Department for Work and Pensions (excl. agencies)","Bedford","Outside London","EO","140","120","27980","27570"
"In post","2022","Department for Work and Pensions (excl. agencies)","Bedford","Outside London","G7","[c]","[c]","[c]","[c]"
"In post","2022","Department for Work and Pensions (excl. agencies)","Bedford","Outside London","HEO","10","10","[c]","[c]"
"In post","2022","Department for Work and Pensions (excl. agencies)","Bedford","Outside London","SEO","[c]","[c]","[c]","[c]"
"In post","2022","Department for Work and Pensions (excl. agencies)","Belfast","Outside London","EO","[c]","[c]","[c]","[c]"
"In post","2022","Department for Work and Pensions (excl. agencies)","Belfast","Outside London","G7","[c]","[c]","[c]","[c]"
"In post","2022","Department for Work and Pensions (excl. agencies)","Berkshire","Outside London","AO","65","55","24160","24250"
"In post","2022","Department for Work and Pensions (excl. agencies)","Berkshire","Outside London","EO","340","315","29650","29290"
"In post","2022","Department for Work and Pensions (excl. agencies)","Berkshire","Outside London","G6","[c]","[c]","[c]","[c]"
"In post","2022","Department for Work and Pensions (excl. agencies)","Berkshire","Outside London","G7","[c]","[c]","[c]","[c]"
"In post","2022","Department for Work and Pensions (excl. agencies)","Berkshire","Outside London","HEO","30","30","36490","35120"
"In post","2022","Department for Work and Pensions (excl. agencies)","Berkshire","Outside London","SEO","5","5","[c]","[c]"
"In post","2022","Department for Work and Pensions (excl. agencies)","Bexley and Greenwich","London","AO","35","30","24590","25110"
"In post","2022","Department for Work and Pensions (excl. agencies)","Bexley and Greenwich","London","EO","295","275","31170","31060"
"In post","2022","Department for Work and Pensions (excl. agencies)","Bexley and Greenwich","London","G7","[c]","[c]","[c]","[c]"
"In post","2022","Department for Work and Pensions (excl. agencies)","Bexley and Greenwich","London","HEO","20","20","37220","36650"
"In post","2022","Department for Work and Pensions (excl. agencies)","Bexley and Greenwich","London","SEO","5","5","[c]","[c]"
"In post","2022","Department for Work and Pensions (excl. agencies)","Birmingham","Outside London","AA","15","15","20330","20480"
"In post","2022","Department for Work and Pensions (excl. agencies)","Birmingham","Outside London","AO","515","440","20890","21260"
"In post","2022","Department for Work and Pensions (excl. agencies)","Birmingham","Outside London","EO","1460","1315","27400","27570"
"In post","2022","Department for Work and Pensions (excl. agencies)","Birmingham","Outside London","G6","10","10","[c]","[c]"
"In post","2022","Department for Work and Pensions (excl. agencies)","Birmingham","Outside London","G7","20","20","49490","49170"
"In post","2022","Department for Work and Pensions (excl. agencies)","Birmingham","Outside London","HEO","170","160","32570","31990"
"In post","2022","Department for Work and Pensions (excl. agencies)","Birmingham","Outside London","SCS level","[c]","[c]","[c]","[c]"
"In post","2022","Department for Work and Pensions (excl. agencies)","Birmingham","Outside London","SEO","55","50","36510","35310"
"In post","2022","Department for Work and Pensions (excl. agencies)","Blackburn with Darwen","Outside London","AO","100","85","21120","21260"
"In post","2022","Department for Work and Pensions (excl. agencies)","Blackburn with Darwen","Outside London","EO","180","160","27530","27570"
"In post","2022","Department for Work and Pensions (excl. agencies)","Blackburn with Darwen","Outside London","G6","[c]","[c]","[c]","[c]"
"In post","2022","Department for Work and Pensions (excl. agencies)","Blackburn with Darwen","Outside London","G7","5","5","[c]","[c]"
"In post","2022","Department for Work and Pensions (excl. agencies)","Blackburn with Darwen","Outside London","HEO","25","25","32560","31990"
"In post","2022","Department for Work and Pensions (excl. agencies)","Blackburn with Darwen","Outside London","SCS level","[c]","[c]","[c]","[c]"
"In post","2022","Department for Work and Pensions (excl. agencies)","Blackburn with Darwen","Outside London","SEO","5","5","[c]","[c]"
"In post","2022","Department for Work and Pensions (excl. agencies)","Blackpool","Outside London","AA","5","5","[c]","[c]"
"In post","2022","Department for Work and Pensions (excl. agencies)","Blackpool","Outside London","AO","1790","1620","21140","21260"
"In post","2022","Department for Work and Pensions (excl. agencies)","Blackpool","Outside London","EO","1895","1725","27480","27570"
"In post","2022","Department for Work and Pensions (excl. agencies)","Blackpool","Outside London","G6","130","120","66620","64690"
"In post","2022","Department for Work and Pensions (excl. agencies)","Blackpool","Outside London","G7","365","350","52430","49170"
"In post","2022","Department for Work and Pensions (excl. agencies)","Blackpool","Outside London","HEO","575","540","32450","31990"
"In post","2022","Department for Work and Pensions (excl. agencies)","Blackpool","Outside London","SCS level","15","15","82880","79300"
"In post","2022","Department for Work and Pensions (excl. agencies)","Blackpool","Outside London","SEO","525","505","37740","36480"
"In post","2022","Department for Work and Pensions (excl. agencies)","Bournemouth, Christchurch and Poole","Outside London","AO","30","25","21190","21260"
"In post","2022","Department for Work and Pensions (excl. agencies)","Bournemouth, Christchurch and Poole","Outside London","EO","220","190","27490","27570"
"In post","2022","Department for Work and Pensions (excl. agencies)","Bournemouth, Christchurch and Poole","Outside London","G6","[c]","[c]","[c]","[c]"
"In post","2022","Department for Work and Pensions (excl. agencies)","Bournemouth, Christchurch and Poole","Outside London","G7","[c]","[c]","[c]","[c]"
"In post","2022","Department for Work and Pensions (excl. agencies)","Bournemouth, Christchurch and Poole","Outside London","HEO","25","20","32940","31990"
"In post","2022","Department for Work and Pensions (excl. agencies)","Bournemouth, Christchurch and Poole","Outside London","SEO","[c]","[c]","[c]","[c]"
"In post","2022","Department for Work and Pensions (excl. agencies)","Bradford","Outside London","AA","5","5","[c]","[c]"
"In post","2022","Department for Work and Pensions (excl. agencies)","Bradford","Outside London","AO","345","290","21010","21260"
"In post","2022","Department for Work and Pensions (excl. agencies)","Bradford","Outside London","EO","530","470","27460","27570"
"In post","2022","Department for Work and Pensions (excl. agencies)","Bradford","Outside London","G7","[c]","[c]","[c]","[c]"
"In post","2022","Department for Work and Pensions (excl. agencies)","Bradford","Outside London","HEO","45","45","32480","31990"
"In post","2022","Department for Work and Pensions (excl. agencies)","Bradford","Outside London","SEO","10","10","35700","35310"
"In post","2022","Department for Work and Pensions (excl. agencies)","Breckland and South Norfolk","Outside London","AO","[c]","[c]","[c]","[c]"
"In post","2022","Department for Work and Pensions (excl. agencies)","Breckland and South Norfolk","Outside London","EO","50","45","27540","27570"
"In post","2022","Department for Work and Pensions (excl. agencies)","Breckland and South Norfolk","Outside London","G7","[c]","[c]","[c]","[c]"
"In post","2022","Department for Work and Pensions (excl. agencies)","Breckland and South Norfolk","Outside London","HEO","[c]","[c]","[c]","[c]"
"In post","2022","Department for Work and Pensions (excl. agencies)","Breckland and South Norfolk","Outside London","SEO","[c]","[c]","[c]","[c]"
"In post","2022","Department for Work and Pensions (excl. agencies)","Brent","London","AA","[c]","[c]","[c]","[c]"
"In post","2022","Department for Work and Pensions (excl. agencies)","Brent","London","AO","30","25","24770","25110"
"In post","2022","Department for Work and Pensions (excl. agencies)","Brent","London","EO","210","200","31030","31060"
"In post","2022","Department for Work and Pensions (excl. agencies)","Brent","London","HEO","15","15","37280","36650"
"In post","2022","Department for Work and Pensions (excl. agencies)","Bridgend and Neath Port Talbot","Outside London","AA","[c]","[c]","[c]","[c]"
"In post","2022","Department for Work and Pensions (excl. agencies)","Bridgend and Neath Port Talbot","Outside London","AO","170","145","21210","21260"
"In post","2022","Department for Work and Pensions (excl. agencies)","Bridgend and Neath Port Talbot","Outside London","EO","230","200","27530","27570"
"In post","2022","Department for Work and Pensions (excl. agencies)","Bridgend and Neath Port Talbot","Outside London","G6","[c]","[c]","[c]","[c]"
"In post","2022","Department for Work and Pensions (excl. agencies)","Bridgend and Neath Port Talbot","Outside London","G7","[c]","[c]","[c]","[c]"
"In post","2022","Department for Work and Pensions (excl. agencies)","Bridgend and Neath Port Talbot","Outside London","HEO","25","25","33340","33180"
"In post","2022","Department for Work and Pensions (excl. agencies)","Bridgend and Neath Port Talbot","Outside London","SEO","10","10","36620","35510"
"In post","2022","Department for Work and Pensions (excl. agencies)","Brighton and Hove","Outside London","AO","25","25","22010","21560"
"In post","2022","Department for Work and Pensions (excl. agencies)","Brighton and Hove","Outside London","EO","210","190","27840","27570"
"In post","2022","Department for Work and Pensions (excl. agencies)","Brighton and Hove","Outside London","G6","[c]","[c]","[c]","[c]"
"In post","2022","Department for Work and Pensions (excl. agencies)","Brighton and Hove","Outside London","HEO","20","15","33850","34290"
"In post","2022","Department for Work and Pensions (excl. agencies)","Brighton and Hove","Outside London","SEO","[c]","[c]","[c]","[c]"
"In post","2022","Department for Work and Pensions (excl. agencies)","Bristol, City of","Outside London","AA","[c]","[c]","[c]","[c]"
"In post","2022","Department for Work and Pensions (excl. agencies)","Bristol, City of","Outside London","AO","295","250","21210","21260"
"In post","2022","Department for Work and Pensions (excl. agencies)","Bristol, City of","Outside London","EO","510","450","27490","27570"
"In post","2022","Department for Work and Pensions (excl. agencies)","Bristol, City of","Outside London","G6","[c]","[c]","[c]","[c]"
"In post","2022","Department for Work and Pensions (excl. agencies)","Bristol, City of","Outside London","G7","[c]","[c]","[c]","[c]"
"In post","2022","Department for Work and Pensions (excl. agencies)","Bristol, City of","Outside London","HEO","40","35","33130","32440"
"In post","2022","Department for Work and Pensions (excl. agencies)","Bristol, City of","Outside London","SCS level","[c]","[c]","[c]","[c]"
"In post","2022","Department for Work and Pensions (excl. agencies)","Bristol, City of","Outside London","SEO","10","5","[c]","[c]"
"In post","2022","Department for Work and Pensions (excl. agencies)","Bromley","London","AA","[c]","[c]","[c]","[c]"
"In post","2022","Department for Work and Pensions (excl. agencies)","Bromley","London","AO","35","35","24700","25110"
"In post","2022","Department for Work and Pensions (excl. agencies)","Bromley","London","EO","200","185","31290","31060"
"In post","2022","Department for Work and Pensions (excl. agencies)","Bromley","London","G7","[c]","[c]","[c]","[c]"
"In post","2022","Department for Work and Pensions (excl. agencies)","Bromley","London","HEO","25","25","37500","36650"
"In post","2022","Department for Work and Pensions (excl. agencies)","Bromley","London","SEO","5","5","[c]","[c]"
"In post","2022","Department for Work and Pensions (excl. agencies)","Buckinghamshire","Outside London","AO","15","15","22030","21690"
"In post","2022","Department for Work and Pensions (excl. agencies)","Buckinghamshire","Outside London","EO","145","130","27840","27570"
"In post","2022","Department for Work and Pensions (excl. agencies)","Buckinghamshire","Outside London","HEO","10","10","33120","33070"
"In post","2022","Department for Work and Pensions (excl. agencies)","Buckinghamshire","Outside London","SEO","[c]","[c]","[c]","[c]"
"In post","2022","Department for Work and Pensions (excl. agencies)","Caithness and Sutherland, and Ross and Cromarty","Outside London","AA","[c]","[c]","[c]","[c]"
"In post","2022","Department for Work and Pensions (excl. agencies)","Caithness and Sutherland, and Ross and Cromarty","Outside London","AO","5","5","[c]","[c]"
"In post","2022","Department for Work and Pensions (excl. agencies)","Caithness and Sutherland, and Ross and Cromarty","Outside London","EO","35","30","27570","27570"
"In post","2022","Department for Work and Pensions (excl. agencies)","Caithness and Sutherland, and Ross and Cromarty","Outside London","HEO","[c]","[c]","[c]","[c]"
"In post","2022","Department for Work and Pensions (excl. agencies)","Caithness and Sutherland, and Ross and Cromarty","Outside London","SEO","[c]","[c]","[c]","[c]"
"In post","2022","Department for Work and Pensions (excl. agencies)","Calderdale and Kirklees","Outside London","AO","140","120","21090","21260"
"In post","2022","Department for Work and Pensions (excl. agencies)","Calderdale and Kirklees","Outside London","EO","555","505","27440","27570"
"In post","2022","Department for Work and Pensions (excl. agencies)","Calderdale and Kirklees","Outside London","G6","[c]","[c]","[c]","[c]"
"In post","2022","Department for Work and Pensions (excl. agencies)","Calderdale and Kirklees","Outside London","G7","5","5","[c]","[c]"
"In post","2022","Department for Work and Pensions (excl. agencies)","Calderdale and Kirklees","Outside London","HEO","35","35","32570","31990"
"In post","2022","Department for Work and Pensions (excl. agencies)","Calderdale and Kirklees","Outside London","SCS level","[c]","[c]","[c]","[c]"
"In post","2022","Department for Work and Pensions (excl. agencies)","Calderdale and Kirklees","Outside London","SEO","10","10","[c]","[c]"
"In post","2022","Department for Work and Pensions (excl. agencies)","Cambridgeshire CC","Outside London","AO","20","15","21570","21260"
"In post","2022","Department for Work and Pensions (excl. agencies)","Cambridgeshire CC","Outside London","EO","175","160","27760","27570"
"In post","2022","Department for Work and Pensions (excl. agencies)","Cambridgeshire CC","Outside London","G6","[c]","[c]","[c]","[c]"
"In post","2022","Department for Work and Pensions (excl. agencies)","Cambridgeshire CC","Outside London","G7","[c]","[c]","[c]","[c]"
"In post","2022","Department for Work and Pensions (excl. agencies)","Cambridgeshire CC","Outside London","HEO","10","10","33210","33340"
"In post","2022","Department for Work and Pensions (excl. agencies)","Cambridgeshire CC","Outside London","SEO","[c]","[c]","[c]","[c]"
"In post","2022","Department for Work and Pensions (excl. agencies)","Camden and City of London","London","AO","5","5","[c]","[c]"
"In post","2022","Department for Work and Pensions (excl. agencies)","Camden and City of London","London","EO","90","85","31110","31060"
"In post","2022","Department for Work and Pensions (excl. agencies)","Camden and City of London","London","HEO","5","5","[c]","[c]"
"In post","2022","Department for Work and Pensions (excl. agencies)","Cardiff and Vale of Glamorgan","Outside London","AO","55","45","21120","21260"
"In post","2022","Department for Work and Pensions (excl. agencies)","Cardiff and Vale of Glamorgan","Outside London","EO","290","265","27500","27570"
"In post","2022","Department for Work and Pensions (excl. agencies)","Cardiff and Vale of Glamorgan","Outside London","G6","5","5","[c]","[c]"
"In post","2022","Department for Work and Pensions (excl. agencies)","Cardiff and Vale of Glamorgan","Outside London","G7","10","10","[c]","[c]"
"In post","2022","Department for Work and Pensions (excl. agencies)","Cardiff and Vale of Glamorgan","Outside London","HEO","40","35","32990","33030"
"In post","2022","Department for Work and Pensions (excl. agencies)","Cardiff and Vale of Glamorgan","Outside London","SCS level","[c]","[c]","[c]","[c]"
"In post","2022","Department for Work and Pensions (excl. agencies)","Cardiff and Vale of Glamorgan","Outside London","SEO","15","15","36780","35730"
"In post","2022","Department for Work and Pensions (excl. agencies)","Central Bedfordshire","Outside London","AO","[c]","[c]","[c]","[c]"
"In post","2022","Department for Work and Pensions (excl. agencies)","Central Bedfordshire","Outside London","EO","30","25","27800","27570"
"In post","2022","Department for Work and Pensions (excl. agencies)","Central Bedfordshire","Outside London","HEO","[c]","[c]","[c]","[c]"
"In post","2022","Department for Work and Pensions (excl. agencies)","Central Hampshire","Outside London","AO","15","10","21170","21260"
"In post","2022","Department for Work and Pensions (excl. agencies)","Central Hampshire","Outside London","EO","95","80","27320","27570"
"In post","2022","Department for Work and Pensions (excl. agencies)","Central Hampshire","Outside London","HEO","10","10","32890","31990"
"In post","2022","Department for Work and Pensions (excl. agencies)","Central Hampshire","Outside London","SEO","[c]","[c]","[c]","[c]"
"In post","2022","Department for Work and Pensions (excl. agencies)","Central Valleys","Outside London","AA","[c]","[c]","[c]","[c]"
"In post","2022","Department for Work and Pensions (excl. agencies)","Central Valleys","Outside London","AO","415","365","21030","21260"
"In post","2022","Department for Work and Pensions (excl. agencies)","Central Valleys","Outside London","EO","950","880","27480","27570"
"In post","2022","Department for Work and Pensions (excl. agencies)","Central Valleys","Outside London","G6","[c]","[c]","[c]","[c]"
"In post","2022","Department for Work and Pensions (excl. agencies)","Central Valleys","Outside London","G7","10","10","49310","49170"
"In post","2022","Department for Work and Pensions (excl. agencies)","Central Valleys","Outside London","HEO","110","100","32650","31990"
"In post","2022","Department for Work and Pensions (excl. agencies)","Central Valleys","Outside London","SCS level","[c]","[c]","[c]","[c]"
"In post","2022","Department for Work and Pensions (excl. agencies)","Central Valleys","Outside London","SEO","25","20","36070","35390"
"In post","2022","Department for Work and Pensions (excl. agencies)","Cheshire East","Outside London","AO","20","15","20940","21260"
"In post","2022","Department for Work and Pensions (excl. agencies)","Cheshire East","Outside London","EO","115","105","27500","27570"
"In post","2022","Department for Work and Pensions (excl. agencies)","Cheshire East","Outside London","G6","[c]","[c]","[c]","[c]"
"In post","2022","Department for Work and Pensions (excl. agencies)","Cheshire East","Outside London","G7","[c]","[c]","[c]","[c]"
"In post","2022","Department for Work and Pensions (excl. agencies)","Cheshire East","Outside London","HEO","10","5","[c]","[c]"
"In post","2022","Department for Work and Pensions (excl. agencies)","Cheshire East","Outside London","SEO","[c]","[c]","[c]","[c]"
"In post","2022","Department for Work and Pensions (excl. agencies)","Cheshire West and Chester","Outside London","AO","85","80","21260","21260"
"In post","2022","Department for Work and Pensions (excl. agencies)","Cheshire West and Chester","Outside London","EO","145","130","27450","27570"
"In post","2022","Department for Work and Pensions (excl. agencies)","Cheshire West and Chester","Outside London","G7","[c]","[c]","[c]","[c]"
"In post","2022","Department for Work and Pensions (excl. agencies)","Cheshire West and Chester","Outside London","HEO","10","10","32470","31990"
"In post","2022","Department for Work and Pensions (excl. agencies)","Cheshire West and Chester","Outside London","SEO","[c]","[c]","[c]","[c]"
"In post","2022","Department for Work and Pensions (excl. agencies)","Chorley and West Lancashire","Outside London","AO","10","10","20880","21260"
"In post","2022","Department for Work and Pensions (excl. agencies)","Chorley and West Lancashire","Outside London","EO","80","75","27510","27570"
"In post","2022","Department for Work and Pensions (excl. agencies)","Chorley and West Lancashire","Outside London","G7","[c]","[c]","[c]","[c]"
"In post","2022","Department for Work and Pensions (excl. agencies)","Chorley and West Lancashire","Outside London","HEO","10","10","32150","31990"
"In post","2022","Department for Work and Pensions (excl. agencies)","Chorley and West Lancashire","Outside London","SEO","[c]","[c]","[c]","[c]"
"In post","2022","Department for Work and Pensions (excl. agencies)","City of Edinburgh","Outside London","AO","30","30","21150","21260"
"In post","2022","Department for Work and Pensions (excl. agencies)","City of Edinburgh","Outside London","EO","225","205","27550","27570"
"In post","2022","Department for Work and Pensions (excl. agencies)","City of Edinburgh","Outside London","G7","[c]","[c]","[c]","[c]"
"In post","2022","Department for Work and Pensions (excl. agencies)","City of Edinburgh","Outside London","HEO","20","20","33360","31990"
"In post","2022","Department for Work and Pensions (excl. agencies)","City of Edinburgh","Outside London","SEO","5","5","[c]","[c]"
"In post","2022","Department for Work and Pensions (excl. agencies)","Clackmannanshire and Fife","Outside London","AA","[c]","[c]","[c]","[c]"
"In post","2022","Department for Work and Pensions (excl. agencies)","Clackmannanshire and Fife","Outside London","AO","85","70","20990","21260"
"In post","2022","Department for Work and Pensions (excl. agencies)","Clackmannanshire and Fife","Outside London","EO","210","190","27540","27570"
"In post","2022","Department for Work and Pensions (excl. agencies)","Clackmannanshire and Fife","Outside London","G6","[c]","[c]","[c]","[c]"
"In post","2022","Department for Work and Pensions (excl. agencies)","Clackmannanshire and Fife","Outside London","G7","[c]","[c]","[c]","[c]"
"In post","2022","Department for Work and Pensions (excl. agencies)","Clackmannanshire and Fife","Outside London","HEO","20","20","32980","31990"
"In post","2022","Department for Work and Pensions (excl. agencies)","Clackmannanshire and Fife","Outside London","SEO","5","5","[c]","[c]"
"In post","2022","Department for Work and Pensions (excl. agencies)","Conwy and Denbighshire","Outside London","AO","15","15","20870","21260"
"In post","2022","Department for Work and Pensions (excl. agencies)","Conwy and Denbighshire","Outside London","EO","120","105","27420","27570"
"In post","2022","Department for Work and Pensions (excl. agencies)","Conwy and Denbighshire","Outside London","G6","[c]","[c]","[c]","[c]"
"In post","2022","Department for Work and Pensions (excl. agencies)","Conwy and Denbighshire","Outside London","G7","[c]","[c]","[c]","[c]"
"In post","2022","Department for Work and Pensions (excl. agencies)","Conwy and Denbighshire","Outside London","HEO","5","5","[c]","[c]"
"In post","2022","Department for Work and Pensions (excl. agencies)","Conwy and Denbighshire","Outside London","SEO","[c]","[c]","[c]","[c]"
"In post","2022","Department for Work and Pensions (excl. agencies)","Cornwall and Isles of Scilly","Outside London","AO","355","320","21160","21260"
"In post","2022","Department for Work and Pensions (excl. agencies)","Cornwall and Isles of Scilly","Outside London","EO","425","380","27520","27570"
"In post","2022","Department for Work and Pensions (excl. agencies)","Cornwall and Isles of Scilly","Outside London","G6","[c]","[c]","[c]","[c]"
"In post","2022","Department for Work and Pensions (excl. agencies)","Cornwall and Isles of Scilly","Outside London","G7","10","10","[c]","[c]"
"In post","2022","Department for Work and Pensions (excl. agencies)","Cornwall and Isles of Scilly","Outside London","HEO","55","50","32530","31990"
"In post","2022","Department for Work and Pensions (excl. agencies)","Cornwall and Isles of Scilly","Outside London","SEO","15","10","36120","35720"
"In post","2022","Department for Work and Pensions (excl. agencies)","Coventry","Outside London","AO","135","120","21150","21260"
"In post","2022","Department for Work and Pensions (excl. agencies)","Coventry","Outside London","EO","230","210","27450","27570"
"In post","2022","Department for Work and Pensions (excl. agencies)","Coventry","Outside London","G6","[c]","[c]","[c]","[c]"
"In post","2022","Department for Work and Pensions (excl. agencies)","Coventry","Outside London","G7","[c]","[c]","[c]","[c]"
"In post","2022","Department for Work and Pensions (excl. agencies)","Coventry","Outside London","HEO","25","20","32620","31990"
"In post","2022","Department for Work and Pensions (excl. agencies)","Croydon","London","AO","25","25","24770","25110"
"In post","2022","Department for Work and Pensions (excl. agencies)","Croydon","London","EO","225","215","30950","31060"
"In post","2022","Department for Work and Pensions (excl. agencies)","Croydon","London","HEO","15","15","36970","36650"
"In post","2022","Department for Work and Pensions (excl. agencies)","Croydon","London","SEO","[c]","[c]","[c]","[c]"
"In post","2022","Department for Work and Pensions (excl. agencies)","Darlington","Outside London","AO","20","15","21040","21260"
"In post","2022","Department for Work and Pensions (excl. agencies)","Darlington","Outside London","EO","60","55","27470","27570"
"In post","2022","Department for Work and Pensions (excl. agencies)","Darlington","Outside London","G7","[c]","[c]","[c]","[c]"
"In post","2022","Department for Work and Pensions (excl. agencies)","Darlington","Outside London","HEO","5","5","[c]","[c]"
"In post","2022","Department for Work and Pensions (excl. agencies)","Derby","Outside London","AA","[c]","[c]","[c]","[c]"
"In post","2022","Department for Work and Pensions (excl. agencies)","Derby","Outside London","AO","360","305","21080","21260"
"In post","2022","Department for Work and Pensions (excl. agencies)","Derby","Outside London","EO","235","215","27520","27570"
"In post","2022","Department for Work and Pensions (excl. agencies)","Derby","Outside London","G6","[c]","[c]","[c]","[c]"
"In post","2022","Department for Work and Pensions (excl. agencies)","Derby","Outside London","G7","[c]","[c]","[c]","[c]"
"In post","2022","Department for Work and Pensions (excl. agencies)","Derby","Outside London","HEO","20","20","32380","31990"
"In post","2022","Department for Work and Pensions (excl. agencies)","Derby","Outside London","SCS level","[c]","[c]","[c]","[c]"
"In post","2022","Department for Work and Pensions (excl. agencies)","Derby","Outside London","SEO","10","10","[c]","[c]"
"In post","2022","Department for Work and Pensions (excl. agencies)","Devon CC","Outside London","AA","15","10","20210","20480"
"In post","2022","Department for Work and Pensions (excl. agencies)","Devon CC","Outside London","AO","545","430","21070","21260"
"In post","2022","Department for Work and Pensions (excl. agencies)","Devon CC","Outside London","EO","600","520","27350","27570"
"In post","2022","Department for Work and Pensions (excl. agencies)","Devon CC","Outside London","G6","5","5","[c]","[c]"
"In post","2022","Department for Work and Pensions (excl. agencies)","Devon CC","Outside London","G7","15","15","49840","49170"
"In post","2022","Department for Work and Pensions (excl. agencies)","Devon CC","Outside London","HEO","75","70","32620","31990"
"In post","2022","Department for Work and Pensions (excl. agencies)","Devon CC","Outside London","SCS level","[c]","[c]","[c]","[c]"
"In post","2022","Department for Work and Pensions (excl. agencies)","Devon CC","Outside London","SEO","25","20","37350","35410"
"In post","2022","Department for Work and Pensions (excl. agencies)","Dorset","Outside London","AO","15","10","21130","21260"
"In post","2022","Department for Work and Pensions (excl. agencies)","Dorset","Outside London","EO","65","60","27420","27570"
"In post","2022","Department for Work and Pensions (excl. agencies)","Dorset","Outside London","G7","[c]","[c]","[c]","[c]"
"In post","2022","Department for Work and Pensions (excl. agencies)","Dorset","Outside London","HEO","10","10","32930","32430"
"In post","2022","Department for Work and Pensions (excl. agencies)","Dorset","Outside London","SEO","[c]","[c]","[c]","[c]"
"In post","2022","Department for Work and Pensions (excl. agencies)","Dudley","Outside London","AA","15","10","20480","20480"
"In post","2022","Department for Work and Pensions (excl. agencies)","Dudley","Outside London","AO","440","370","21060","21260"
"In post","2022","Department for Work and Pensions (excl. agencies)","Dudley","Outside London","EO","420","365","27370","27570"
"In post","2022","Department for Work and Pensions (excl. agencies)","Dudley","Outside London","G6","[c]","[c]","[c]","[c]"
"In post","2022","Department for Work and Pensions (excl. agencies)","Dudley","Outside London","G7","5","5","[c]","[c]"
"In post","2022","Department for Work and Pensions (excl. agencies)","Dudley","Outside London","HEO","55","50","32910","32130"
"In post","2022","Department for Work and Pensions (excl. agencies)","Dudley","Outside London","SEO","15","15","35710","35310"
"In post","2022","Department for Work and Pensions (excl. agencies)","Dumfries and Galloway","Outside London","AO","10","10","21260","21260"
"In post","2022","Department for Work and Pensions (excl. agencies)","Dumfries and Galloway","Outside London","EO","55","45","27480","27570"
"In post","2022","Department for Work and Pensions (excl. agencies)","Dumfries and Galloway","Outside London","HEO","5","5","[c]","[c]"
"In post","2022","Department for Work and Pensions (excl. agencies)","Durham","Outside London","AO","400","335","21120","21260"
"In post","2022","Department for Work and Pensions (excl. agencies)","Durham","Outside London","EO","355","305","27400","27570"
"In post","2022","Department for Work and Pensions (excl. agencies)","Durham","Outside London","G6","[c]","[c]","[c]","[c]"
"In post","2022","Department for Work and Pensions (excl. agencies)","Durham","Outside London","G7","10","10","[c]","[c]"
"In post","2022","Department for Work and Pensions (excl. agencies)","Durham","Outside London","HEO","40","40","32690","31990"
"In post","2022","Department for Work and Pensions (excl. agencies)","Durham","Outside London","SEO","15","10","37000","36370"
"In post","2022","Department for Work and Pensions (excl. agencies)","Ealing","London","AO","30","30","24960","25110"
"In post","2022","Department for Work and Pensions (excl. agencies)","Ealing","London","EO","305","285","31150","31060"
"In post","2022","Department for Work and Pensions (excl. agencies)","Ealing","London","G6","[c]","[c]","[c]","[c]"
"In post","2022","Department for Work and Pensions (excl. agencies)","Ealing","London","G7","[c]","[c]","[c]","[c]"
"In post","2022","Department for Work and Pensions (excl. agencies)","Ealing","London","HEO","25","20","37290","36650"
"In post","2022","Department for Work and Pensions (excl. agencies)","Ealing","London","SEO","5","5","[c]","[c]"
"In post","2022","Department for Work and Pensions (excl. agencies)","East Ayrshire and North Ayrshire mainland","Outside London","AO","195","170","20990","21260"
"In post","2022","Department for Work and Pensions (excl. agencies)","East Ayrshire and North Ayrshire mainland","Outside London","EO","220","195","27490","27570"
"In post","2022","Department for Work and Pensions (excl. agencies)","East Ayrshire and North Ayrshire mainland","Outside London","G7","5","5","[c]","[c]"
"In post","2022","Department for Work and Pensions (excl. agencies)","East Ayrshire and North Ayrshire mainland","Outside London","HEO","25","25","32690","31990"
"In post","2022","Department for Work and Pensions (excl. agencies)","East Ayrshire and North Ayrshire mainland","Outside London","SEO","5","5","[c]","[c]"
"In post","2022","Department for Work and Pensions (excl. agencies)","East Cumbria","Outside London","AO","5","5","[c]","[c]"
"In post","2022","Department for Work and Pensions (excl. agencies)","East Cumbria","Outside London","EO","75","65","27390","27570"
"In post","2022","Department for Work and Pensions (excl. agencies)","East Cumbria","Outside London","G6","[c]","[c]","[c]","[c]"
"In post","2022","Department for Work and Pensions (excl. agencies)","East Cumbria","Outside London","HEO","10","10","[c]","[c]"
"In post","2022","Department for Work and Pensions (excl. agencies)","East Derbyshire","Outside London","AO","95","80","20880","21260"
"In post","2022","Department for Work and Pensions (excl. agencies)","East Derbyshire","Outside London","EO","170","145","27370","27570"
"In post","2022","Department for Work and Pensions (excl. agencies)","East Derbyshire","Outside London","G6","[c]","[c]","[c]","[c]"
"In post","2022","Department for Work and Pensions (excl. agencies)","East Derbyshire","Outside London","G7","[c]","[c]","[c]","[c]"
"In post","2022","Department for Work and Pensions (excl. agencies)","East Derbyshire","Outside London","HEO","25","20","33070","32660"
"In post","2022","Department for Work and Pensions (excl. agencies)","East Derbyshire","Outside London","SEO","[c]","[c]","[c]","[c]"
"In post","2022","Department for Work and Pensions (excl. agencies)","East Dunbartonshire, West Dunbartonshire, and Helensburgh and Lomond","Outside London","AO","135","110","20920","21260"
"In post","2022","Department for Work and Pensions (excl. agencies)","East Dunbartonshire, West Dunbartonshire, and Helensburgh and Lomond","Outside London","EO","135","120","27520","27570"
"In post","2022","Department for Work and Pensions (excl. agencies)","East Dunbartonshire, West Dunbartonshire, and Helensburgh and Lomond","Outside London","G6","[c]","[c]","[c]","[c]"
"In post","2022","Department for Work and Pensions (excl. agencies)","East Dunbartonshire, West Dunbartonshire, and Helensburgh and Lomond","Outside London","G7","[c]","[c]","[c]","[c]"
"In post","2022","Department for Work and Pensions (excl. agencies)","East Dunbartonshire, West Dunbartonshire, and Helensburgh and Lomond","Outside London","HEO","20","20","32750","32470"
"In post","2022","Department for Work and Pensions (excl. agencies)","East Dunbartonshire, West Dunbartonshire, and Helensburgh and Lomond","Outside London","SEO","[c]","[c]","[c]","[c]"
"In post","2022","Department for Work and Pensions (excl. agencies)","East Kent","Outside London","AA","[c]","[c]","[c]","[c]"
"In post","2022","Department for Work and Pensions (excl. agencies)","East Kent","Outside London","AO","460","420","24460","24250"
"In post","2022","Department for Work and Pensions (excl. agencies)","East Kent","Outside London","EO","460","430","29990","29290"
"In post","2022","Department for Work and Pensions (excl. agencies)","East Kent","Outside London","G6","[c]","[c]","[c]","[c]"
"In post","2022","Department for Work and Pensions (excl. agencies)","East Kent","Outside London","G7","10","10","[c]","[c]"
"In post","2022","Department for Work and Pensions (excl. agencies)","East Kent","Outside London","HEO","55","50","36170","35120"
"In post","2022","Department for Work and Pensions (excl. agencies)","East Kent","Outside London","SEO","15","15","40440","39300"
"In post","2022","Department for Work and Pensions (excl. agencies)","East Lancashire","Outside London","AA","[c]","[c]","[c]","[c]"
"In post","2022","Department for Work and Pensions (excl. agencies)","East Lancashire","Outside London","AO","100","85","20980","21260"
"In post","2022","Department for Work and Pensions (excl. agencies)","East Lancashire","Outside London","EO","210","190","27510","27570"
"In post","2022","Department for Work and Pensions (excl. agencies)","East Lancashire","Outside London","G7","5","5","[c]","[c]"
"In post","2022","Department for Work and Pensions (excl. agencies)","East Lancashire","Outside London","HEO","15","15","32230","31990"
"In post","2022","Department for Work and Pensions (excl. agencies)","East Lancashire","Outside London","SEO","[c]","[c]","[c]","[c]"
"In post","2022","Department for Work and Pensions (excl. agencies)","East Lothian and Midlothian","Outside London","AO","5","5","[c]","[c]"
"In post","2022","Department for Work and Pensions (excl. agencies)","East Lothian and Midlothian","Outside London","EO","55","50","27500","27570"
"In post","2022","Department for Work and Pensions (excl. agencies)","East Lothian and Midlothian","Outside London","G7","[c]","[c]","[c]","[c]"
"In post","2022","Department for Work and Pensions (excl. agencies)","East Lothian and Midlothian","Outside London","HEO","10","10","[c]","[c]"
"In post","2022","Department for Work and Pensions (excl. agencies)","East Merseyside","Outside London","AA","[c]","[c]","[c]","[c]"
"In post","2022","Department for Work and Pensions (excl. agencies)","East Merseyside","Outside London","AO","185","150","20860","21260"
"In post","2022","Department for Work and Pensions (excl. agencies)","East Merseyside","Outside London","EO","425","380","27540","27570"
"In post","2022","Department for Work and Pensions (excl. agencies)","East Merseyside","Outside London","G6","[c]","[c]","[c]","[c]"
"In post","2022","Department for Work and Pensions (excl. agencies)","East Merseyside","Outside London","G7","[c]","[c]","[c]","[c]"
"In post","2022","Department for Work and Pensions (excl. agencies)","East Merseyside","Outside London","HEO","55","50","33280","33170"
"In post","2022","Department for Work and Pensions (excl. agencies)","East Merseyside","Outside London","SCS level","[c]","[c]","[c]","[c]"
"In post","2022","Department for Work and Pensions (excl. agencies)","East Merseyside","Outside London","SEO","10","10","36250","35310"
"In post","2022","Department for Work and Pensions (excl. agencies)","East Riding of Yorkshire","Outside London","AO","[c]","[c]","[c]","[c]"
"In post","2022","Department for Work and Pensions (excl. agencies)","East Riding of Yorkshire","Outside London","EO","85","75","27520","27570"
"In post","2022","Department for Work and Pensions (excl. agencies)","East Riding of Yorkshire","Outside London","G6","[c]","[c]","[c]","[c]"
"In post","2022","Department for Work and Pensions (excl. agencies)","East Riding of Yorkshire","Outside London","HEO","10","10","33240","33380"
"In post","2022","Department for Work and Pensions (excl. agencies)","East Riding of Yorkshire","Outside London","SEO","[c]","[c]","[c]","[c]"
"In post","2022","Department for Work and Pensions (excl. agencies)","East Surrey","Outside London","AO","10","10","24630","24750"
"In post","2022","Department for Work and Pensions (excl. agencies)","East Surrey","Outside London","EO","95","90","29600","29290"
"In post","2022","Department for Work and Pensions (excl. agencies)","East Surrey","Outside London","G7","[c]","[c]","[c]","[c]"
"In post","2022","Department for Work and Pensions (excl. agencies)","East Surrey","Outside London","HEO","10","10","37270","37740"
"In post","2022","Department for Work and Pensions (excl. agencies)","East Surrey","Outside London","SCS level","[c]","[c]","[c]","[c]"
"In post","2022","Department for Work and Pensions (excl. agencies)","East Surrey","Outside London","SEO","[c]","[c]","[c]","[c]"
"In post","2022","Department for Work and Pensions (excl. agencies)","East Sussex CC","Outside London","AA","15","15","20180","20480"
"In post","2022","Department for Work and Pensions (excl. agencies)","East Sussex CC","Outside London","AO","545","470","21150","21260"
"In post","2022","Department for Work and Pensions (excl. agencies)","East Sussex CC","Outside London","EO","525","465","27480","27570"
"In post","2022","Department for Work and Pensions (excl. agencies)","East Sussex CC","Outside London","G6","5","5","[c]","[c]"
"In post","2022","Department for Work and Pensions (excl. agencies)","East Sussex CC","Outside London","G7","10","10","[c]","[c]"
"In post","2022","Department for Work and Pensions (excl. agencies)","East Sussex CC","Outside London","HEO","55","50","32980","32120"
"In post","2022","Department for Work and Pensions (excl. agencies)","East Sussex CC","Outside London","SEO","15","15","37000","35870"
"In post","2022","Department for Work and Pensions (excl. agencies)","Enfield","London","AO","25","25","24400","25110"
"In post","2022","Department for Work and Pensions (excl. agencies)","Enfield","London","EO","210","190","31070","31060"
"In post","2022","Department for Work and Pensions (excl. agencies)","Enfield","London","HEO","15","15","37230","36650"
"In post","2022","Department for Work and Pensions (excl. agencies)","Enfield","London","SEO","[c]","[c]","[c]","[c]"
"In post","2022","Department for Work and Pensions (excl. agencies)","Essex Haven Gateway","Outside London","AO","35","30","24530","24250"
"In post","2022","Department for Work and Pensions (excl. agencies)","Essex Haven Gateway","Outside London","EO","235","220","30030","29290"
"In post","2022","Department for Work and Pensions (excl. agencies)","Essex Haven Gateway","Outside London","G7","[c]","[c]","[c]","[c]"
"In post","2022","Department for Work and Pensions (excl. agencies)","Essex Haven Gateway","Outside London","HEO","25","25","36240","35320"
"In post","2022","Department for Work and Pensions (excl. agencies)","Essex Haven Gateway","Outside London","SCS level","[c]","[c]","[c]","[c]"
"In post","2022","Department for Work and Pensions (excl. agencies)","Essex Haven Gateway","Outside London","SEO","10","10","[c]","[c]"
"In post","2022","Department for Work and Pensions (excl. agencies)","Essex Thames Gateway","Outside London","AO","355","320","24180","24250"
"In post","2022","Department for Work and Pensions (excl. agencies)","Essex Thames Gateway","Outside London","EO","345","305","29930","29290"
"In post","2022","Department for Work and Pensions (excl. agencies)","Essex Thames Gateway","Outside London","G7","[c]","[c]","[c]","[c]"
"In post","2022","Department for Work and Pensions (excl. agencies)","Essex Thames Gateway","Outside London","HEO","40","35","36390","35430"
"In post","2022","Department for Work and Pensions (excl. agencies)","Essex Thames Gateway","Outside London","SEO","10","10","[c]","[c]"
"In post","2022","Department for Work and Pensions (excl. agencies)","Falkirk","Outside London","AA","[c]","[c]","[c]","[c]"
"In post","2022","Department for Work and Pensions (excl. agencies)","Falkirk","Outside London","AO","560","460","21150","21260"
"In post","2022","Department for Work and Pensions (excl. agencies)","Falkirk","Outside London","EO","445","390","27460","27570"
"In post","2022","Department for Work and Pensions (excl. agencies)","Falkirk","Outside London","G6","[c]","[c]","[c]","[c]"
"In post","2022","Department for Work and Pensions (excl. agencies)","Falkirk","Outside London","G7","15","10","49720","49170"
"In post","2022","Department for Work and Pensions (excl. agencies)","Falkirk","Outside London","HEO","55","55","32530","31990"
"In post","2022","Department for Work and Pensions (excl. agencies)","Falkirk","Outside London","SCS level","[c]","[c]","[c]","[c]"
"In post","2022","Department for Work and Pensions (excl. agencies)","Falkirk","Outside London","SEO","15","15","36000","35420"
"In post","2022","Department for Work and Pensions (excl. agencies)","Flintshire and Wrexham","Outside London","AO","330","295","21120","21260"
"In post","2022","Department for Work and Pensions (excl. agencies)","Flintshire and Wrexham","Outside London","EO","280","250","27470","27570"
"In post","2022","Department for Work and Pensions (excl. agencies)","Flintshire and Wrexham","Outside London","G6","[c]","[c]","[c]","[c]"
"In post","2022","Department for Work and Pensions (excl. agencies)","Flintshire and Wrexham","Outside London","G7","[c]","[c]","[c]","[c]"
"In post","2022","Department for Work and Pensions (excl. agencies)","Flintshire and Wrexham","Outside London","HEO","25","25","32480","31990"
"In post","2022","Department for Work and Pensions (excl. agencies)","Flintshire and Wrexham","Outside London","SEO","15","15","36210","35380"
"In post","2022","Department for Work and Pensions (excl. agencies)","Glasgow City","Outside London","AA","5","5","[c]","[c]"
"In post","2022","Department for Work and Pensions (excl. agencies)","Glasgow City","Outside London","AO","1205","1065","20960","21260"
"In post","2022","Department for Work and Pensions (excl. agencies)","Glasgow City","Outside London","EO","1170","1035","27410","27570"
"In post","2022","Department for Work and Pensions (excl. agencies)","Glasgow City","Outside London","G6","5","5","[c]","[c]"
"In post","2022","Department for Work and Pensions (excl. agencies)","Glasgow City","Outside London","G7","20","20","49170","49170"
"In post","2022","Department for Work and Pensions (excl. agencies)","Glasgow City","Outside London","HEO","165","150","32590","31990"
"In post","2022","Department for Work and Pensions (excl. agencies)","Glasgow City","Outside London","SCS level","[c]","[c]","[c]","[c]"
"In post","2022","Department for Work and Pensions (excl. agencies)","Glasgow City","Outside London","SEO","30","30","35800","35310"
"In post","2022","Department for Work and Pensions (excl. agencies)","Gloucestershire CC","Outside London","AO","65","50","21040","21260"
"In post","2022","Department for Work and Pensions (excl. agencies)","Gloucestershire CC","Outside London","EO","240","210","27500","27570"
"In post","2022","Department for Work and Pensions (excl. agencies)","Gloucestershire CC","Outside London","G7","[c]","[c]","[c]","[c]"
"In post","2022","Department for Work and Pensions (excl. agencies)","Gloucestershire CC","Outside London","HEO","25","25","33030","32390"
"In post","2022","Department for Work and Pensions (excl. agencies)","Gloucestershire CC","Outside London","SEO","[c]","[c]","[c]","[c]"
"In post","2022","Department for Work and Pensions (excl. agencies)","Greater Manchester North East","Outside London","AA","10","5","[c]","[c]"
"In post","2022","Department for Work and Pensions (excl. agencies)","Greater Manchester North East","Outside London","AO","135","115","20780","20430"
"In post","2022","Department for Work and Pensions (excl. agencies)","Greater Manchester North East","Outside London","EO","435","405","27490","27570"
"In post","2022","Department for Work and Pensions (excl. agencies)","Greater Manchester North East","Outside London","G6","[c]","[c]","[c]","[c]"
"In post","2022","Department for Work and Pensions (excl. agencies)","Greater Manchester North East","Outside London","G7","10","10","[c]","[c]"
"In post","2022","Department for Work and Pensions (excl. agencies)","Greater Manchester North East","Outside London","HEO","45","40","32850","31990"
"In post","2022","Department for Work and Pensions (excl. agencies)","Greater Manchester North East","Outside London","SEO","20","15","36260","35890"
"In post","2022","Department for Work and Pensions (excl. agencies)","Greater Manchester North West","Outside London","AA","[c]","[c]","[c]","[c]"
"In post","2022","Department for Work and Pensions (excl. agencies)","Greater Manchester North West","Outside London","AO","745","655","20930","21260"
"In post","2022","Department for Work and Pensions (excl. agencies)","Greater Manchester North West","Outside London","EO","590","525","27370","27570"
"In post","2022","Department for Work and Pensions (excl. agencies)","Greater Manchester North West","Outside London","G6","[c]","[c]","[c]","[c]"
"In post","2022","Department for Work and Pensions (excl. agencies)","Greater Manchester North West","Outside London","G7","10","10","49970","49170"
"In post","2022","Department for Work and Pensions (excl. agencies)","Greater Manchester North West","Outside London","HEO","60","60","32610","31990"
"In post","2022","Department for Work and Pensions (excl. agencies)","Greater Manchester North West","Outside London","SCS level","[c]","[c]","[c]","[c]"
"In post","2022","Department for Work and Pensions (excl. agencies)","Greater Manchester North West","Outside London","SEO","15","10","35960","35310"
"In post","2022","Department for Work and Pensions (excl. agencies)","Greater Manchester South East","Outside London","AA","[c]","[c]","[c]","[c]"
"In post","2022","Department for Work and Pensions (excl. agencies)","Greater Manchester South East","Outside London","AO","425","380","21040","21260"
"In post","2022","Department for Work and Pensions (excl. agencies)","Greater Manchester South East","Outside London","EO","315","290","27400","27570"
"In post","2022","Department for Work and Pensions (excl. agencies)","Greater Manchester South East","Outside London","G7","5","5","[c]","[c]"
"In post","2022","Department for Work and Pensions (excl. agencies)","Greater Manchester South East","Outside London","HEO","30","30","32810","32120"
"In post","2022","Department for Work and Pensions (excl. agencies)","Greater Manchester South East","Outside London","SEO","10","5","[c]","[c]"
"In post","2022","Department for Work and Pensions (excl. agencies)","Greater Manchester South West","Outside London","AA","[c]","[c]","[c]","[c]"
"In post","2022","Department for Work and Pensions (excl. agencies)","Greater Manchester South West","Outside London","AO","245","215","21040","21260"
"In post","2022","Department for Work and Pensions (excl. agencies)","Greater Manchester South West","Outside London","EO","295","275","27460","27570"
"In post","2022","Department for Work and Pensions (excl. agencies)","Greater Manchester South West","Outside London","G6","[c]","[c]","[c]","[c]"
"In post","2022","Department for Work and Pensions (excl. agencies)","Greater Manchester South West","Outside London","G7","[c]","[c]","[c]","[c]"
"In post","2022","Department for Work and Pensions (excl. agencies)","Greater Manchester South West","Outside London","HEO","40","40","32550","31990"
"In post","2022","Department for Work and Pensions (excl. agencies)","Greater Manchester South West","Outside London","SEO","10","10","36940","35740"
"In post","2022","Department for Work and Pensions (excl. agencies)","Gwent Valleys","Outside London","AO","135","110","21040","21260"
"In post","2022","Department for Work and Pensions (excl. agencies)","Gwent Valleys","Outside London","EO","385","355","27540","27570"
"In post","2022","Department for Work and Pensions (excl. agencies)","Gwent Valleys","Outside London","G6","[c]","[c]","[c]","[c]"
"In post","2022","Department for Work and Pensions (excl. agencies)","Gwent Valleys","Outside London","G7","[c]","[c]","[c]","[c]"
"In post","2022","Department for Work and Pensions (excl. agencies)","Gwent Valleys","Outside London","HEO","35","35","32900","32940"
"In post","2022","Department for Work and Pensions (excl. agencies)","Gwent Valleys","Outside London","SEO","5","5","[c]","[c]"
"In post","2022","Department for Work and Pensions (excl. agencies)","Gwynedd","Outside London","AO","295","270","21210","21260"
"In post","2022","Department for Work and Pensions (excl. agencies)","Gwynedd","Outside London","EO","125","115","27540","27570"
"In post","2022","Department for Work and Pensions (excl. agencies)","Gwynedd","Outside London","G6","[c]","[c]","[c]","[c]"
"In post","2022","Department for Work and Pensions (excl. agencies)","Gwynedd","Outside London","G7","[c]","[c]","[c]","[c]"
"In post","2022","Department for Work and Pensions (excl. agencies)","Gwynedd","Outside London","HEO","20","20","32790","31990"
"In post","2022","Department for Work and Pensions (excl. agencies)","Gwynedd","Outside London","SEO","[c]","[c]","[c]","[c]"
"In post","2022","Department for Work and Pensions (excl. agencies)","Hackney and Newham","London","AA","10","10","[c]","[c]"
"In post","2022","Department for Work and Pensions (excl. agencies)","Hackney and Newham","London","AO","405","345","24120","23460"
"In post","2022","Department for Work and Pensions (excl. agencies)","Hackney and Newham","London","EO","735","690","30990","31060"
"In post","2022","Department for Work and Pensions (excl. agencies)","Hackney and Newham","London","G6","[c]","[c]","[c]","[c]"
"In post","2022","Department for Work and Pensions (excl. agencies)","Hackney and Newham","London","G7","[c]","[c]","[c]","[c]"
"In post","2022","Department for Work and Pensions (excl. agencies)","Hackney and Newham","London","HEO","45","45","37840","36650"
"In post","2022","Department for Work and Pensions (excl. agencies)","Hackney and Newham","London","SEO","10","10","[c]","[c]"
"In post","2022","Department for Work and Pensions (excl. agencies)","Haringey and Islington","London","AO","40","35","24800","25110"
"In post","2022","Department for Work and Pensions (excl. agencies)","Haringey and Islington","London","EO","360","340","31080","31060"
"In post","2022","Department for Work and Pensions (excl. agencies)","Haringey and Islington","London","HEO","15","15","37540","37610"
"In post","2022","Department for Work and Pensions (excl. agencies)","Haringey and Islington","London","SEO","[c]","[c]","[c]","[c]"
"In post","2022","Department for Work and Pensions (excl. agencies)","Harrow and Hillingdon","London","AO","70","55","24530","25110"
"In post","2022","Department for Work and Pensions (excl. agencies)","Harrow and Hillingdon","London","EO","325","305","31150","31060"
"In post","2022","Department for Work and Pensions (excl. agencies)","Harrow and Hillingdon","London","HEO","35","35","37670","37610"
"In post","2022","Department for Work and Pensions (excl. agencies)","Harrow and Hillingdon","London","SEO","5","5","[c]","[c]"
"In post","2022","Department for Work and Pensions (excl. agencies)","Hartlepool and Stockton-on-Tees","Outside London","AA","[c]","[c]","[c]","[c]"
"In post","2022","Department for Work and Pensions (excl. agencies)","Hartlepool and Stockton-on-Tees","Outside London","AO","300","255","21030","21260"
"In post","2022","Department for Work and Pensions (excl. agencies)","Hartlepool and Stockton-on-Tees","Outside London","EO","400","355","27480","27570"
"In post","2022","Department for Work and Pensions (excl. agencies)","Hartlepool and Stockton-on-Tees","Outside London","G6","[c]","[c]","[c]","[c]"
"In post","2022","Department for Work and Pensions (excl. agencies)","Hartlepool and Stockton-on-Tees","Outside London","G7","[c]","[c]","[c]","[c]"
"In post","2022","Department for Work and Pensions (excl. agencies)","Hartlepool and Stockton-on-Tees","Outside London","HEO","40","35","32640","31990"
"In post","2022","Department for Work and Pensions (excl. agencies)","Hartlepool and Stockton-on-Tees","Outside London","SCS level","[c]","[c]","[c]","[c]"
"In post","2022","Department for Work and Pensions (excl. agencies)","Hartlepool and Stockton-on-Tees","Outside London","SEO","10","10","36210","35680"
"In post","2022","Department for Work and Pensions (excl. agencies)","Heart of Essex","Outside London","AO","[c]","[c]","[c]","[c]"
"In post","2022","Department for Work and Pensions (excl. agencies)","Heart of Essex","Outside London","EO","115","110","29610","29290"
"In post","2022","Department for Work and Pensions (excl. agencies)","Heart of Essex","Outside London","G7","[c]","[c]","[c]","[c]"
"In post","2022","Department for Work and Pensions (excl. agencies)","Heart of Essex","Outside London","HEO","10","10","[c]","[c]"
"In post","2022","Department for Work and Pensions (excl. agencies)","Heart of Essex","Outside London","SEO","[c]","[c]","[c]","[c]"
"In post","2022","Department for Work and Pensions (excl. agencies)","Herefordshire, County of","Outside London","AO","5","5","[c]","[c]"
"In post","2022","Department for Work and Pensions (excl. agencies)","Herefordshire, County of","Outside London","EO","65","60","27490","27570"
"In post","2022","Department for Work and Pensions (excl. agencies)","Herefordshire, County of","Outside London","G7","[c]","[c]","[c]","[c]"
"In post","2022","Department for Work and Pensions (excl. agencies)","Herefordshire, County of","Outside London","HEO","5","5","[c]","[c]"
"In post","2022","Department for Work and Pensions (excl. agencies)","Herefordshire, County of","Outside London","SEO","[c]","[c]","[c]","[c]"
"In post","2022","Department for Work and Pensions (excl. agencies)","Hertfordshire CC","Outside London","AA","10","10","[c]","[c]"
"In post","2022","Department for Work and Pensions (excl. agencies)","Hertfordshire CC","Outside London","AO","110","95","24280","24250"
"In post","2022","Department for Work and Pensions (excl. agencies)","Hertfordshire CC","Outside London","EO","540","505","29880","29290"
"In post","2022","Department for Work and Pensions (excl. agencies)","Hertfordshire CC","Outside London","G7","[c]","[c]","[c]","[c]"
"In post","2022","Department for Work and Pensions (excl. agencies)","Hertfordshire CC","Outside London","HEO","50","45","36710","36800"
"In post","2022","Department for Work and Pensions (excl. agencies)","Hertfordshire CC","Outside London","SCS level","[c]","[c]","[c]","[c]"
"In post","2022","Department for Work and Pensions (excl. agencies)","Hertfordshire CC","Outside London","SEO","15","10","41480","41510"
"In post","2022","Department for Work and Pensions (excl. agencies)","Hounslow and Richmond upon Thames","London","AA","[c]","[c]","[c]","[c]"
"In post","2022","Department for Work and Pensions (excl. agencies)","Hounslow and Richmond upon Thames","London","AO","25","20","24910","25110"
"In post","2022","Department for Work and Pensions (excl. agencies)","Hounslow and Richmond upon Thames","London","EO","210","195","31210","31060"
"In post","2022","Department for Work and Pensions (excl. agencies)","Hounslow and Richmond upon Thames","London","HEO","15","15","38020","38280"
"In post","2022","Department for Work and Pensions (excl. agencies)","Hounslow and Richmond upon Thames","London","SEO","[c]","[c]","[c]","[c]"
"In post","2022","Department for Work and Pensions (excl. agencies)","Inverclyde, East Renfrewshire, and Renfrewshire","Outside London","AA","[c]","[c]","[c]","[c]"
"In post","2022","Department for Work and Pensions (excl. agencies)","Inverclyde, East Renfrewshire, and Renfrewshire","Outside London","AO","145","120","20860","21260"
"In post","2022","Department for Work and Pensions (excl. agencies)","Inverclyde, East Renfrewshire, and Renfrewshire","Outside London","EO","200","175","27430","27570"
"In post","2022","Department for Work and Pensions (excl. agencies)","Inverclyde, East Renfrewshire, and Renfrewshire","Outside London","G6","[c]","[c]","[c]","[c]"
"In post","2022","Department for Work and Pensions (excl. agencies)","Inverclyde, East Renfrewshire, and Renfrewshire","Outside London","G7","[c]","[c]","[c]","[c]"
"In post","2022","Department for Work and Pensions (excl. agencies)","Inverclyde, East Renfrewshire, and Renfrewshire","Outside London","HEO","20","15","33340","33730"
"In post","2022","Department for Work and Pensions (excl. agencies)","Inverclyde, East Renfrewshire, and Renfrewshire","Outside London","SEO","[c]","[c]","[c]","[c]"
"In post","2022","Department for Work and Pensions (excl. agencies)","Inverness and Nairn, Moray, and Badenoch and Strathspey","Outside London","AO","50","45","21020","21260"
"In post","2022","Department for Work and Pensions (excl. agencies)","Inverness and Nairn, Moray, and Badenoch and Strathspey","Outside London","EO","170","155","27470","27570"
"In post","2022","Department for Work and Pensions (excl. agencies)","Inverness and Nairn, Moray, and Badenoch and Strathspey","Outside London","G7","[c]","[c]","[c]","[c]"
"In post","2022","Department for Work and Pensions (excl. agencies)","Inverness and Nairn, Moray, and Badenoch and Strathspey","Outside London","HEO","15","15","32620","31990"
"In post","2022","Department for Work and Pensions (excl. agencies)","Inverness and Nairn, Moray, and Badenoch and Strathspey","Outside London","SEO","[c]","[c]","[c]","[c]"
"In post","2022","Department for Work and Pensions (excl. agencies)","Isle of Anglesey","Outside London","AO","5","5","[c]","[c]"
"In post","2022","Department for Work and Pensions (excl. agencies)","Isle of Anglesey","Outside London","EO","50","40","27380","27570"
"In post","2022","Department for Work and Pensions (excl. agencies)","Isle of Anglesey","Outside London","HEO","[c]","[c]","[c]","[c]"
"In post","2022","Department for Work and Pensions (excl. agencies)","Isle of Anglesey","Outside London","SEO","[c]","[c]","[c]","[c]"
"In post","2022","Department for Work and Pensions (excl. agencies)","Isle of Wight","Outside London","AO","110","95","21160","21260"
"In post","2022","Department for Work and Pensions (excl. agencies)","Isle of Wight","Outside London","EO","120","105","27540","27570"
"In post","2022","Department for Work and Pensions (excl. agencies)","Isle of Wight","Outside London","G7","[c]","[c]","[c]","[c]"
"In post","2022","Department for Work and Pensions (excl. agencies)","Isle of Wight","Outside London","HEO","10","10","32140","31990"
"In post","2022","Department for Work and Pensions (excl. agencies)","Isle of Wight","Outside London","SEO","5","5","[c]","[c]"
"In post","2022","Department for Work and Pensions (excl. agencies)","Kensington & Chelsea and Hammersmith & Fulham","London","AO","15","15","25000","25110"
"In post","2022","Department for Work and Pensions (excl. agencies)","Kensington & Chelsea and Hammersmith & Fulham","London","EO","170","165","31040","31060"
"In post","2022","Department for Work and Pensions (excl. agencies)","Kensington & Chelsea and Hammersmith & Fulham","London","HEO","15","15","37100","36650"
"In post","2022","Department for Work and Pensions (excl. agencies)","Kensington & Chelsea and Hammersmith & Fulham","London","SEO","[c]","[c]","[c]","[c]"
"In post","2022","Department for Work and Pensions (excl. agencies)","Kent Thames Gateway","Outside London","AO","45","40","24250","24800"
"In post","2022","Department for Work and Pensions (excl. agencies)","Kent Thames Gateway","Outside London","EO","205","190","29810","29290"
"In post","2022","Department for Work and Pensions (excl. agencies)","Kent Thames Gateway","Outside London","G6","[c]","[c]","[c]","[c]"
"In post","2022","Department for Work and Pensions (excl. agencies)","Kent Thames Gateway","Outside London","G7","[c]","[c]","[c]","[c]"
"In post","2022","Department for Work and Pensions (excl. agencies)","Kent Thames Gateway","Outside London","HEO","10","10","35970","35120"
"In post","2022","Department for Work and Pensions (excl. agencies)","Kent Thames Gateway","Outside London","SEO","[c]","[c]","[c]","[c]"
"In post","2022","Department for Work and Pensions (excl. agencies)","Kingston upon Hull, City of","Outside London","AO","215","170","21030","21260"
"In post","2022","Department for Work and Pensions (excl. agencies)","Kingston upon Hull, City of","Outside London","EO","325","275","27470","27570"
"In post","2022","Department for Work and Pensions (excl. agencies)","Kingston upon Hull, City of","Outside London","G6","[c]","[c]","[c]","[c]"
"In post","2022","Department for Work and Pensions (excl. agencies)","Kingston upon Hull, City of","Outside London","G7","5","5","[c]","[c]"
"In post","2022","Department for Work and Pensions (excl. agencies)","Kingston upon Hull, City of","Outside London","HEO","40","35","33120","32170"
"In post","2022","Department for Work and Pensions (excl. agencies)","Kingston upon Hull, City of","Outside London","SCS level","[c]","[c]","[c]","[c]"
"In post","2022","Department for Work and Pensions (excl. agencies)","Kingston upon Hull, City of","Outside London","SEO","10","5","[c]","[c]"
"In post","2022","Department for Work and Pensions (excl. agencies)","Lambeth","London","AO","55","50","24660","25110"
"In post","2022","Department for Work and Pensions (excl. agencies)","Lambeth","London","EO","380","360","31150","31060"
"In post","2022","Department for Work and Pensions (excl. agencies)","Lambeth","London","G6","[c]","[c]","[c]","[c]"
"In post","2022","Department for Work and Pensions (excl. agencies)","Lambeth","London","G7","[c]","[c]","[c]","[c]"
"In post","2022","Department for Work and Pensions (excl. agencies)","Lambeth","London","HEO","30","30","37490","36650"
"In post","2022","Department for Work and Pensions (excl. agencies)","Lambeth","London","SEO","[c]","[c]","[c]","[c]"
"In post","2022","Department for Work and Pensions (excl. agencies)","Lancaster and Wyre","Outside London","AO","95","90","21190","21260"
"In post","2022","Department for Work and Pensions (excl. agencies)","Lancaster and Wyre","Outside London","EO","135","125","27500","27570"
"In post","2022","Department for Work and Pensions (excl. agencies)","Lancaster and Wyre","Outside London","HEO","10","10","33050","33030"
"In post","2022","Department for Work and Pensions (excl. agencies)","Lancaster and Wyre","Outside London","SEO","[c]","[c]","[c]","[c]"
"In post","2022","Department for Work and Pensions (excl. agencies)","Leeds","Outside London","AO","430","395","21180","21260"
"In post","2022","Department for Work and Pensions (excl. agencies)","Leeds","Outside London","EO","1065","985","27510","27570"
"In post","2022","Department for Work and Pensions (excl. agencies)","Leeds","Outside London","G6","115","115","65870","65440"
"In post","2022","Department for Work and Pensions (excl. agencies)","Leeds","Outside London","G7","290","275","52290","49950"
"In post","2022","Department for Work and Pensions (excl. agencies)","Leeds","Outside London","HEO","340","310","32780","31990"
"In post","2022","Department for Work and Pensions (excl. agencies)","Leeds","Outside London","SCS level","20","20","86900","77800"
"In post","2022","Department for Work and Pensions (excl. agencies)","Leeds","Outside London","SEO","355","335","37870","36910"
"In post","2022","Department for Work and Pensions (excl. agencies)","Leicester","Outside London","AA","[c]","[c]","[c]","[c]"
"In post","2022","Department for Work and Pensions (excl. agencies)","Leicester","Outside London","AO","405","345","21010","21260"
"In post","2022","Department for Work and Pensions (excl. agencies)","Leicester","Outside London","EO","435","395","27470","27570"
"In post","2022","Department for Work and Pensions (excl. agencies)","Leicester","Outside London","G6","[c]","[c]","[c]","[c]"
"In post","2022","Department for Work and Pensions (excl. agencies)","Leicester","Outside London","G7","[c]","[c]","[c]","[c]"
"In post","2022","Department for Work and Pensions (excl. agencies)","Leicester","Outside London","HEO","35","35","32160","31990"
"In post","2022","Department for Work and Pensions (excl. agencies)","Leicester","Outside London","SEO","10","10","36220","35310"
"In post","2022","Department for Work and Pensions (excl. agencies)","Leicestershire CC and Rutland","Outside London","AO","10","10","21260","21260"
"In post","2022","Department for Work and Pensions (excl. agencies)","Leicestershire CC and Rutland","Outside London","EO","120","105","27540","27570"
"In post","2022","Department for Work and Pensions (excl. agencies)","Leicestershire CC and Rutland","Outside London","G7","[c]","[c]","[c]","[c]"
"In post","2022","Department for Work and Pensions (excl. agencies)","Leicestershire CC and Rutland","Outside London","HEO","10","10","32920","32470"
"In post","2022","Department for Work and Pensions (excl. agencies)","Leicestershire CC and Rutland","Outside London","SCS level","[c]","[c]","[c]","[c]"
"In post","2022","Department for Work and Pensions (excl. agencies)","Leicestershire CC and Rutland","Outside London","SEO","[c]","[c]","[c]","[c]"
"In post","2022","Department for Work and Pensions (excl. agencies)","Lewisham and Southwark","London","AO","35","35","24780","25110"
"In post","2022","Department for Work and Pensions (excl. agencies)","Lewisham and Southwark","London","EO","310","300","30990","31060"
"In post","2022","Department for Work and Pensions (excl. agencies)","Lewisham and Southwark","London","HEO","20","20","37260","36650"
"In post","2022","Department for Work and Pensions (excl. agencies)","Lewisham and Southwark","London","SEO","[c]","[c]","[c]","[c]"
"In post","2022","Department for Work and Pensions (excl. agencies)","Lincolnshire CC","Outside London","AO","160","130","21080","21260"
"In post","2022","Department for Work and Pensions (excl. agencies)","Lincolnshire CC","Outside London","EO","360","320","27520","27570"
"In post","2022","Department for Work and Pensions (excl. agencies)","Lincolnshire CC","Outside London","G6","[c]","[c]","[c]","[c]"
"In post","2022","Department for Work and Pensions (excl. agencies)","Lincolnshire CC","Outside London","G7","[c]","[c]","[c]","[c]"
"In post","2022","Department for Work and Pensions (excl. agencies)","Lincolnshire CC","Outside London","HEO","35","35","32770","32130"
"In post","2022","Department for Work and Pensions (excl. agencies)","Lincolnshire CC","Outside London","SCS level","[c]","[c]","[c]","[c]"
"In post","2022","Department for Work and Pensions (excl. agencies)","Lincolnshire CC","Outside London","SEO","5","5","[c]","[c]"
"In post","2022","Department for Work and Pensions (excl. agencies)","Liverpool","Outside London","AA","[c]","[c]","[c]","[c]"
"In post","2022","Department for Work and Pensions (excl. agencies)","Liverpool","Outside London","AO","175","140","21160","21260"
"In post","2022","Department for Work and Pensions (excl. agencies)","Liverpool","Outside London","EO","565","510","27500","27570"
"In post","2022","Department for Work and Pensions (excl. agencies)","Liverpool","Outside London","G7","[c]","[c]","[c]","[c]"
"In post","2022","Department for Work and Pensions (excl. agencies)","Liverpool","Outside London","HEO","75","70","32700","31990"
"In post","2022","Department for Work and Pensions (excl. agencies)","Liverpool","Outside London","SCS level","[c]","[c]","[c]","[c]"
"In post","2022","Department for Work and Pensions (excl. agencies)","Liverpool","Outside London","SEO","15","15","36620","35560"
"In post","2022","Department for Work and Pensions (excl. agencies)","Lochaber, Skye and Lochalsh, Arran and Cumbrae, and Argyll and Bute","Outside London","AO","[c]","[c]","[c]","[c]"
"In post","2022","Department for Work and Pensions (excl. agencies)","Lochaber, Skye and Lochalsh, Arran and Cumbrae, and Argyll and Bute","Outside London","EO","45","40","27330","27570"
"In post","2022","Department for Work and Pensions (excl. agencies)","Lochaber, Skye and Lochalsh, Arran and Cumbrae, and Argyll and Bute","Outside London","HEO","[c]","[c]","[c]","[c]"
"In post","2022","Department for Work and Pensions (excl. agencies)","Lochaber, Skye and Lochalsh, Arran and Cumbrae, and Argyll and Bute","Outside London","SEO","[c]","[c]","[c]","[c]"
"In post","2022","Department for Work and Pensions (excl. agencies)","Luton","Outside London","AO","25","20","21890","21590"
"In post","2022","Department for Work and Pensions (excl. agencies)","Luton","Outside London","EO","150","145","27890","27570"
"In post","2022","Department for Work and Pensions (excl. agencies)","Luton","Outside London","HEO","5","5","[c]","[c]"
"In post","2022","Department for Work and Pensions (excl. agencies)","Luton","Outside London","SEO","[c]","[c]","[c]","[c]"
"In post","2022","Department for Work and Pensions (excl. agencies)","Manchester","Outside London","AA","[c]","[c]","[c]","[c]"
"In post","2022","Department for Work and Pensions (excl. agencies)","Manchester","Outside London","AO","265","235","20970","21260"
"In post","2022","Department for Work and Pensions (excl. agencies)","Manchester","Outside London","EO","765","725","27460","27570"
"In post","2022","Department for Work and Pensions (excl. agencies)","Manchester","Outside London","G6","100","100","69210","68500"
"In post","2022","Department for Work and Pensions (excl. agencies)","Manchester","Outside London","G7","205","200","55220","55000"
"In post","2022","Department for Work and Pensions (excl. agencies)","Manchester","Outside London","HEO","230","220","32480","31990"
"In post","2022","Department for Work and Pensions (excl. agencies)","Manchester","Outside London","SCS level","15","15","94920","90950"
"In post","2022","Department for Work and Pensions (excl. agencies)","Manchester","Outside London","SEO","245","240","38240","37000"
"In post","2022","Department for Work and Pensions (excl. agencies)","Medway","Outside London","AO","45","40","24600","25110"
"In post","2022","Department for Work and Pensions (excl. agencies)","Medway","Outside London","EO","160","150","29950","29290"
"In post","2022","Department for Work and Pensions (excl. agencies)","Medway","Outside London","G6","[c]","[c]","[c]","[c]"
"In post","2022","Department for Work and Pensions (excl. agencies)","Medway","Outside London","G7","[c]","[c]","[c]","[c]"
"In post","2022","Department for Work and Pensions (excl. agencies)","Medway","Outside London","HEO","15","15","36250","35120"
"In post","2022","Department for Work and Pensions (excl. agencies)","Medway","Outside London","SEO","[c]","[c]","[c]","[c]"
"In post","2022","Department for Work and Pensions (excl. agencies)","Merton, Kingston upon Thames and Sutton","London","AO","25","25","24770","25110"
"In post","2022","Department for Work and Pensions (excl. agencies)","Merton, Kingston upon Thames and Sutton","London","EO","255","240","31030","31060"
"In post","2022","Department for Work and Pensions (excl. agencies)","Merton, Kingston upon Thames and Sutton","London","G7","[c]","[c]","[c]","[c]"
"In post","2022","Department for Work and Pensions (excl. agencies)","Merton, Kingston upon Thames and Sutton","London","HEO","15","15","37000","36650"
"In post","2022","Department for Work and Pensions (excl. agencies)","Merton, Kingston upon Thames and Sutton","London","SEO","[c]","[c]","[c]","[c]"
"In post","2022","Department for Work and Pensions (excl. agencies)","Mid Kent","Outside London","AO","20","15","24360","24250"
"In post","2022","Department for Work and Pensions (excl. agencies)","Mid Kent","Outside London","EO","140","135","29790","29290"
"In post","2022","Department for Work and Pensions (excl. agencies)","Mid Kent","Outside London","HEO","10","10","36270","35510"
"In post","2022","Department for Work and Pensions (excl. agencies)","Mid Kent","Outside London","SEO","[c]","[c]","[c]","[c]"
"In post","2022","Department for Work and Pensions (excl. agencies)","Mid Lancashire","Outside London","AA","10","10","20080","19850"
"In post","2022","Department for Work and Pensions (excl. agencies)","Mid Lancashire","Outside London","AO","1050","925","21040","21260"
"In post","2022","Department for Work and Pensions (excl. agencies)","Mid Lancashire","Outside London","EO","630","575","27390","27570"
"In post","2022","Department for Work and Pensions (excl. agencies)","Mid Lancashire","Outside London","G6","[c]","[c]","[c]","[c]"
"In post","2022","Department for Work and Pensions (excl. agencies)","Mid Lancashire","Outside London","G7","10","10","49700","49170"
"In post","2022","Department for Work and Pensions (excl. agencies)","Mid Lancashire","Outside London","HEO","85","75","32600","31990"
"In post","2022","Department for Work and Pensions (excl. agencies)","Mid Lancashire","Outside London","SEO","15","15","36360","35980"
"In post","2022","Department for Work and Pensions (excl. agencies)","Milton Keynes","Outside London","AA","[c]","[c]","[c]","[c]"
"In post","2022","Department for Work and Pensions (excl. agencies)","Milton Keynes","Outside London","AO","35","30","21700","21260"
"In post","2022","Department for Work and Pensions (excl. agencies)","Milton Keynes","Outside London","EO","165","150","27830","27570"
"In post","2022","Department for Work and Pensions (excl. agencies)","Milton Keynes","Outside London","G7","[c]","[c]","[c]","[c]"
"In post","2022","Department for Work and Pensions (excl. agencies)","Milton Keynes","Outside London","HEO","15","15","34050","34220"
"In post","2022","Department for Work and Pensions (excl. agencies)","Milton Keynes","Outside London","SEO","[c]","[c]","[c]","[c]"
"In post","2022","Department for Work and Pensions (excl. agencies)","Monmouthshire and Newport","Outside London","AO","85","75","21050","21260"
"In post","2022","Department for Work and Pensions (excl. agencies)","Monmouthshire and Newport","Outside London","EO","230","205","27520","27570"
"In post","2022","Department for Work and Pensions (excl. agencies)","Monmouthshire and Newport","Outside London","G7","[c]","[c]","[c]","[c]"
"In post","2022","Department for Work and Pensions (excl. agencies)","Monmouthshire and Newport","Outside London","HEO","15","15","32800","31990"
"In post","2022","Department for Work and Pensions (excl. agencies)","Monmouthshire and Newport","Outside London","SCS level","[c]","[c]","[c]","[c]"
"In post","2022","Department for Work and Pensions (excl. agencies)","Monmouthshire and Newport","Outside London","SEO","[c]","[c]","[c]","[c]"
"In post","2022","Department for Work and Pensions (excl. agencies)","Na h-Eileanan Siar","Outside London","AO","60","60","21200","21260"
"In post","2022","Department for Work and Pensions (excl. agencies)","Na h-Eileanan Siar","Outside London","EO","20","20","27500","27570"
"In post","2022","Department for Work and Pensions (excl. agencies)","Na h-Eileanan Siar","Outside London","HEO","[c]","[c]","[c]","[c]"
"In post","2022","Department for Work and Pensions (excl. agencies)","Na h-Eileanan Siar","Outside London","SEO","[c]","[c]","[c]","[c]"
"In post","2022","Department for Work and Pensions (excl. agencies)","North and North East Lincolnshire","Outside London","AA","[c]","[c]","[c]","[c]"
"In post","2022","Department for Work and Pensions (excl. agencies)","North and North East Lincolnshire","Outside London","AO","200","170","21190","21260"
"In post","2022","Department for Work and Pensions (excl. agencies)","North and North East Lincolnshire","Outside London","EO","240","210","27570","27570"
"In post","2022","Department for Work and Pensions (excl. agencies)","North and North East Lincolnshire","Outside London","G7","5","5","[c]","[c]"
"In post","2022","Department for Work and Pensions (excl. agencies)","North and North East Lincolnshire","Outside London","HEO","35","30","32750","31990"
"In post","2022","Department for Work and Pensions (excl. agencies)","North and North East Lincolnshire","Outside London","SEO","10","10","35920","35740"
"In post","2022","Department for Work and Pensions (excl. agencies)","North and West Norfolk","Outside London","AO","15","15","21160","21260"
"In post","2022","Department for Work and Pensions (excl. agencies)","North and West Norfolk","Outside London","EO","100","85","27580","27570"
"In post","2022","Department for Work and Pensions (excl. agencies)","North and West Norfolk","Outside London","HEO","5","5","[c]","[c]"
"In post","2022","Department for Work and Pensions (excl. agencies)","North and West Norfolk","Outside London","SEO","[c]","[c]","[c]","[c]"
"In post","2022","Department for Work and Pensions (excl. agencies)","North Hampshire","Outside London","AO","25","20","21210","21260"
"In post","2022","Department for Work and Pensions (excl. agencies)","North Hampshire","Outside London","EO","110","95","27520","27570"
"In post","2022","Department for Work and Pensions (excl. agencies)","North Hampshire","Outside London","G7","[c]","[c]","[c]","[c]"
"In post","2022","Department for Work and Pensions (excl. agencies)","North Hampshire","Outside London","HEO","5","5","[c]","[c]"
"In post","2022","Department for Work and Pensions (excl. agencies)","North Lanarkshire","Outside London","AO","430","360","21000","21260"
"In post","2022","Department for Work and Pensions (excl. agencies)","North Lanarkshire","Outside London","EO","285","250","27370","27570"
"In post","2022","Department for Work and Pensions (excl. agencies)","North Lanarkshire","Outside London","G6","[c]","[c]","[c]","[c]"
"In post","2022","Department for Work and Pensions (excl. agencies)","North Lanarkshire","Outside London","G7","10","5","[c]","[c]"
"In post","2022","Department for Work and Pensions (excl. agencies)","North Lanarkshire","Outside London","HEO","30","30","32930","32470"
"In post","2022","Department for Work and Pensions (excl. agencies)","North Lanarkshire","Outside London","SEO","5","5","[c]","[c]"
"In post","2022","Department for Work and Pensions (excl. agencies)","North Northamptonshire","Outside London","AA","[c]","[c]","[c]","[c]"
"In post","2022","Department for Work and Pensions (excl. agencies)","North Northamptonshire","Outside London","AO","225","190","21220","21260"
"In post","2022","Department for Work and Pensions (excl. agencies)","North Northamptonshire","Outside London","EO","180","160","27550","27570"
"In post","2022","Department for Work and Pensions (excl. agencies)","North Northamptonshire","Outside London","G6","[c]","[c]","[c]","[c]"
"In post","2022","Department for Work and Pensions (excl. agencies)","North Northamptonshire","Outside London","G7","[c]","[c]","[c]","[c]"
"In post","2022","Department for Work and Pensions (excl. agencies)","North Northamptonshire","Outside London","HEO","20","15","32660","31990"
"In post","2022","Department for Work and Pensions (excl. agencies)","North Northamptonshire","Outside London","SCS level","[c]","[c]","[c]","[c]"
"In post","2022","Department for Work and Pensions (excl. agencies)","North Northamptonshire","Outside London","SEO","[c]","[c]","[c]","[c]"
"In post","2022","Department for Work and Pensions (excl. agencies)","North Nottinghamshire","Outside London","AO","15","15","21210","21260"
"In post","2022","Department for Work and Pensions (excl. agencies)","North Nottinghamshire","Outside London","EO","210","185","27500","27570"
"In post","2022","Department for Work and Pensions (excl. agencies)","North Nottinghamshire","Outside London","G7","5","5","[c]","[c]"
"In post","2022","Department for Work and Pensions (excl. agencies)","North Nottinghamshire","Outside London","HEO","20","20","32980","32250"
"In post","2022","Department for Work and Pensions (excl. agencies)","North Nottinghamshire","Outside London","SEO","[c]","[c]","[c]","[c]"
"In post","2022","Department for Work and Pensions (excl. agencies)","North Yorkshire CC","Outside London","AO","15","15","21140","21260"
"In post","2022","Department for Work and Pensions (excl. agencies)","North Yorkshire CC","Outside London","EO","160","140","27490","27570"
"In post","2022","Department for Work and Pensions (excl. agencies)","North Yorkshire CC","Outside London","G6","[c]","[c]","[c]","[c]"
"In post","2022","Department for Work and Pensions (excl. agencies)","North Yorkshire CC","Outside London","G7","[c]","[c]","[c]","[c]"
"In post","2022","Department for Work and Pensions (excl. agencies)","North Yorkshire CC","Outside London","HEO","40","35","32630","31990"
"In post","2022","Department for Work and Pensions (excl. agencies)","North Yorkshire CC","Outside London","SEO","5","5","[c]","[c]"
"In post","2022","Department for Work and Pensions (excl. agencies)","Northumberland","Outside London","AA","[c]","[c]","[c]","[c]"
"In post","2022","Department for Work and Pensions (excl. agencies)","Northumberland","Outside London","AO","20","20","21190","21260"
"In post","2022","Department for Work and Pensions (excl. agencies)","Northumberland","Outside London","EO","170","150","27510","27570"
"In post","2022","Department for Work and Pensions (excl. agencies)","Northumberland","Outside London","G7","[c]","[c]","[c]","[c]"
"In post","2022","Department for Work and Pensions (excl. agencies)","Northumberland","Outside London","HEO","15","15","33290","33730"
"In post","2022","Department for Work and Pensions (excl. agencies)","Northumberland","Outside London","SEO","[c]","[c]","[c]","[c]"
"In post","2022","Department for Work and Pensions (excl. agencies)","Norwich and East Norfolk","Outside London","AA","[c]","[c]","[c]","[c]"
"In post","2022","Department for Work and Pensions (excl. agencies)","Norwich and East Norfolk","Outside London","AO","155","125","21090","21260"
"In post","2022","Department for Work and Pensions (excl. agencies)","Norwich and East Norfolk","Outside London","EO","375","325","27530","27570"
"In post","2022","Department for Work and Pensions (excl. agencies)","Norwich and East Norfolk","Outside London","G6","[c]","[c]","[c]","[c]"
"In post","2022","Department for Work and Pensions (excl. agencies)","Norwich and East Norfolk","Outside London","G7","[c]","[c]","[c]","[c]"
"In post","2022","Department for Work and Pensions (excl. agencies)","Norwich and East Norfolk","Outside London","HEO","45","40","33140","33170"
"In post","2022","Department for Work and Pensions (excl. agencies)","Norwich and East Norfolk","Outside London","SEO","10","10","35850","35310"
"In post","2022","Department for Work and Pensions (excl. agencies)","Nottingham","Outside London","AA","[c]","[c]","[c]","[c]"
"In post","2022","Department for Work and Pensions (excl. agencies)","Nottingham","Outside London","AO","265","235","21160","21260"
"In post","2022","Department for Work and Pensions (excl. agencies)","Nottingham","Outside London","EO","420","385","27540","27570"
"In post","2022","Department for Work and Pensions (excl. agencies)","Nottingham","Outside London","G6","[c]","[c]","[c]","[c]"
"In post","2022","Department for Work and Pensions (excl. agencies)","Nottingham","Outside London","G7","5","5","[c]","[c]"
"In post","2022","Department for Work and Pensions (excl. agencies)","Nottingham","Outside London","HEO","45","45","32630","31990"
"In post","2022","Department for Work and Pensions (excl. agencies)","Nottingham","Outside London","SEO","15","15","36460","36540"
"In post","2022","Department for Work and Pensions (excl. agencies)","Orkney Islands","Outside London","EO","[c]","[c]","[c]","[c]"
"In post","2022","Department for Work and Pensions (excl. agencies)","Orkney Islands","Outside London","HEO","[c]","[c]","[c]","[c]"
"In post","2022","Department for Work and Pensions (excl. agencies)","Orkney Islands","Outside London","SEO","[c]","[c]","[c]","[c]"
"In post","2022","Department for Work and Pensions (excl. agencies)","Oxfordshire CC","Outside London","AO","40","35","22180","22250"
"In post","2022","Department for Work and Pensions (excl. agencies)","Oxfordshire CC","Outside London","EO","180","165","28020","27570"
"In post","2022","Department for Work and Pensions (excl. agencies)","Oxfordshire CC","Outside London","G6","[c]","[c]","[c]","[c]"
"In post","2022","Department for Work and Pensions (excl. agencies)","Oxfordshire CC","Outside London","G7","[c]","[c]","[c]","[c]"
"In post","2022","Department for Work and Pensions (excl. agencies)","Oxfordshire CC","Outside London","HEO","15","15","33970","34290"
"In post","2022","Department for Work and Pensions (excl. agencies)","Oxfordshire CC","Outside London","SEO","5","5","[c]","[c]"
"In post","2022","Department for Work and Pensions (excl. agencies)","Perth and Kinross, and Stirling","Outside London","AO","30","25","21200","21260"
"In post","2022","Department for Work and Pensions (excl. agencies)","Perth and Kinross, and Stirling","Outside London","EO","95","90","27470","27570"
"In post","2022","Department for Work and Pensions (excl. agencies)","Perth and Kinross, and Stirling","Outside London","G6","[c]","[c]","[c]","[c]"
"In post","2022","Department for Work and Pensions (excl. agencies)","Perth and Kinross, and Stirling","Outside London","G7","[c]","[c]","[c]","[c]"
"In post","2022","Department for Work and Pensions (excl. agencies)","Perth and Kinross, and Stirling","Outside London","HEO","15","10","32860","32470"
"In post","2022","Department for Work and Pensions (excl. agencies)","Perth and Kinross, and Stirling","Outside London","SEO","5","5","[c]","[c]"
"In post","2022","Department for Work and Pensions (excl. agencies)","Peterborough","Outside London","AO","55","40","21030","21260"
"In post","2022","Department for Work and Pensions (excl. agencies)","Peterborough","Outside London","EO","145","125","27730","27570"
"In post","2022","Department for Work and Pensions (excl. agencies)","Peterborough","Outside London","G6","[c]","[c]","[c]","[c]"
"In post","2022","Department for Work and Pensions (excl. agencies)","Peterborough","Outside London","G7","5","5","[c]","[c]"
"In post","2022","Department for Work and Pensions (excl. agencies)","Peterborough","Outside London","HEO","15","15","32750","32010"
"In post","2022","Department for Work and Pensions (excl. agencies)","Peterborough","Outside London","SEO","[c]","[c]","[c]","[c]"
"In post","2022","Department for Work and Pensions (excl. agencies)","Plymouth","Outside London","AO","50","40","20990","21260"
"In post","2022","Department for Work and Pensions (excl. agencies)","Plymouth","Outside London","EO","285","250","27470","27570"
"In post","2022","Department for Work and Pensions (excl. agencies)","Plymouth","Outside London","G6","[c]","[c]","[c]","[c]"
"In post","2022","Department for Work and Pensions (excl. agencies)","Plymouth","Outside London","G7","[c]","[c]","[c]","[c]"
"In post","2022","Department for Work and Pensions (excl. agencies)","Plymouth","Outside London","HEO","40","35","32260","31990"
"In post","2022","Department for Work and Pensions (excl. agencies)","Plymouth","Outside London","SEO","15","15","35600","35310"
"In post","2022","Department for Work and Pensions (excl. agencies)","Portsmouth","Outside London","AA","[c]","[c]","[c]","[c]"
"In post","2022","Department for Work and Pensions (excl. agencies)","Portsmouth","Outside London","AO","90","70","20860","21260"
"In post","2022","Department for Work and Pensions (excl. agencies)","Portsmouth","Outside London","EO","140","130","27550","27570"
"In post","2022","Department for Work and Pensions (excl. agencies)","Portsmouth","Outside London","HEO","15","10","32990","31990"
"In post","2022","Department for Work and Pensions (excl. agencies)","Portsmouth","Outside London","SEO","[c]","[c]","[c]","[c]"
"In post","2022","Department for Work and Pensions (excl. agencies)","Powys","Outside London","AO","15","10","21000","21260"
"In post","2022","Department for Work and Pensions (excl. agencies)","Powys","Outside London","EO","60","55","27490","27570"
"In post","2022","Department for Work and Pensions (excl. agencies)","Powys","Outside London","G7","[c]","[c]","[c]","[c]"
"In post","2022","Department for Work and Pensions (excl. agencies)","Powys","Outside London","HEO","5","5","[c]","[c]"
"In post","2022","Department for Work and Pensions (excl. agencies)","Powys","Outside London","SEO","[c]","[c]","[c]","[c]"
"In post","2022","Department for Work and Pensions (excl. agencies)","Redbridge and Waltham Forest","London","AA","[c]","[c]","[c]","[c]"
"In post","2022","Department for Work and Pensions (excl. agencies)","Redbridge and Waltham Forest","London","AO","335","295","24750","25110"
"In post","2022","Department for Work and Pensions (excl. agencies)","Redbridge and Waltham Forest","London","EO","465","430","31030","31060"
"In post","2022","Department for Work and Pensions (excl. agencies)","Redbridge and Waltham Forest","London","G6","[c]","[c]","[c]","[c]"
"In post","2022","Department for Work and Pensions (excl. agencies)","Redbridge and Waltham Forest","London","G7","[c]","[c]","[c]","[c]"
"In post","2022","Department for Work and Pensions (excl. agencies)","Redbridge and Waltham Forest","London","HEO","45","45","37280","36650"
"In post","2022","Department for Work and Pensions (excl. agencies)","Redbridge and Waltham Forest","London","SEO","10","10","41330","41310"
"In post","2022","Department for Work and Pensions (excl. agencies)","Sandwell","Outside London","AO","50","45","21130","21260"
"In post","2022","Department for Work and Pensions (excl. agencies)","Sandwell","Outside London","EO","265","245","27350","27570"
"In post","2022","Department for Work and Pensions (excl. agencies)","Sandwell","Outside London","G6","[c]","[c]","[c]","[c]"
"In post","2022","Department for Work and Pensions (excl. agencies)","Sandwell","Outside London","G7","[c]","[c]","[c]","[c]"
"In post","2022","Department for Work and Pensions (excl. agencies)","Sandwell","Outside London","HEO","25","20","32970","32300"
"In post","2022","Department for Work and Pensions (excl. agencies)","Sandwell","Outside London","SEO","5","5","[c]","[c]"
"In post","2022","Department for Work and Pensions (excl. agencies)","Scottish Borders","Outside London","AO","[c]","[c]","[c]","[c]"
"In post","2022","Department for Work and Pensions (excl. agencies)","Scottish Borders","Outside London","EO","45","45","27570","27570"
"In post","2022","Department for Work and Pensions (excl. agencies)","Scottish Borders","Outside London","HEO","[c]","[c]","[c]","[c]"
"In post","2022","Department for Work and Pensions (excl. agencies)","Scottish Borders","Outside London","SEO","[c]","[c]","[c]","[c]"
"In post","2022","Department for Work and Pensions (excl. agencies)","Sefton","Outside London","AA","[c]","[c]","[c]","[c]"
"In post","2022","Department for Work and Pensions (excl. agencies)","Sefton","Outside London","AO","255","220","21160","21260"
"In post","2022","Department for Work and Pensions (excl. agencies)","Sefton","Outside London","EO","650","600","27540","27570"
"In post","2022","Department for Work and Pensions (excl. agencies)","Sefton","Outside London","G6","[c]","[c]","[c]","[c]"
"In post","2022","Department for Work and Pensions (excl. agencies)","Sefton","Outside London","G7","10","10","[c]","[c]"
"In post","2022","Department for Work and Pensions (excl. agencies)","Sefton","Outside London","HEO","75","70","32550","31990"
"In post","2022","Department for Work and Pensions (excl. agencies)","Sefton","Outside London","SCS level","[c]","[c]","[c]","[c]"
"In post","2022","Department for Work and Pensions (excl. agencies)","Sefton","Outside London","SEO","15","15","36600","36370"
"In post","2022","Department for Work and Pensions (excl. agencies)","Sheffield","Outside London","AA","[c]","[c]","[c]","[c]"
"In post","2022","Department for Work and Pensions (excl. agencies)","Sheffield","Outside London","AO","340","300","21090","21260"
"In post","2022","Department for Work and Pensions (excl. agencies)","Sheffield","Outside London","EO","620","540","27510","27570"
"In post","2022","Department for Work and Pensions (excl. agencies)","Sheffield","Outside London","G6","110","105","65250","65500"
"In post","2022","Department for Work and Pensions (excl. agencies)","Sheffield","Outside London","G7","240","230","51820","49170"
"In post","2022","Department for Work and Pensions (excl. agencies)","Sheffield","Outside London","HEO","395","365","32910","31990"
"In post","2022","Department for Work and Pensions (excl. agencies)","Sheffield","Outside London","SCS level","30","30","80940","76900"
"In post","2022","Department for Work and Pensions (excl. agencies)","Sheffield","Outside London","SEO","305","285","37590","36540"
"In post","2022","Department for Work and Pensions (excl. agencies)","Shetland Islands","Outside London","AO","[c]","[c]","[c]","[c]"
"In post","2022","Department for Work and Pensions (excl. agencies)","Shetland Islands","Outside London","EO","5","5","[c]","[c]"
"In post","2022","Department for Work and Pensions (excl. agencies)","Shetland Islands","Outside London","HEO","[c]","[c]","[c]","[c]"
"In post","2022","Department for Work and Pensions (excl. agencies)","Shropshire","Outside London","AO","10","5","[c]","[c]"
"In post","2022","Department for Work and Pensions (excl. agencies)","Shropshire","Outside London","EO","110","100","27540","27570"
"In post","2022","Department for Work and Pensions (excl. agencies)","Shropshire","Outside London","HEO","10","10","32820","32230"
"In post","2022","Department for Work and Pensions (excl. agencies)","Shropshire","Outside London","SEO","[c]","[c]","[c]","[c]"
"In post","2022","Department for Work and Pensions (excl. agencies)","Solihull","Outside London","AO","20","20","21190","21260"
"In post","2022","Department for Work and Pensions (excl. agencies)","Solihull","Outside London","EO","160","150","27520","27570"
"In post","2022","Department for Work and Pensions (excl. agencies)","Solihull","Outside London","G6","[c]","[c]","[c]","[c]"
"In post","2022","Department for Work and Pensions (excl. agencies)","Solihull","Outside London","G7","[c]","[c]","[c]","[c]"
"In post","2022","Department for Work and Pensions (excl. agencies)","Solihull","Outside London","HEO","5","5","[c]","[c]"
"In post","2022","Department for Work and Pensions (excl. agencies)","Solihull","Outside London","SEO","[c]","[c]","[c]","[c]"
"In post","2022","Department for Work and Pensions (excl. agencies)","Somerset CC","Outside London","AA","[c]","[c]","[c]","[c]"
"In post","2022","Department for Work and Pensions (excl. agencies)","Somerset CC","Outside London","AO","150","125","21200","21260"
"In post","2022","Department for Work and Pensions (excl. agencies)","Somerset CC","Outside London","EO","315","275","27550","27570"
"In post","2022","Department for Work and Pensions (excl. agencies)","Somerset CC","Outside London","G6","[c]","[c]","[c]","[c]"
"In post","2022","Department for Work and Pensions (excl. agencies)","Somerset CC","Outside London","G7","[c]","[c]","[c]","[c]"
"In post","2022","Department for Work and Pensions (excl. agencies)","Somerset CC","Outside London","HEO","45","40","33420","33170"
"In post","2022","Department for Work and Pensions (excl. agencies)","Somerset CC","Outside London","SEO","10","10","[c]","[c]"
"In post","2022","Department for Work and Pensions (excl. agencies)","South and West Derbyshire","Outside London","AO","30","25","21050","21260"
"In post","2022","Department for Work and Pensions (excl. agencies)","South and West Derbyshire","Outside London","EO","220","185","27460","27570"
"In post","2022","Department for Work and Pensions (excl. agencies)","South and West Derbyshire","Outside London","G7","[c]","[c]","[c]","[c]"
"In post","2022","Department for Work and Pensions (excl. agencies)","South and West Derbyshire","Outside London","HEO","45","40","32910","32560"
"In post","2022","Department for Work and Pensions (excl. agencies)","South and West Derbyshire","Outside London","SEO","10","10","[c]","[c]"
"In post","2022","Department for Work and Pensions (excl. agencies)","South Ayrshire","Outside London","AO","15","10","20980","21260"
"In post","2022","Department for Work and Pensions (excl. agencies)","South Ayrshire","Outside London","EO","115","110","27530","27570"
"In post","2022","Department for Work and Pensions (excl. agencies)","South Ayrshire","Outside London","HEO","10","10","[c]","[c]"
"In post","2022","Department for Work and Pensions (excl. agencies)","South Ayrshire","Outside London","SCS level","[c]","[c]","[c]","[c]"
"In post","2022","Department for Work and Pensions (excl. agencies)","South Ayrshire","Outside London","SEO","[c]","[c]","[c]","[c]"
"In post","2022","Department for Work and Pensions (excl. agencies)","South Hampshire","Outside London","AO","20","15","21270","21260"
"In post","2022","Department for Work and Pensions (excl. agencies)","South Hampshire","Outside London","EO","195","165","27450","27570"
"In post","2022","Department for Work and Pensions (excl. agencies)","South Hampshire","Outside London","G7","[c]","[c]","[c]","[c]"
"In post","2022","Department for Work and Pensions (excl. agencies)","South Hampshire","Outside London","HEO","15","15","32540","31990"
"In post","2022","Department for Work and Pensions (excl. agencies)","South Hampshire","Outside London","SEO","[c]","[c]","[c]","[c]"
"In post","2022","Department for Work and Pensions (excl. agencies)","South Lanarkshire","Outside London","AO","20","15","21050","21260"
"In post","2022","Department for Work and Pensions (excl. agencies)","South Lanarkshire","Outside London","EO","160","140","27440","27570"
"In post","2022","Department for Work and Pensions (excl. agencies)","South Lanarkshire","Outside London","G7","[c]","[c]","[c]","[c]"
"In post","2022","Department for Work and Pensions (excl. agencies)","South Lanarkshire","Outside London","HEO","15","15","33220","33300"
"In post","2022","Department for Work and Pensions (excl. agencies)","South Nottinghamshire","Outside London","AO","5","5","[c]","[c]"
"In post","2022","Department for Work and Pensions (excl. agencies)","South Nottinghamshire","Outside London","EO","35","30","27400","27570"
"In post","2022","Department for Work and Pensions (excl. agencies)","South Nottinghamshire","Outside London","HEO","[c]","[c]","[c]","[c]"
"In post","2022","Department for Work and Pensions (excl. agencies)","South Teesside","Outside London","AO","275","250","21120","21260"
"In post","2022","Department for Work and Pensions (excl. agencies)","South Teesside","Outside London","EO","300","260","27420","27570"
"In post","2022","Department for Work and Pensions (excl. agencies)","South Teesside","Outside London","G7","[c]","[c]","[c]","[c]"
"In post","2022","Department for Work and Pensions (excl. agencies)","South Teesside","Outside London","HEO","35","30","32560","31990"
"In post","2022","Department for Work and Pensions (excl. agencies)","South Teesside","Outside London","SEO","10","10","36670","36300"
"In post","2022","Department for Work and Pensions (excl. agencies)","South West Wales","Outside London","AA","[c]","[c]","[c]","[c]"
"In post","2022","Department for Work and Pensions (excl. agencies)","South West Wales","Outside London","AO","185","160","21130","21260"
"In post","2022","Department for Work and Pensions (excl. agencies)","South West Wales","Outside London","EO","225","200","27490","27570"
"In post","2022","Department for Work and Pensions (excl. agencies)","South West Wales","Outside London","HEO","30","25","32950","32470"
"In post","2022","Department for Work and Pensions (excl. agencies)","South West Wales","Outside London","SEO","10","5","[c]","[c]"
"In post","2022","Department for Work and Pensions (excl. agencies)","Southampton","Outside London","AA","[c]","[c]","[c]","[c]"
"In post","2022","Department for Work and Pensions (excl. agencies)","Southampton","Outside London","AO","65","50","20920","21260"
"In post","2022","Department for Work and Pensions (excl. agencies)","Southampton","Outside London","EO","175","160","27520","27570"
"In post","2022","Department for Work and Pensions (excl. agencies)","Southampton","Outside London","G7","[c]","[c]","[c]","[c]"
"In post","2022","Department for Work and Pensions (excl. agencies)","Southampton","Outside London","HEO","15","15","32430","31990"
"In post","2022","Department for Work and Pensions (excl. agencies)","Southampton","Outside London","SEO","[c]","[c]","[c]","[c]"
"In post","2022","Department for Work and Pensions (excl. agencies)","Southend-on-Sea","Outside London","AO","45","35","24420","24390"
"In post","2022","Department for Work and Pensions (excl. agencies)","Southend-on-Sea","Outside London","EO","140","125","29880","29290"
"In post","2022","Department for Work and Pensions (excl. agencies)","Southend-on-Sea","Outside London","HEO","5","5","[c]","[c]"
"In post","2022","Department for Work and Pensions (excl. agencies)","Southend-on-Sea","Outside London","SEO","[c]","[c]","[c]","[c]"
"In post","2022","Department for Work and Pensions (excl. agencies)","Staffordshire CC","Outside London","AO","65","60","21100","21260"
"In post","2022","Department for Work and Pensions (excl. agencies)","Staffordshire CC","Outside London","EO","360","310","27530","27570"
"In post","2022","Department for Work and Pensions (excl. agencies)","Staffordshire CC","Outside London","G6","[c]","[c]","[c]","[c]"
"In post","2022","Department for Work and Pensions (excl. agencies)","Staffordshire CC","Outside London","G7","[c]","[c]","[c]","[c]"
"In post","2022","Department for Work and Pensions (excl. agencies)","Staffordshire CC","Outside London","HEO","45","40","32810","31990"
"In post","2022","Department for Work and Pensions (excl. agencies)","Staffordshire CC","Outside London","SEO","5","5","[c]","[c]"
"In post","2022","Department for Work and Pensions (excl. agencies)","Stoke-on-Trent","Outside London","AO","150","120","20920","21260"
"In post","2022","Department for Work and Pensions (excl. agencies)","Stoke-on-Trent","Outside London","EO","260","235","27510","27570"
"In post","2022","Department for Work and Pensions (excl. agencies)","Stoke-on-Trent","Outside London","G7","5","5","[c]","[c]"
"In post","2022","Department for Work and Pensions (excl. agencies)","Stoke-on-Trent","Outside London","HEO","25","25","32540","31990"
"In post","2022","Department for Work and Pensions (excl. agencies)","Stoke-on-Trent","Outside London","SEO","5","5","[c]","[c]"
"In post","2022","Department for Work and Pensions (excl. agencies)","Suffolk CC","Outside London","AA","[c]","[c]","[c]","[c]"
"In post","2022","Department for Work and Pensions (excl. agencies)","Suffolk CC","Outside London","AO","130","110","21180","21260"
"In post","2022","Department for Work and Pensions (excl. agencies)","Suffolk CC","Outside London","EO","405","360","27570","27570"
"In post","2022","Department for Work and Pensions (excl. agencies)","Suffolk CC","Outside London","G7","10","10","[c]","[c]"
"In post","2022","Department for Work and Pensions (excl. agencies)","Suffolk CC","Outside London","HEO","40","35","32600","32060"
"In post","2022","Department for Work and Pensions (excl. agencies)","Suffolk CC","Outside London","SEO","10","10","37410","35590"
"In post","2022","Department for Work and Pensions (excl. agencies)","Sunderland","Outside London","AA","25","20","20430","20480"
"In post","2022","Department for Work and Pensions (excl. agencies)","Sunderland","Outside London","AO","700","580","21100","21260"
"In post","2022","Department for Work and Pensions (excl. agencies)","Sunderland","Outside London","EO","845","755","27500","27570"
"In post","2022","Department for Work and Pensions (excl. agencies)","Sunderland","Outside London","G6","5","5","[c]","[c]"
"In post","2022","Department for Work and Pensions (excl. agencies)","Sunderland","Outside London","G7","15","15","50300","49170"
"In post","2022","Department for Work and Pensions (excl. agencies)","Sunderland","Outside London","HEO","130","120","32540","31990"
"In post","2022","Department for Work and Pensions (excl. agencies)","Sunderland","Outside London","SCS level","[c]","[c]","[c]","[c]"
"In post","2022","Department for Work and Pensions (excl. agencies)","Sunderland","Outside London","SEO","25","25","35930","35310"
"In post","2022","Department for Work and Pensions (excl. agencies)","Swansea","Outside London","AO","300","265","21180","21260"
"In post","2022","Department for Work and Pensions (excl. agencies)","Swansea","Outside London","EO","260","235","27580","27570"
"In post","2022","Department for Work and Pensions (excl. agencies)","Swansea","Outside London","G6","[c]","[c]","[c]","[c]"
"In post","2022","Department for Work and Pensions (excl. agencies)","Swansea","Outside London","G7","5","5","[c]","[c]"
"In post","2022","Department for Work and Pensions (excl. agencies)","Swansea","Outside London","HEO","20","20","32630","31990"
"In post","2022","Department for Work and Pensions (excl. agencies)","Swansea","Outside London","SEO","10","10","36710","35310"
"In post","2022","Department for Work and Pensions (excl. agencies)","Swindon","Outside London","AA","[c]","[c]","[c]","[c]"
"In post","2022","Department for Work and Pensions (excl. agencies)","Swindon","Outside London","AO","15","15","21800","21260"
"In post","2022","Department for Work and Pensions (excl. agencies)","Swindon","Outside London","EO","120","110","27810","27570"
"In post","2022","Department for Work and Pensions (excl. agencies)","Swindon","Outside London","G6","[c]","[c]","[c]","[c]"
"In post","2022","Department for Work and Pensions (excl. agencies)","Swindon","Outside London","HEO","10","5","[c]","[c]"
"In post","2022","Department for Work and Pensions (excl. agencies)","Swindon","Outside London","SEO","[c]","[c]","[c]","[c]"
"In post","2022","Department for Work and Pensions (excl. agencies)","Telford and Wrekin","Outside London","AA","[c]","[c]","[c]","[c]"
"In post","2022","Department for Work and Pensions (excl. agencies)","Telford and Wrekin","Outside London","AO","125","105","21170","21260"
"In post","2022","Department for Work and Pensions (excl. agencies)","Telford and Wrekin","Outside London","EO","225","200","27540","27570"
"In post","2022","Department for Work and Pensions (excl. agencies)","Telford and Wrekin","Outside London","G6","[c]","[c]","[c]","[c]"
"In post","2022","Department for Work and Pensions (excl. agencies)","Telford and Wrekin","Outside London","G7","5","5","[c]","[c]"
"In post","2022","Department for Work and Pensions (excl. agencies)","Telford and Wrekin","Outside London","HEO","30","25","32310","31990"
"In post","2022","Department for Work and Pensions (excl. agencies)","Telford and Wrekin","Outside London","SCS level","[c]","[c]","[c]","[c]"
"In post","2022","Department for Work and Pensions (excl. agencies)","Telford and Wrekin","Outside London","SEO","5","5","[c]","[c]"
"In post","2022","Department for Work and Pensions (excl. agencies)","Thurrock","Outside London","AO","10","10","24300","24250"
"In post","2022","Department for Work and Pensions (excl. agencies)","Thurrock","Outside London","EO","65","60","29900","29290"
"In post","2022","Department for Work and Pensions (excl. agencies)","Thurrock","Outside London","G7","[c]","[c]","[c]","[c]"
"In post","2022","Department for Work and Pensions (excl. agencies)","Thurrock","Outside London","HEO","5","5","[c]","[c]"
"In post","2022","Department for Work and Pensions (excl. agencies)","Torbay","Outside London","AO","125","100","21040","21260"
"In post","2022","Department for Work and Pensions (excl. agencies)","Torbay","Outside London","EO","105","85","27430","27570"
"In post","2022","Department for Work and Pensions (excl. agencies)","Torbay","Outside London","G7","[c]","[c]","[c]","[c]"
"In post","2022","Department for Work and Pensions (excl. agencies)","Torbay","Outside London","HEO","15","15","32980","32470"
"In post","2022","Department for Work and Pensions (excl. agencies)","Torbay","Outside London","SEO","5","5","[c]","[c]"
"In post","2022","Department for Work and Pensions (excl. agencies)","Tower Hamlets","London","AO","70","55","24530","25110"
"In post","2022","Department for Work and Pensions (excl. agencies)","Tower Hamlets","London","EO","160","150","30890","31060"
"In post","2022","Department for Work and Pensions (excl. agencies)","Tower Hamlets","London","HEO","[c]","[c]","[c]","[c]"
"In post","2022","Department for Work and Pensions (excl. agencies)","Tower Hamlets","London","SEO","[c]","[c]","[c]","[c]"
"In post","2022","Department for Work and Pensions (excl. agencies)","Tyneside","Outside London","AA","15","15","20440","20480"
"In post","2022","Department for Work and Pensions (excl. agencies)","Tyneside","Outside London","AO","2395","2100","21150","21260"
"In post","2022","Department for Work and Pensions (excl. agencies)","Tyneside","Outside London","EO","1525","1365","27500","27570"
"In post","2022","Department for Work and Pensions (excl. agencies)","Tyneside","Outside London","G6","170","170","68160","67090"
"In post","2022","Department for Work and Pensions (excl. agencies)","Tyneside","Outside London","G7","490","480","52940","52010"
"In post","2022","Department for Work and Pensions (excl. agencies)","Tyneside","Outside London","HEO","700","660","32480","31990"
"In post","2022","Department for Work and Pensions (excl. agencies)","Tyneside","Outside London","SCS level","25","25","88420","78250"
"In post","2022","Department for Work and Pensions (excl. agencies)","Tyneside","Outside London","SEO","605","585","38550","37400"
"In post","2022","Department for Work and Pensions (excl. agencies)","Unknown","Unknown","AA","[c]","[c]","[c]","[c]"
"In post","2022","Department for Work and Pensions (excl. agencies)","Unknown","Unknown","AO","115","100","23030","23190"
"In post","2022","Department for Work and Pensions (excl. agencies)","Unknown","Unknown","EO","340","315","28740","27570"
"In post","2022","Department for Work and Pensions (excl. agencies)","Unknown","Unknown","G6","10","10","[c]","[c]"
"In post","2022","Department for Work and Pensions (excl. agencies)","Unknown","Unknown","G7","25","25","54020","51020"
"In post","2022","Department for Work and Pensions (excl. agencies)","Unknown","Unknown","HEO","80","75","35890","35120"
"In post","2022","Department for Work and Pensions (excl. agencies)","Unknown","Unknown","SCS level","[c]","[c]","[c]","[c]"
"In post","2022","Department for Work and Pensions (excl. agencies)","Unknown","Unknown","SEO","25","25","39990","36920"
"In post","2022","Department for Work and Pensions (excl. agencies)","Wakefield","Outside London","AO","30","25","21010","21260"
"In post","2022","Department for Work and Pensions (excl. agencies)","Wakefield","Outside London","EO","200","175","27480","27570"
"In post","2022","Department for Work and Pensions (excl. agencies)","Wakefield","Outside London","G6","[c]","[c]","[c]","[c]"
"In post","2022","Department for Work and Pensions (excl. agencies)","Wakefield","Outside London","G7","5","5","[c]","[c]"
"In post","2022","Department for Work and Pensions (excl. agencies)","Wakefield","Outside London","HEO","20","20","33030","32790"
"In post","2022","Department for Work and Pensions (excl. agencies)","Wakefield","Outside London","SEO","5","5","[c]","[c]"
"In post","2022","Department for Work and Pensions (excl. agencies)","Walsall","Outside London","AA","5","5","[c]","[c]"
"In post","2022","Department for Work and Pensions (excl. agencies)","Walsall","Outside London","AO","240","205","21050","21260"
"In post","2022","Department for Work and Pensions (excl. agencies)","Walsall","Outside London","EO","250","220","27360","27570"
"In post","2022","Department for Work and Pensions (excl. agencies)","Walsall","Outside London","G7","[c]","[c]","[c]","[c]"
"In post","2022","Department for Work and Pensions (excl. agencies)","Walsall","Outside London","HEO","20","20","32770","32320"
"In post","2022","Department for Work and Pensions (excl. agencies)","Walsall","Outside London","SEO","[c]","[c]","[c]","[c]"
"In post","2022","Department for Work and Pensions (excl. agencies)","Wandsworth","London","AO","70","50","24720","25110"
"In post","2022","Department for Work and Pensions (excl. agencies)","Wandsworth","London","EO","100","95","31160","31060"
"In post","2022","Department for Work and Pensions (excl. agencies)","Wandsworth","London","HEO","5","5","[c]","[c]"
"In post","2022","Department for Work and Pensions (excl. agencies)","Wandsworth","London","SCS level","[c]","[c]","[c]","[c]"
"In post","2022","Department for Work and Pensions (excl. agencies)","Warrington","Outside London","AO","195","160","20940","21260"
"In post","2022","Department for Work and Pensions (excl. agencies)","Warrington","Outside London","EO","155","140","27480","27570"
"In post","2022","Department for Work and Pensions (excl. agencies)","Warrington","Outside London","G6","[c]","[c]","[c]","[c]"
"In post","2022","Department for Work and Pensions (excl. agencies)","Warrington","Outside London","G7","[c]","[c]","[c]","[c]"
"In post","2022","Department for Work and Pensions (excl. agencies)","Warrington","Outside London","HEO","20","20","32450","31990"
"In post","2022","Department for Work and Pensions (excl. agencies)","Warrington","Outside London","SEO","[c]","[c]","[c]","[c]"
"In post","2022","Department for Work and Pensions (excl. agencies)","Warwickshire CC","Outside London","AA","[c]","[c]","[c]","[c]"
"In post","2022","Department for Work and Pensions (excl. agencies)","Warwickshire CC","Outside London","AO","210","170","21000","21260"
"In post","2022","Department for Work and Pensions (excl. agencies)","Warwickshire CC","Outside London","EO","245","220","27440","27570"
"In post","2022","Department for Work and Pensions (excl. agencies)","Warwickshire CC","Outside London","G6","[c]","[c]","[c]","[c]"
"In post","2022","Department for Work and Pensions (excl. agencies)","Warwickshire CC","Outside London","G7","[c]","[c]","[c]","[c]"
"In post","2022","Department for Work and Pensions (excl. agencies)","Warwickshire CC","Outside London","HEO","30","30","32840","32370"
"In post","2022","Department for Work and Pensions (excl. agencies)","Warwickshire CC","Outside London","SEO","10","10","36440","36540"
"In post","2022","Department for Work and Pensions (excl. agencies)","West Cumbria","Outside London","AA","[c]","[c]","[c]","[c]"
"In post","2022","Department for Work and Pensions (excl. agencies)","West Cumbria","Outside London","AO","45","35","21090","21260"
"In post","2022","Department for Work and Pensions (excl. agencies)","West Cumbria","Outside London","EO","95","85","27550","27570"
"In post","2022","Department for Work and Pensions (excl. agencies)","West Cumbria","Outside London","G7","[c]","[c]","[c]","[c]"
"In post","2022","Department for Work and Pensions (excl. agencies)","West Cumbria","Outside London","HEO","10","10","32270","31990"
"In post","2022","Department for Work and Pensions (excl. agencies)","West Cumbria","Outside London","SEO","[c]","[c]","[c]","[c]"
"In post","2022","Department for Work and Pensions (excl. agencies)","West Essex","Outside London","AO","10","10","24140","24250"
"In post","2022","Department for Work and Pensions (excl. agencies)","West Essex","Outside London","EO","95","85","29760","29290"
"In post","2022","Department for Work and Pensions (excl. agencies)","West Essex","Outside London","G7","[c]","[c]","[c]","[c]"
"In post","2022","Department for Work and Pensions (excl. agencies)","West Essex","Outside London","HEO","5","5","[c]","[c]"
"In post","2022","Department for Work and Pensions (excl. agencies)","West Kent","Outside London","AO","5","5","[c]","[c]"
"In post","2022","Department for Work and Pensions (excl. agencies)","West Kent","Outside London","EO","60","55","29960","29290"
"In post","2022","Department for Work and Pensions (excl. agencies)","West Kent","Outside London","HEO","[c]","[c]","[c]","[c]"
"In post","2022","Department for Work and Pensions (excl. agencies)","West Lothian","Outside London","AO","45","40","20960","21260"
"In post","2022","Department for Work and Pensions (excl. agencies)","West Lothian","Outside London","EO","90","80","27500","27570"
"In post","2022","Department for Work and Pensions (excl. agencies)","West Lothian","Outside London","G6","[c]","[c]","[c]","[c]"
"In post","2022","Department for Work and Pensions (excl. agencies)","West Lothian","Outside London","G7","[c]","[c]","[c]","[c]"
"In post","2022","Department for Work and Pensions (excl. agencies)","West Lothian","Outside London","HEO","10","10","[c]","[c]"
"In post","2022","Department for Work and Pensions (excl. agencies)","West Lothian","Outside London","SEO","5","5","[c]","[c]"
"In post","2022","Department for Work and Pensions (excl. agencies)","West Northamptonshire","Outside London","AO","20","20","21100","21260"
"In post","2022","Department for Work and Pensions (excl. agencies)","West Northamptonshire","Outside London","EO","175","165","27550","27570"
"In post","2022","Department for Work and Pensions (excl. agencies)","West Northamptonshire","Outside London","G7","[c]","[c]","[c]","[c]"
"In post","2022","Department for Work and Pensions (excl. agencies)","West Northamptonshire","Outside London","HEO","10","5","[c]","[c]"
"In post","2022","Department for Work and Pensions (excl. agencies)","West Northamptonshire","Outside London","SCS level","[c]","[c]","[c]","[c]"
"In post","2022","Department for Work and Pensions (excl. agencies)","West Northamptonshire","Outside London","SEO","[c]","[c]","[c]","[c]"
"In post","2022","Department for Work and Pensions (excl. agencies)","West Surrey","Outside London","AO","20","15","24600","25110"
"In post","2022","Department for Work and Pensions (excl. agencies)","West Surrey","Outside London","EO","175","155","29860","29290"
"In post","2022","Department for Work and Pensions (excl. agencies)","West Surrey","Outside London","G7","[c]","[c]","[c]","[c]"
"In post","2022","Department for Work and Pensions (excl. agencies)","West Surrey","Outside London","HEO","25","25","37020","36840"
"In post","2022","Department for Work and Pensions (excl. agencies)","West Surrey","Outside London","SCS level","[c]","[c]","[c]","[c]"
"In post","2022","Department for Work and Pensions (excl. agencies)","West Surrey","Outside London","SEO","5","5","[c]","[c]"
"In post","2022","Department for Work and Pensions (excl. agencies)","West Sussex (North East)","Outside London","AO","15","15","21190","21260"
"In post","2022","Department for Work and Pensions (excl. agencies)","West Sussex (North East)","Outside London","EO","145","130","27740","27570"
"In post","2022","Department for Work and Pensions (excl. agencies)","West Sussex (North East)","Outside London","G7","[c]","[c]","[c]","[c]"
"In post","2022","Department for Work and Pensions (excl. agencies)","West Sussex (North East)","Outside London","HEO","5","5","[c]","[c]"
"In post","2022","Department for Work and Pensions (excl. agencies)","West Sussex (North East)","Outside London","SEO","[c]","[c]","[c]","[c]"
"In post","2022","Department for Work and Pensions (excl. agencies)","West Sussex (South West)","Outside London","AA","[c]","[c]","[c]","[c]"
"In post","2022","Department for Work and Pensions (excl. agencies)","West Sussex (South West)","Outside London","AO","90","75","20920","21260"
"In post","2022","Department for Work and Pensions (excl. agencies)","West Sussex (South West)","Outside London","EO","205","185","27500","27570"
"In post","2022","Department for Work and Pensions (excl. agencies)","West Sussex (South West)","Outside London","G7","[c]","[c]","[c]","[c]"
"In post","2022","Department for Work and Pensions (excl. agencies)","West Sussex (South West)","Outside London","HEO","20","20","32910","32190"
"In post","2022","Department for Work and Pensions (excl. agencies)","West Sussex (South West)","Outside London","SEO","[c]","[c]","[c]","[c]"
"In post","2022","Department for Work and Pensions (excl. agencies)","Westminster","London","AO","70","65","24970","25110"
"In post","2022","Department for Work and Pensions (excl. agencies)","Westminster","London","EO","475","455","31200","31060"
"In post","2022","Department for Work and Pensions (excl. agencies)","Westminster","London","G6","190","185","69600","66250"
"In post","2022","Department for Work and Pensions (excl. agencies)","Westminster","London","G7","460","440","56550","54070"
"In post","2022","Department for Work and Pensions (excl. agencies)","Westminster","London","HEO","635","620","36970","36650"
"In post","2022","Department for Work and Pensions (excl. agencies)","Westminster","London","SCS level","120","115","91630","82100"
"In post","2022","Department for Work and Pensions (excl. agencies)","Westminster","London","SEO","420","405","41930","40510"
"In post","2022","Department for Work and Pensions (excl. agencies)","Wiltshire","Outside London","AA","[c]","[c]","[c]","[c]"
"In post","2022","Department for Work and Pensions (excl. agencies)","Wiltshire","Outside London","AO","30","25","21220","21260"
"In post","2022","Department for Work and Pensions (excl. agencies)","Wiltshire","Outside London","EO","155","140","27540","27570"
"In post","2022","Department for Work and Pensions (excl. agencies)","Wiltshire","Outside London","G6","[c]","[c]","[c]","[c]"
"In post","2022","Department for Work and Pensions (excl. agencies)","Wiltshire","Outside London","G7","[c]","[c]","[c]","[c]"
"In post","2022","Department for Work and Pensions (excl. agencies)","Wiltshire","Outside London","HEO","20","15","33140","32900"
"In post","2022","Department for Work and Pensions (excl. agencies)","Wiltshire","Outside London","SEO","[c]","[c]","[c]","[c]"
"In post","2022","Department for Work and Pensions (excl. agencies)","Wirral","Outside London","AA","5","5","[c]","[c]"
"In post","2022","Department for Work and Pensions (excl. agencies)","Wirral","Outside London","AO","790","670","21080","21260"
"In post","2022","Department for Work and Pensions (excl. agencies)","Wirral","Outside London","EO","520","460","27500","27570"
"In post","2022","Department for Work and Pensions (excl. agencies)","Wirral","Outside London","G6","[c]","[c]","[c]","[c]"
"In post","2022","Department for Work and Pensions (excl. agencies)","Wirral","Outside London","G7","10","10","50120","49170"
"In post","2022","Department for Work and Pensions (excl. agencies)","Wirral","Outside London","HEO","55","50","32690","31990"
"In post","2022","Department for Work and Pensions (excl. agencies)","Wirral","Outside London","SCS level","[c]","[c]","[c]","[c]"
"In post","2022","Department for Work and Pensions (excl. agencies)","Wirral","Outside London","SEO","10","10","36970","36760"
"In post","2022","Department for Work and Pensions (excl. agencies)","Wolverhampton","Outside London","AA","[c]","[c]","[c]","[c]"
"In post","2022","Department for Work and Pensions (excl. agencies)","Wolverhampton","Outside London","AO","260","215","20950","21260"
"In post","2022","Department for Work and Pensions (excl. agencies)","Wolverhampton","Outside London","EO","325","290","27580","27570"
"In post","2022","Department for Work and Pensions (excl. agencies)","Wolverhampton","Outside London","G7","[c]","[c]","[c]","[c]"
"In post","2022","Department for Work and Pensions (excl. agencies)","Wolverhampton","Outside London","HEO","30","25","32640","31990"
"In post","2022","Department for Work and Pensions (excl. agencies)","Wolverhampton","Outside London","SCS level","[c]","[c]","[c]","[c]"
"In post","2022","Department for Work and Pensions (excl. agencies)","Wolverhampton","Outside London","SEO","[c]","[c]","[c]","[c]"
"In post","2022","Department for Work and Pensions (excl. agencies)","Worcestershire CC","Outside London","AA","5","5","[c]","[c]"
"In post","2022","Department for Work and Pensions (excl. agencies)","Worcestershire CC","Outside London","AO","80","65","20830","21260"
"In post","2022","Department for Work and Pensions (excl. agencies)","Worcestershire CC","Outside London","EO","205","185","27510","27570"
"In post","2022","Department for Work and Pensions (excl. agencies)","Worcestershire CC","Outside London","G6","[c]","[c]","[c]","[c]"
"In post","2022","Department for Work and Pensions (excl. agencies)","Worcestershire CC","Outside London","G7","[c]","[c]","[c]","[c]"
"In post","2022","Department for Work and Pensions (excl. agencies)","Worcestershire CC","Outside London","HEO","20","20","32790","31990"
"In post","2022","Department for Work and Pensions (excl. agencies)","Worcestershire CC","Outside London","SEO","[c]","[c]","[c]","[c]"
"In post","2022","Department for Work and Pensions (excl. agencies)","York","Outside London","AA","[c]","[c]","[c]","[c]"
"In post","2022","Department for Work and Pensions (excl. agencies)","York","Outside London","AO","30","25","21030","21260"
"In post","2022","Department for Work and Pensions (excl. agencies)","York","Outside London","EO","85","75","27510","27570"
"In post","2022","Department for Work and Pensions (excl. agencies)","York","Outside London","G6","[c]","[c]","[c]","[c]"
"In post","2022","Department for Work and Pensions (excl. agencies)","York","Outside London","G7","5","5","[c]","[c]"
"In post","2022","Department for Work and Pensions (excl. agencies)","York","Outside London","HEO","5","5","[c]","[c]"
"In post","2022","Department for Work and Pensions (excl. agencies)","York","Outside London","SEO","[c]","[c]","[c]","[c]"
"In post","2022","Department of Health and Social Care (excl. agencies)","Barking & Dagenham and Havering","London","G7","[c]","[c]","[c]","[c]"
"In post","2022","Department of Health and Social Care (excl. agencies)","Barnet","London","G6","[c]","[c]","[c]","[c]"
"In post","2022","Department of Health and Social Care (excl. agencies)","Barnet","London","G7","[c]","[c]","[c]","[c]"
"In post","2022","Department of Health and Social Care (excl. agencies)","Barnet","London","SEO","[c]","[c]","[c]","[c]"
"In post","2022","Department of Health and Social Care (excl. agencies)","Barnsley, Doncaster and Rotherham","Outside London","SCS level","[c]","[c]","[c]","[c]"
"In post","2022","Department of Health and Social Care (excl. agencies)","Bath and North East Somerset, North Somerset and South Gloucestershire","Outside London","G7","[c]","[c]","[c]","[c]"
"In post","2022","Department of Health and Social Care (excl. agencies)","Bath and North East Somerset, North Somerset and South Gloucestershire","Outside London","SEO","[c]","[c]","[c]","[c]"
"In post","2022","Department of Health and Social Care (excl. agencies)","Bedford","Outside London","HEO","[c]","[c]","[c]","[c]"
"In post","2022","Department of Health and Social Care (excl. agencies)","Berkshire","Outside London","G6","[c]","[c]","[c]","[c]"
"In post","2022","Department of Health and Social Care (excl. agencies)","Berkshire","Outside London","HEO","[c]","[c]","[c]","[c]"
"In post","2022","Department of Health and Social Care (excl. agencies)","Berkshire","Outside London","SEO","[c]","[c]","[c]","[c]"
"In post","2022","Department of Health and Social Care (excl. agencies)","Birmingham","Outside London","AO","[c]","[c]","[c]","[c]"
"In post","2022","Department of Health and Social Care (excl. agencies)","Birmingham","Outside London","EO","5","5","[c]","[c]"
"In post","2022","Department of Health and Social Care (excl. agencies)","Birmingham","Outside London","G6","5","5","[c]","[c]"
"In post","2022","Department of Health and Social Care (excl. agencies)","Birmingham","Outside London","G7","15","15","50050","50400"
"In post","2022","Department of Health and Social Care (excl. agencies)","Birmingham","Outside London","HEO","5","5","[c]","[c]"
"In post","2022","Department of Health and Social Care (excl. agencies)","Birmingham","Outside London","SCS level","[c]","[c]","[c]","[c]"
"In post","2022","Department of Health and Social Care (excl. agencies)","Birmingham","Outside London","SEO","10","5","[c]","[c]"
"In post","2022","Department of Health and Social Care (excl. agencies)","Bournemouth, Christchurch and Poole","Outside London","G7","[c]","[c]","[c]","[c]"
"In post","2022","Department of Health and Social Care (excl. agencies)","Bradford","Outside London","G6","[c]","[c]","[c]","[c]"
"In post","2022","Department of Health and Social Care (excl. agencies)","Brighton and Hove","Outside London","G7","[c]","[c]","[c]","[c]"
"In post","2022","Department of Health and Social Care (excl. agencies)","Bristol, City of","Outside London","AO","[c]","[c]","[c]","[c]"
"In post","2022","Department of Health and Social Care (excl. agencies)","Bristol, City of","Outside London","EO","[c]","[c]","[c]","[c]"
"In post","2022","Department of Health and Social Care (excl. agencies)","Bristol, City of","Outside London","G6","5","5","[c]","[c]"
"In post","2022","Department of Health and Social Care (excl. agencies)","Bristol, City of","Outside London","G7","20","20","51110","50400"
"In post","2022","Department of Health and Social Care (excl. agencies)","Bristol, City of","Outside London","HEO","5","5","[c]","[c]"
"In post","2022","Department of Health and Social Care (excl. agencies)","Bristol, City of","Outside London","SCS level","[c]","[c]","[c]","[c]"
"In post","2022","Department of Health and Social Care (excl. agencies)","Bristol, City of","Outside London","SEO","10","10","38210","36820"
"In post","2022","Department of Health and Social Care (excl. agencies)","Bromley","London","G6","[c]","[c]","[c]","[c]"
"In post","2022","Department of Health and Social Care (excl. agencies)","Buckinghamshire","Outside London","SCS level","[c]","[c]","[c]","[c]"
"In post","2022","Department of Health and Social Care (excl. agencies)","Calderdale and Kirklees","Outside London","G7","[c]","[c]","[c]","[c]"
"In post","2022","Department of Health and Social Care (excl. agencies)","Cambridgeshire CC","Outside London","EO","5","5","[c]","[c]"
"In post","2022","Department of Health and Social Care (excl. agencies)","Cambridgeshire CC","Outside London","G6","[c]","[c]","[c]","[c]"
"In post","2022","Department of Health and Social Care (excl. agencies)","Cambridgeshire CC","Outside London","G7","15","15","52800","51440"
"In post","2022","Department of Health and Social Care (excl. agencies)","Cambridgeshire CC","Outside London","HEO","5","5","[c]","[c]"
"In post","2022","Department of Health and Social Care (excl. agencies)","Cambridgeshire CC","Outside London","SCS level","[c]","[c]","[c]","[c]"
"In post","2022","Department of Health and Social Care (excl. agencies)","Cambridgeshire CC","Outside London","SEO","5","5","[c]","[c]"
"In post","2022","Department of Health and Social Care (excl. agencies)","Central Hampshire","Outside London","EO","[c]","[c]","[c]","[c]"
"In post","2022","Department of Health and Social Care (excl. agencies)","Central Hampshire","Outside London","HEO","[c]","[c]","[c]","[c]"
"In post","2022","Department of Health and Social Care (excl. agencies)","Central Hampshire","Outside London","SEO","[c]","[c]","[c]","[c]"
"In post","2022","Department of Health and Social Care (excl. agencies)","Cheshire East","Outside London","G7","[c]","[c]","[c]","[c]"
"In post","2022","Department of Health and Social Care (excl. agencies)","Cheshire West and Chester","Outside London","HEO","[c]","[c]","[c]","[c]"
"In post","2022","Department of Health and Social Care (excl. agencies)","Cheshire West and Chester","Outside London","SCS level","[c]","[c]","[c]","[c]"
"In post","2022","Department of Health and Social Care (excl. agencies)","Cornwall and Isles of Scilly","Outside London","G6","[c]","[c]","[c]","[c]"
"In post","2022","Department of Health and Social Care (excl. agencies)","Cornwall and Isles of Scilly","Outside London","G7","[c]","[c]","[c]","[c]"
"In post","2022","Department of Health and Social Care (excl. agencies)","Devon CC","Outside London","EO","[c]","[c]","[c]","[c]"
"In post","2022","Department of Health and Social Care (excl. agencies)","Devon CC","Outside London","G6","[c]","[c]","[c]","[c]"
"In post","2022","Department of Health and Social Care (excl. agencies)","Devon CC","Outside London","G7","5","5","[c]","[c]"
"In post","2022","Department of Health and Social Care (excl. agencies)","Devon CC","Outside London","HEO","[c]","[c]","[c]","[c]"
"In post","2022","Department of Health and Social Care (excl. agencies)","Devon CC","Outside London","SCS level","[c]","[c]","[c]","[c]"
"In post","2022","Department of Health and Social Care (excl. agencies)","Devon CC","Outside London","SEO","[c]","[c]","[c]","[c]"
"In post","2022","Department of Health and Social Care (excl. agencies)","Durham","Outside London","G7","[c]","[c]","[c]","[c]"
"In post","2022","Department of Health and Social Care (excl. agencies)","Durham","Outside London","SEO","[c]","[c]","[c]","[c]"
"In post","2022","Department of Health and Social Care (excl. agencies)","Ealing","London","SEO","[c]","[c]","[c]","[c]"
"In post","2022","Department of Health and Social Care (excl. agencies)","East Derbyshire","Outside London","SCS level","[c]","[c]","[c]","[c]"
"In post","2022","Department of Health and Social Care (excl. agencies)","East Kent","Outside London","G7","[c]","[c]","[c]","[c]"
"In post","2022","Department of Health and Social Care (excl. agencies)","East Lancashire","Outside London","EO","5","5","[c]","[c]"
"In post","2022","Department of Health and Social Care (excl. agencies)","East Lancashire","Outside London","G6","[c]","[c]","[c]","[c]"
"In post","2022","Department of Health and Social Care (excl. agencies)","East Lancashire","Outside London","G7","[c]","[c]","[c]","[c]"
"In post","2022","Department of Health and Social Care (excl. agencies)","East Lancashire","Outside London","HEO","[c]","[c]","[c]","[c]"
"In post","2022","Department of Health and Social Care (excl. agencies)","East Lancashire","Outside London","SEO","[c]","[c]","[c]","[c]"
"In post","2022","Department of Health and Social Care (excl. agencies)","East Merseyside","Outside London","EO","[c]","[c]","[c]","[c]"
"In post","2022","Department of Health and Social Care (excl. agencies)","East Merseyside","Outside London","G6","[c]","[c]","[c]","[c]"
"In post","2022","Department of Health and Social Care (excl. agencies)","East Merseyside","Outside London","G7","[c]","[c]","[c]","[c]"
"In post","2022","Department of Health and Social Care (excl. agencies)","East Merseyside","Outside London","HEO","5","5","[c]","[c]"
"In post","2022","Department of Health and Social Care (excl. agencies)","East Merseyside","Outside London","SCS level","[c]","[c]","[c]","[c]"
"In post","2022","Department of Health and Social Care (excl. agencies)","East Merseyside","Outside London","SEO","10","10","[c]","[c]"
"In post","2022","Department of Health and Social Care (excl. agencies)","East Sussex CC","Outside London","G6","[c]","[c]","[c]","[c]"
"In post","2022","Department of Health and Social Care (excl. agencies)","Enfield","London","SEO","[c]","[c]","[c]","[c]"
"In post","2022","Department of Health and Social Care (excl. agencies)","Essex Thames Gateway","Outside London","EO","[c]","[c]","[c]","[c]"
"In post","2022","Department of Health and Social Care (excl. agencies)","Gloucestershire CC","Outside London","G7","[c]","[c]","[c]","[c]"
"In post","2022","Department of Health and Social Care (excl. agencies)","Gloucestershire CC","Outside London","SEO","[c]","[c]","[c]","[c]"
"In post","2022","Department of Health and Social Care (excl. agencies)","Greater Manchester South West","Outside London","SEO","[c]","[c]","[c]","[c]"
"In post","2022","Department of Health and Social Care (excl. agencies)","Hackney and Newham","London","HEO","[c]","[c]","[c]","[c]"
"In post","2022","Department of Health and Social Care (excl. agencies)","Herefordshire, County of","Outside London","G7","[c]","[c]","[c]","[c]"
"In post","2022","Department of Health and Social Care (excl. agencies)","Hertfordshire CC","Outside London","EO","[c]","[c]","[c]","[c]"
"In post","2022","Department of Health and Social Care (excl. agencies)","Hertfordshire CC","Outside London","SCS level","[c]","[c]","[c]","[c]"
"In post","2022","Department of Health and Social Care (excl. agencies)","Leeds","Outside London","AO","5","5","[c]","[c]"
"In post","2022","Department of Health and Social Care (excl. agencies)","Leeds","Outside London","EO","105","100","24410","23690"
"In post","2022","Department of Health and Social Care (excl. agencies)","Leeds","Outside London","G6","110","105","63770","62400"
"In post","2022","Department of Health and Social Care (excl. agencies)","Leeds","Outside London","G7","260","250","50930","49530"
"In post","2022","Department of Health and Social Care (excl. agencies)","Leeds","Outside London","HEO","185","180","30010","28970"
"In post","2022","Department of Health and Social Care (excl. agencies)","Leeds","Outside London","SCS level","45","45","78260","75520"
"In post","2022","Department of Health and Social Care (excl. agencies)","Leeds","Outside London","SEO","195","185","37950","36820"
"In post","2022","Department of Health and Social Care (excl. agencies)","Leicestershire CC and Rutland","Outside London","G7","[c]","[c]","[c]","[c]"
"In post","2022","Department of Health and Social Care (excl. agencies)","Leicestershire CC and Rutland","Outside London","SEO","[c]","[c]","[c]","[c]"
"In post","2022","Department of Health and Social Care (excl. agencies)","Lewisham and Southwark","London","G6","[c]","[c]","[c]","[c]"
"In post","2022","Department of Health and Social Care (excl. agencies)","Lewisham and Southwark","London","G7","[c]","[c]","[c]","[c]"
"In post","2022","Department of Health and Social Care (excl. agencies)","Lewisham and Southwark","London","HEO","[c]","[c]","[c]","[c]"
"In post","2022","Department of Health and Social Care (excl. agencies)","Lewisham and Southwark","London","SCS level","[c]","[c]","[c]","[c]"
"In post","2022","Department of Health and Social Care (excl. agencies)","Lewisham and Southwark","London","SEO","[c]","[c]","[c]","[c]"
"In post","2022","Department of Health and Social Care (excl. agencies)","Liverpool","Outside London","EO","[c]","[c]","[c]","[c]"
"In post","2022","Department of Health and Social Care (excl. agencies)","Liverpool","Outside London","G6","[c]","[c]","[c]","[c]"
"In post","2022","Department of Health and Social Care (excl. agencies)","Liverpool","Outside London","G7","5","5","[c]","[c]"
"In post","2022","Department of Health and Social Care (excl. agencies)","Liverpool","Outside London","HEO","[c]","[c]","[c]","[c]"
"In post","2022","Department of Health and Social Care (excl. agencies)","Liverpool","Outside London","SEO","10","10","[c]","[c]"
"In post","2022","Department of Health and Social Care (excl. agencies)","Manchester","Outside London","AO","[c]","[c]","[c]","[c]"
"In post","2022","Department of Health and Social Care (excl. agencies)","Manchester","Outside London","EO","[c]","[c]","[c]","[c]"
"In post","2022","Department of Health and Social Care (excl. agencies)","Manchester","Outside London","G7","10","10","[c]","[c]"
"In post","2022","Department of Health and Social Care (excl. agencies)","Manchester","Outside London","HEO","[c]","[c]","[c]","[c]"
"In post","2022","Department of Health and Social Care (excl. agencies)","Manchester","Outside London","SCS level","[c]","[c]","[c]","[c]"
"In post","2022","Department of Health and Social Care (excl. agencies)","Manchester","Outside London","SEO","[c]","[c]","[c]","[c]"
"In post","2022","Department of Health and Social Care (excl. agencies)","Mid Kent","Outside London","AO","[c]","[c]","[c]","[c]"
"In post","2022","Department of Health and Social Care (excl. agencies)","Mid Kent","Outside London","SCS level","[c]","[c]","[c]","[c]"
"In post","2022","Department of Health and Social Care (excl. agencies)","Mid Lancashire","Outside London","EO","[c]","[c]","[c]","[c]"
"In post","2022","Department of Health and Social Care (excl. agencies)","Mid Lancashire","Outside London","G6","[c]","[c]","[c]","[c]"
"In post","2022","Department of Health and Social Care (excl. agencies)","Mid Lancashire","Outside London","G7","[c]","[c]","[c]","[c]"
"In post","2022","Department of Health and Social Care (excl. agencies)","Mid Lancashire","Outside London","HEO","[c]","[c]","[c]","[c]"
"In post","2022","Department of Health and Social Care (excl. agencies)","Mid Lancashire","Outside London","SCS level","[c]","[c]","[c]","[c]"
"In post","2022","Department of Health and Social Care (excl. agencies)","Mid Lancashire","Outside London","SEO","[c]","[c]","[c]","[c]"
"In post","2022","Department of Health and Social Care (excl. agencies)","North Nottinghamshire","Outside London","G7","[c]","[c]","[c]","[c]"
"In post","2022","Department of Health and Social Care (excl. agencies)","North Yorkshire CC","Outside London","SEO","[c]","[c]","[c]","[c]"
"In post","2022","Department of Health and Social Care (excl. agencies)","Northumberland","Outside London","G7","[c]","[c]","[c]","[c]"
"In post","2022","Department of Health and Social Care (excl. agencies)","Norwich and East Norfolk","Outside London","EO","[c]","[c]","[c]","[c]"
"In post","2022","Department of Health and Social Care (excl. agencies)","Nottingham","Outside London","AO","[c]","[c]","[c]","[c]"
"In post","2022","Department of Health and Social Care (excl. agencies)","Nottingham","Outside London","G6","5","5","[c]","[c]"
"In post","2022","Department of Health and Social Care (excl. agencies)","Nottingham","Outside London","G7","15","10","50900","49950"
"In post","2022","Department of Health and Social Care (excl. agencies)","Nottingham","Outside London","HEO","5","5","[c]","[c]"
"In post","2022","Department of Health and Social Care (excl. agencies)","Nottingham","Outside London","SCS level","[c]","[c]","[c]","[c]"
"In post","2022","Department of Health and Social Care (excl. agencies)","Nottingham","Outside London","SEO","10","10","[c]","[c]"
"In post","2022","Department of Health and Social Care (excl. agencies)","Oxfordshire CC","Outside London","EO","[c]","[c]","[c]","[c]"
"In post","2022","Department of Health and Social Care (excl. agencies)","Oxfordshire CC","Outside London","G6","[c]","[c]","[c]","[c]"
"In post","2022","Department of Health and Social Care (excl. agencies)","Oxfordshire CC","Outside London","G7","5","5","[c]","[c]"
"In post","2022","Department of Health and Social Care (excl. agencies)","Oxfordshire CC","Outside London","HEO","5","5","[c]","[c]"
"In post","2022","Department of Health and Social Care (excl. agencies)","Oxfordshire CC","Outside London","SCS level","[c]","[c]","[c]","[c]"
"In post","2022","Department of Health and Social Care (excl. agencies)","Oxfordshire CC","Outside London","SEO","5","5","[c]","[c]"
"In post","2022","Department of Health and Social Care (excl. agencies)","Sefton","Outside London","G6","[c]","[c]","[c]","[c]"
"In post","2022","Department of Health and Social Care (excl. agencies)","Sheffield","Outside London","G6","[c]","[c]","[c]","[c]"
"In post","2022","Department of Health and Social Care (excl. agencies)","Sheffield","Outside London","G7","[c]","[c]","[c]","[c]"
"In post","2022","Department of Health and Social Care (excl. agencies)","Sheffield","Outside London","HEO","[c]","[c]","[c]","[c]"
"In post","2022","Department of Health and Social Care (excl. agencies)","Sheffield","Outside London","SCS level","[c]","[c]","[c]","[c]"
"In post","2022","Department of Health and Social Care (excl. agencies)","Sheffield","Outside London","SEO","[c]","[c]","[c]","[c]"
"In post","2022","Department of Health and Social Care (excl. agencies)","Shropshire","Outside London","G7","[c]","[c]","[c]","[c]"
"In post","2022","Department of Health and Social Care (excl. agencies)","Solihull","Outside London","G7","[c]","[c]","[c]","[c]"
"In post","2022","Department of Health and Social Care (excl. agencies)","South and West Derbyshire","Outside London","G7","[c]","[c]","[c]","[c]"
"In post","2022","Department of Health and Social Care (excl. agencies)","South Hampshire","Outside London","AO","[c]","[c]","[c]","[c]"
"In post","2022","Department of Health and Social Care (excl. agencies)","South Hampshire","Outside London","G7","[c]","[c]","[c]","[c]"
"In post","2022","Department of Health and Social Care (excl. agencies)","South Hampshire","Outside London","SEO","[c]","[c]","[c]","[c]"
"In post","2022","Department of Health and Social Care (excl. agencies)","South Nottinghamshire","Outside London","G6","[c]","[c]","[c]","[c]"
"In post","2022","Department of Health and Social Care (excl. agencies)","Staffordshire CC","Outside London","G6","[c]","[c]","[c]","[c]"
"In post","2022","Department of Health and Social Care (excl. agencies)","Staffordshire CC","Outside London","SCS level","[c]","[c]","[c]","[c]"
"In post","2022","Department of Health and Social Care (excl. agencies)","Stoke-on-Trent","Outside London","SEO","[c]","[c]","[c]","[c]"
"In post","2022","Department of Health and Social Care (excl. agencies)","Swansea","Outside London","G7","[c]","[c]","[c]","[c]"
"In post","2022","Department of Health and Social Care (excl. agencies)","Thurrock","Outside London","G7","[c]","[c]","[c]","[c]"
"In post","2022","Department of Health and Social Care (excl. agencies)","Tyneside","Outside London","AO","[c]","[c]","[c]","[c]"
"In post","2022","Department of Health and Social Care (excl. agencies)","Tyneside","Outside London","EO","[c]","[c]","[c]","[c]"
"In post","2022","Department of Health and Social Care (excl. agencies)","Tyneside","Outside London","G6","[c]","[c]","[c]","[c]"
"In post","2022","Department of Health and Social Care (excl. agencies)","Tyneside","Outside London","G7","10","5","[c]","[c]"
"In post","2022","Department of Health and Social Care (excl. agencies)","Tyneside","Outside London","HEO","[c]","[c]","[c]","[c]"
"In post","2022","Department of Health and Social Care (excl. agencies)","Tyneside","Outside London","SCS level","[c]","[c]","[c]","[c]"
"In post","2022","Department of Health and Social Care (excl. agencies)","Tyneside","Outside London","SEO","[c]","[c]","[c]","[c]"
"In post","2022","Department of Health and Social Care (excl. agencies)","Unknown","Unknown","EO","10","10","26550","27270"
"In post","2022","Department of Health and Social Care (excl. agencies)","Unknown","Unknown","G6","10","10","[c]","[c]"
"In post","2022","Department of Health and Social Care (excl. agencies)","Unknown","Unknown","G7","10","10","[c]","[c]"
"In post","2022","Department of Health and Social Care (excl. agencies)","Unknown","Unknown","HEO","10","10","[c]","[c]"
"In post","2022","Department of Health and Social Care (excl. agencies)","Unknown","Unknown","SCS level","[c]","[c]","[c]","[c]"
"In post","2022","Department of Health and Social Care (excl. agencies)","Unknown","Unknown","SEO","5","5","[c]","[c]"
"In post","2022","Department of Health and Social Care (excl. agencies)","Wakefield","Outside London","EO","[c]","[c]","[c]","[c]"
"In post","2022","Department of Health and Social Care (excl. agencies)","Wakefield","Outside London","G7","[c]","[c]","[c]","[c]"
"In post","2022","Department of Health and Social Care (excl. agencies)","Warwickshire CC","Outside London","HEO","[c]","[c]","[c]","[c]"
"In post","2022","Department of Health and Social Care (excl. agencies)","West Northamptonshire","Outside London","G7","[c]","[c]","[c]","[c]"
"In post","2022","Department of Health and Social Care (excl. agencies)","West Surrey","Outside London","G6","[c]","[c]","[c]","[c]"
"In post","2022","Department of Health and Social Care (excl. agencies)","West Sussex (North East)","Outside London","G6","[c]","[c]","[c]","[c]"
"In post","2022","Department of Health and Social Care (excl. agencies)","West Sussex (North East)","Outside London","G7","[c]","[c]","[c]","[c]"
"In post","2022","Department of Health and Social Care (excl. agencies)","West Sussex (North East)","Outside London","HEO","[c]","[c]","[c]","[c]"
"In post","2022","Department of Health and Social Care (excl. agencies)","Westminster","London","AO","35","35","23120","23170"
"In post","2022","Department of Health and Social Care (excl. agencies)","Westminster","London","EO","310","300","27740","27270"
"In post","2022","Department of Health and Social Care (excl. agencies)","Westminster","London","G6","340","325","67620","66230"
"In post","2022","Department of Health and Social Care (excl. agencies)","Westminster","London","G7","765","740","54220","53360"
"In post","2022","Department of Health and Social Care (excl. agencies)","Westminster","London","HEO","525","520","33140","32790"
"In post","2022","Department of Health and Social Care (excl. agencies)","Westminster","London","SCS level","210","205","88250","77950"
"In post","2022","Department of Health and Social Care (excl. agencies)","Westminster","London","SEO","475","455","41120","40650"
"In post","2022","Department of Health and Social Care (excl. agencies)","Wiltshire","Outside London","EO","[c]","[c]","[c]","[c]"
"In post","2022","Department of Health and Social Care (excl. agencies)","Wiltshire","Outside London","G6","[c]","[c]","[c]","[c]"
"In post","2022","Department of Health and Social Care (excl. agencies)","Wiltshire","Outside London","G7","[c]","[c]","[c]","[c]"
"In post","2022","Department of Health and Social Care (excl. agencies)","Wiltshire","Outside London","HEO","[c]","[c]","[c]","[c]"
"In post","2022","Department of Health and Social Care (excl. agencies)","Wiltshire","Outside London","SCS level","[c]","[c]","[c]","[c]"
"In post","2022","Department of Health and Social Care (excl. agencies)","Wiltshire","Outside London","SEO","[c]","[c]","[c]","[c]"
"In post","2022","Department of Health and Social Care (excl. agencies)","York","Outside London","AO","[c]","[c]","[c]","[c]"
"In post","2022","Department of Health and Social Care (excl. agencies)","York","Outside London","EO","[c]","[c]","[c]","[c]"
"In post","2022","Department of Health and Social Care (excl. agencies)","York","Outside London","G6","[c]","[c]","[c]","[c]"
"In post","2022","Department of Health and Social Care (excl. agencies)","York","Outside London","G7","15","15","52130","50420"
"In post","2022","Department of Health and Social Care (excl. agencies)","York","Outside London","HEO","5","5","[c]","[c]"
"In post","2022","Department of Health and Social Care (excl. agencies)","York","Outside London","SCS level","5","5","[c]","[c]"
"In post","2022","Department of Health and Social Care (excl. agencies)","York","Outside London","SEO","[c]","[c]","[c]","[c]"
"In post","2022","Disclosure Scotland","Glasgow City","Outside London","AA","190","175","22240","23230"
"In post","2022","Disclosure Scotland","Glasgow City","Outside London","AO","25","25","25870","25930"
"In post","2022","Disclosure Scotland","Glasgow City","Outside London","EO","60","55","30030","30040"
"In post","2022","Disclosure Scotland","Glasgow City","Outside London","G6","5","5","[c]","[c]"
"In post","2022","Disclosure Scotland","Glasgow City","Outside London","G7","15","15","55920","53860"
"In post","2022","Disclosure Scotland","Glasgow City","Outside London","HEO","35","30","34650","35540"
"In post","2022","Disclosure Scotland","Glasgow City","Outside London","SCS level","[c]","[c]","[c]","[c]"
"In post","2022","Disclosure Scotland","Glasgow City","Outside London","SEO","30","25","45030","47240"
"In post","2022","Driver and Vehicle Licensing Agency","Aberdeen City and Aberdeenshire","Outside London","AO","[c]","[c]","[c]","[c]"
"In post","2022","Driver and Vehicle Licensing Agency","Barnet","London","EO","[c]","[c]","[c]","[c]"
"In post","2022","Driver and Vehicle Licensing Agency","Bexley and Greenwich","London","AO","[c]","[c]","[c]","[c]"
"In post","2022","Driver and Vehicle Licensing Agency","Birmingham","Outside London","AO","75","70","21840","21840"
"In post","2022","Driver and Vehicle Licensing Agency","Birmingham","Outside London","EO","35","35","26190","26130"
"In post","2022","Driver and Vehicle Licensing Agency","Birmingham","Outside London","HEO","[c]","[c]","[c]","[c]"
"In post","2022","Driver and Vehicle Licensing Agency","Birmingham","Outside London","SEO","[c]","[c]","[c]","[c]"
"In post","2022","Driver and Vehicle Licensing Agency","Bournemouth, Christchurch and Poole","Outside London","AO","[c]","[c]","[c]","[c]"
"In post","2022","Driver and Vehicle Licensing Agency","Breckland and South Norfolk","Outside London","EO","[c]","[c]","[c]","[c]"
"In post","2022","Driver and Vehicle Licensing Agency","Bridgend and Neath Port Talbot","Outside London","AO","[c]","[c]","[c]","[c]"
"In post","2022","Driver and Vehicle Licensing Agency","Devon CC","Outside London","AO","[c]","[c]","[c]","[c]"
"In post","2022","Driver and Vehicle Licensing Agency","Devon CC","Outside London","EO","[c]","[c]","[c]","[c]"
"In post","2022","Driver and Vehicle Licensing Agency","Dorset","Outside London","AO","[c]","[c]","[c]","[c]"
"In post","2022","Driver and Vehicle Licensing Agency","Dudley","Outside London","AO","[c]","[c]","[c]","[c]"
"In post","2022","Driver and Vehicle Licensing Agency","Durham","Outside London","EO","[c]","[c]","[c]","[c]"
"In post","2022","Driver and Vehicle Licensing Agency","Enfield","London","EO","[c]","[c]","[c]","[c]"
"In post","2022","Driver and Vehicle Licensing Agency","Glasgow City","Outside London","AO","[c]","[c]","[c]","[c]"
"In post","2022","Driver and Vehicle Licensing Agency","Heart of Essex","Outside London","EO","[c]","[c]","[c]","[c]"
"In post","2022","Driver and Vehicle Licensing Agency","Hertfordshire CC","Outside London","EO","[c]","[c]","[c]","[c]"
"In post","2022","Driver and Vehicle Licensing Agency","Inverclyde, East Renfrewshire, and Renfrewshire","Outside London","EO","[c]","[c]","[c]","[c]"
"In post","2022","Driver and Vehicle Licensing Agency","Kent Thames Gateway","Outside London","AO","[c]","[c]","[c]","[c]"
"In post","2022","Driver and Vehicle Licensing Agency","Kent Thames Gateway","Outside London","EO","[c]","[c]","[c]","[c]"
"In post","2022","Driver and Vehicle Licensing Agency","Lancaster and Wyre","Outside London","EO","[c]","[c]","[c]","[c]"
"In post","2022","Driver and Vehicle Licensing Agency","Leeds","Outside London","EO","[c]","[c]","[c]","[c]"
"In post","2022","Driver and Vehicle Licensing Agency","Liverpool","Outside London","AO","[c]","[c]","[c]","[c]"
"In post","2022","Driver and Vehicle Licensing Agency","Medway","Outside London","EO","[c]","[c]","[c]","[c]"
"In post","2022","Driver and Vehicle Licensing Agency","Merton, Kingston upon Thames and Sutton","London","EO","[c]","[c]","[c]","[c]"
"In post","2022","Driver and Vehicle Licensing Agency","Mid Kent","Outside London","AO","[c]","[c]","[c]","[c]"
"In post","2022","Driver and Vehicle Licensing Agency","Mid Lancashire","Outside London","EO","[c]","[c]","[c]","[c]"
"In post","2022","Driver and Vehicle Licensing Agency","Mid Lancashire","Outside London","HEO","[c]","[c]","[c]","[c]"
"In post","2022","Driver and Vehicle Licensing Agency","North Northamptonshire","Outside London","AO","[c]","[c]","[c]","[c]"
"In post","2022","Driver and Vehicle Licensing Agency","North Yorkshire CC","Outside London","EO","[c]","[c]","[c]","[c]"
"In post","2022","Driver and Vehicle Licensing Agency","Portsmouth","Outside London","EO","[c]","[c]","[c]","[c]"
"In post","2022","Driver and Vehicle Licensing Agency","Powys","Outside London","AO","[c]","[c]","[c]","[c]"
"In post","2022","Driver and Vehicle Licensing Agency","Shropshire","Outside London","EO","[c]","[c]","[c]","[c]"
"In post","2022","Driver and Vehicle Licensing Agency","South Lanarkshire","Outside London","AO","[c]","[c]","[c]","[c]"
"In post","2022","Driver and Vehicle Licensing Agency","Swansea","Outside London","AA","1270","1020","18610","18310"
"In post","2022","Driver and Vehicle Licensing Agency","Swansea","Outside London","AO","2775","2415","21930","21840"
"In post","2022","Driver and Vehicle Licensing Agency","Swansea","Outside London","EO","890","835","26600","26470"
"In post","2022","Driver and Vehicle Licensing Agency","Swansea","Outside London","G6","85","80","79190","83320"
"In post","2022","Driver and Vehicle Licensing Agency","Swansea","Outside London","G7","200","195","57320","55310"
"In post","2022","Driver and Vehicle Licensing Agency","Swansea","Outside London","HEO","535","515","32820","31850"
"In post","2022","Driver and Vehicle Licensing Agency","Swansea","Outside London","SCS level","10","10","[c]","[c]"
"In post","2022","Driver and Vehicle Licensing Agency","Swansea","Outside London","SEO","440","425","42870","41090"
"In post","2022","Driver and Vehicle Licensing Agency","West Kent","Outside London","AO","[c]","[c]","[c]","[c]"
"In post","2022","Driver and Vehicle Standards Agency","Aberdeen City and Aberdeenshire","Outside London","AO","5","5","[c]","[c]"
"In post","2022","Driver and Vehicle Standards Agency","Aberdeen City and Aberdeenshire","Outside London","EO","15","15","27460","26780"
"In post","2022","Driver and Vehicle Standards Agency","Angus and Dundee City","Outside London","EO","5","5","[c]","[c]"
"In post","2022","Driver and Vehicle Standards Agency","Angus and Dundee City","Outside London","HEO","[c]","[c]","[c]","[c]"
"In post","2022","Driver and Vehicle Standards Agency","Barking & Dagenham and Havering","London","AO","10","10","[c]","[c]"
"In post","2022","Driver and Vehicle Standards Agency","Barking & Dagenham and Havering","London","EO","15","15","31270","30780"
"In post","2022","Driver and Vehicle Standards Agency","Barking & Dagenham and Havering","London","HEO","[c]","[c]","[c]","[c]"
"In post","2022","Driver and Vehicle Standards Agency","Barnet","London","EO","25","25","31060","30780"
"In post","2022","Driver and Vehicle Standards Agency","Barnet","London","HEO","5","5","[c]","[c]"
"In post","2022","Driver and Vehicle Standards Agency","Barnet","London","SEO","[c]","[c]","[c]","[c]"
"In post","2022","Driver and Vehicle Standards Agency","Barnsley, Doncaster and Rotherham","Outside London","AO","25","25","26570","26830"
"In post","2022","Driver and Vehicle Standards Agency","Barnsley, Doncaster and Rotherham","Outside London","EO","30","30","27730","26780"
"In post","2022","Driver and Vehicle Standards Agency","Barnsley, Doncaster and Rotherham","Outside London","HEO","5","5","[c]","[c]"
"In post","2022","Driver and Vehicle Standards Agency","Bath and North East Somerset, North Somerset and South Gloucestershire","Outside London","AO","5","5","[c]","[c]"
"In post","2022","Driver and Vehicle Standards Agency","Bath and North East Somerset, North Somerset and South Gloucestershire","Outside London","EO","30","25","27390","26700"
"In post","2022","Driver and Vehicle Standards Agency","Bath and North East Somerset, North Somerset and South Gloucestershire","Outside London","HEO","[c]","[c]","[c]","[c]"
"In post","2022","Driver and Vehicle Standards Agency","Bedford","Outside London","AO","[c]","[c]","[c]","[c]"
"In post","2022","Driver and Vehicle Standards Agency","Bedford","Outside London","EO","20","15","28990","26780"
"In post","2022","Driver and Vehicle Standards Agency","Bedford","Outside London","G7","[c]","[c]","[c]","[c]"
"In post","2022","Driver and Vehicle Standards Agency","Bedford","Outside London","HEO","[c]","[c]","[c]","[c]"
"In post","2022","Driver and Vehicle Standards Agency","Berkshire","Outside London","AO","15","15","26740","26830"
"In post","2022","Driver and Vehicle Standards Agency","Berkshire","Outside London","EO","25","25","27390","26700"
"In post","2022","Driver and Vehicle Standards Agency","Berkshire","Outside London","G7","[c]","[c]","[c]","[c]"
"In post","2022","Driver and Vehicle Standards Agency","Berkshire","Outside London","HEO","[c]","[c]","[c]","[c]"
"In post","2022","Driver and Vehicle Standards Agency","Berkshire","Outside London","SEO","[c]","[c]","[c]","[c]"
"In post","2022","Driver and Vehicle Standards Agency","Bexley and Greenwich","London","AO","10","10","[c]","[c]"
"In post","2022","Driver and Vehicle Standards Agency","Bexley and Greenwich","London","EO","35","30","32110","30780"
"In post","2022","Driver and Vehicle Standards Agency","Bexley and Greenwich","London","HEO","5","5","[c]","[c]"
"In post","2022","Driver and Vehicle Standards Agency","Bexley and Greenwich","London","SEO","[c]","[c]","[c]","[c]"
"In post","2022","Driver and Vehicle Standards Agency","Birmingham","Outside London","AO","15","15","24090","21840"
"In post","2022","Driver and Vehicle Standards Agency","Birmingham","Outside London","EO","65","60","27230","26700"
"In post","2022","Driver and Vehicle Standards Agency","Birmingham","Outside London","G7","[c]","[c]","[c]","[c]"
"In post","2022","Driver and Vehicle Standards Agency","Birmingham","Outside London","HEO","15","15","31240","30730"
"In post","2022","Driver and Vehicle Standards Agency","Birmingham","Outside London","SEO","[c]","[c]","[c]","[c]"
"In post","2022","Driver and Vehicle Standards Agency","Blackburn with Darwen","Outside London","AO","10","10","[c]","[c]"
"In post","2022","Driver and Vehicle Standards Agency","Blackburn with Darwen","Outside London","EO","15","15","28710","26780"
"In post","2022","Driver and Vehicle Standards Agency","Blackburn with Darwen","Outside London","HEO","[c]","[c]","[c]","[c]"
"In post","2022","Driver and Vehicle Standards Agency","Blackpool","Outside London","EO","10","5","[c]","[c]"
"In post","2022","Driver and Vehicle Standards Agency","Blackpool","Outside London","HEO","[c]","[c]","[c]","[c]"
"In post","2022","Driver and Vehicle Standards Agency","Bournemouth, Christchurch and Poole","Outside London","AO","10","10","26270","26830"
"In post","2022","Driver and Vehicle Standards Agency","Bournemouth, Christchurch and Poole","Outside London","EO","20","20","27610","26780"
"In post","2022","Driver and Vehicle Standards Agency","Bournemouth, Christchurch and Poole","Outside London","HEO","[c]","[c]","[c]","[c]"
"In post","2022","Driver and Vehicle Standards Agency","Bournemouth, Christchurch and Poole","Outside London","SEO","[c]","[c]","[c]","[c]"
"In post","2022","Driver and Vehicle Standards Agency","Bradford","Outside London","AO","10","10","[c]","[c]"
"In post","2022","Driver and Vehicle Standards Agency","Bradford","Outside London","EO","10","10","27790","26700"
"In post","2022","Driver and Vehicle Standards Agency","Bradford","Outside London","HEO","[c]","[c]","[c]","[c]"
"In post","2022","Driver and Vehicle Standards Agency","Bridgend and Neath Port Talbot","Outside London","EO","5","5","[c]","[c]"
"In post","2022","Driver and Vehicle Standards Agency","Bridgend and Neath Port Talbot","Outside London","HEO","[c]","[c]","[c]","[c]"
"In post","2022","Driver and Vehicle Standards Agency","Bridgend and Neath Port Talbot","Outside London","SEO","[c]","[c]","[c]","[c]"
"In post","2022","Driver and Vehicle Standards Agency","Bristol, City of","Outside London","AA","[c]","[c]","[c]","[c]"
"In post","2022","Driver and Vehicle Standards Agency","Bristol, City of","Outside London","AO","35","30","21890","21840"
"In post","2022","Driver and Vehicle Standards Agency","Bristol, City of","Outside London","EO","75","70","27140","26580"
"In post","2022","Driver and Vehicle Standards Agency","Bristol, City of","Outside London","G6","10","10","65400","66010"
"In post","2022","Driver and Vehicle Standards Agency","Bristol, City of","Outside London","G7","20","20","52200","50110"
"In post","2022","Driver and Vehicle Standards Agency","Bristol, City of","Outside London","HEO","90","85","32270","31790"
"In post","2022","Driver and Vehicle Standards Agency","Bristol, City of","Outside London","SCS level","10","10","[c]","[c]"
"In post","2022","Driver and Vehicle Standards Agency","Bristol, City of","Outside London","SEO","55","55","40980","40280"
"In post","2022","Driver and Vehicle Standards Agency","Bromley","London","EO","10","10","[c]","[c]"
"In post","2022","Driver and Vehicle Standards Agency","Bromley","London","HEO","[c]","[c]","[c]","[c]"
"In post","2022","Driver and Vehicle Standards Agency","Buckinghamshire","Outside London","EO","5","5","[c]","[c]"
"In post","2022","Driver and Vehicle Standards Agency","Calderdale and Kirklees","Outside London","EO","15","15","26790","26780"
"In post","2022","Driver and Vehicle Standards Agency","Calderdale and Kirklees","Outside London","G6","[c]","[c]","[c]","[c]"
"In post","2022","Driver and Vehicle Standards Agency","Calderdale and Kirklees","Outside London","HEO","[c]","[c]","[c]","[c]"
"In post","2022","Driver and Vehicle Standards Agency","Calderdale and Kirklees","Outside London","SEO","[c]","[c]","[c]","[c]"
"In post","2022","Driver and Vehicle Standards Agency","Cambridgeshire CC","Outside London","AO","10","10","26270","26830"
"In post","2022","Driver and Vehicle Standards Agency","Cambridgeshire CC","Outside London","EO","15","15","27430","26700"
"In post","2022","Driver and Vehicle Standards Agency","Cambridgeshire CC","Outside London","HEO","[c]","[c]","[c]","[c]"
"In post","2022","Driver and Vehicle Standards Agency","Cardiff and Vale of Glamorgan","Outside London","EO","20","15","26670","26700"
"In post","2022","Driver and Vehicle Standards Agency","Cardiff and Vale of Glamorgan","Outside London","HEO","[c]","[c]","[c]","[c]"
"In post","2022","Driver and Vehicle Standards Agency","Cardiff and Vale of Glamorgan","Outside London","SEO","[c]","[c]","[c]","[c]"
"In post","2022","Driver and Vehicle Standards Agency","Central Bedfordshire","Outside London","AO","5","5","[c]","[c]"
"In post","2022","Driver and Vehicle Standards Agency","Central Bedfordshire","Outside London","EO","15","15","27870","26780"
"In post","2022","Driver and Vehicle Standards Agency","Central Bedfordshire","Outside London","HEO","[c]","[c]","[c]","[c]"
"In post","2022","Driver and Vehicle Standards Agency","Central Bedfordshire","Outside London","SEO","[c]","[c]","[c]","[c]"
"In post","2022","Driver and Vehicle Standards Agency","Central Hampshire","Outside London","AO","[c]","[c]","[c]","[c]"
"In post","2022","Driver and Vehicle Standards Agency","Central Hampshire","Outside London","EO","10","10","29400","26780"
"In post","2022","Driver and Vehicle Standards Agency","Central Valleys","Outside London","AO","[c]","[c]","[c]","[c]"
"In post","2022","Driver and Vehicle Standards Agency","Central Valleys","Outside London","EO","20","15","28420","27030"
"In post","2022","Driver and Vehicle Standards Agency","Central Valleys","Outside London","G7","[c]","[c]","[c]","[c]"
"In post","2022","Driver and Vehicle Standards Agency","Central Valleys","Outside London","HEO","5","5","[c]","[c]"
"In post","2022","Driver and Vehicle Standards Agency","Central Valleys","Outside London","SEO","[c]","[c]","[c]","[c]"
"In post","2022","Driver and Vehicle Standards Agency","Cheshire East","Outside London","EO","10","10","[c]","[c]"
"In post","2022","Driver and Vehicle Standards Agency","Cheshire East","Outside London","HEO","[c]","[c]","[c]","[c]"
"In post","2022","Driver and Vehicle Standards Agency","Cheshire East","Outside London","SEO","[c]","[c]","[c]","[c]"
"In post","2022","Driver and Vehicle Standards Agency","Cheshire West and Chester","Outside London","EO","10","10","26670","26470"
"In post","2022","Driver and Vehicle Standards Agency","Cheshire West and Chester","Outside London","HEO","[c]","[c]","[c]","[c]"
"In post","2022","Driver and Vehicle Standards Agency","Chorley and West Lancashire","Outside London","EO","[c]","[c]","[c]","[c]"
"In post","2022","Driver and Vehicle Standards Agency","Chorley and West Lancashire","Outside London","HEO","[c]","[c]","[c]","[c]"
"In post","2022","Driver and Vehicle Standards Agency","City of Edinburgh","Outside London","AO","5","5","[c]","[c]"
"In post","2022","Driver and Vehicle Standards Agency","City of Edinburgh","Outside London","EO","10","10","26820","26780"
"In post","2022","Driver and Vehicle Standards Agency","City of Edinburgh","Outside London","HEO","[c]","[c]","[c]","[c]"
"In post","2022","Driver and Vehicle Standards Agency","Clackmannanshire and Fife","Outside London","EO","10","10","26950","26780"
"In post","2022","Driver and Vehicle Standards Agency","Clackmannanshire and Fife","Outside London","HEO","[c]","[c]","[c]","[c]"
"In post","2022","Driver and Vehicle Standards Agency","Conwy and Denbighshire","Outside London","EO","[c]","[c]","[c]","[c]"
"In post","2022","Driver and Vehicle Standards Agency","Conwy and Denbighshire","Outside London","HEO","[c]","[c]","[c]","[c]"
"In post","2022","Driver and Vehicle Standards Agency","Cornwall and Isles of Scilly","Outside London","EO","20","15","27170","26780"
"In post","2022","Driver and Vehicle Standards Agency","Cornwall and Isles of Scilly","Outside London","G7","[c]","[c]","[c]","[c]"
"In post","2022","Driver and Vehicle Standards Agency","Cornwall and Isles of Scilly","Outside London","HEO","[c]","[c]","[c]","[c]"
"In post","2022","Driver and Vehicle Standards Agency","Cornwall and Isles of Scilly","Outside London","SEO","[c]","[c]","[c]","[c]"
"In post","2022","Driver and Vehicle Standards Agency","Croydon","London","EO","[c]","[c]","[c]","[c]"
"In post","2022","Driver and Vehicle Standards Agency","Croydon","London","HEO","[c]","[c]","[c]","[c]"
"In post","2022","Driver and Vehicle Standards Agency","Darlington","Outside London","AO","10","10","26420","26830"
"In post","2022","Driver and Vehicle Standards Agency","Darlington","Outside London","EO","20","15","28150","26780"
"In post","2022","Driver and Vehicle Standards Agency","Darlington","Outside London","G7","[c]","[c]","[c]","[c]"
"In post","2022","Driver and Vehicle Standards Agency","Darlington","Outside London","HEO","5","5","[c]","[c]"
"In post","2022","Driver and Vehicle Standards Agency","Darlington","Outside London","SEO","[c]","[c]","[c]","[c]"
"In post","2022","Driver and Vehicle Standards Agency","Derby","Outside London","AO","15","15","27350","27930"
"In post","2022","Driver and Vehicle Standards Agency","Derby","Outside London","EO","20","15","28850","26780"
"In post","2022","Driver and Vehicle Standards Agency","Derby","Outside London","HEO","[c]","[c]","[c]","[c]"
"In post","2022","Driver and Vehicle Standards Agency","Devon CC","Outside London","AO","[c]","[c]","[c]","[c]"
"In post","2022","Driver and Vehicle Standards Agency","Devon CC","Outside London","EO","30","30","27770","26780"
"In post","2022","Driver and Vehicle Standards Agency","Devon CC","Outside London","HEO","5","5","[c]","[c]"
"In post","2022","Driver and Vehicle Standards Agency","Devon CC","Outside London","SEO","[c]","[c]","[c]","[c]"
"In post","2022","Driver and Vehicle Standards Agency","Dorset","Outside London","EO","5","5","[c]","[c]"
"In post","2022","Driver and Vehicle Standards Agency","Dorset","Outside London","HEO","[c]","[c]","[c]","[c]"
"In post","2022","Driver and Vehicle Standards Agency","Dudley","Outside London","AO","10","10","[c]","[c]"
"In post","2022","Driver and Vehicle Standards Agency","Dudley","Outside London","EO","10","10","27880","26780"
"In post","2022","Driver and Vehicle Standards Agency","Dudley","Outside London","HEO","[c]","[c]","[c]","[c]"
"In post","2022","Driver and Vehicle Standards Agency","Dumfries and Galloway","Outside London","EO","[c]","[c]","[c]","[c]"
"In post","2022","Driver and Vehicle Standards Agency","Dumfries and Galloway","Outside London","HEO","[c]","[c]","[c]","[c]"
"In post","2022","Driver and Vehicle Standards Agency","Durham","Outside London","EO","5","5","[c]","[c]"
"In post","2022","Driver and Vehicle Standards Agency","Durham","Outside London","G7","[c]","[c]","[c]","[c]"
"In post","2022","Driver and Vehicle Standards Agency","Ealing","London","EO","10","10","30770","30700"
"In post","2022","Driver and Vehicle Standards Agency","Ealing","London","HEO","[c]","[c]","[c]","[c]"
"In post","2022","Driver and Vehicle Standards Agency","East Ayrshire and North Ayrshire mainland","Outside London","AO","[c]","[c]","[c]","[c]"
"In post","2022","Driver and Vehicle Standards Agency","East Ayrshire and North Ayrshire mainland","Outside London","EO","5","5","[c]","[c]"
"In post","2022","Driver and Vehicle Standards Agency","East Ayrshire and North Ayrshire mainland","Outside London","G7","[c]","[c]","[c]","[c]"
"In post","2022","Driver and Vehicle Standards Agency","East Ayrshire and North Ayrshire mainland","Outside London","HEO","[c]","[c]","[c]","[c]"
"In post","2022","Driver and Vehicle Standards Agency","East Cumbria","Outside London","AO","10","10","26900","27930"
"In post","2022","Driver and Vehicle Standards Agency","East Cumbria","Outside London","EO","20","15","29930","28250"
"In post","2022","Driver and Vehicle Standards Agency","East Cumbria","Outside London","G7","[c]","[c]","[c]","[c]"
"In post","2022","Driver and Vehicle Standards Agency","East Cumbria","Outside London","HEO","5","5","[c]","[c]"
"In post","2022","Driver and Vehicle Standards Agency","East Cumbria","Outside London","SEO","[c]","[c]","[c]","[c]"
"In post","2022","Driver and Vehicle Standards Agency","East Derbyshire","Outside London","EO","[c]","[c]","[c]","[c]"
"In post","2022","Driver and Vehicle Standards Agency","East Derbyshire","Outside London","HEO","[c]","[c]","[c]","[c]"
"In post","2022","Driver and Vehicle Standards Agency","East Derbyshire","Outside London","SEO","[c]","[c]","[c]","[c]"
"In post","2022","Driver and Vehicle Standards Agency","East Dunbartonshire, West Dunbartonshire, and Helensburgh and Lomond","Outside London","AO","10","10","26880","27380"
"In post","2022","Driver and Vehicle Standards Agency","East Dunbartonshire, West Dunbartonshire, and Helensburgh and Lomond","Outside London","EO","25","20","28430","26780"
"In post","2022","Driver and Vehicle Standards Agency","East Dunbartonshire, West Dunbartonshire, and Helensburgh and Lomond","Outside London","HEO","5","5","[c]","[c]"
"In post","2022","Driver and Vehicle Standards Agency","East Dunbartonshire, West Dunbartonshire, and Helensburgh and Lomond","Outside London","SEO","[c]","[c]","[c]","[c]"
"In post","2022","Driver and Vehicle Standards Agency","East Kent","Outside London","AO","10","10","27630","27930"
"In post","2022","Driver and Vehicle Standards Agency","East Kent","Outside London","EO","45","45","31430","31500"
"In post","2022","Driver and Vehicle Standards Agency","East Kent","Outside London","HEO","10","10","32050","31860"
"In post","2022","Driver and Vehicle Standards Agency","East Kent","Outside London","SEO","[c]","[c]","[c]","[c]"
"In post","2022","Driver and Vehicle Standards Agency","East Lancashire","Outside London","EO","[c]","[c]","[c]","[c]"
"In post","2022","Driver and Vehicle Standards Agency","East Lancashire","Outside London","HEO","[c]","[c]","[c]","[c]"
"In post","2022","Driver and Vehicle Standards Agency","East Lothian and Midlothian","Outside London","EO","10","10","26590","26700"
"In post","2022","Driver and Vehicle Standards Agency","East Lothian and Midlothian","Outside London","HEO","[c]","[c]","[c]","[c]"
"In post","2022","Driver and Vehicle Standards Agency","East Lothian and Midlothian","Outside London","SEO","[c]","[c]","[c]","[c]"
"In post","2022","Driver and Vehicle Standards Agency","East Merseyside","Outside London","AO","20","15","25600","26830"
"In post","2022","Driver and Vehicle Standards Agency","East Merseyside","Outside London","EO","40","35","29050","26780"
"In post","2022","Driver and Vehicle Standards Agency","East Merseyside","Outside London","G6","[c]","[c]","[c]","[c]"
"In post","2022","Driver and Vehicle Standards Agency","East Merseyside","Outside London","HEO","10","10","[c]","[c]"
"In post","2022","Driver and Vehicle Standards Agency","East Merseyside","Outside London","SEO","[c]","[c]","[c]","[c]"
"In post","2022","Driver and Vehicle Standards Agency","East Riding of Yorkshire","Outside London","AO","[c]","[c]","[c]","[c]"
"In post","2022","Driver and Vehicle Standards Agency","East Riding of Yorkshire","Outside London","EO","10","10","27860","26780"
"In post","2022","Driver and Vehicle Standards Agency","East Riding of Yorkshire","Outside London","HEO","[c]","[c]","[c]","[c]"
"In post","2022","Driver and Vehicle Standards Agency","East Surrey","Outside London","AO","[c]","[c]","[c]","[c]"
"In post","2022","Driver and Vehicle Standards Agency","East Surrey","Outside London","EO","15","15","37030","38890"
"In post","2022","Driver and Vehicle Standards Agency","East Surrey","Outside London","HEO","[c]","[c]","[c]","[c]"
"In post","2022","Driver and Vehicle Standards Agency","East Surrey","Outside London","SEO","[c]","[c]","[c]","[c]"
"In post","2022","Driver and Vehicle Standards Agency","East Sussex CC","Outside London","AA","[c]","[c]","[c]","[c]"
"In post","2022","Driver and Vehicle Standards Agency","East Sussex CC","Outside London","AO","20","15","24460","24340"
"In post","2022","Driver and Vehicle Standards Agency","East Sussex CC","Outside London","EO","15","15","27750","26780"
"In post","2022","Driver and Vehicle Standards Agency","East Sussex CC","Outside London","HEO","[c]","[c]","[c]","[c]"
"In post","2022","Driver and Vehicle Standards Agency","East Sussex CC","Outside London","SEO","[c]","[c]","[c]","[c]"
"In post","2022","Driver and Vehicle Standards Agency","Enfield","London","EO","15","15","30770","30740"
"In post","2022","Driver and Vehicle Standards Agency","Enfield","London","HEO","[c]","[c]","[c]","[c]"
"In post","2022","Driver and Vehicle Standards Agency","Essex Haven Gateway","Outside London","EO","15","10","26820","26780"
"In post","2022","Driver and Vehicle Standards Agency","Essex Haven Gateway","Outside London","G7","[c]","[c]","[c]","[c]"
"In post","2022","Driver and Vehicle Standards Agency","Essex Haven Gateway","Outside London","HEO","[c]","[c]","[c]","[c]"
"In post","2022","Driver and Vehicle Standards Agency","Essex Thames Gateway","Outside London","AO","[c]","[c]","[c]","[c]"
"In post","2022","Driver and Vehicle Standards Agency","Essex Thames Gateway","Outside London","EO","5","5","[c]","[c]"
"In post","2022","Driver and Vehicle Standards Agency","Essex Thames Gateway","Outside London","HEO","[c]","[c]","[c]","[c]"
"In post","2022","Driver and Vehicle Standards Agency","Falkirk","Outside London","EO","5","5","[c]","[c]"
"In post","2022","Driver and Vehicle Standards Agency","Falkirk","Outside London","HEO","[c]","[c]","[c]","[c]"
"In post","2022","Driver and Vehicle Standards Agency","Falkirk","Outside London","SEO","[c]","[c]","[c]","[c]"
"In post","2022","Driver and Vehicle Standards Agency","Flintshire and Wrexham","Outside London","AO","15","15","25410","26830"
"In post","2022","Driver and Vehicle Standards Agency","Flintshire and Wrexham","Outside London","EO","20","15","28690","26780"
"In post","2022","Driver and Vehicle Standards Agency","Flintshire and Wrexham","Outside London","G7","[c]","[c]","[c]","[c]"
"In post","2022","Driver and Vehicle Standards Agency","Flintshire and Wrexham","Outside London","HEO","5","5","[c]","[c]"
"In post","2022","Driver and Vehicle Standards Agency","Flintshire and Wrexham","Outside London","SEO","[c]","[c]","[c]","[c]"
"In post","2022","Driver and Vehicle Standards Agency","Glasgow City","Outside London","EO","25","20","26970","26780"
"In post","2022","Driver and Vehicle Standards Agency","Glasgow City","Outside London","HEO","5","5","[c]","[c]"
"In post","2022","Driver and Vehicle Standards Agency","Gloucestershire CC","Outside London","AO","10","10","[c]","[c]"
"In post","2022","Driver and Vehicle Standards Agency","Gloucestershire CC","Outside London","EO","20","20","27940","26780"
"In post","2022","Driver and Vehicle Standards Agency","Gloucestershire CC","Outside London","HEO","[c]","[c]","[c]","[c]"
"In post","2022","Driver and Vehicle Standards Agency","Greater Manchester North East","Outside London","AO","15","10","21840","21840"
"In post","2022","Driver and Vehicle Standards Agency","Greater Manchester North East","Outside London","EO","50","50","27950","26780"
"In post","2022","Driver and Vehicle Standards Agency","Greater Manchester North East","Outside London","G7","[c]","[c]","[c]","[c]"
"In post","2022","Driver and Vehicle Standards Agency","Greater Manchester North East","Outside London","HEO","10","10","33010","33090"
"In post","2022","Driver and Vehicle Standards Agency","Greater Manchester North West","Outside London","AO","10","5","[c]","[c]"
"In post","2022","Driver and Vehicle Standards Agency","Greater Manchester North West","Outside London","EO","25","25","26550","26470"
"In post","2022","Driver and Vehicle Standards Agency","Greater Manchester North West","Outside London","G7","[c]","[c]","[c]","[c]"
"In post","2022","Driver and Vehicle Standards Agency","Greater Manchester North West","Outside London","HEO","[c]","[c]","[c]","[c]"
"In post","2022","Driver and Vehicle Standards Agency","Greater Manchester North West","Outside London","SEO","[c]","[c]","[c]","[c]"
"In post","2022","Driver and Vehicle Standards Agency","Greater Manchester South East","Outside London","AO","10","10","26900","26830"
"In post","2022","Driver and Vehicle Standards Agency","Greater Manchester South East","Outside London","EO","15","15","27290","26780"
"In post","2022","Driver and Vehicle Standards Agency","Greater Manchester South East","Outside London","HEO","[c]","[c]","[c]","[c]"
"In post","2022","Driver and Vehicle Standards Agency","Greater Manchester South East","Outside London","SEO","[c]","[c]","[c]","[c]"
"In post","2022","Driver and Vehicle Standards Agency","Greater Manchester South West","Outside London","EO","5","5","[c]","[c]"
"In post","2022","Driver and Vehicle Standards Agency","Greater Manchester South West","Outside London","HEO","[c]","[c]","[c]","[c]"
"In post","2022","Driver and Vehicle Standards Agency","Gwynedd","Outside London","AO","[c]","[c]","[c]","[c]"
"In post","2022","Driver and Vehicle Standards Agency","Gwynedd","Outside London","EO","10","10","27320","26650"
"In post","2022","Driver and Vehicle Standards Agency","Gwynedd","Outside London","SEO","[c]","[c]","[c]","[c]"
"In post","2022","Driver and Vehicle Standards Agency","Haringey and Islington","London","AO","[c]","[c]","[c]","[c]"
"In post","2022","Driver and Vehicle Standards Agency","Haringey and Islington","London","EO","15","15","30880","30700"
"In post","2022","Driver and Vehicle Standards Agency","Haringey and Islington","London","HEO","[c]","[c]","[c]","[c]"
"In post","2022","Driver and Vehicle Standards Agency","Harrow and Hillingdon","London","AO","15","15","29940","30830"
"In post","2022","Driver and Vehicle Standards Agency","Harrow and Hillingdon","London","EO","50","45","31940","30780"
"In post","2022","Driver and Vehicle Standards Agency","Harrow and Hillingdon","London","G7","[c]","[c]","[c]","[c]"
"In post","2022","Driver and Vehicle Standards Agency","Harrow and Hillingdon","London","HEO","5","5","[c]","[c]"
"In post","2022","Driver and Vehicle Standards Agency","Harrow and Hillingdon","London","SEO","[c]","[c]","[c]","[c]"
"In post","2022","Driver and Vehicle Standards Agency","Hartlepool and Stockton-on-Tees","Outside London","EO","[c]","[c]","[c]","[c]"
"In post","2022","Driver and Vehicle Standards Agency","Hartlepool and Stockton-on-Tees","Outside London","HEO","[c]","[c]","[c]","[c]"
"In post","2022","Driver and Vehicle Standards Agency","Heart of Essex","Outside London","AO","5","5","[c]","[c]"
"In post","2022","Driver and Vehicle Standards Agency","Heart of Essex","Outside London","EO","25","20","27950","26780"
"In post","2022","Driver and Vehicle Standards Agency","Heart of Essex","Outside London","G7","[c]","[c]","[c]","[c]"
"In post","2022","Driver and Vehicle Standards Agency","Heart of Essex","Outside London","HEO","[c]","[c]","[c]","[c]"
"In post","2022","Driver and Vehicle Standards Agency","Heart of Essex","Outside London","SEO","[c]","[c]","[c]","[c]"
"In post","2022","Driver and Vehicle Standards Agency","Herefordshire, County of","Outside London","AO","[c]","[c]","[c]","[c]"
"In post","2022","Driver and Vehicle Standards Agency","Herefordshire, County of","Outside London","EO","5","5","[c]","[c]"
"In post","2022","Driver and Vehicle Standards Agency","Herefordshire, County of","Outside London","HEO","[c]","[c]","[c]","[c]"
"In post","2022","Driver and Vehicle Standards Agency","Herefordshire, County of","Outside London","SEO","[c]","[c]","[c]","[c]"
"In post","2022","Driver and Vehicle Standards Agency","Hertfordshire CC","Outside London","AO","10","10","30780","30830"
"In post","2022","Driver and Vehicle Standards Agency","Hertfordshire CC","Outside London","EO","40","35","29430","29300"
"In post","2022","Driver and Vehicle Standards Agency","Hertfordshire CC","Outside London","HEO","5","5","[c]","[c]"
"In post","2022","Driver and Vehicle Standards Agency","Hounslow and Richmond upon Thames","London","EO","5","5","[c]","[c]"
"In post","2022","Driver and Vehicle Standards Agency","Hounslow and Richmond upon Thames","London","HEO","[c]","[c]","[c]","[c]"
"In post","2022","Driver and Vehicle Standards Agency","Inverclyde, East Renfrewshire, and Renfrewshire","Outside London","EO","10","10","26660","26700"
"In post","2022","Driver and Vehicle Standards Agency","Inverness and Nairn, Moray, and Badenoch and Strathspey","Outside London","AO","[c]","[c]","[c]","[c]"
"In post","2022","Driver and Vehicle Standards Agency","Inverness and Nairn, Moray, and Badenoch and Strathspey","Outside London","EO","15","10","27250","26700"
"In post","2022","Driver and Vehicle Standards Agency","Inverness and Nairn, Moray, and Badenoch and Strathspey","Outside London","HEO","[c]","[c]","[c]","[c]"
"In post","2022","Driver and Vehicle Standards Agency","Isle of Anglesey","Outside London","EO","[c]","[c]","[c]","[c]"
"In post","2022","Driver and Vehicle Standards Agency","Isle of Wight","Outside London","EO","5","5","[c]","[c]"
"In post","2022","Driver and Vehicle Standards Agency","Kent Thames Gateway","Outside London","AO","[c]","[c]","[c]","[c]"
"In post","2022","Driver and Vehicle Standards Agency","Kent Thames Gateway","Outside London","EO","5","5","[c]","[c]"
"In post","2022","Driver and Vehicle Standards Agency","Kent Thames Gateway","Outside London","SEO","[c]","[c]","[c]","[c]"
"In post","2022","Driver and Vehicle Standards Agency","Kingston upon Hull, City of","Outside London","AO","15","15","27110","27930"
"In post","2022","Driver and Vehicle Standards Agency","Kingston upon Hull, City of","Outside London","EO","15","15","27360","26580"
"In post","2022","Driver and Vehicle Standards Agency","Kingston upon Hull, City of","Outside London","HEO","[c]","[c]","[c]","[c]"
"In post","2022","Driver and Vehicle Standards Agency","Lancaster and Wyre","Outside London","EO","5","5","[c]","[c]"
"In post","2022","Driver and Vehicle Standards Agency","Leeds","Outside London","AA","5","5","[c]","[c]"
"In post","2022","Driver and Vehicle Standards Agency","Leeds","Outside London","AO","90","85","21840","21840"
"In post","2022","Driver and Vehicle Standards Agency","Leeds","Outside London","EO","50","50","26590","26580"
"In post","2022","Driver and Vehicle Standards Agency","Leeds","Outside London","G7","[c]","[c]","[c]","[c]"
"In post","2022","Driver and Vehicle Standards Agency","Leeds","Outside London","HEO","15","15","31890","31640"
"In post","2022","Driver and Vehicle Standards Agency","Leeds","Outside London","SEO","5","5","[c]","[c]"
"In post","2022","Driver and Vehicle Standards Agency","Leicester","Outside London","AO","[c]","[c]","[c]","[c]"
"In post","2022","Driver and Vehicle Standards Agency","Leicester","Outside London","EO","15","15","27030","26700"
"In post","2022","Driver and Vehicle Standards Agency","Leicester","Outside London","HEO","[c]","[c]","[c]","[c]"
"In post","2022","Driver and Vehicle Standards Agency","Leicestershire CC and Rutland","Outside London","AO","10","10","27230","27930"
"In post","2022","Driver and Vehicle Standards Agency","Leicestershire CC and Rutland","Outside London","EO","20","20","26940","26700"
"In post","2022","Driver and Vehicle Standards Agency","Leicestershire CC and Rutland","Outside London","HEO","[c]","[c]","[c]","[c]"
"In post","2022","Driver and Vehicle Standards Agency","Lewisham and Southwark","London","EO","10","10","29980","30470"
"In post","2022","Driver and Vehicle Standards Agency","Lewisham and Southwark","London","HEO","[c]","[c]","[c]","[c]"
"In post","2022","Driver and Vehicle Standards Agency","Lincolnshire CC","Outside London","AO","10","10","[c]","[c]"
"In post","2022","Driver and Vehicle Standards Agency","Lincolnshire CC","Outside London","EO","30","30","27190","26780"
"In post","2022","Driver and Vehicle Standards Agency","Lincolnshire CC","Outside London","G7","[c]","[c]","[c]","[c]"
"In post","2022","Driver and Vehicle Standards Agency","Lincolnshire CC","Outside London","HEO","5","5","[c]","[c]"
"In post","2022","Driver and Vehicle Standards Agency","Lincolnshire CC","Outside London","SEO","[c]","[c]","[c]","[c]"
"In post","2022","Driver and Vehicle Standards Agency","Liverpool","Outside London","AO","[c]","[c]","[c]","[c]"
"In post","2022","Driver and Vehicle Standards Agency","Liverpool","Outside London","EO","25","25","26500","26580"
"In post","2022","Driver and Vehicle Standards Agency","Liverpool","Outside London","HEO","[c]","[c]","[c]","[c]"
"In post","2022","Driver and Vehicle Standards Agency","Luton","Outside London","EO","10","10","26830","26520"
"In post","2022","Driver and Vehicle Standards Agency","Luton","Outside London","HEO","[c]","[c]","[c]","[c]"
"In post","2022","Driver and Vehicle Standards Agency","Manchester","Outside London","EO","20","20","26470","26470"
"In post","2022","Driver and Vehicle Standards Agency","Manchester","Outside London","HEO","[c]","[c]","[c]","[c]"
"In post","2022","Driver and Vehicle Standards Agency","Medway","Outside London","AO","[c]","[c]","[c]","[c]"
"In post","2022","Driver and Vehicle Standards Agency","Medway","Outside London","EO","20","20","26980","26740"
"In post","2022","Driver and Vehicle Standards Agency","Medway","Outside London","HEO","5","5","[c]","[c]"
"In post","2022","Driver and Vehicle Standards Agency","Medway","Outside London","SEO","[c]","[c]","[c]","[c]"
"In post","2022","Driver and Vehicle Standards Agency","Merton, Kingston upon Thames and Sutton","London","AO","[c]","[c]","[c]","[c]"
"In post","2022","Driver and Vehicle Standards Agency","Merton, Kingston upon Thames and Sutton","London","EO","35","35","31030","30780"
"In post","2022","Driver and Vehicle Standards Agency","Merton, Kingston upon Thames and Sutton","London","HEO","10","10","36630","36180"
"In post","2022","Driver and Vehicle Standards Agency","Merton, Kingston upon Thames and Sutton","London","SEO","[c]","[c]","[c]","[c]"
"In post","2022","Driver and Vehicle Standards Agency","Mid Kent","Outside London","AO","5","5","[c]","[c]"
"In post","2022","Driver and Vehicle Standards Agency","Mid Kent","Outside London","EO","25","25","32160","33560"
"In post","2022","Driver and Vehicle Standards Agency","Mid Kent","Outside London","HEO","5","5","[c]","[c]"
"In post","2022","Driver and Vehicle Standards Agency","Mid Lancashire","Outside London","AO","20","20","27310","27930"
"In post","2022","Driver and Vehicle Standards Agency","Mid Lancashire","Outside London","EO","25","20","28870","27300"
"In post","2022","Driver and Vehicle Standards Agency","Mid Lancashire","Outside London","HEO","[c]","[c]","[c]","[c]"
"In post","2022","Driver and Vehicle Standards Agency","Milton Keynes","Outside London","AO","10","10","[c]","[c]"
"In post","2022","Driver and Vehicle Standards Agency","Milton Keynes","Outside London","EO","10","5","[c]","[c]"
"In post","2022","Driver and Vehicle Standards Agency","Milton Keynes","Outside London","HEO","[c]","[c]","[c]","[c]"
"In post","2022","Driver and Vehicle Standards Agency","Monmouthshire and Newport","Outside London","AO","10","10","[c]","[c]"
"In post","2022","Driver and Vehicle Standards Agency","Monmouthshire and Newport","Outside London","EO","25","20","29180","26780"
"In post","2022","Driver and Vehicle Standards Agency","Monmouthshire and Newport","Outside London","HEO","[c]","[c]","[c]","[c]"
"In post","2022","Driver and Vehicle Standards Agency","North and North East Lincolnshire","Outside London","EO","20","20","29020","26780"
"In post","2022","Driver and Vehicle Standards Agency","North and North East Lincolnshire","Outside London","HEO","[c]","[c]","[c]","[c]"
"In post","2022","Driver and Vehicle Standards Agency","North and West Norfolk","Outside London","EO","10","10","26570","26740"
"In post","2022","Driver and Vehicle Standards Agency","North and West Norfolk","Outside London","HEO","[c]","[c]","[c]","[c]"
"In post","2022","Driver and Vehicle Standards Agency","North Hampshire","Outside London","EO","20","15","27030","26700"
"In post","2022","Driver and Vehicle Standards Agency","North Hampshire","Outside London","HEO","[c]","[c]","[c]","[c]"
"In post","2022","Driver and Vehicle Standards Agency","North Lanarkshire","Outside London","EO","5","5","[c]","[c]"
"In post","2022","Driver and Vehicle Standards Agency","North Lanarkshire","Outside London","HEO","[c]","[c]","[c]","[c]"
"In post","2022","Driver and Vehicle Standards Agency","North Northamptonshire","Outside London","AO","10","10","27630","27930"
"In post","2022","Driver and Vehicle Standards Agency","North Northamptonshire","Outside London","EO","15","15","29000","26780"
"In post","2022","Driver and Vehicle Standards Agency","North Northamptonshire","Outside London","HEO","[c]","[c]","[c]","[c]"
"In post","2022","Driver and Vehicle Standards Agency","North Nottinghamshire","Outside London","EO","15","15","26770","26780"
"In post","2022","Driver and Vehicle Standards Agency","North Nottinghamshire","Outside London","HEO","[c]","[c]","[c]","[c]"
"In post","2022","Driver and Vehicle Standards Agency","North Nottinghamshire","Outside London","SEO","[c]","[c]","[c]","[c]"
"In post","2022","Driver and Vehicle Standards Agency","North Yorkshire CC","Outside London","AO","5","5","[c]","[c]"
"In post","2022","Driver and Vehicle Standards Agency","North Yorkshire CC","Outside London","EO","20","15","27170","26700"
"In post","2022","Driver and Vehicle Standards Agency","North Yorkshire CC","Outside London","HEO","[c]","[c]","[c]","[c]"
"In post","2022","Driver and Vehicle Standards Agency","Northumberland","Outside London","EO","5","5","[c]","[c]"
"In post","2022","Driver and Vehicle Standards Agency","Northumberland","Outside London","SEO","[c]","[c]","[c]","[c]"
"In post","2022","Driver and Vehicle Standards Agency","Norwich and East Norfolk","Outside London","AO","10","10","26880","26830"
"In post","2022","Driver and Vehicle Standards Agency","Norwich and East Norfolk","Outside London","EO","25","25","27720","26780"
"In post","2022","Driver and Vehicle Standards Agency","Norwich and East Norfolk","Outside London","G7","[c]","[c]","[c]","[c]"
"In post","2022","Driver and Vehicle Standards Agency","Norwich and East Norfolk","Outside London","HEO","5","5","[c]","[c]"
"In post","2022","Driver and Vehicle Standards Agency","Norwich and East Norfolk","Outside London","SEO","[c]","[c]","[c]","[c]"
"In post","2022","Driver and Vehicle Standards Agency","Nottingham","Outside London","AA","[c]","[c]","[c]","[c]"
"In post","2022","Driver and Vehicle Standards Agency","Nottingham","Outside London","AO","25","25","21840","21840"
"In post","2022","Driver and Vehicle Standards Agency","Nottingham","Outside London","EO","70","65","26480","26470"
"In post","2022","Driver and Vehicle Standards Agency","Nottingham","Outside London","G6","[c]","[c]","[c]","[c]"
"In post","2022","Driver and Vehicle Standards Agency","Nottingham","Outside London","G7","35","35","54250","51770"
"In post","2022","Driver and Vehicle Standards Agency","Nottingham","Outside London","HEO","75","75","31780","31410"
"In post","2022","Driver and Vehicle Standards Agency","Nottingham","Outside London","SEO","85","80","41950","41090"
"In post","2022","Driver and Vehicle Standards Agency","Oxfordshire CC","Outside London","AO","[c]","[c]","[c]","[c]"
"In post","2022","Driver and Vehicle Standards Agency","Oxfordshire CC","Outside London","EO","20","20","27360","26780"
"In post","2022","Driver and Vehicle Standards Agency","Oxfordshire CC","Outside London","HEO","[c]","[c]","[c]","[c]"
"In post","2022","Driver and Vehicle Standards Agency","Oxfordshire CC","Outside London","SEO","[c]","[c]","[c]","[c]"
"In post","2022","Driver and Vehicle Standards Agency","Perth and Kinross, and Stirling","Outside London","AO","10","10","[c]","[c]"
"In post","2022","Driver and Vehicle Standards Agency","Perth and Kinross, and Stirling","Outside London","EO","10","10","27690","26780"
"In post","2022","Driver and Vehicle Standards Agency","Perth and Kinross, and Stirling","Outside London","HEO","[c]","[c]","[c]","[c]"
"In post","2022","Driver and Vehicle Standards Agency","Perth and Kinross, and Stirling","Outside London","SEO","[c]","[c]","[c]","[c]"
"In post","2022","Driver and Vehicle Standards Agency","Peterborough","Outside London","AO","10","10","27080","27930"
"In post","2022","Driver and Vehicle Standards Agency","Peterborough","Outside London","EO","15","15","27860","26780"
"In post","2022","Driver and Vehicle Standards Agency","Peterborough","Outside London","HEO","5","5","[c]","[c]"
"In post","2022","Driver and Vehicle Standards Agency","Plymouth","Outside London","AO","10","10","26980","27380"
"In post","2022","Driver and Vehicle Standards Agency","Plymouth","Outside London","EO","15","15","28450","26780"
"In post","2022","Driver and Vehicle Standards Agency","Plymouth","Outside London","G6","[c]","[c]","[c]","[c]"
"In post","2022","Driver and Vehicle Standards Agency","Plymouth","Outside London","HEO","[c]","[c]","[c]","[c]"
"In post","2022","Driver and Vehicle Standards Agency","Plymouth","Outside London","SEO","[c]","[c]","[c]","[c]"
"In post","2022","Driver and Vehicle Standards Agency","Portsmouth","Outside London","AA","[c]","[c]","[c]","[c]"
"In post","2022","Driver and Vehicle Standards Agency","Portsmouth","Outside London","EO","10","10","26980","26470"
"In post","2022","Driver and Vehicle Standards Agency","Portsmouth","Outside London","HEO","[c]","[c]","[c]","[c]"
"In post","2022","Driver and Vehicle Standards Agency","Powys","Outside London","EO","[c]","[c]","[c]","[c]"
"In post","2022","Driver and Vehicle Standards Agency","Redbridge and Waltham Forest","London","EO","45","40","30650","30700"
"In post","2022","Driver and Vehicle Standards Agency","Redbridge and Waltham Forest","London","HEO","5","5","[c]","[c]"
"In post","2022","Driver and Vehicle Standards Agency","Redbridge and Waltham Forest","London","SEO","[c]","[c]","[c]","[c]"
"In post","2022","Driver and Vehicle Standards Agency","Sandwell","Outside London","AO","[c]","[c]","[c]","[c]"
"In post","2022","Driver and Vehicle Standards Agency","Sandwell","Outside London","EO","15","10","27330","26780"
"In post","2022","Driver and Vehicle Standards Agency","Sandwell","Outside London","HEO","[c]","[c]","[c]","[c]"
"In post","2022","Driver and Vehicle Standards Agency","Scottish Borders","Outside London","EO","[c]","[c]","[c]","[c]"
"In post","2022","Driver and Vehicle Standards Agency","Sefton","Outside London","EO","5","5","[c]","[c]"
"In post","2022","Driver and Vehicle Standards Agency","Sefton","Outside London","HEO","[c]","[c]","[c]","[c]"
"In post","2022","Driver and Vehicle Standards Agency","Sheffield","Outside London","AO","[c]","[c]","[c]","[c]"
"In post","2022","Driver and Vehicle Standards Agency","Sheffield","Outside London","EO","25","20","27510","26780"
"In post","2022","Driver and Vehicle Standards Agency","Sheffield","Outside London","HEO","5","5","[c]","[c]"
"In post","2022","Driver and Vehicle Standards Agency","Sheffield","Outside London","SEO","[c]","[c]","[c]","[c]"
"In post","2022","Driver and Vehicle Standards Agency","Shropshire","Outside London","EO","20","15","27580","26780"
"In post","2022","Driver and Vehicle Standards Agency","Shropshire","Outside London","HEO","[c]","[c]","[c]","[c]"
"In post","2022","Driver and Vehicle Standards Agency","Shropshire","Outside London","SEO","[c]","[c]","[c]","[c]"
"In post","2022","Driver and Vehicle Standards Agency","Solihull","Outside London","EO","[c]","[c]","[c]","[c]"
"In post","2022","Driver and Vehicle Standards Agency","Somerset CC","Outside London","AO","10","10","27490","27930"
"In post","2022","Driver and Vehicle Standards Agency","Somerset CC","Outside London","EO","15","15","27730","26780"
"In post","2022","Driver and Vehicle Standards Agency","Somerset CC","Outside London","HEO","[c]","[c]","[c]","[c]"
"In post","2022","Driver and Vehicle Standards Agency","Somerset CC","Outside London","SEO","[c]","[c]","[c]","[c]"
"In post","2022","Driver and Vehicle Standards Agency","South and West Derbyshire","Outside London","EO","[c]","[c]","[c]","[c]"
"In post","2022","Driver and Vehicle Standards Agency","South Ayrshire","Outside London","EO","[c]","[c]","[c]","[c]"
"In post","2022","Driver and Vehicle Standards Agency","South Ayrshire","Outside London","HEO","[c]","[c]","[c]","[c]"
"In post","2022","Driver and Vehicle Standards Agency","South Hampshire","Outside London","AO","[c]","[c]","[c]","[c]"
"In post","2022","Driver and Vehicle Standards Agency","South Hampshire","Outside London","EO","10","10","27030","26470"
"In post","2022","Driver and Vehicle Standards Agency","South Hampshire","Outside London","HEO","[c]","[c]","[c]","[c]"
"In post","2022","Driver and Vehicle Standards Agency","South Hampshire","Outside London","SEO","[c]","[c]","[c]","[c]"
"In post","2022","Driver and Vehicle Standards Agency","South Lanarkshire","Outside London","EO","[c]","[c]","[c]","[c]"
"In post","2022","Driver and Vehicle Standards Agency","South Nottinghamshire","Outside London","AO","[c]","[c]","[c]","[c]"
"In post","2022","Driver and Vehicle Standards Agency","South Nottinghamshire","Outside London","EO","40","35","27420","26780"
"In post","2022","Driver and Vehicle Standards Agency","South Nottinghamshire","Outside London","HEO","5","5","[c]","[c]"
"In post","2022","Driver and Vehicle Standards Agency","South Teesside","Outside London","EO","10","10","[c]","[c]"
"In post","2022","Driver and Vehicle Standards Agency","South Teesside","Outside London","HEO","[c]","[c]","[c]","[c]"
"In post","2022","Driver and Vehicle Standards Agency","South West Wales","Outside London","EO","15","15","27160","26780"
"In post","2022","Driver and Vehicle Standards Agency","South West Wales","Outside London","HEO","[c]","[c]","[c]","[c]"
"In post","2022","Driver and Vehicle Standards Agency","Southampton","Outside London","AO","10","10","26970","26830"
"In post","2022","Driver and Vehicle Standards Agency","Southampton","Outside London","EO","15","15","27710","26470"
"In post","2022","Driver and Vehicle Standards Agency","Southampton","Outside London","HEO","[c]","[c]","[c]","[c]"
"In post","2022","Driver and Vehicle Standards Agency","Southampton","Outside London","SEO","[c]","[c]","[c]","[c]"
"In post","2022","Driver and Vehicle Standards Agency","Southend-on-Sea","Outside London","EO","[c]","[c]","[c]","[c]"
"In post","2022","Driver and Vehicle Standards Agency","Southend-on-Sea","Outside London","HEO","[c]","[c]","[c]","[c]"
"In post","2022","Driver and Vehicle Standards Agency","Staffordshire CC","Outside London","AO","55","50","24280","21840"
"In post","2022","Driver and Vehicle Standards Agency","Staffordshire CC","Outside London","EO","60","55","29570","26780"
"In post","2022","Driver and Vehicle Standards Agency","Staffordshire CC","Outside London","G7","[c]","[c]","[c]","[c]"
"In post","2022","Driver and Vehicle Standards Agency","Staffordshire CC","Outside London","HEO","10","10","[c]","[c]"
"In post","2022","Driver and Vehicle Standards Agency","Staffordshire CC","Outside London","SEO","[c]","[c]","[c]","[c]"
"In post","2022","Driver and Vehicle Standards Agency","Stoke-on-Trent","Outside London","AO","[c]","[c]","[c]","[c]"
"In post","2022","Driver and Vehicle Standards Agency","Stoke-on-Trent","Outside London","EO","15","15","27560","26740"
"In post","2022","Driver and Vehicle Standards Agency","Stoke-on-Trent","Outside London","HEO","5","5","[c]","[c]"
"In post","2022","Driver and Vehicle Standards Agency","Stoke-on-Trent","Outside London","SEO","[c]","[c]","[c]","[c]"
"In post","2022","Driver and Vehicle Standards Agency","Suffolk CC","Outside London","AO","10","10","27080","27930"
"In post","2022","Driver and Vehicle Standards Agency","Suffolk CC","Outside London","EO","35","30","27730","26780"
"In post","2022","Driver and Vehicle Standards Agency","Suffolk CC","Outside London","G7","[c]","[c]","[c]","[c]"
"In post","2022","Driver and Vehicle Standards Agency","Suffolk CC","Outside London","HEO","10","10","31980","31380"
"In post","2022","Driver and Vehicle Standards Agency","Suffolk CC","Outside London","SEO","[c]","[c]","[c]","[c]"
"In post","2022","Driver and Vehicle Standards Agency","Sunderland","Outside London","EO","5","5","[c]","[c]"
"In post","2022","Driver and Vehicle Standards Agency","Sunderland","Outside London","HEO","[c]","[c]","[c]","[c]"
"In post","2022","Driver and Vehicle Standards Agency","Sunderland","Outside London","SEO","[c]","[c]","[c]","[c]"
"In post","2022","Driver and Vehicle Standards Agency","Swansea","Outside London","AO","160","150","22100","21840"
"In post","2022","Driver and Vehicle Standards Agency","Swansea","Outside London","EO","85","85","26530","26130"
"In post","2022","Driver and Vehicle Standards Agency","Swansea","Outside London","G6","[c]","[c]","[c]","[c]"
"In post","2022","Driver and Vehicle Standards Agency","Swansea","Outside London","G7","20","20","52990","52240"
"In post","2022","Driver and Vehicle Standards Agency","Swansea","Outside London","HEO","65","65","32190","31380"
"In post","2022","Driver and Vehicle Standards Agency","Swansea","Outside London","SEO","55","55","41460","40820"
"In post","2022","Driver and Vehicle Standards Agency","Swindon","Outside London","AO","5","5","[c]","[c]"
"In post","2022","Driver and Vehicle Standards Agency","Swindon","Outside London","EO","15","10","27060","26700"
"In post","2022","Driver and Vehicle Standards Agency","Swindon","Outside London","HEO","[c]","[c]","[c]","[c]"
"In post","2022","Driver and Vehicle Standards Agency","Telford and Wrekin","Outside London","AO","10","10","[c]","[c]"
"In post","2022","Driver and Vehicle Standards Agency","Telford and Wrekin","Outside London","EO","5","5","[c]","[c]"
"In post","2022","Driver and Vehicle Standards Agency","Telford and Wrekin","Outside London","SEO","[c]","[c]","[c]","[c]"
"In post","2022","Driver and Vehicle Standards Agency","Thurrock","Outside London","AO","[c]","[c]","[c]","[c]"
"In post","2022","Driver and Vehicle Standards Agency","Thurrock","Outside London","EO","10","5","[c]","[c]"
"In post","2022","Driver and Vehicle Standards Agency","Thurrock","Outside London","HEO","[c]","[c]","[c]","[c]"
"In post","2022","Driver and Vehicle Standards Agency","Tyneside","Outside London","AO","140","125","22180","21840"
"In post","2022","Driver and Vehicle Standards Agency","Tyneside","Outside London","EO","75","70","26940","26700"
"In post","2022","Driver and Vehicle Standards Agency","Tyneside","Outside London","G7","[c]","[c]","[c]","[c]"
"In post","2022","Driver and Vehicle Standards Agency","Tyneside","Outside London","HEO","40","40","31580","31040"
"In post","2022","Driver and Vehicle Standards Agency","Tyneside","Outside London","SCS level","[c]","[c]","[c]","[c]"
"In post","2022","Driver and Vehicle Standards Agency","Tyneside","Outside London","SEO","15","15","40160","39470"
"In post","2022","Driver and Vehicle Standards Agency","Wakefield","Outside London","AO","10","10","26930","27380"
"In post","2022","Driver and Vehicle Standards Agency","Wakefield","Outside London","EO","30","25","28810","26780"
"In post","2022","Driver and Vehicle Standards Agency","Wakefield","Outside London","HEO","[c]","[c]","[c]","[c]"
"In post","2022","Driver and Vehicle Standards Agency","Wakefield","Outside London","SEO","[c]","[c]","[c]","[c]"
"In post","2022","Driver and Vehicle Standards Agency","Warrington","Outside London","EO","[c]","[c]","[c]","[c]"
"In post","2022","Driver and Vehicle Standards Agency","Warrington","Outside London","HEO","[c]","[c]","[c]","[c]"
"In post","2022","Driver and Vehicle Standards Agency","Warwickshire CC","Outside London","EO","25","25","27240","26700"
"In post","2022","Driver and Vehicle Standards Agency","Warwickshire CC","Outside London","HEO","[c]","[c]","[c]","[c]"
"In post","2022","Driver and Vehicle Standards Agency","Warwickshire CC","Outside London","SEO","[c]","[c]","[c]","[c]"
"In post","2022","Driver and Vehicle Standards Agency","West Cumbria","Outside London","EO","5","5","[c]","[c]"
"In post","2022","Driver and Vehicle Standards Agency","West Essex","Outside London","EO","[c]","[c]","[c]","[c]"
"In post","2022","Driver and Vehicle Standards Agency","West Essex","Outside London","HEO","[c]","[c]","[c]","[c]"
"In post","2022","Driver and Vehicle Standards Agency","West Kent","Outside London","EO","10","10","26450","26470"
"In post","2022","Driver and Vehicle Standards Agency","West Kent","Outside London","HEO","[c]","[c]","[c]","[c]"
"In post","2022","Driver and Vehicle Standards Agency","West Lothian","Outside London","AO","10","10","25390","27930"
"In post","2022","Driver and Vehicle Standards Agency","West Lothian","Outside London","EO","15","15","29690","29460"
"In post","2022","Driver and Vehicle Standards Agency","West Lothian","Outside London","G7","[c]","[c]","[c]","[c]"
"In post","2022","Driver and Vehicle Standards Agency","West Lothian","Outside London","HEO","10","10","33720","33350"
"In post","2022","Driver and Vehicle Standards Agency","West Lothian","Outside London","SEO","[c]","[c]","[c]","[c]"
"In post","2022","Driver and Vehicle Standards Agency","West Northamptonshire","Outside London","AO","[c]","[c]","[c]","[c]"
"In post","2022","Driver and Vehicle Standards Agency","West Northamptonshire","Outside London","EO","15","15","26620","26700"
"In post","2022","Driver and Vehicle Standards Agency","West Northamptonshire","Outside London","HEO","[c]","[c]","[c]","[c]"
"In post","2022","Driver and Vehicle Standards Agency","West Surrey","Outside London","AO","15","15","30830","30830"
"In post","2022","Driver and Vehicle Standards Agency","West Surrey","Outside London","EO","20","20","29660","30700"
"In post","2022","Driver and Vehicle Standards Agency","West Surrey","Outside London","G7","[c]","[c]","[c]","[c]"
"In post","2022","Driver and Vehicle Standards Agency","West Surrey","Outside London","HEO","5","5","[c]","[c]"
"In post","2022","Driver and Vehicle Standards Agency","West Surrey","Outside London","SEO","[c]","[c]","[c]","[c]"
"In post","2022","Driver and Vehicle Standards Agency","West Sussex (North East)","Outside London","EO","20","20","27190","26780"
"In post","2022","Driver and Vehicle Standards Agency","West Sussex (North East)","Outside London","HEO","[c]","[c]","[c]","[c]"
"In post","2022","Driver and Vehicle Standards Agency","West Sussex (South West)","Outside London","AO","[c]","[c]","[c]","[c]"
"In post","2022","Driver and Vehicle Standards Agency","West Sussex (South West)","Outside London","EO","20","15","26900","26580"
"In post","2022","Driver and Vehicle Standards Agency","West Sussex (South West)","Outside London","HEO","[c]","[c]","[c]","[c]"
"In post","2022","Driver and Vehicle Standards Agency","West Sussex (South West)","Outside London","SEO","[c]","[c]","[c]","[c]"
"In post","2022","Driver and Vehicle Standards Agency","Westminster","London","G7","[c]","[c]","[c]","[c]"
"In post","2022","Driver and Vehicle Standards Agency","Wiltshire","Outside London","EO","20","15","27140","26740"
"In post","2022","Driver and Vehicle Standards Agency","Wiltshire","Outside London","G7","[c]","[c]","[c]","[c]"
"In post","2022","Driver and Vehicle Standards Agency","Wiltshire","Outside London","HEO","5","5","[c]","[c]"
"In post","2022","Driver and Vehicle Standards Agency","Wiltshire","Outside London","SEO","[c]","[c]","[c]","[c]"
"In post","2022","Driver and Vehicle Standards Agency","Wirral","Outside London","EO","10","10","26880","26740"
"In post","2022","Driver and Vehicle Standards Agency","Wirral","Outside London","HEO","[c]","[c]","[c]","[c]"
"In post","2022","Driver and Vehicle Standards Agency","Wolverhampton","Outside London","EO","10","10","26660","26470"
"In post","2022","Driver and Vehicle Standards Agency","Wolverhampton","Outside London","G7","[c]","[c]","[c]","[c]"
"In post","2022","Driver and Vehicle Standards Agency","Worcestershire CC","Outside London","EO","25","25","27980","26780"
"In post","2022","Driver and Vehicle Standards Agency","Worcestershire CC","Outside London","HEO","5","5","[c]","[c]"
"In post","2022","Driver and Vehicle Standards Agency","York","Outside London","EO","10","5","[c]","[c]"
"In post","2022","Driver and Vehicle Standards Agency","York","Outside London","HEO","[c]","[c]","[c]","[c]"
"In post","2022","Education and Skills Funding Agency","Barnsley, Doncaster and Rotherham","Outside London","SEO","[c]","[c]","[c]","[c]"
"In post","2022","Education and Skills Funding Agency","Berkshire","Outside London","G7","[c]","[c]","[c]","[c]"
"In post","2022","Education and Skills Funding Agency","Blackburn with Darwen","Outside London","HEO","[c]","[c]","[c]","[c]"
"In post","2022","Education and Skills Funding Agency","Bristol, City of","Outside London","AO","[c]","[c]","[c]","[c]"
"In post","2022","Education and Skills Funding Agency","Bristol, City of","Outside London","EO","10","10","25000","25000"
"In post","2022","Education and Skills Funding Agency","Bristol, City of","Outside London","G6","[c]","[c]","[c]","[c]"
"In post","2022","Education and Skills Funding Agency","Bristol, City of","Outside London","G7","25","25","50640","49860"
"In post","2022","Education and Skills Funding Agency","Bristol, City of","Outside London","HEO","25","25","30410","29730"
"In post","2022","Education and Skills Funding Agency","Bristol, City of","Outside London","SCS level","[c]","[c]","[c]","[c]"
"In post","2022","Education and Skills Funding Agency","Bristol, City of","Outside London","SEO","30","30","37810","36780"
"In post","2022","Education and Skills Funding Agency","Bromley","London","SEO","[c]","[c]","[c]","[c]"
"In post","2022","Education and Skills Funding Agency","Buckinghamshire","Outside London","G6","[c]","[c]","[c]","[c]"
"In post","2022","Education and Skills Funding Agency","Cambridgeshire CC","Outside London","G6","[c]","[c]","[c]","[c]"
"In post","2022","Education and Skills Funding Agency","Cambridgeshire CC","Outside London","G7","[c]","[c]","[c]","[c]"
"In post","2022","Education and Skills Funding Agency","Cambridgeshire CC","Outside London","SCS level","[c]","[c]","[c]","[c]"
"In post","2022","Education and Skills Funding Agency","Cambridgeshire CC","Outside London","SEO","[c]","[c]","[c]","[c]"
"In post","2022","Education and Skills Funding Agency","Coventry","Outside London","AO","[c]","[c]","[c]","[c]"
"In post","2022","Education and Skills Funding Agency","Coventry","Outside London","EO","40","40","25440","25000"
"In post","2022","Education and Skills Funding Agency","Coventry","Outside London","G6","55","55","63600","61960"
"In post","2022","Education and Skills Funding Agency","Coventry","Outside London","G7","150","145","50690","50400"
"In post","2022","Education and Skills Funding Agency","Coventry","Outside London","HEO","140","135","30150","29730"
"In post","2022","Education and Skills Funding Agency","Coventry","Outside London","SCS level","10","10","76790","77080"
"In post","2022","Education and Skills Funding Agency","Coventry","Outside London","SEO","165","160","37740","36960"
"In post","2022","Education and Skills Funding Agency","Croydon","London","G7","[c]","[c]","[c]","[c]"
"In post","2022","Education and Skills Funding Agency","Croydon","London","HEO","[c]","[c]","[c]","[c]"
"In post","2022","Education and Skills Funding Agency","Croydon","London","SEO","5","5","[c]","[c]"
"In post","2022","Education and Skills Funding Agency","Darlington","Outside London","AO","[c]","[c]","[c]","[c]"
"In post","2022","Education and Skills Funding Agency","Darlington","Outside London","EO","10","10","25420","25000"
"In post","2022","Education and Skills Funding Agency","Darlington","Outside London","G6","10","10","[c]","[c]"
"In post","2022","Education and Skills Funding Agency","Darlington","Outside London","G7","30","30","50470","50400"
"In post","2022","Education and Skills Funding Agency","Darlington","Outside London","HEO","60","55","30180","30140"
"In post","2022","Education and Skills Funding Agency","Darlington","Outside London","SCS level","[c]","[c]","[c]","[c]"
"In post","2022","Education and Skills Funding Agency","Darlington","Outside London","SEO","50","50","37320","36500"
"In post","2022","Education and Skills Funding Agency","Devon CC","Outside London","SEO","[c]","[c]","[c]","[c]"
"In post","2022","Education and Skills Funding Agency","Dudley","Outside London","SEO","[c]","[c]","[c]","[c]"
"In post","2022","Education and Skills Funding Agency","Durham","Outside London","HEO","[c]","[c]","[c]","[c]"
"In post","2022","Education and Skills Funding Agency","Durham","Outside London","SEO","[c]","[c]","[c]","[c]"
"In post","2022","Education and Skills Funding Agency","East Derbyshire","Outside London","G7","[c]","[c]","[c]","[c]"
"In post","2022","Education and Skills Funding Agency","East Kent","Outside London","SEO","[c]","[c]","[c]","[c]"
"In post","2022","Education and Skills Funding Agency","Enfield","London","SEO","[c]","[c]","[c]","[c]"
"In post","2022","Education and Skills Funding Agency","Essex Thames Gateway","Outside London","G7","[c]","[c]","[c]","[c]"
"In post","2022","Education and Skills Funding Agency","Greater Manchester North East","Outside London","EO","[c]","[c]","[c]","[c]"
"In post","2022","Education and Skills Funding Agency","Harrow and Hillingdon","London","SEO","[c]","[c]","[c]","[c]"
"In post","2022","Education and Skills Funding Agency","Hartlepool and Stockton-on-Tees","Outside London","SEO","[c]","[c]","[c]","[c]"
"In post","2022","Education and Skills Funding Agency","Hertfordshire CC","Outside London","G7","[c]","[c]","[c]","[c]"
"In post","2022","Education and Skills Funding Agency","Kingston upon Hull, City of","Outside London","HEO","[c]","[c]","[c]","[c]"
"In post","2022","Education and Skills Funding Agency","Leeds","Outside London","AO","[c]","[c]","[c]","[c]"
"In post","2022","Education and Skills Funding Agency","Leeds","Outside London","EO","[c]","[c]","[c]","[c]"
"In post","2022","Education and Skills Funding Agency","Leeds","Outside London","G6","5","5","[c]","[c]"
"In post","2022","Education and Skills Funding Agency","Leeds","Outside London","G7","20","20","50540","50400"
"In post","2022","Education and Skills Funding Agency","Leeds","Outside London","HEO","20","20","30350","29730"
"In post","2022","Education and Skills Funding Agency","Leeds","Outside London","SCS level","[c]","[c]","[c]","[c]"
"In post","2022","Education and Skills Funding Agency","Leeds","Outside London","SEO","15","15","37530","37100"
"In post","2022","Education and Skills Funding Agency","Leicestershire CC and Rutland","Outside London","G7","[c]","[c]","[c]","[c]"
"In post","2022","Education and Skills Funding Agency","Leicestershire CC and Rutland","Outside London","SEO","[c]","[c]","[c]","[c]"
"In post","2022","Education and Skills Funding Agency","Lincolnshire CC","Outside London","G7","[c]","[c]","[c]","[c]"
"In post","2022","Education and Skills Funding Agency","Liverpool","Outside London","SEO","[c]","[c]","[c]","[c]"
"In post","2022","Education and Skills Funding Agency","Manchester","Outside London","AO","[c]","[c]","[c]","[c]"
"In post","2022","Education and Skills Funding Agency","Manchester","Outside London","EO","25","20","25390","25000"
"In post","2022","Education and Skills Funding Agency","Manchester","Outside London","G6","15","15","63440","61960"
"In post","2022","Education and Skills Funding Agency","Manchester","Outside London","G7","35","35","50550","50400"
"In post","2022","Education and Skills Funding Agency","Manchester","Outside London","HEO","70","65","30090","29730"
"In post","2022","Education and Skills Funding Agency","Manchester","Outside London","SCS level","[c]","[c]","[c]","[c]"
"In post","2022","Education and Skills Funding Agency","Manchester","Outside London","SEO","75","75","37730","36960"
"In post","2022","Education and Skills Funding Agency","Medway","Outside London","G7","[c]","[c]","[c]","[c]"
"In post","2022","Education and Skills Funding Agency","Monmouthshire and Newport","Outside London","SEO","[c]","[c]","[c]","[c]"
"In post","2022","Education and Skills Funding Agency","North Yorkshire CC","Outside London","G6","[c]","[c]","[c]","[c]"
"In post","2022","Education and Skills Funding Agency","Northumberland","Outside London","HEO","[c]","[c]","[c]","[c]"
"In post","2022","Education and Skills Funding Agency","Northumberland","Outside London","SEO","[c]","[c]","[c]","[c]"
"In post","2022","Education and Skills Funding Agency","Nottingham","Outside London","EO","5","5","[c]","[c]"
"In post","2022","Education and Skills Funding Agency","Nottingham","Outside London","G6","5","5","[c]","[c]"
"In post","2022","Education and Skills Funding Agency","Nottingham","Outside London","G7","20","20","50410","50630"
"In post","2022","Education and Skills Funding Agency","Nottingham","Outside London","HEO","15","15","30210","29730"
"In post","2022","Education and Skills Funding Agency","Nottingham","Outside London","SCS level","[c]","[c]","[c]","[c]"
"In post","2022","Education and Skills Funding Agency","Nottingham","Outside London","SEO","20","20","36930","36940"
"In post","2022","Education and Skills Funding Agency","Overseas","Overseas","G7","[c]","[c]","[c]","[c]"
"In post","2022","Education and Skills Funding Agency","Sheffield","Outside London","AO","[c]","[c]","[c]","[c]"
"In post","2022","Education and Skills Funding Agency","Sheffield","Outside London","EO","45","40","25640","26000"
"In post","2022","Education and Skills Funding Agency","Sheffield","Outside London","G6","25","25","62440","61510"
"In post","2022","Education and Skills Funding Agency","Sheffield","Outside London","G7","50","50","50670","50130"
"In post","2022","Education and Skills Funding Agency","Sheffield","Outside London","HEO","85","80","30180","29730"
"In post","2022","Education and Skills Funding Agency","Sheffield","Outside London","SCS level","5","5","[c]","[c]"
"In post","2022","Education and Skills Funding Agency","Sheffield","Outside London","SEO","105","105","37520","36780"
"In post","2022","Education and Skills Funding Agency","Somerset CC","Outside London","G6","[c]","[c]","[c]","[c]"
"In post","2022","Education and Skills Funding Agency","South Hampshire","Outside London","SCS level","[c]","[c]","[c]","[c]"
"In post","2022","Education and Skills Funding Agency","South Hampshire","Outside London","SEO","[c]","[c]","[c]","[c]"
"In post","2022","Education and Skills Funding Agency","Staffordshire CC","Outside London","G6","[c]","[c]","[c]","[c]"
"In post","2022","Education and Skills Funding Agency","Staffordshire CC","Outside London","SEO","[c]","[c]","[c]","[c]"
"In post","2022","Education and Skills Funding Agency","Tyneside","Outside London","AO","[c]","[c]","[c]","[c]"
"In post","2022","Education and Skills Funding Agency","Tyneside","Outside London","EO","10","10","[c]","[c]"
"In post","2022","Education and Skills Funding Agency","Tyneside","Outside London","G6","[c]","[c]","[c]","[c]"
"In post","2022","Education and Skills Funding Agency","Tyneside","Outside London","G7","5","5","[c]","[c]"
"In post","2022","Education and Skills Funding Agency","Tyneside","Outside London","HEO","15","15","30270","30090"
"In post","2022","Education and Skills Funding Agency","Tyneside","Outside London","SEO","15","15","37500","36640"
"In post","2022","Education and Skills Funding Agency","Warrington","Outside London","SEO","[c]","[c]","[c]","[c]"
"In post","2022","Education and Skills Funding Agency","Warwickshire CC","Outside London","SEO","[c]","[c]","[c]","[c]"
"In post","2022","Education and Skills Funding Agency","West Cumbria","Outside London","G7","[c]","[c]","[c]","[c]"
"In post","2022","Education and Skills Funding Agency","West Kent","Outside London","SEO","[c]","[c]","[c]","[c]"
"In post","2022","Education and Skills Funding Agency","West Sussex (South West)","Outside London","G6","[c]","[c]","[c]","[c]"
"In post","2022","Education and Skills Funding Agency","West Sussex (South West)","Outside London","G7","[c]","[c]","[c]","[c]"
"In post","2022","Education and Skills Funding Agency","Westminster","London","AO","[c]","[c]","[c]","[c]"
"In post","2022","Education and Skills Funding Agency","Westminster","London","EO","20","20","28910","28500"
"In post","2022","Education and Skills Funding Agency","Westminster","London","G6","40","35","67590","65370"
"In post","2022","Education and Skills Funding Agency","Westminster","London","G7","80","80","54990","54400"
"In post","2022","Education and Skills Funding Agency","Westminster","London","HEO","50","50","34330","33740"
"In post","2022","Education and Skills Funding Agency","Westminster","London","SCS level","15","15","84470","74100"
"In post","2022","Education and Skills Funding Agency","Westminster","London","SEO","70","65","41700","40940"
"In post","2022","Education and Skills Funding Agency","Wirral","Outside London","G7","[c]","[c]","[c]","[c]"
"In post","2022","Education and Skills Funding Agency","Wirral","Outside London","SEO","[c]","[c]","[c]","[c]"
"In post","2022","Education and Skills Funding Agency","Worcestershire CC","Outside London","G7","[c]","[c]","[c]","[c]"
"In post","2022","Education and Skills Funding Agency","York","Outside London","G7","[c]","[c]","[c]","[c]"
"In post","2022","Education and Skills Funding Agency","York","Outside London","SEO","[c]","[c]","[c]","[c]"
"In post","2022","Education Scotland","Aberdeen City and Aberdeenshire","Outside London","G6","10","10","[c]","[c]"
"In post","2022","Education Scotland","Aberdeen City and Aberdeenshire","Outside London","SEO","[c]","[c]","[c]","[c]"
"In post","2022","Education Scotland","Angus and Dundee City","Outside London","AA","5","5","[c]","[c]"
"In post","2022","Education Scotland","Angus and Dundee City","Outside London","AO","[c]","[c]","[c]","[c]"
"In post","2022","Education Scotland","Angus and Dundee City","Outside London","G6","15","15","75490","77340"
"In post","2022","Education Scotland","Angus and Dundee City","Outside London","G7","5","5","[c]","[c]"
"In post","2022","Education Scotland","Angus and Dundee City","Outside London","HEO","[c]","[c]","[c]","[c]"
"In post","2022","Education Scotland","Angus and Dundee City","Outside London","SEO","[c]","[c]","[c]","[c]"
"In post","2022","Education Scotland","Clackmannanshire and Fife","Outside London","G6","[c]","[c]","[c]","[c]"
"In post","2022","Education Scotland","Dumfries and Galloway","Outside London","G6","[c]","[c]","[c]","[c]"
"In post","2022","Education Scotland","East Dunbartonshire, West Dunbartonshire, and Helensburgh and Lomond","Outside London","G6","[c]","[c]","[c]","[c]"
"In post","2022","Education Scotland","Glasgow City","Outside London","AA","15","15","22220","22140"
"In post","2022","Education Scotland","Glasgow City","Outside London","AO","[c]","[c]","[c]","[c]"
"In post","2022","Education Scotland","Glasgow City","Outside London","EO","10","10","[c]","[c]"
"In post","2022","Education Scotland","Glasgow City","Outside London","G6","95","90","73270","75340"
"In post","2022","Education Scotland","Glasgow City","Outside London","G7","30","30","56200","57190"
"In post","2022","Education Scotland","Glasgow City","Outside London","HEO","10","10","34320","34600"
"In post","2022","Education Scotland","Glasgow City","Outside London","SCS level","[c]","[c]","[c]","[c]"
"In post","2022","Education Scotland","Glasgow City","Outside London","SEO","35","35","46350","47490"
"In post","2022","Education Scotland","Inverclyde, East Renfrewshire, and Renfrewshire","Outside London","G6","[c]","[c]","[c]","[c]"
"In post","2022","Education Scotland","Inverclyde, East Renfrewshire, and Renfrewshire","Outside London","G7","[c]","[c]","[c]","[c]"
"In post","2022","Education Scotland","Inverness and Nairn, Moray, and Badenoch and Strathspey","Outside London","G6","5","5","[c]","[c]"
"In post","2022","Education Scotland","Inverness and Nairn, Moray, and Badenoch and Strathspey","Outside London","G7","[c]","[c]","[c]","[c]"
"In post","2022","Education Scotland","Inverness and Nairn, Moray, and Badenoch and Strathspey","Outside London","SCS level","[c]","[c]","[c]","[c]"
"In post","2022","Education Scotland","Inverness and Nairn, Moray, and Badenoch and Strathspey","Outside London","SEO","[c]","[c]","[c]","[c]"
"In post","2022","Education Scotland","Lincolnshire CC","Outside London","G6","[c]","[c]","[c]","[c]"
"In post","2022","Education Scotland","Lochaber, Skye and Lochalsh, Arran and Cumbrae, and Argyll and Bute","Outside London","G6","[c]","[c]","[c]","[c]"
"In post","2022","Education Scotland","North Lanarkshire","Outside London","G6","[c]","[c]","[c]","[c]"
"In post","2022","Education Scotland","North Lanarkshire","Outside London","G7","[c]","[c]","[c]","[c]"
"In post","2022","Education Scotland","Perth and Kinross, and Stirling","Outside London","G6","[c]","[c]","[c]","[c]"
"In post","2022","Education Scotland","Shetland Islands","Outside London","SEO","[c]","[c]","[c]","[c]"
"In post","2022","Education Scotland","South Ayrshire","Outside London","G6","[c]","[c]","[c]","[c]"
"In post","2022","Education Scotland","West Lothian","Outside London","AA","10","10","[c]","[c]"
"In post","2022","Education Scotland","West Lothian","Outside London","AO","[c]","[c]","[c]","[c]"
"In post","2022","Education Scotland","West Lothian","Outside London","EO","10","10","[c]","[c]"
"In post","2022","Education Scotland","West Lothian","Outside London","G6","20","20","75600","77340"
"In post","2022","Education Scotland","West Lothian","Outside London","G7","10","10","55220","57190"
"In post","2022","Education Scotland","West Lothian","Outside London","HEO","5","5","[c]","[c]"
"In post","2022","Education Scotland","West Lothian","Outside London","SCS level","[c]","[c]","[c]","[c]"
"In post","2022","Education Scotland","West Lothian","Outside London","SEO","10","10","[c]","[c]"
"In post","2022","Estyn","Bridgend and Neath Port Talbot","Outside London","G6","[c]","[c]","[c]","[c]"
"In post","2022","Estyn","Cardiff and Vale of Glamorgan","Outside London","AO","10","10","24460","24630"
"In post","2022","Estyn","Cardiff and Vale of Glamorgan","Outside London","EO","25","20","28700","29430"
"In post","2022","Estyn","Cardiff and Vale of Glamorgan","Outside London","G6","20","20","77290","75480"
"In post","2022","Estyn","Cardiff and Vale of Glamorgan","Outside London","G7","5","5","[c]","[c]"
"In post","2022","Estyn","Cardiff and Vale of Glamorgan","Outside London","HEO","[c]","[c]","[c]","[c]"
"In post","2022","Estyn","Cardiff and Vale of Glamorgan","Outside London","SCS level","[c]","[c]","[c]","[c]"
"In post","2022","Estyn","Cardiff and Vale of Glamorgan","Outside London","SEO","[c]","[c]","[c]","[c]"
"In post","2022","Estyn","Central Valleys","Outside London","G6","5","5","[c]","[c]"
"In post","2022","Estyn","Conwy and Denbighshire","Outside London","G6","[c]","[c]","[c]","[c]"
"In post","2022","Estyn","Flintshire and Wrexham","Outside London","G6","[c]","[c]","[c]","[c]"
"In post","2022","Estyn","Gloucestershire CC","Outside London","G6","[c]","[c]","[c]","[c]"
"In post","2022","Estyn","Gwent Valleys","Outside London","G6","[c]","[c]","[c]","[c]"
"In post","2022","Estyn","Gwynedd","Outside London","G6","[c]","[c]","[c]","[c]"
"In post","2022","Estyn","Lancaster and Wyre","Outside London","G6","[c]","[c]","[c]","[c]"
"In post","2022","Estyn","Monmouthshire and Newport","Outside London","G6","5","5","[c]","[c]"
"In post","2022","Estyn","Powys","Outside London","G6","[c]","[c]","[c]","[c]"
"In post","2022","Estyn","Shropshire","Outside London","G6","[c]","[c]","[c]","[c]"
"In post","2022","Estyn","South West Wales","Outside London","G6","10","5","[c]","[c]"
"In post","2022","Estyn","Swansea","Outside London","G6","[c]","[c]","[c]","[c]"
"In post","2022","Estyn","Warrington","Outside London","G6","[c]","[c]","[c]","[c]"
"In post","2022","FCDO Services","Milton Keynes","Outside London","AO","100","95","23460","23100"
"In post","2022","FCDO Services","Milton Keynes","Outside London","EO","155","150","28220","27770"
"In post","2022","FCDO Services","Milton Keynes","Outside London","G6","25","25","75890","72290"
"In post","2022","FCDO Services","Milton Keynes","Outside London","G7","115","100","58330","57540"
"In post","2022","FCDO Services","Milton Keynes","Outside London","HEO","160","150","35570","34280"
"In post","2022","FCDO Services","Milton Keynes","Outside London","SCS level","5","5","[c]","[c]"
"In post","2022","FCDO Services","Milton Keynes","Outside London","SEO","170","165","45190","44640"
"In post","2022","FCDO Services","Milton Keynes","Outside London","Unknown","65","65","21200","21600"
"In post","2022","FCDO Services","Overseas","Overseas","EO","25","25","27280","27240"
"In post","2022","FCDO Services","Overseas","Overseas","G6","[c]","[c]","[c]","[c]"
"In post","2022","FCDO Services","Overseas","Overseas","G7","15","15","55730","55960"
"In post","2022","FCDO Services","Overseas","Overseas","HEO","45","45","36950","36450"
"In post","2022","FCDO Services","Overseas","Overseas","SEO","35","35","44110","42890"
"In post","2022","FCDO Services","Westminster","London","AO","35","35","30440","29170"
"In post","2022","FCDO Services","Westminster","London","EO","15","15","32660","31830"
"In post","2022","FCDO Services","Westminster","London","G6","10","10","80720","77920"
"In post","2022","FCDO Services","Westminster","London","G7","45","40","63040","62340"
"In post","2022","FCDO Services","Westminster","London","HEO","30","30","38940","38560"
"In post","2022","FCDO Services","Westminster","London","SCS level","[c]","[c]","[c]","[c]"
"In post","2022","FCDO Services","Westminster","London","SEO","25","25","47110","46410"
"In post","2022","FCDO Services","Westminster","London","Unknown","[c]","[c]","[c]","[c]"
"In post","2022","Food Standards Agency","Antrim and Newtownabbey","Outside London","G6","[c]","[c]","[c]","[c]"
"In post","2022","Food Standards Agency","Antrim and Newtownabbey","Outside London","G7","[c]","[c]","[c]","[c]"
"In post","2022","Food Standards Agency","Antrim and Newtownabbey","Outside London","HEO","[c]","[c]","[c]","[c]"
"In post","2022","Food Standards Agency","Antrim and Newtownabbey","Outside London","SEO","[c]","[c]","[c]","[c]"
"In post","2022","Food Standards Agency","Ards and North Down","Outside London","G6","[c]","[c]","[c]","[c]"
"In post","2022","Food Standards Agency","Ards and North Down","Outside London","G7","[c]","[c]","[c]","[c]"
"In post","2022","Food Standards Agency","Ards and North Down","Outside London","HEO","[c]","[c]","[c]","[c]"
"In post","2022","Food Standards Agency","Ards and North Down","Outside London","SCS level","[c]","[c]","[c]","[c]"
"In post","2022","Food Standards Agency","Ards and North Down","Outside London","SEO","5","5","[c]","[c]"
"In post","2022","Food Standards Agency","Armagh City, Banbridge and Craigavon","Outside London","AO","[c]","[c]","[c]","[c]"
"In post","2022","Food Standards Agency","Armagh City, Banbridge and Craigavon","Outside London","EO","[c]","[c]","[c]","[c]"
"In post","2022","Food Standards Agency","Armagh City, Banbridge and Craigavon","Outside London","HEO","[c]","[c]","[c]","[c]"
"In post","2022","Food Standards Agency","Armagh City, Banbridge and Craigavon","Outside London","SEO","5","5","[c]","[c]"
"In post","2022","Food Standards Agency","Barking & Dagenham and Havering","London","EO","[c]","[c]","[c]","[c]"
"In post","2022","Food Standards Agency","Barking & Dagenham and Havering","London","G7","[c]","[c]","[c]","[c]"
"In post","2022","Food Standards Agency","Barking & Dagenham and Havering","London","HEO","[c]","[c]","[c]","[c]"
"In post","2022","Food Standards Agency","Barking & Dagenham and Havering","London","SEO","5","5","[c]","[c]"
"In post","2022","Food Standards Agency","Barnet","London","EO","[c]","[c]","[c]","[c]"
"In post","2022","Food Standards Agency","Barnet","London","HEO","[c]","[c]","[c]","[c]"
"In post","2022","Food Standards Agency","Barnet","London","SCS level","[c]","[c]","[c]","[c]"
"In post","2022","Food Standards Agency","Barnet","London","SEO","[c]","[c]","[c]","[c]"
"In post","2022","Food Standards Agency","Barnsley, Doncaster and Rotherham","Outside London","EO","[c]","[c]","[c]","[c]"
"In post","2022","Food Standards Agency","Barnsley, Doncaster and Rotherham","Outside London","HEO","[c]","[c]","[c]","[c]"
"In post","2022","Food Standards Agency","Barnsley, Doncaster and Rotherham","Outside London","SEO","[c]","[c]","[c]","[c]"
"In post","2022","Food Standards Agency","Bath and North East Somerset, North Somerset and South Gloucestershire","Outside London","EO","10","10","26330","26750"
"In post","2022","Food Standards Agency","Bath and North East Somerset, North Somerset and South Gloucestershire","Outside London","HEO","[c]","[c]","[c]","[c]"
"In post","2022","Food Standards Agency","Bath and North East Somerset, North Somerset and South Gloucestershire","Outside London","SEO","[c]","[c]","[c]","[c]"
"In post","2022","Food Standards Agency","Bedford","Outside London","EO","5","5","[c]","[c]"
"In post","2022","Food Standards Agency","Bedford","Outside London","SEO","[c]","[c]","[c]","[c]"
"In post","2022","Food Standards Agency","Belfast","Outside London","AO","[c]","[c]","[c]","[c]"
"In post","2022","Food Standards Agency","Belfast","Outside London","EO","5","5","[c]","[c]"
"In post","2022","Food Standards Agency","Belfast","Outside London","G7","5","5","[c]","[c]"
"In post","2022","Food Standards Agency","Belfast","Outside London","HEO","10","10","30530","30350"
"In post","2022","Food Standards Agency","Belfast","Outside London","SCS level","[c]","[c]","[c]","[c]"
"In post","2022","Food Standards Agency","Belfast","Outside London","SEO","10","10","37710","37910"
"In post","2022","Food Standards Agency","Berkshire","Outside London","G6","[c]","[c]","[c]","[c]"
"In post","2022","Food Standards Agency","Berkshire","Outside London","G7","[c]","[c]","[c]","[c]"
"In post","2022","Food Standards Agency","Berkshire","Outside London","HEO","5","5","[c]","[c]"
"In post","2022","Food Standards Agency","Berkshire","Outside London","SEO","5","5","[c]","[c]"
"In post","2022","Food Standards Agency","Bexley and Greenwich","London","EO","[c]","[c]","[c]","[c]"
"In post","2022","Food Standards Agency","Bexley and Greenwich","London","HEO","[c]","[c]","[c]","[c]"
"In post","2022","Food Standards Agency","Bexley and Greenwich","London","SEO","[c]","[c]","[c]","[c]"
"In post","2022","Food Standards Agency","Birmingham","Outside London","EO","5","5","[c]","[c]"
"In post","2022","Food Standards Agency","Birmingham","Outside London","G6","[c]","[c]","[c]","[c]"
"In post","2022","Food Standards Agency","Birmingham","Outside London","G7","[c]","[c]","[c]","[c]"
"In post","2022","Food Standards Agency","Birmingham","Outside London","HEO","5","5","[c]","[c]"
"In post","2022","Food Standards Agency","Birmingham","Outside London","SEO","[c]","[c]","[c]","[c]"
"In post","2022","Food Standards Agency","Bournemouth, Christchurch and Poole","Outside London","EO","[c]","[c]","[c]","[c]"
"In post","2022","Food Standards Agency","Bournemouth, Christchurch and Poole","Outside London","SEO","[c]","[c]","[c]","[c]"
"In post","2022","Food Standards Agency","Bradford","Outside London","EO","[c]","[c]","[c]","[c]"
"In post","2022","Food Standards Agency","Bradford","Outside London","SEO","[c]","[c]","[c]","[c]"
"In post","2022","Food Standards Agency","Breckland and South Norfolk","Outside London","EO","10","10","27460","26750"
"In post","2022","Food Standards Agency","Breckland and South Norfolk","Outside London","G7","[c]","[c]","[c]","[c]"
"In post","2022","Food Standards Agency","Breckland and South Norfolk","Outside London","SEO","[c]","[c]","[c]","[c]"
"In post","2022","Food Standards Agency","Brent","London","EO","[c]","[c]","[c]","[c]"
"In post","2022","Food Standards Agency","Brent","London","G7","[c]","[c]","[c]","[c]"
"In post","2022","Food Standards Agency","Brent","London","HEO","[c]","[c]","[c]","[c]"
"In post","2022","Food Standards Agency","Brent","London","SEO","[c]","[c]","[c]","[c]"
"In post","2022","Food Standards Agency","Bridgend and Neath Port Talbot","Outside London","EO","[c]","[c]","[c]","[c]"
"In post","2022","Food Standards Agency","Bridgend and Neath Port Talbot","Outside London","G7","[c]","[c]","[c]","[c]"
"In post","2022","Food Standards Agency","Bridgend and Neath Port Talbot","Outside London","HEO","[c]","[c]","[c]","[c]"
"In post","2022","Food Standards Agency","Bridgend and Neath Port Talbot","Outside London","SEO","[c]","[c]","[c]","[c]"
"In post","2022","Food Standards Agency","Brighton and Hove","Outside London","G6","[c]","[c]","[c]","[c]"
"In post","2022","Food Standards Agency","Brighton and Hove","Outside London","G7","[c]","[c]","[c]","[c]"
"In post","2022","Food Standards Agency","Brighton and Hove","Outside London","SCS level","[c]","[c]","[c]","[c]"
"In post","2022","Food Standards Agency","Brighton and Hove","Outside London","SEO","[c]","[c]","[c]","[c]"
"In post","2022","Food Standards Agency","Bristol, City of","Outside London","G7","[c]","[c]","[c]","[c]"
"In post","2022","Food Standards Agency","Bristol, City of","Outside London","SEO","[c]","[c]","[c]","[c]"
"In post","2022","Food Standards Agency","Bromley","London","EO","[c]","[c]","[c]","[c]"
"In post","2022","Food Standards Agency","Bromley","London","G7","[c]","[c]","[c]","[c]"
"In post","2022","Food Standards Agency","Bromley","London","HEO","[c]","[c]","[c]","[c]"
"In post","2022","Food Standards Agency","Buckinghamshire","Outside London","EO","[c]","[c]","[c]","[c]"
"In post","2022","Food Standards Agency","Buckinghamshire","Outside London","G7","[c]","[c]","[c]","[c]"
"In post","2022","Food Standards Agency","Buckinghamshire","Outside London","HEO","[c]","[c]","[c]","[c]"
"In post","2022","Food Standards Agency","Buckinghamshire","Outside London","SEO","[c]","[c]","[c]","[c]"
"In post","2022","Food Standards Agency","Calderdale and Kirklees","Outside London","EO","[c]","[c]","[c]","[c]"
"In post","2022","Food Standards Agency","Calderdale and Kirklees","Outside London","G6","[c]","[c]","[c]","[c]"
"In post","2022","Food Standards Agency","Calderdale and Kirklees","Outside London","HEO","[c]","[c]","[c]","[c]"
"In post","2022","Food Standards Agency","Calderdale and Kirklees","Outside London","SEO","[c]","[c]","[c]","[c]"
"In post","2022","Food Standards Agency","Cambridgeshire CC","Outside London","EO","[c]","[c]","[c]","[c]"
"In post","2022","Food Standards Agency","Cambridgeshire CC","Outside London","G6","[c]","[c]","[c]","[c]"
"In post","2022","Food Standards Agency","Cambridgeshire CC","Outside London","HEO","[c]","[c]","[c]","[c]"
"In post","2022","Food Standards Agency","Cambridgeshire CC","Outside London","SEO","[c]","[c]","[c]","[c]"
"In post","2022","Food Standards Agency","Camden and City of London","London","G7","[c]","[c]","[c]","[c]"
"In post","2022","Food Standards Agency","Camden and City of London","London","SEO","[c]","[c]","[c]","[c]"
"In post","2022","Food Standards Agency","Cardiff and Vale of Glamorgan","Outside London","EO","[c]","[c]","[c]","[c]"
"In post","2022","Food Standards Agency","Cardiff and Vale of Glamorgan","Outside London","G6","[c]","[c]","[c]","[c]"
"In post","2022","Food Standards Agency","Cardiff and Vale of Glamorgan","Outside London","G7","5","5","[c]","[c]"
"In post","2022","Food Standards Agency","Cardiff and Vale of Glamorgan","Outside London","HEO","20","20","30790","30580"
"In post","2022","Food Standards Agency","Cardiff and Vale of Glamorgan","Outside London","SCS level","[c]","[c]","[c]","[c]"
"In post","2022","Food Standards Agency","Cardiff and Vale of Glamorgan","Outside London","SEO","20","20","38990","37910"
"In post","2022","Food Standards Agency","Causeway Coast and Glens","Outside London","EO","[c]","[c]","[c]","[c]"
"In post","2022","Food Standards Agency","Causeway Coast and Glens","Outside London","G7","[c]","[c]","[c]","[c]"
"In post","2022","Food Standards Agency","Causeway Coast and Glens","Outside London","HEO","[c]","[c]","[c]","[c]"
"In post","2022","Food Standards Agency","Causeway Coast and Glens","Outside London","SEO","[c]","[c]","[c]","[c]"
"In post","2022","Food Standards Agency","Central Bedfordshire","Outside London","EO","[c]","[c]","[c]","[c]"
"In post","2022","Food Standards Agency","Central Bedfordshire","Outside London","G7","[c]","[c]","[c]","[c]"
"In post","2022","Food Standards Agency","Central Bedfordshire","Outside London","HEO","[c]","[c]","[c]","[c]"
"In post","2022","Food Standards Agency","Central Hampshire","Outside London","G7","[c]","[c]","[c]","[c]"
"In post","2022","Food Standards Agency","Central Hampshire","Outside London","SEO","[c]","[c]","[c]","[c]"
"In post","2022","Food Standards Agency","Central Valleys","Outside London","EO","15","15","27040","26750"
"In post","2022","Food Standards Agency","Central Valleys","Outside London","HEO","[c]","[c]","[c]","[c]"
"In post","2022","Food Standards Agency","Central Valleys","Outside London","SEO","5","5","[c]","[c]"
"In post","2022","Food Standards Agency","Cheshire East","Outside London","EO","5","5","[c]","[c]"
"In post","2022","Food Standards Agency","Cheshire West and Chester","Outside London","EO","[c]","[c]","[c]","[c]"
"In post","2022","Food Standards Agency","Cheshire West and Chester","Outside London","G7","[c]","[c]","[c]","[c]"
"In post","2022","Food Standards Agency","Cheshire West and Chester","Outside London","HEO","[c]","[c]","[c]","[c]"
"In post","2022","Food Standards Agency","Cheshire West and Chester","Outside London","SEO","[c]","[c]","[c]","[c]"
"In post","2022","Food Standards Agency","Chorley and West Lancashire","Outside London","G6","[c]","[c]","[c]","[c]"
"In post","2022","Food Standards Agency","Chorley and West Lancashire","Outside London","SEO","[c]","[c]","[c]","[c]"
"In post","2022","Food Standards Agency","Conwy and Denbighshire","Outside London","EO","[c]","[c]","[c]","[c]"
"In post","2022","Food Standards Agency","Conwy and Denbighshire","Outside London","G6","[c]","[c]","[c]","[c]"
"In post","2022","Food Standards Agency","Conwy and Denbighshire","Outside London","SEO","[c]","[c]","[c]","[c]"
"In post","2022","Food Standards Agency","Cornwall and Isles of Scilly","Outside London","EO","15","15","27260","26750"
"In post","2022","Food Standards Agency","Cornwall and Isles of Scilly","Outside London","G7","[c]","[c]","[c]","[c]"
"In post","2022","Food Standards Agency","Cornwall and Isles of Scilly","Outside London","HEO","[c]","[c]","[c]","[c]"
"In post","2022","Food Standards Agency","Cornwall and Isles of Scilly","Outside London","SCS level","[c]","[c]","[c]","[c]"
"In post","2022","Food Standards Agency","Cornwall and Isles of Scilly","Outside London","SEO","[c]","[c]","[c]","[c]"
"In post","2022","Food Standards Agency","Coventry","Outside London","G7","[c]","[c]","[c]","[c]"
"In post","2022","Food Standards Agency","Coventry","Outside London","HEO","[c]","[c]","[c]","[c]"
"In post","2022","Food Standards Agency","Coventry","Outside London","SEO","[c]","[c]","[c]","[c]"
"In post","2022","Food Standards Agency","Croydon","London","G7","[c]","[c]","[c]","[c]"
"In post","2022","Food Standards Agency","Croydon","London","HEO","[c]","[c]","[c]","[c]"
"In post","2022","Food Standards Agency","Croydon","London","SEO","[c]","[c]","[c]","[c]"
"In post","2022","Food Standards Agency","Derby","Outside London","G7","[c]","[c]","[c]","[c]"
"In post","2022","Food Standards Agency","Derby","Outside London","SEO","[c]","[c]","[c]","[c]"
"In post","2022","Food Standards Agency","Devon CC","Outside London","EO","5","5","[c]","[c]"
"In post","2022","Food Standards Agency","Devon CC","Outside London","G7","[c]","[c]","[c]","[c]"
"In post","2022","Food Standards Agency","Devon CC","Outside London","HEO","[c]","[c]","[c]","[c]"
"In post","2022","Food Standards Agency","Devon CC","Outside London","SCS level","[c]","[c]","[c]","[c]"
"In post","2022","Food Standards Agency","Devon CC","Outside London","SEO","[c]","[c]","[c]","[c]"
"In post","2022","Food Standards Agency","Dorset","Outside London","EO","[c]","[c]","[c]","[c]"
"In post","2022","Food Standards Agency","Dorset","Outside London","G6","[c]","[c]","[c]","[c]"
"In post","2022","Food Standards Agency","Dorset","Outside London","HEO","[c]","[c]","[c]","[c]"
"In post","2022","Food Standards Agency","Dorset","Outside London","SEO","[c]","[c]","[c]","[c]"
"In post","2022","Food Standards Agency","Dudley","Outside London","EO","5","5","[c]","[c]"
"In post","2022","Food Standards Agency","Dudley","Outside London","G7","[c]","[c]","[c]","[c]"
"In post","2022","Food Standards Agency","Dudley","Outside London","HEO","[c]","[c]","[c]","[c]"
"In post","2022","Food Standards Agency","Dudley","Outside London","SEO","[c]","[c]","[c]","[c]"
"In post","2022","Food Standards Agency","Durham","Outside London","EO","10","10","26510","26750"
"In post","2022","Food Standards Agency","Durham","Outside London","G6","[c]","[c]","[c]","[c]"
"In post","2022","Food Standards Agency","Durham","Outside London","HEO","[c]","[c]","[c]","[c]"
"In post","2022","Food Standards Agency","Ealing","London","G7","[c]","[c]","[c]","[c]"
"In post","2022","Food Standards Agency","Ealing","London","HEO","[c]","[c]","[c]","[c]"
"In post","2022","Food Standards Agency","Ealing","London","SEO","[c]","[c]","[c]","[c]"
"In post","2022","Food Standards Agency","East Cumbria","Outside London","EO","5","5","[c]","[c]"
"In post","2022","Food Standards Agency","East Cumbria","Outside London","G7","[c]","[c]","[c]","[c]"
"In post","2022","Food Standards Agency","East Cumbria","Outside London","HEO","[c]","[c]","[c]","[c]"
"In post","2022","Food Standards Agency","East Derbyshire","Outside London","EO","[c]","[c]","[c]","[c]"
"In post","2022","Food Standards Agency","East Derbyshire","Outside London","G7","[c]","[c]","[c]","[c]"
"In post","2022","Food Standards Agency","East Derbyshire","Outside London","HEO","[c]","[c]","[c]","[c]"
"In post","2022","Food Standards Agency","East Derbyshire","Outside London","SEO","[c]","[c]","[c]","[c]"
"In post","2022","Food Standards Agency","East Kent","Outside London","G7","[c]","[c]","[c]","[c]"
"In post","2022","Food Standards Agency","East Kent","Outside London","SEO","[c]","[c]","[c]","[c]"
"In post","2022","Food Standards Agency","East Lancashire","Outside London","EO","10","10","[c]","[c]"
"In post","2022","Food Standards Agency","East Merseyside","Outside London","G7","[c]","[c]","[c]","[c]"
"In post","2022","Food Standards Agency","East Merseyside","Outside London","SEO","[c]","[c]","[c]","[c]"
"In post","2022","Food Standards Agency","East Riding of Yorkshire","Outside London","EO","5","5","[c]","[c]"
"In post","2022","Food Standards Agency","East Riding of Yorkshire","Outside London","G6","[c]","[c]","[c]","[c]"
"In post","2022","Food Standards Agency","East Riding of Yorkshire","Outside London","G7","5","5","[c]","[c]"
"In post","2022","Food Standards Agency","East Riding of Yorkshire","Outside London","HEO","10","10","[c]","[c]"
"In post","2022","Food Standards Agency","East Riding of Yorkshire","Outside London","SCS level","[c]","[c]","[c]","[c]"
"In post","2022","Food Standards Agency","East Riding of Yorkshire","Outside London","SEO","10","10","[c]","[c]"
"In post","2022","Food Standards Agency","East Surrey","Outside London","G7","[c]","[c]","[c]","[c]"
"In post","2022","Food Standards Agency","East Surrey","Outside London","HEO","[c]","[c]","[c]","[c]"
"In post","2022","Food Standards Agency","East Surrey","Outside London","SEO","[c]","[c]","[c]","[c]"
"In post","2022","Food Standards Agency","East Sussex CC","Outside London","EO","[c]","[c]","[c]","[c]"
"In post","2022","Food Standards Agency","East Sussex CC","Outside London","G7","[c]","[c]","[c]","[c]"
"In post","2022","Food Standards Agency","East Sussex CC","Outside London","HEO","[c]","[c]","[c]","[c]"
"In post","2022","Food Standards Agency","East Sussex CC","Outside London","SEO","[c]","[c]","[c]","[c]"
"In post","2022","Food Standards Agency","Enfield","London","G6","[c]","[c]","[c]","[c]"
"In post","2022","Food Standards Agency","Enfield","London","G7","[c]","[c]","[c]","[c]"
"In post","2022","Food Standards Agency","Enfield","London","SEO","[c]","[c]","[c]","[c]"
"In post","2022","Food Standards Agency","Essex Haven Gateway","Outside London","EO","[c]","[c]","[c]","[c]"
"In post","2022","Food Standards Agency","Essex Haven Gateway","Outside London","G7","[c]","[c]","[c]","[c]"
"In post","2022","Food Standards Agency","Essex Haven Gateway","Outside London","HEO","[c]","[c]","[c]","[c]"
"In post","2022","Food Standards Agency","Essex Haven Gateway","Outside London","SEO","[c]","[c]","[c]","[c]"
"In post","2022","Food Standards Agency","Essex Thames Gateway","Outside London","G7","[c]","[c]","[c]","[c]"
"In post","2022","Food Standards Agency","Essex Thames Gateway","Outside London","HEO","[c]","[c]","[c]","[c]"
"In post","2022","Food Standards Agency","Essex Thames Gateway","Outside London","SEO","[c]","[c]","[c]","[c]"
"In post","2022","Food Standards Agency","Fermanagh and Omagh","Outside London","AO","[c]","[c]","[c]","[c]"
"In post","2022","Food Standards Agency","Fermanagh and Omagh","Outside London","HEO","[c]","[c]","[c]","[c]"
"In post","2022","Food Standards Agency","Flintshire and Wrexham","Outside London","EO","5","5","[c]","[c]"
"In post","2022","Food Standards Agency","Flintshire and Wrexham","Outside London","G7","[c]","[c]","[c]","[c]"
"In post","2022","Food Standards Agency","Flintshire and Wrexham","Outside London","HEO","[c]","[c]","[c]","[c]"
"In post","2022","Food Standards Agency","Glasgow City","Outside London","G7","[c]","[c]","[c]","[c]"
"In post","2022","Food Standards Agency","Glasgow City","Outside London","SEO","[c]","[c]","[c]","[c]"
"In post","2022","Food Standards Agency","Gloucestershire CC","Outside London","EO","5","5","[c]","[c]"
"In post","2022","Food Standards Agency","Gloucestershire CC","Outside London","G6","[c]","[c]","[c]","[c]"
"In post","2022","Food Standards Agency","Gloucestershire CC","Outside London","G7","[c]","[c]","[c]","[c]"
"In post","2022","Food Standards Agency","Gloucestershire CC","Outside London","HEO","[c]","[c]","[c]","[c]"
"In post","2022","Food Standards Agency","Gloucestershire CC","Outside London","SEO","[c]","[c]","[c]","[c]"
"In post","2022","Food Standards Agency","Greater Manchester North East","Outside London","EO","[c]","[c]","[c]","[c]"
"In post","2022","Food Standards Agency","Greater Manchester North East","Outside London","HEO","5","5","[c]","[c]"
"In post","2022","Food Standards Agency","Greater Manchester North East","Outside London","SEO","[c]","[c]","[c]","[c]"
"In post","2022","Food Standards Agency","Greater Manchester North West","Outside London","HEO","[c]","[c]","[c]","[c]"
"In post","2022","Food Standards Agency","Greater Manchester North West","Outside London","SEO","[c]","[c]","[c]","[c]"
"In post","2022","Food Standards Agency","Greater Manchester South East","Outside London","EO","5","5","[c]","[c]"
"In post","2022","Food Standards Agency","Greater Manchester South East","Outside London","G7","[c]","[c]","[c]","[c]"
"In post","2022","Food Standards Agency","Greater Manchester South East","Outside London","HEO","[c]","[c]","[c]","[c]"
"In post","2022","Food Standards Agency","Greater Manchester South West","Outside London","G7","[c]","[c]","[c]","[c]"
"In post","2022","Food Standards Agency","Greater Manchester South West","Outside London","HEO","[c]","[c]","[c]","[c]"
"In post","2022","Food Standards Agency","Greater Manchester South West","Outside London","SEO","[c]","[c]","[c]","[c]"
"In post","2022","Food Standards Agency","Gwent Valleys","Outside London","EO","[c]","[c]","[c]","[c]"
"In post","2022","Food Standards Agency","Gwent Valleys","Outside London","G7","[c]","[c]","[c]","[c]"
"In post","2022","Food Standards Agency","Gwent Valleys","Outside London","HEO","[c]","[c]","[c]","[c]"
"In post","2022","Food Standards Agency","Gwent Valleys","Outside London","SEO","5","5","[c]","[c]"
"In post","2022","Food Standards Agency","Hackney and Newham","London","G7","[c]","[c]","[c]","[c]"
"In post","2022","Food Standards Agency","Hackney and Newham","London","HEO","[c]","[c]","[c]","[c]"
"In post","2022","Food Standards Agency","Haringey and Islington","London","EO","[c]","[c]","[c]","[c]"
"In post","2022","Food Standards Agency","Haringey and Islington","London","HEO","[c]","[c]","[c]","[c]"
"In post","2022","Food Standards Agency","Haringey and Islington","London","SEO","[c]","[c]","[c]","[c]"
"In post","2022","Food Standards Agency","Harrow and Hillingdon","London","EO","[c]","[c]","[c]","[c]"
"In post","2022","Food Standards Agency","Harrow and Hillingdon","London","G6","[c]","[c]","[c]","[c]"
"In post","2022","Food Standards Agency","Harrow and Hillingdon","London","G7","[c]","[c]","[c]","[c]"
"In post","2022","Food Standards Agency","Harrow and Hillingdon","London","SCS level","[c]","[c]","[c]","[c]"
"In post","2022","Food Standards Agency","Harrow and Hillingdon","London","SEO","[c]","[c]","[c]","[c]"
"In post","2022","Food Standards Agency","Hartlepool and Stockton-on-Tees","Outside London","SEO","[c]","[c]","[c]","[c]"
"In post","2022","Food Standards Agency","Heart of Essex","Outside London","EO","10","10","[c]","[c]"
"In post","2022","Food Standards Agency","Heart of Essex","Outside London","HEO","[c]","[c]","[c]","[c]"
"In post","2022","Food Standards Agency","Herefordshire, County of","Outside London","EO","[c]","[c]","[c]","[c]"
"In post","2022","Food Standards Agency","Herefordshire, County of","Outside London","HEO","[c]","[c]","[c]","[c]"
"In post","2022","Food Standards Agency","Herefordshire, County of","Outside London","SEO","[c]","[c]","[c]","[c]"
"In post","2022","Food Standards Agency","Hertfordshire CC","Outside London","G7","[c]","[c]","[c]","[c]"
"In post","2022","Food Standards Agency","Hertfordshire CC","Outside London","HEO","[c]","[c]","[c]","[c]"
"In post","2022","Food Standards Agency","Hertfordshire CC","Outside London","SCS level","[c]","[c]","[c]","[c]"
"In post","2022","Food Standards Agency","Hertfordshire CC","Outside London","SEO","5","5","[c]","[c]"
"In post","2022","Food Standards Agency","Hounslow and Richmond upon Thames","London","G7","[c]","[c]","[c]","[c]"
"In post","2022","Food Standards Agency","Hounslow and Richmond upon Thames","London","SEO","[c]","[c]","[c]","[c]"
"In post","2022","Food Standards Agency","Inverclyde, East Renfrewshire, and Renfrewshire","Outside London","HEO","[c]","[c]","[c]","[c]"
"In post","2022","Food Standards Agency","Inverclyde, East Renfrewshire, and Renfrewshire","Outside London","SEO","[c]","[c]","[c]","[c]"
"In post","2022","Food Standards Agency","Kensington & Chelsea and Hammersmith & Fulham","London","G7","[c]","[c]","[c]","[c]"
"In post","2022","Food Standards Agency","Kensington & Chelsea and Hammersmith & Fulham","London","SEO","[c]","[c]","[c]","[c]"
"In post","2022","Food Standards Agency","Kent Thames Gateway","Outside London","G7","[c]","[c]","[c]","[c]"
"In post","2022","Food Standards Agency","Kent Thames Gateway","Outside London","HEO","[c]","[c]","[c]","[c]"
"In post","2022","Food Standards Agency","Kent Thames Gateway","Outside London","SEO","[c]","[c]","[c]","[c]"
"In post","2022","Food Standards Agency","Kingston upon Hull, City of","Outside London","HEO","[c]","[c]","[c]","[c]"
"In post","2022","Food Standards Agency","Kingston upon Hull, City of","Outside London","SEO","[c]","[c]","[c]","[c]"
"In post","2022","Food Standards Agency","Lambeth","London","EO","[c]","[c]","[c]","[c]"
"In post","2022","Food Standards Agency","Lambeth","London","G7","[c]","[c]","[c]","[c]"
"In post","2022","Food Standards Agency","Lambeth","London","HEO","[c]","[c]","[c]","[c]"
"In post","2022","Food Standards Agency","Lambeth","London","SEO","[c]","[c]","[c]","[c]"
"In post","2022","Food Standards Agency","Lancaster and Wyre","Outside London","EO","[c]","[c]","[c]","[c]"
"In post","2022","Food Standards Agency","Lancaster and Wyre","Outside London","G7","[c]","[c]","[c]","[c]"
"In post","2022","Food Standards Agency","Lancaster and Wyre","Outside London","SEO","[c]","[c]","[c]","[c]"
"In post","2022","Food Standards Agency","Leeds","Outside London","EO","[c]","[c]","[c]","[c]"
"In post","2022","Food Standards Agency","Leeds","Outside London","G6","[c]","[c]","[c]","[c]"
"In post","2022","Food Standards Agency","Leeds","Outside London","G7","[c]","[c]","[c]","[c]"
"In post","2022","Food Standards Agency","Leeds","Outside London","HEO","[c]","[c]","[c]","[c]"
"In post","2022","Food Standards Agency","Leeds","Outside London","SEO","5","5","[c]","[c]"
"In post","2022","Food Standards Agency","Leicestershire CC and Rutland","Outside London","EO","[c]","[c]","[c]","[c]"
"In post","2022","Food Standards Agency","Leicestershire CC and Rutland","Outside London","G6","[c]","[c]","[c]","[c]"
"In post","2022","Food Standards Agency","Leicestershire CC and Rutland","Outside London","G7","[c]","[c]","[c]","[c]"
"In post","2022","Food Standards Agency","Leicestershire CC and Rutland","Outside London","HEO","[c]","[c]","[c]","[c]"
"In post","2022","Food Standards Agency","Leicestershire CC and Rutland","Outside London","SCS level","[c]","[c]","[c]","[c]"
"In post","2022","Food Standards Agency","Leicestershire CC and Rutland","Outside London","SEO","[c]","[c]","[c]","[c]"
"In post","2022","Food Standards Agency","Lewisham and Southwark","London","EO","[c]","[c]","[c]","[c]"
"In post","2022","Food Standards Agency","Lewisham and Southwark","London","G7","[c]","[c]","[c]","[c]"
"In post","2022","Food Standards Agency","Lincolnshire CC","Outside London","EO","15","15","27020","26750"
"In post","2022","Food Standards Agency","Lincolnshire CC","Outside London","G6","[c]","[c]","[c]","[c]"
"In post","2022","Food Standards Agency","Lincolnshire CC","Outside London","G7","[c]","[c]","[c]","[c]"
"In post","2022","Food Standards Agency","Lincolnshire CC","Outside London","HEO","5","5","[c]","[c]"
"In post","2022","Food Standards Agency","Lincolnshire CC","Outside London","SEO","5","5","[c]","[c]"
"In post","2022","Food Standards Agency","Lisburn and Castlereagh","Outside London","G7","[c]","[c]","[c]","[c]"
"In post","2022","Food Standards Agency","Lisburn and Castlereagh","Outside London","HEO","5","5","[c]","[c]"
"In post","2022","Food Standards Agency","Lisburn and Castlereagh","Outside London","SEO","[c]","[c]","[c]","[c]"
"In post","2022","Food Standards Agency","Liverpool","Outside London","G7","[c]","[c]","[c]","[c]"
"In post","2022","Food Standards Agency","Liverpool","Outside London","HEO","[c]","[c]","[c]","[c]"
"In post","2022","Food Standards Agency","Luton","Outside London","HEO","[c]","[c]","[c]","[c]"
"In post","2022","Food Standards Agency","Luton","Outside London","SEO","[c]","[c]","[c]","[c]"
"In post","2022","Food Standards Agency","Manchester","Outside London","G7","[c]","[c]","[c]","[c]"
"In post","2022","Food Standards Agency","Manchester","Outside London","HEO","[c]","[c]","[c]","[c]"
"In post","2022","Food Standards Agency","Manchester","Outside London","SEO","[c]","[c]","[c]","[c]"
"In post","2022","Food Standards Agency","Medway","Outside London","G7","[c]","[c]","[c]","[c]"
"In post","2022","Food Standards Agency","Medway","Outside London","HEO","[c]","[c]","[c]","[c]"
"In post","2022","Food Standards Agency","Medway","Outside London","SEO","[c]","[c]","[c]","[c]"
"In post","2022","Food Standards Agency","Merton, Kingston upon Thames and Sutton","London","G7","[c]","[c]","[c]","[c]"
"In post","2022","Food Standards Agency","Merton, Kingston upon Thames and Sutton","London","HEO","[c]","[c]","[c]","[c]"
"In post","2022","Food Standards Agency","Merton, Kingston upon Thames and Sutton","London","SEO","[c]","[c]","[c]","[c]"
"In post","2022","Food Standards Agency","Mid and East Antrim","Outside London","HEO","[c]","[c]","[c]","[c]"
"In post","2022","Food Standards Agency","Mid and East Antrim","Outside London","SEO","5","5","[c]","[c]"
"In post","2022","Food Standards Agency","Mid Kent","Outside London","HEO","[c]","[c]","[c]","[c]"
"In post","2022","Food Standards Agency","Mid Kent","Outside London","SEO","[c]","[c]","[c]","[c]"
"In post","2022","Food Standards Agency","Mid Lancashire","Outside London","EO","15","15","26650","26750"
"In post","2022","Food Standards Agency","Mid Lancashire","Outside London","G7","[c]","[c]","[c]","[c]"
"In post","2022","Food Standards Agency","Mid Lancashire","Outside London","HEO","[c]","[c]","[c]","[c]"
"In post","2022","Food Standards Agency","Mid Lancashire","Outside London","SCS level","[c]","[c]","[c]","[c]"
"In post","2022","Food Standards Agency","Mid Lancashire","Outside London","SEO","5","5","[c]","[c]"
"In post","2022","Food Standards Agency","Mid Ulster","Outside London","G7","[c]","[c]","[c]","[c]"
"In post","2022","Food Standards Agency","Mid Ulster","Outside London","HEO","[c]","[c]","[c]","[c]"
"In post","2022","Food Standards Agency","Mid Ulster","Outside London","SEO","[c]","[c]","[c]","[c]"
"In post","2022","Food Standards Agency","Milton Keynes","Outside London","HEO","[c]","[c]","[c]","[c]"
"In post","2022","Food Standards Agency","Milton Keynes","Outside London","SEO","[c]","[c]","[c]","[c]"
"In post","2022","Food Standards Agency","Monmouthshire and Newport","Outside London","AO","[c]","[c]","[c]","[c]"
"In post","2022","Food Standards Agency","Monmouthshire and Newport","Outside London","G6","[c]","[c]","[c]","[c]"
"In post","2022","Food Standards Agency","Monmouthshire and Newport","Outside London","G7","[c]","[c]","[c]","[c]"
"In post","2022","Food Standards Agency","Monmouthshire and Newport","Outside London","HEO","[c]","[c]","[c]","[c]"
"In post","2022","Food Standards Agency","Newry, Mourne and Down","Outside London","G7","[c]","[c]","[c]","[c]"
"In post","2022","Food Standards Agency","North and North East Lincolnshire","Outside London","EO","10","10","[c]","[c]"
"In post","2022","Food Standards Agency","North and North East Lincolnshire","Outside London","G6","[c]","[c]","[c]","[c]"
"In post","2022","Food Standards Agency","North and North East Lincolnshire","Outside London","G7","[c]","[c]","[c]","[c]"
"In post","2022","Food Standards Agency","North and North East Lincolnshire","Outside London","HEO","[c]","[c]","[c]","[c]"
"In post","2022","Food Standards Agency","North and West Norfolk","Outside London","HEO","[c]","[c]","[c]","[c]"
"In post","2022","Food Standards Agency","North and West Norfolk","Outside London","SEO","[c]","[c]","[c]","[c]"
"In post","2022","Food Standards Agency","North Hampshire","Outside London","EO","[c]","[c]","[c]","[c]"
"In post","2022","Food Standards Agency","North Hampshire","Outside London","G6","[c]","[c]","[c]","[c]"
"In post","2022","Food Standards Agency","North Hampshire","Outside London","G7","[c]","[c]","[c]","[c]"
"In post","2022","Food Standards Agency","North Hampshire","Outside London","SEO","[c]","[c]","[c]","[c]"
"In post","2022","Food Standards Agency","North Nottinghamshire","Outside London","G6","[c]","[c]","[c]","[c]"
"In post","2022","Food Standards Agency","North Nottinghamshire","Outside London","G7","[c]","[c]","[c]","[c]"
"In post","2022","Food Standards Agency","North Nottinghamshire","Outside London","HEO","[c]","[c]","[c]","[c]"
"In post","2022","Food Standards Agency","North Nottinghamshire","Outside London","SEO","[c]","[c]","[c]","[c]"
"In post","2022","Food Standards Agency","North Yorkshire CC","Outside London","EO","15","15","27470","26750"
"In post","2022","Food Standards Agency","North Yorkshire CC","Outside London","G6","[c]","[c]","[c]","[c]"
"In post","2022","Food Standards Agency","North Yorkshire CC","Outside London","G7","[c]","[c]","[c]","[c]"
"In post","2022","Food Standards Agency","North Yorkshire CC","Outside London","HEO","15","15","30880","30810"
"In post","2022","Food Standards Agency","North Yorkshire CC","Outside London","SEO","10","10","[c]","[c]"
"In post","2022","Food Standards Agency","Northumberland","Outside London","G6","[c]","[c]","[c]","[c]"
"In post","2022","Food Standards Agency","Northumberland","Outside London","G7","[c]","[c]","[c]","[c]"
"In post","2022","Food Standards Agency","Northumberland","Outside London","HEO","[c]","[c]","[c]","[c]"
"In post","2022","Food Standards Agency","Northumberland","Outside London","SEO","[c]","[c]","[c]","[c]"
"In post","2022","Food Standards Agency","Norwich and East Norfolk","Outside London","EO","5","5","[c]","[c]"
"In post","2022","Food Standards Agency","Norwich and East Norfolk","Outside London","G7","[c]","[c]","[c]","[c]"
"In post","2022","Food Standards Agency","Norwich and East Norfolk","Outside London","HEO","[c]","[c]","[c]","[c]"
"In post","2022","Food Standards Agency","Norwich and East Norfolk","Outside London","SEO","[c]","[c]","[c]","[c]"
"In post","2022","Food Standards Agency","Nottingham","Outside London","G7","[c]","[c]","[c]","[c]"
"In post","2022","Food Standards Agency","Nottingham","Outside London","HEO","[c]","[c]","[c]","[c]"
"In post","2022","Food Standards Agency","Oxfordshire CC","Outside London","EO","[c]","[c]","[c]","[c]"
"In post","2022","Food Standards Agency","Oxfordshire CC","Outside London","G7","[c]","[c]","[c]","[c]"
"In post","2022","Food Standards Agency","Oxfordshire CC","Outside London","SCS level","[c]","[c]","[c]","[c]"
"In post","2022","Food Standards Agency","Oxfordshire CC","Outside London","SEO","[c]","[c]","[c]","[c]"
"In post","2022","Food Standards Agency","Peterborough","Outside London","HEO","[c]","[c]","[c]","[c]"
"In post","2022","Food Standards Agency","Plymouth","Outside London","G7","[c]","[c]","[c]","[c]"
"In post","2022","Food Standards Agency","Plymouth","Outside London","HEO","[c]","[c]","[c]","[c]"
"In post","2022","Food Standards Agency","Plymouth","Outside London","SEO","[c]","[c]","[c]","[c]"
"In post","2022","Food Standards Agency","Powys","Outside London","EO","[c]","[c]","[c]","[c]"
"In post","2022","Food Standards Agency","Powys","Outside London","HEO","[c]","[c]","[c]","[c]"
"In post","2022","Food Standards Agency","Powys","Outside London","SEO","[c]","[c]","[c]","[c]"
"In post","2022","Food Standards Agency","Redbridge and Waltham Forest","London","EO","[c]","[c]","[c]","[c]"
"In post","2022","Food Standards Agency","Redbridge and Waltham Forest","London","HEO","[c]","[c]","[c]","[c]"
"In post","2022","Food Standards Agency","Redbridge and Waltham Forest","London","SEO","[c]","[c]","[c]","[c]"
"In post","2022","Food Standards Agency","Sandwell","Outside London","HEO","[c]","[c]","[c]","[c]"
"In post","2022","Food Standards Agency","Scottish Borders","Outside London","SCS level","[c]","[c]","[c]","[c]"
"In post","2022","Food Standards Agency","Sefton","Outside London","G6","[c]","[c]","[c]","[c]"
"In post","2022","Food Standards Agency","Sheffield","Outside London","EO","[c]","[c]","[c]","[c]"
"In post","2022","Food Standards Agency","Sheffield","Outside London","HEO","[c]","[c]","[c]","[c]"
"In post","2022","Food Standards Agency","Sheffield","Outside London","SEO","[c]","[c]","[c]","[c]"
"In post","2022","Food Standards Agency","Shetland Islands","Outside London","G7","[c]","[c]","[c]","[c]"
"In post","2022","Food Standards Agency","Shropshire","Outside London","EO","10","10","27120","26750"
"In post","2022","Food Standards Agency","Shropshire","Outside London","HEO","[c]","[c]","[c]","[c]"
"In post","2022","Food Standards Agency","Shropshire","Outside London","SEO","5","5","[c]","[c]"
"In post","2022","Food Standards Agency","Somerset CC","Outside London","EO","10","10","27120","26750"
"In post","2022","Food Standards Agency","Somerset CC","Outside London","G7","[c]","[c]","[c]","[c]"
"In post","2022","Food Standards Agency","Somerset CC","Outside London","SEO","[c]","[c]","[c]","[c]"
"In post","2022","Food Standards Agency","South and West Derbyshire","Outside London","AO","[c]","[c]","[c]","[c]"
"In post","2022","Food Standards Agency","South and West Derbyshire","Outside London","EO","15","15","27180","26750"
"In post","2022","Food Standards Agency","South and West Derbyshire","Outside London","G7","[c]","[c]","[c]","[c]"
"In post","2022","Food Standards Agency","South and West Derbyshire","Outside London","SEO","[c]","[c]","[c]","[c]"
"In post","2022","Food Standards Agency","South Lanarkshire","Outside London","SEO","[c]","[c]","[c]","[c]"
"In post","2022","Food Standards Agency","South Nottinghamshire","Outside London","G6","[c]","[c]","[c]","[c]"
"In post","2022","Food Standards Agency","South Nottinghamshire","Outside London","SEO","[c]","[c]","[c]","[c]"
"In post","2022","Food Standards Agency","South Teesside","Outside London","HEO","[c]","[c]","[c]","[c]"
"In post","2022","Food Standards Agency","South Teesside","Outside London","SEO","[c]","[c]","[c]","[c]"
"In post","2022","Food Standards Agency","South West Wales","Outside London","EO","10","10","27370","26750"
"In post","2022","Food Standards Agency","South West Wales","Outside London","G6","[c]","[c]","[c]","[c]"
"In post","2022","Food Standards Agency","South West Wales","Outside London","G7","[c]","[c]","[c]","[c]"
"In post","2022","Food Standards Agency","South West Wales","Outside London","HEO","5","5","[c]","[c]"
"In post","2022","Food Standards Agency","South West Wales","Outside London","SEO","[c]","[c]","[c]","[c]"
"In post","2022","Food Standards Agency","Southampton","Outside London","G6","[c]","[c]","[c]","[c]"
"In post","2022","Food Standards Agency","Southend-on-Sea","Outside London","HEO","[c]","[c]","[c]","[c]"
"In post","2022","Food Standards Agency","Southend-on-Sea","Outside London","SEO","[c]","[c]","[c]","[c]"
"In post","2022","Food Standards Agency","Staffordshire CC","Outside London","EO","10","10","[c]","[c]"
"In post","2022","Food Standards Agency","Staffordshire CC","Outside London","G7","[c]","[c]","[c]","[c]"
"In post","2022","Food Standards Agency","Staffordshire CC","Outside London","HEO","[c]","[c]","[c]","[c]"
"In post","2022","Food Standards Agency","Staffordshire CC","Outside London","SEO","[c]","[c]","[c]","[c]"
"In post","2022","Food Standards Agency","Stoke-on-Trent","Outside London","EO","[c]","[c]","[c]","[c]"
"In post","2022","Food Standards Agency","Stoke-on-Trent","Outside London","G7","[c]","[c]","[c]","[c]"
"In post","2022","Food Standards Agency","Stoke-on-Trent","Outside London","SEO","[c]","[c]","[c]","[c]"
"In post","2022","Food Standards Agency","Suffolk CC","Outside London","EO","20","20","26990","26750"
"In post","2022","Food Standards Agency","Suffolk CC","Outside London","G6","[c]","[c]","[c]","[c]"
"In post","2022","Food Standards Agency","Suffolk CC","Outside London","G7","[c]","[c]","[c]","[c]"
"In post","2022","Food Standards Agency","Suffolk CC","Outside London","HEO","[c]","[c]","[c]","[c]"
"In post","2022","Food Standards Agency","Suffolk CC","Outside London","SEO","5","5","[c]","[c]"
"In post","2022","Food Standards Agency","Sunderland","Outside London","SEO","[c]","[c]","[c]","[c]"
"In post","2022","Food Standards Agency","Swansea","Outside London","EO","[c]","[c]","[c]","[c]"
"In post","2022","Food Standards Agency","Swansea","Outside London","G7","[c]","[c]","[c]","[c]"
"In post","2022","Food Standards Agency","Swansea","Outside London","HEO","[c]","[c]","[c]","[c]"
"In post","2022","Food Standards Agency","Swansea","Outside London","SEO","[c]","[c]","[c]","[c]"
"In post","2022","Food Standards Agency","Swindon","Outside London","SEO","[c]","[c]","[c]","[c]"
"In post","2022","Food Standards Agency","Telford and Wrekin","Outside London","EO","5","5","[c]","[c]"
"In post","2022","Food Standards Agency","Telford and Wrekin","Outside London","HEO","[c]","[c]","[c]","[c]"
"In post","2022","Food Standards Agency","Telford and Wrekin","Outside London","SEO","[c]","[c]","[c]","[c]"
"In post","2022","Food Standards Agency","Thurrock","Outside London","HEO","[c]","[c]","[c]","[c]"
"In post","2022","Food Standards Agency","Torbay","Outside London","HEO","[c]","[c]","[c]","[c]"
"In post","2022","Food Standards Agency","Torbay","Outside London","SCS level","[c]","[c]","[c]","[c]"
"In post","2022","Food Standards Agency","Torbay","Outside London","SEO","[c]","[c]","[c]","[c]"
"In post","2022","Food Standards Agency","Tower Hamlets","London","EO","[c]","[c]","[c]","[c]"
"In post","2022","Food Standards Agency","Tower Hamlets","London","G6","[c]","[c]","[c]","[c]"
"In post","2022","Food Standards Agency","Tower Hamlets","London","HEO","[c]","[c]","[c]","[c]"
"In post","2022","Food Standards Agency","Tyneside","Outside London","EO","[c]","[c]","[c]","[c]"
"In post","2022","Food Standards Agency","Tyneside","Outside London","G7","[c]","[c]","[c]","[c]"
"In post","2022","Food Standards Agency","Tyneside","Outside London","HEO","[c]","[c]","[c]","[c]"
"In post","2022","Food Standards Agency","Wakefield","Outside London","EO","[c]","[c]","[c]","[c]"
"In post","2022","Food Standards Agency","Wakefield","Outside London","G7","[c]","[c]","[c]","[c]"
"In post","2022","Food Standards Agency","Wakefield","Outside London","HEO","[c]","[c]","[c]","[c]"
"In post","2022","Food Standards Agency","Wakefield","Outside London","SEO","[c]","[c]","[c]","[c]"
"In post","2022","Food Standards Agency","Walsall","Outside London","HEO","[c]","[c]","[c]","[c]"
"In post","2022","Food Standards Agency","Wandsworth","London","EO","[c]","[c]","[c]","[c]"
"In post","2022","Food Standards Agency","Wandsworth","London","G6","[c]","[c]","[c]","[c]"
"In post","2022","Food Standards Agency","Wandsworth","London","G7","[c]","[c]","[c]","[c]"
"In post","2022","Food Standards Agency","Wandsworth","London","HEO","[c]","[c]","[c]","[c]"
"In post","2022","Food Standards Agency","Warwickshire CC","Outside London","EO","5","5","[c]","[c]"
"In post","2022","Food Standards Agency","Warwickshire CC","Outside London","G7","[c]","[c]","[c]","[c]"
"In post","2022","Food Standards Agency","Warwickshire CC","Outside London","HEO","[c]","[c]","[c]","[c]"
"In post","2022","Food Standards Agency","Warwickshire CC","Outside London","SEO","[c]","[c]","[c]","[c]"
"In post","2022","Food Standards Agency","West Cumbria","Outside London","EO","[c]","[c]","[c]","[c]"
"In post","2022","Food Standards Agency","West Essex","Outside London","HEO","[c]","[c]","[c]","[c]"
"In post","2022","Food Standards Agency","West Kent","Outside London","EO","[c]","[c]","[c]","[c]"
"In post","2022","Food Standards Agency","West Kent","Outside London","G6","[c]","[c]","[c]","[c]"
"In post","2022","Food Standards Agency","West Kent","Outside London","G7","[c]","[c]","[c]","[c]"
"In post","2022","Food Standards Agency","West Kent","Outside London","HEO","[c]","[c]","[c]","[c]"
"In post","2022","Food Standards Agency","West Kent","Outside London","SEO","[c]","[c]","[c]","[c]"
"In post","2022","Food Standards Agency","West Northamptonshire","Outside London","EO","5","5","[c]","[c]"
"In post","2022","Food Standards Agency","West Northamptonshire","Outside London","HEO","[c]","[c]","[c]","[c]"
"In post","2022","Food Standards Agency","West Surrey","Outside London","EO","[c]","[c]","[c]","[c]"
"In post","2022","Food Standards Agency","West Surrey","Outside London","G7","[c]","[c]","[c]","[c]"
"In post","2022","Food Standards Agency","West Surrey","Outside London","HEO","[c]","[c]","[c]","[c]"
"In post","2022","Food Standards Agency","West Surrey","Outside London","SEO","[c]","[c]","[c]","[c]"
"In post","2022","Food Standards Agency","West Sussex (North East)","Outside London","G6","[c]","[c]","[c]","[c]"
"In post","2022","Food Standards Agency","West Sussex (North East)","Outside London","G7","[c]","[c]","[c]","[c]"
"In post","2022","Food Standards Agency","West Sussex (North East)","Outside London","HEO","[c]","[c]","[c]","[c]"
"In post","2022","Food Standards Agency","West Sussex (North East)","Outside London","SEO","[c]","[c]","[c]","[c]"
"In post","2022","Food Standards Agency","West Sussex (South West)","Outside London","G6","[c]","[c]","[c]","[c]"
"In post","2022","Food Standards Agency","West Sussex (South West)","Outside London","G7","[c]","[c]","[c]","[c]"
"In post","2022","Food Standards Agency","West Sussex (South West)","Outside London","HEO","[c]","[c]","[c]","[c]"
"In post","2022","Food Standards Agency","West Sussex (South West)","Outside London","SEO","[c]","[c]","[c]","[c]"
"In post","2022","Food Standards Agency","Westminster","London","AO","[c]","[c]","[c]","[c]"
"In post","2022","Food Standards Agency","Westminster","London","EO","15","15","28790","29090"
"In post","2022","Food Standards Agency","Westminster","London","G6","10","10","[c]","[c]"
"In post","2022","Food Standards Agency","Westminster","London","G7","35","35","56200","56130"
"In post","2022","Food Standards Agency","Westminster","London","HEO","35","35","33200","32830"
"In post","2022","Food Standards Agency","Westminster","London","SCS level","5","5","[c]","[c]"
"In post","2022","Food Standards Agency","Westminster","London","SEO","40","40","41450","40960"
"In post","2022","Food Standards Agency","Wiltshire","Outside London","EO","[c]","[c]","[c]","[c]"
"In post","2022","Food Standards Agency","Wiltshire","Outside London","G7","[c]","[c]","[c]","[c]"
"In post","2022","Food Standards Agency","Wiltshire","Outside London","HEO","[c]","[c]","[c]","[c]"
"In post","2022","Food Standards Agency","Wiltshire","Outside London","SEO","[c]","[c]","[c]","[c]"
"In post","2022","Food Standards Agency","Wirral","Outside London","G7","[c]","[c]","[c]","[c]"
"In post","2022","Food Standards Agency","Wirral","Outside London","HEO","[c]","[c]","[c]","[c]"
"In post","2022","Food Standards Agency","Wirral","Outside London","SEO","[c]","[c]","[c]","[c]"
"In post","2022","Food Standards Agency","Wolverhampton","Outside London","EO","[c]","[c]","[c]","[c]"
"In post","2022","Food Standards Agency","Wolverhampton","Outside London","SEO","[c]","[c]","[c]","[c]"
"In post","2022","Food Standards Agency","Worcestershire CC","Outside London","G7","[c]","[c]","[c]","[c]"
"In post","2022","Food Standards Agency","Worcestershire CC","Outside London","HEO","[c]","[c]","[c]","[c]"
"In post","2022","Food Standards Agency","York","Outside London","AO","[c]","[c]","[c]","[c]"
"In post","2022","Food Standards Agency","York","Outside London","EO","25","20","26630","26750"
"In post","2022","Food Standards Agency","York","Outside London","G6","[c]","[c]","[c]","[c]"
"In post","2022","Food Standards Agency","York","Outside London","G7","20","20","52260","52070"
"In post","2022","Food Standards Agency","York","Outside London","HEO","35","35","31120","30810"
"In post","2022","Food Standards Agency","York","Outside London","SCS level","[c]","[c]","[c]","[c]"
"In post","2022","Food Standards Agency","York","Outside London","SEO","40","40","38460","37910"
"In post","2022","Food Standards Scotland","Aberdeen City and Aberdeenshire","Outside London","AA","[c]","[c]","[c]","[c]"
"In post","2022","Food Standards Scotland","Aberdeen City and Aberdeenshire","Outside London","AO","10","10","24780","24400"
"In post","2022","Food Standards Scotland","Aberdeen City and Aberdeenshire","Outside London","EO","45","45","28280","27230"
"In post","2022","Food Standards Scotland","Aberdeen City and Aberdeenshire","Outside London","G6","5","5","[c]","[c]"
"In post","2022","Food Standards Scotland","Aberdeen City and Aberdeenshire","Outside London","G7","20","20","52960","53480"
"In post","2022","Food Standards Scotland","Aberdeen City and Aberdeenshire","Outside London","HEO","75","70","32930","31540"
"In post","2022","Food Standards Scotland","Aberdeen City and Aberdeenshire","Outside London","SCS level","[c]","[c]","[c]","[c]"
"In post","2022","Food Standards Scotland","Aberdeen City and Aberdeenshire","Outside London","SEO","45","45","43550","40810"
"In post","2022","Food Standards Scotland","Angus and Dundee City","Outside London","AO","[c]","[c]","[c]","[c]"
"In post","2022","Food Standards Scotland","Angus and Dundee City","Outside London","EO","5","5","[c]","[c]"
"In post","2022","Food Standards Scotland","Angus and Dundee City","Outside London","G6","[c]","[c]","[c]","[c]"
"In post","2022","Food Standards Scotland","Angus and Dundee City","Outside London","HEO","[c]","[c]","[c]","[c]"
"In post","2022","Food Standards Scotland","City of Edinburgh","Outside London","EO","[c]","[c]","[c]","[c]"
"In post","2022","Food Standards Scotland","City of Edinburgh","Outside London","G7","[c]","[c]","[c]","[c]"
"In post","2022","Food Standards Scotland","City of Edinburgh","Outside London","HEO","[c]","[c]","[c]","[c]"
"In post","2022","Food Standards Scotland","City of Edinburgh","Outside London","SEO","[c]","[c]","[c]","[c]"
"In post","2022","Food Standards Scotland","Clackmannanshire and Fife","Outside London","SEO","[c]","[c]","[c]","[c]"
"In post","2022","Food Standards Scotland","Dumfries and Galloway","Outside London","EO","[c]","[c]","[c]","[c]"
"In post","2022","Food Standards Scotland","Dumfries and Galloway","Outside London","HEO","[c]","[c]","[c]","[c]"
"In post","2022","Food Standards Scotland","East Ayrshire and North Ayrshire mainland","Outside London","EO","5","5","[c]","[c]"
"In post","2022","Food Standards Scotland","East Lothian and Midlothian","Outside London","SCS level","[c]","[c]","[c]","[c]"
"In post","2022","Food Standards Scotland","Glasgow City","Outside London","EO","[c]","[c]","[c]","[c]"
"In post","2022","Food Standards Scotland","Inverclyde, East Renfrewshire, and Renfrewshire","Outside London","AO","[c]","[c]","[c]","[c]"
"In post","2022","Food Standards Scotland","Inverclyde, East Renfrewshire, and Renfrewshire","Outside London","EO","5","5","[c]","[c]"
"In post","2022","Food Standards Scotland","Inverclyde, East Renfrewshire, and Renfrewshire","Outside London","HEO","[c]","[c]","[c]","[c]"
"In post","2022","Food Standards Scotland","Inverness and Nairn, Moray, and Badenoch and Strathspey","Outside London","HEO","[c]","[c]","[c]","[c]"
"In post","2022","Food Standards Scotland","Lochaber, Skye and Lochalsh, Arran and Cumbrae, and Argyll and Bute","Outside London","G6","[c]","[c]","[c]","[c]"
"In post","2022","Food Standards Scotland","North Lanarkshire","Outside London","EO","[c]","[c]","[c]","[c]"
"In post","2022","Food Standards Scotland","North Lanarkshire","Outside London","HEO","[c]","[c]","[c]","[c]"
"In post","2022","Food Standards Scotland","Perth and Kinross, and Stirling","Outside London","EO","15","15","30190","30040"
"In post","2022","Food Standards Scotland","Perth and Kinross, and Stirling","Outside London","HEO","10","10","34130","34600"
"In post","2022","Food Standards Scotland","Perth and Kinross, and Stirling","Outside London","SEO","[c]","[c]","[c]","[c]"
"In post","2022","Food Standards Scotland","South Ayrshire","Outside London","AO","[c]","[c]","[c]","[c]"
"In post","2022","Food Standards Scotland","South Ayrshire","Outside London","EO","[c]","[c]","[c]","[c]"
"In post","2022","Food Standards Scotland","South Ayrshire","Outside London","G7","[c]","[c]","[c]","[c]"
"In post","2022","Food Standards Scotland","South Ayrshire","Outside London","HEO","[c]","[c]","[c]","[c]"
"In post","2022","Food Standards Scotland","South Lanarkshire","Outside London","EO","[c]","[c]","[c]","[c]"
"In post","2022","Food Standards Scotland","South Lanarkshire","Outside London","HEO","10","10","31670","31540"
"In post","2022","Foreign, Commonwealth and Development Office (excl. agencies)","Milton Keynes","Outside London","AO","120","115","25060","25000"
"In post","2022","Foreign, Commonwealth and Development Office (excl. agencies)","Milton Keynes","Outside London","EO","65","60","27920","27400"
"In post","2022","Foreign, Commonwealth and Development Office (excl. agencies)","Milton Keynes","Outside London","G6","10","10","[c]","[c]"
"In post","2022","Foreign, Commonwealth and Development Office (excl. agencies)","Milton Keynes","Outside London","G7","10","10","56490","54150"
"In post","2022","Foreign, Commonwealth and Development Office (excl. agencies)","Milton Keynes","Outside London","HEO","40","40","35260","34980"
"In post","2022","Foreign, Commonwealth and Development Office (excl. agencies)","Milton Keynes","Outside London","SCS level","[c]","[c]","[c]","[c]"
"In post","2022","Foreign, Commonwealth and Development Office (excl. agencies)","Milton Keynes","Outside London","SEO","25","25","44760","44350"
"In post","2022","Foreign, Commonwealth and Development Office (excl. agencies)","Overseas","Overseas","AO","20","20","23360","23250"
"In post","2022","Foreign, Commonwealth and Development Office (excl. agencies)","Overseas","Overseas","EO","45","45","27370","27550"
"In post","2022","Foreign, Commonwealth and Development Office (excl. agencies)","Overseas","Overseas","G6","365","360","65680","65030"
"In post","2022","Foreign, Commonwealth and Development Office (excl. agencies)","Overseas","Overseas","G7","660","655","54870","54470"
"In post","2022","Foreign, Commonwealth and Development Office (excl. agencies)","Overseas","Overseas","HEO","605","605","33950","33930"
"In post","2022","Foreign, Commonwealth and Development Office (excl. agencies)","Overseas","Overseas","SCS level","250","250","85340","76370"
"In post","2022","Foreign, Commonwealth and Development Office (excl. agencies)","Overseas","Overseas","SEO","140","140","40690","40530"
"In post","2022","Foreign, Commonwealth and Development Office (excl. agencies)","South Lanarkshire","Outside London","AO","40","35","21740","21740"
"In post","2022","Foreign, Commonwealth and Development Office (excl. agencies)","South Lanarkshire","Outside London","EO","105","100","25920","26120"
"In post","2022","Foreign, Commonwealth and Development Office (excl. agencies)","South Lanarkshire","Outside London","G6","90","90","63470","63900"
"In post","2022","Foreign, Commonwealth and Development Office (excl. agencies)","South Lanarkshire","Outside London","G7","210","200","50960","50490"
"In post","2022","Foreign, Commonwealth and Development Office (excl. agencies)","South Lanarkshire","Outside London","HEO","210","205","33640","33930"
"In post","2022","Foreign, Commonwealth and Development Office (excl. agencies)","South Lanarkshire","Outside London","SCS level","15","15","79620","76870"
"In post","2022","Foreign, Commonwealth and Development Office (excl. agencies)","South Lanarkshire","Outside London","SEO","160","155","39940","39630"
"In post","2022","Foreign, Commonwealth and Development Office (excl. agencies)","Westminster","London","AA","[c]","[c]","[c]","[c]"
"In post","2022","Foreign, Commonwealth and Development Office (excl. agencies)","Westminster","London","AO","185","180","27980","28250"
"In post","2022","Foreign, Commonwealth and Development Office (excl. agencies)","Westminster","London","EO","415","410","31660","30720"
"In post","2022","Foreign, Commonwealth and Development Office (excl. agencies)","Westminster","London","G6","590","570","68160","68200"
"In post","2022","Foreign, Commonwealth and Development Office (excl. agencies)","Westminster","London","G7","1065","1035","56540","56250"
"In post","2022","Foreign, Commonwealth and Development Office (excl. agencies)","Westminster","London","HEO","1005","990","37310","37560"
"In post","2022","Foreign, Commonwealth and Development Office (excl. agencies)","Westminster","London","SCS level","270","265","86760","78010"
"In post","2022","Foreign, Commonwealth and Development Office (excl. agencies)","Westminster","London","SEO","360","355","44350","44110"
"In post","2022","Forestry and Land Scotland","Aberdeen City and Aberdeenshire","Outside London","AO","40","40","26990","27360"
"In post","2022","Forestry and Land Scotland","Aberdeen City and Aberdeenshire","Outside London","EO","20","20","32200","31060"
"In post","2022","Forestry and Land Scotland","Aberdeen City and Aberdeenshire","Outside London","G7","[c]","[c]","[c]","[c]"
"In post","2022","Forestry and Land Scotland","Aberdeen City and Aberdeenshire","Outside London","HEO","10","10","[c]","[c]"
"In post","2022","Forestry and Land Scotland","Aberdeen City and Aberdeenshire","Outside London","SEO","[c]","[c]","[c]","[c]"
"In post","2022","Forestry and Land Scotland","Angus and Dundee City","Outside London","AO","[c]","[c]","[c]","[c]"
"In post","2022","Forestry and Land Scotland","Caithness and Sutherland, and Ross and Cromarty","Outside London","AO","25","25","25870","25940"
"In post","2022","Forestry and Land Scotland","Caithness and Sutherland, and Ross and Cromarty","Outside London","EO","15","15","33660","33730"
"In post","2022","Forestry and Land Scotland","Caithness and Sutherland, and Ross and Cromarty","Outside London","HEO","[c]","[c]","[c]","[c]"
"In post","2022","Forestry and Land Scotland","Caithness and Sutherland, and Ross and Cromarty","Outside London","SEO","[c]","[c]","[c]","[c]"
"In post","2022","Forestry and Land Scotland","City of Edinburgh","Outside London","AA","5","5","[c]","[c]"
"In post","2022","Forestry and Land Scotland","City of Edinburgh","Outside London","AO","10","10","24110","24020"
"In post","2022","Forestry and Land Scotland","City of Edinburgh","Outside London","EO","30","25","30430","31060"
"In post","2022","Forestry and Land Scotland","City of Edinburgh","Outside London","G6","5","5","[c]","[c]"
"In post","2022","Forestry and Land Scotland","City of Edinburgh","Outside London","G7","10","10","57150","57670"
"In post","2022","Forestry and Land Scotland","City of Edinburgh","Outside London","HEO","55","55","38310","38580"
"In post","2022","Forestry and Land Scotland","City of Edinburgh","Outside London","SCS level","[c]","[c]","[c]","[c]"
"In post","2022","Forestry and Land Scotland","City of Edinburgh","Outside London","SEO","35","30","45920","45960"
"In post","2022","Forestry and Land Scotland","Clackmannanshire and Fife","Outside London","G7","[c]","[c]","[c]","[c]"
"In post","2022","Forestry and Land Scotland","Dumfries and Galloway","Outside London","AA","[c]","[c]","[c]","[c]"
"In post","2022","Forestry and Land Scotland","Dumfries and Galloway","Outside London","AO","75","75","26290","27360"
"In post","2022","Forestry and Land Scotland","Dumfries and Galloway","Outside London","EO","45","40","32960","31060"
"In post","2022","Forestry and Land Scotland","Dumfries and Galloway","Outside London","G6","[c]","[c]","[c]","[c]"
"In post","2022","Forestry and Land Scotland","Dumfries and Galloway","Outside London","G7","[c]","[c]","[c]","[c]"
"In post","2022","Forestry and Land Scotland","Dumfries and Galloway","Outside London","HEO","10","10","38300","38580"
"In post","2022","Forestry and Land Scotland","Dumfries and Galloway","Outside London","SEO","5","5","[c]","[c]"
"In post","2022","Forestry and Land Scotland","East Ayrshire and North Ayrshire mainland","Outside London","AO","[c]","[c]","[c]","[c]"
"In post","2022","Forestry and Land Scotland","East Ayrshire and North Ayrshire mainland","Outside London","EO","[c]","[c]","[c]","[c]"
"In post","2022","Forestry and Land Scotland","East Dunbartonshire, West Dunbartonshire, and Helensburgh and Lomond","Outside London","AO","10","10","[c]","[c]"
"In post","2022","Forestry and Land Scotland","East Dunbartonshire, West Dunbartonshire, and Helensburgh and Lomond","Outside London","EO","[c]","[c]","[c]","[c]"
"In post","2022","Forestry and Land Scotland","East Dunbartonshire, West Dunbartonshire, and Helensburgh and Lomond","Outside London","HEO","[c]","[c]","[c]","[c]"
"In post","2022","Forestry and Land Scotland","Falkirk","Outside London","SEO","[c]","[c]","[c]","[c]"
"In post","2022","Forestry and Land Scotland","Flintshire and Wrexham","Outside London","HEO","[c]","[c]","[c]","[c]"
"In post","2022","Forestry and Land Scotland","Inverness and Nairn, Moray, and Badenoch and Strathspey","Outside London","AA","[c]","[c]","[c]","[c]"
"In post","2022","Forestry and Land Scotland","Inverness and Nairn, Moray, and Badenoch and Strathspey","Outside London","AO","75","70","25440","24020"
"In post","2022","Forestry and Land Scotland","Inverness and Nairn, Moray, and Badenoch and Strathspey","Outside London","EO","50","50","31160","31060"
"In post","2022","Forestry and Land Scotland","Inverness and Nairn, Moray, and Badenoch and Strathspey","Outside London","G6","[c]","[c]","[c]","[c]"
"In post","2022","Forestry and Land Scotland","Inverness and Nairn, Moray, and Badenoch and Strathspey","Outside London","G7","5","5","[c]","[c]"
"In post","2022","Forestry and Land Scotland","Inverness and Nairn, Moray, and Badenoch and Strathspey","Outside London","HEO","35","35","38630","39520"
"In post","2022","Forestry and Land Scotland","Inverness and Nairn, Moray, and Badenoch and Strathspey","Outside London","SCS level","[c]","[c]","[c]","[c]"
"In post","2022","Forestry and Land Scotland","Inverness and Nairn, Moray, and Badenoch and Strathspey","Outside London","SEO","15","15","46390","47250"
"In post","2022","Forestry and Land Scotland","Lochaber, Skye and Lochalsh, Arran and Cumbrae, and Argyll and Bute","Outside London","AA","[c]","[c]","[c]","[c]"
"In post","2022","Forestry and Land Scotland","Lochaber, Skye and Lochalsh, Arran and Cumbrae, and Argyll and Bute","Outside London","AO","100","95","26540","25940"
"In post","2022","Forestry and Land Scotland","Lochaber, Skye and Lochalsh, Arran and Cumbrae, and Argyll and Bute","Outside London","EO","45","45","31670","31060"
"In post","2022","Forestry and Land Scotland","Lochaber, Skye and Lochalsh, Arran and Cumbrae, and Argyll and Bute","Outside London","G7","[c]","[c]","[c]","[c]"
"In post","2022","Forestry and Land Scotland","Lochaber, Skye and Lochalsh, Arran and Cumbrae, and Argyll and Bute","Outside London","HEO","10","10","38490","39050"
"In post","2022","Forestry and Land Scotland","Lochaber, Skye and Lochalsh, Arran and Cumbrae, and Argyll and Bute","Outside London","SEO","10","10","[c]","[c]"
"In post","2022","Forestry and Land Scotland","Perth and Kinross, and Stirling","Outside London","AA","[c]","[c]","[c]","[c]"
"In post","2022","Forestry and Land Scotland","Perth and Kinross, and Stirling","Outside London","AO","60","60","26050","25940"
"In post","2022","Forestry and Land Scotland","Perth and Kinross, and Stirling","Outside London","EO","30","30","32170","31060"
"In post","2022","Forestry and Land Scotland","Perth and Kinross, and Stirling","Outside London","G6","[c]","[c]","[c]","[c]"
"In post","2022","Forestry and Land Scotland","Perth and Kinross, and Stirling","Outside London","G7","[c]","[c]","[c]","[c]"
"In post","2022","Forestry and Land Scotland","Perth and Kinross, and Stirling","Outside London","HEO","20","20","38310","39520"
"In post","2022","Forestry and Land Scotland","Perth and Kinross, and Stirling","Outside London","SEO","10","10","46430","47250"
"In post","2022","Forestry and Land Scotland","Scottish Borders","Outside London","AO","15","15","25710","24020"
"In post","2022","Forestry and Land Scotland","Scottish Borders","Outside London","EO","10","10","[c]","[c]"
"In post","2022","Forestry and Land Scotland","Scottish Borders","Outside London","G6","[c]","[c]","[c]","[c]"
"In post","2022","Forestry and Land Scotland","Scottish Borders","Outside London","G7","[c]","[c]","[c]","[c]"
"In post","2022","Forestry and Land Scotland","Scottish Borders","Outside London","HEO","[c]","[c]","[c]","[c]"
"In post","2022","Forestry and Land Scotland","Scottish Borders","Outside London","SEO","[c]","[c]","[c]","[c]"
"In post","2022","Forestry and Land Scotland","South Ayrshire","Outside London","AO","5","5","[c]","[c]"
"In post","2022","Forestry and Land Scotland","South Ayrshire","Outside London","HEO","[c]","[c]","[c]","[c]"
"In post","2022","Forestry and Land Scotland","South Ayrshire","Outside London","SEO","[c]","[c]","[c]","[c]"
"In post","2022","Forestry and Land Scotland","South Lanarkshire","Outside London","EO","[c]","[c]","[c]","[c]"
"In post","2022","Forestry and Land Scotland","South Lanarkshire","Outside London","G6","[c]","[c]","[c]","[c]"
"In post","2022","Forestry and Land Scotland","South Lanarkshire","Outside London","HEO","[c]","[c]","[c]","[c]"
"In post","2022","Forestry and Land Scotland","South Lanarkshire","Outside London","SEO","[c]","[c]","[c]","[c]"
"In post","2022","Forestry and Land Scotland","West Lothian","Outside London","AO","30","25","26420","25940"
"In post","2022","Forestry and Land Scotland","West Lothian","Outside London","EO","20","20","31030","30020"
"In post","2022","Forestry and Land Scotland","West Lothian","Outside London","G6","[c]","[c]","[c]","[c]"
"In post","2022","Forestry and Land Scotland","West Lothian","Outside London","G7","[c]","[c]","[c]","[c]"
"In post","2022","Forestry and Land Scotland","West Lothian","Outside London","HEO","5","5","[c]","[c]"
"In post","2022","Forestry and Land Scotland","West Lothian","Outside London","SEO","[c]","[c]","[c]","[c]"
"In post","2022","Government Actuary's Department","Camden and City of London","London","AO","10","10","23430","24090"
"In post","2022","Government Actuary's Department","Camden and City of London","London","EO","20","20","29830","29210"
"In post","2022","Government Actuary's Department","Camden and City of London","London","G6","95","85","92560","85790"
"In post","2022","Government Actuary's Department","Camden and City of London","London","G7","20","20","57890","57250"
"In post","2022","Government Actuary's Department","Camden and City of London","London","HEO","40","35","36880","36590"
"In post","2022","Government Actuary's Department","Camden and City of London","London","SCS level","[c]","[c]","[c]","[c]"
"In post","2022","Government Actuary's Department","Camden and City of London","London","SEO","20","20","48230","48900"
"In post","2022","Government Actuary's Department","City of Edinburgh","Outside London","EO","[c]","[c]","[c]","[c]"
"In post","2022","Government Actuary's Department","City of Edinburgh","Outside London","G6","5","5","[c]","[c]"
"In post","2022","Government Actuary's Department","City of Edinburgh","Outside London","G7","[c]","[c]","[c]","[c]"
"In post","2022","Government Actuary's Department","City of Edinburgh","Outside London","SEO","[c]","[c]","[c]","[c]"
"In post","2022","Government Internal Audit Agency","Barking & Dagenham and Havering","London","G7","[c]","[c]","[c]","[c]"
"In post","2022","Government Internal Audit Agency","Barking & Dagenham and Havering","London","HEO","[c]","[c]","[c]","[c]"
"In post","2022","Government Internal Audit Agency","Barnsley, Doncaster and Rotherham","Outside London","HEO","[c]","[c]","[c]","[c]"
"In post","2022","Government Internal Audit Agency","Bath and North East Somerset, North Somerset and South Gloucestershire","Outside London","G6","[c]","[c]","[c]","[c]"
"In post","2022","Government Internal Audit Agency","Bath and North East Somerset, North Somerset and South Gloucestershire","Outside London","SEO","[c]","[c]","[c]","[c]"
"In post","2022","Government Internal Audit Agency","Berkshire","Outside London","G6","[c]","[c]","[c]","[c]"
"In post","2022","Government Internal Audit Agency","Berkshire","Outside London","G7","[c]","[c]","[c]","[c]"
"In post","2022","Government Internal Audit Agency","Berkshire","Outside London","HEO","5","5","[c]","[c]"
"In post","2022","Government Internal Audit Agency","Berkshire","Outside London","SEO","5","5","[c]","[c]"
"In post","2022","Government Internal Audit Agency","Birmingham","Outside London","G6","[c]","[c]","[c]","[c]"
"In post","2022","Government Internal Audit Agency","Birmingham","Outside London","G7","[c]","[c]","[c]","[c]"
"In post","2022","Government Internal Audit Agency","Birmingham","Outside London","HEO","[c]","[c]","[c]","[c]"
"In post","2022","Government Internal Audit Agency","Birmingham","Outside London","SCS level","[c]","[c]","[c]","[c]"
"In post","2022","Government Internal Audit Agency","Birmingham","Outside London","SEO","10","10","[c]","[c]"
"In post","2022","Government Internal Audit Agency","Blackpool","Outside London","G6","[c]","[c]","[c]","[c]"
"In post","2022","Government Internal Audit Agency","Blackpool","Outside London","G7","[c]","[c]","[c]","[c]"
"In post","2022","Government Internal Audit Agency","Blackpool","Outside London","HEO","[c]","[c]","[c]","[c]"
"In post","2022","Government Internal Audit Agency","Blackpool","Outside London","SCS level","[c]","[c]","[c]","[c]"
"In post","2022","Government Internal Audit Agency","Blackpool","Outside London","SEO","10","10","41110","40740"
"In post","2022","Government Internal Audit Agency","Bristol, City of","Outside London","G6","[c]","[c]","[c]","[c]"
"In post","2022","Government Internal Audit Agency","Bristol, City of","Outside London","G7","[c]","[c]","[c]","[c]"
"In post","2022","Government Internal Audit Agency","Bristol, City of","Outside London","HEO","[c]","[c]","[c]","[c]"
"In post","2022","Government Internal Audit Agency","Bristol, City of","Outside London","SCS level","[c]","[c]","[c]","[c]"
"In post","2022","Government Internal Audit Agency","Bristol, City of","Outside London","SEO","5","5","[c]","[c]"
"In post","2022","Government Internal Audit Agency","Cambridgeshire CC","Outside London","G6","[c]","[c]","[c]","[c]"
"In post","2022","Government Internal Audit Agency","Cambridgeshire CC","Outside London","SEO","[c]","[c]","[c]","[c]"
"In post","2022","Government Internal Audit Agency","Cardiff and Vale of Glamorgan","Outside London","G7","[c]","[c]","[c]","[c]"
"In post","2022","Government Internal Audit Agency","Cardiff and Vale of Glamorgan","Outside London","HEO","[c]","[c]","[c]","[c]"
"In post","2022","Government Internal Audit Agency","Cardiff and Vale of Glamorgan","Outside London","SEO","[c]","[c]","[c]","[c]"
"In post","2022","Government Internal Audit Agency","Clackmannanshire and Fife","Outside London","HEO","[c]","[c]","[c]","[c]"
"In post","2022","Government Internal Audit Agency","Cornwall and Isles of Scilly","Outside London","G7","[c]","[c]","[c]","[c]"
"In post","2022","Government Internal Audit Agency","Cornwall and Isles of Scilly","Outside London","SEO","[c]","[c]","[c]","[c]"
"In post","2022","Government Internal Audit Agency","Coventry","Outside London","G6","[c]","[c]","[c]","[c]"
"In post","2022","Government Internal Audit Agency","Coventry","Outside London","G7","[c]","[c]","[c]","[c]"
"In post","2022","Government Internal Audit Agency","Coventry","Outside London","SCS level","[c]","[c]","[c]","[c]"
"In post","2022","Government Internal Audit Agency","Coventry","Outside London","SEO","[c]","[c]","[c]","[c]"
"In post","2022","Government Internal Audit Agency","Croydon","London","G6","[c]","[c]","[c]","[c]"
"In post","2022","Government Internal Audit Agency","Croydon","London","G7","[c]","[c]","[c]","[c]"
"In post","2022","Government Internal Audit Agency","Croydon","London","HEO","[c]","[c]","[c]","[c]"
"In post","2022","Government Internal Audit Agency","Croydon","London","SEO","[c]","[c]","[c]","[c]"
"In post","2022","Government Internal Audit Agency","Darlington","Outside London","G6","[c]","[c]","[c]","[c]"
"In post","2022","Government Internal Audit Agency","Darlington","Outside London","HEO","[c]","[c]","[c]","[c]"
"In post","2022","Government Internal Audit Agency","Darlington","Outside London","SEO","[c]","[c]","[c]","[c]"
"In post","2022","Government Internal Audit Agency","Dudley","Outside London","SEO","[c]","[c]","[c]","[c]"
"In post","2022","Government Internal Audit Agency","East Kent","Outside London","G7","[c]","[c]","[c]","[c]"
"In post","2022","Government Internal Audit Agency","East Merseyside","Outside London","G6","[c]","[c]","[c]","[c]"
"In post","2022","Government Internal Audit Agency","East Merseyside","Outside London","SCS level","[c]","[c]","[c]","[c]"
"In post","2022","Government Internal Audit Agency","East Sussex CC","Outside London","G7","[c]","[c]","[c]","[c]"
"In post","2022","Government Internal Audit Agency","Essex Haven Gateway","Outside London","SEO","[c]","[c]","[c]","[c]"
"In post","2022","Government Internal Audit Agency","Glasgow City","Outside London","G6","[c]","[c]","[c]","[c]"
"In post","2022","Government Internal Audit Agency","Glasgow City","Outside London","G7","[c]","[c]","[c]","[c]"
"In post","2022","Government Internal Audit Agency","Glasgow City","Outside London","HEO","[c]","[c]","[c]","[c]"
"In post","2022","Government Internal Audit Agency","Glasgow City","Outside London","SCS level","[c]","[c]","[c]","[c]"
"In post","2022","Government Internal Audit Agency","Glasgow City","Outside London","SEO","[c]","[c]","[c]","[c]"
"In post","2022","Government Internal Audit Agency","Greater Manchester North East","Outside London","SEO","[c]","[c]","[c]","[c]"
"In post","2022","Government Internal Audit Agency","Leeds","Outside London","EO","[c]","[c]","[c]","[c]"
"In post","2022","Government Internal Audit Agency","Leeds","Outside London","G6","[c]","[c]","[c]","[c]"
"In post","2022","Government Internal Audit Agency","Leeds","Outside London","G7","10","10","49880","49750"
"In post","2022","Government Internal Audit Agency","Leeds","Outside London","HEO","10","10","32030","30830"
"In post","2022","Government Internal Audit Agency","Leeds","Outside London","SCS level","[c]","[c]","[c]","[c]"
"In post","2022","Government Internal Audit Agency","Leeds","Outside London","SEO","10","10","40410","39980"
"In post","2022","Government Internal Audit Agency","Leicester","Outside London","SCS level","[c]","[c]","[c]","[c]"
"In post","2022","Government Internal Audit Agency","Liverpool","Outside London","EO","[c]","[c]","[c]","[c]"
"In post","2022","Government Internal Audit Agency","Liverpool","Outside London","G6","[c]","[c]","[c]","[c]"
"In post","2022","Government Internal Audit Agency","Liverpool","Outside London","G7","[c]","[c]","[c]","[c]"
"In post","2022","Government Internal Audit Agency","Liverpool","Outside London","HEO","[c]","[c]","[c]","[c]"
"In post","2022","Government Internal Audit Agency","Liverpool","Outside London","SEO","[c]","[c]","[c]","[c]"
"In post","2022","Government Internal Audit Agency","Manchester","Outside London","HEO","[c]","[c]","[c]","[c]"
"In post","2022","Government Internal Audit Agency","Manchester","Outside London","SEO","[c]","[c]","[c]","[c]"
"In post","2022","Government Internal Audit Agency","North and North East Lincolnshire","Outside London","SEO","[c]","[c]","[c]","[c]"
"In post","2022","Government Internal Audit Agency","Norwich and East Norfolk","Outside London","HEO","[c]","[c]","[c]","[c]"
"In post","2022","Government Internal Audit Agency","Nottingham","Outside London","G6","[c]","[c]","[c]","[c]"
"In post","2022","Government Internal Audit Agency","Nottingham","Outside London","G7","[c]","[c]","[c]","[c]"
"In post","2022","Government Internal Audit Agency","Nottingham","Outside London","HEO","[c]","[c]","[c]","[c]"
"In post","2022","Government Internal Audit Agency","Nottingham","Outside London","SEO","[c]","[c]","[c]","[c]"
"In post","2022","Government Internal Audit Agency","Plymouth","Outside London","G7","[c]","[c]","[c]","[c]"
"In post","2022","Government Internal Audit Agency","Plymouth","Outside London","SEO","[c]","[c]","[c]","[c]"
"In post","2022","Government Internal Audit Agency","Sefton","Outside London","G6","[c]","[c]","[c]","[c]"
"In post","2022","Government Internal Audit Agency","Sefton","Outside London","G7","[c]","[c]","[c]","[c]"
"In post","2022","Government Internal Audit Agency","Sefton","Outside London","HEO","[c]","[c]","[c]","[c]"
"In post","2022","Government Internal Audit Agency","Sefton","Outside London","SCS level","[c]","[c]","[c]","[c]"
"In post","2022","Government Internal Audit Agency","Sefton","Outside London","SEO","5","5","[c]","[c]"
"In post","2022","Government Internal Audit Agency","Sheffield","Outside London","G6","[c]","[c]","[c]","[c]"
"In post","2022","Government Internal Audit Agency","Sheffield","Outside London","G7","5","5","[c]","[c]"
"In post","2022","Government Internal Audit Agency","Sheffield","Outside London","HEO","[c]","[c]","[c]","[c]"
"In post","2022","Government Internal Audit Agency","Sheffield","Outside London","SCS level","[c]","[c]","[c]","[c]"
"In post","2022","Government Internal Audit Agency","Sheffield","Outside London","SEO","5","5","[c]","[c]"
"In post","2022","Government Internal Audit Agency","South West Wales","Outside London","G7","[c]","[c]","[c]","[c]"
"In post","2022","Government Internal Audit Agency","Southend-on-Sea","Outside London","G7","[c]","[c]","[c]","[c]"
"In post","2022","Government Internal Audit Agency","Staffordshire CC","Outside London","G7","[c]","[c]","[c]","[c]"
"In post","2022","Government Internal Audit Agency","Staffordshire CC","Outside London","HEO","[c]","[c]","[c]","[c]"
"In post","2022","Government Internal Audit Agency","Staffordshire CC","Outside London","SEO","[c]","[c]","[c]","[c]"
"In post","2022","Government Internal Audit Agency","Swansea","Outside London","EO","[c]","[c]","[c]","[c]"
"In post","2022","Government Internal Audit Agency","Swansea","Outside London","G6","5","5","[c]","[c]"
"In post","2022","Government Internal Audit Agency","Swansea","Outside London","G7","5","5","[c]","[c]"
"In post","2022","Government Internal Audit Agency","Swansea","Outside London","SEO","5","5","[c]","[c]"
"In post","2022","Government Internal Audit Agency","Swindon","Outside London","G6","[c]","[c]","[c]","[c]"
"In post","2022","Government Internal Audit Agency","Swindon","Outside London","G7","[c]","[c]","[c]","[c]"
"In post","2022","Government Internal Audit Agency","Swindon","Outside London","SCS level","[c]","[c]","[c]","[c]"
"In post","2022","Government Internal Audit Agency","Swindon","Outside London","SEO","10","10","[c]","[c]"
"In post","2022","Government Internal Audit Agency","Tyneside","Outside London","G6","[c]","[c]","[c]","[c]"
"In post","2022","Government Internal Audit Agency","Tyneside","Outside London","G7","5","5","[c]","[c]"
"In post","2022","Government Internal Audit Agency","Tyneside","Outside London","HEO","[c]","[c]","[c]","[c]"
"In post","2022","Government Internal Audit Agency","Tyneside","Outside London","SEO","10","10","42980","43340"
"In post","2022","Government Internal Audit Agency","Westminster","London","AO","5","5","[c]","[c]"
"In post","2022","Government Internal Audit Agency","Westminster","London","EO","10","10","[c]","[c]"
"In post","2022","Government Internal Audit Agency","Westminster","London","G6","20","15","66530","64920"
"In post","2022","Government Internal Audit Agency","Westminster","London","G7","40","40","56200","55060"
"In post","2022","Government Internal Audit Agency","Westminster","London","HEO","30","30","36020","34890"
"In post","2022","Government Internal Audit Agency","Westminster","London","SCS level","15","15","91290","87740"
"In post","2022","Government Internal Audit Agency","Westminster","London","SEO","45","40","48020","47770"
"In post","2022","Government Internal Audit Agency","Wiltshire","Outside London","SEO","[c]","[c]","[c]","[c]"
"In post","2022","Government Internal Audit Agency","Wirral","Outside London","HEO","[c]","[c]","[c]","[c]"
"In post","2022","Government Internal Audit Agency","Wirral","Outside London","SEO","[c]","[c]","[c]","[c]"
"In post","2022","Government Internal Audit Agency","York","Outside London","EO","[c]","[c]","[c]","[c]"
"In post","2022","Government Internal Audit Agency","York","Outside London","G6","[c]","[c]","[c]","[c]"
"In post","2022","Government Internal Audit Agency","York","Outside London","G7","[c]","[c]","[c]","[c]"
"In post","2022","Government Internal Audit Agency","York","Outside London","HEO","[c]","[c]","[c]","[c]"
"In post","2022","Government Internal Audit Agency","York","Outside London","SEO","[c]","[c]","[c]","[c]"
"In post","2022","Government Legal Department","Bath and North East Somerset, North Somerset and South Gloucestershire","Outside London","G6","5","5","[c]","[c]"
"In post","2022","Government Legal Department","Bath and North East Somerset, North Somerset and South Gloucestershire","Outside London","G7","20","15","53130","52160"
"In post","2022","Government Legal Department","Bath and North East Somerset, North Somerset and South Gloucestershire","Outside London","HEO","[c]","[c]","[c]","[c]"
"In post","2022","Government Legal Department","Bath and North East Somerset, North Somerset and South Gloucestershire","Outside London","SCS level","[c]","[c]","[c]","[c]"
"In post","2022","Government Legal Department","Bath and North East Somerset, North Somerset and South Gloucestershire","Outside London","SEO","[c]","[c]","[c]","[c]"
"In post","2022","Government Legal Department","Bristol, City of","Outside London","EO","[c]","[c]","[c]","[c]"
"In post","2022","Government Legal Department","Bristol, City of","Outside London","G6","5","5","[c]","[c]"
"In post","2022","Government Legal Department","Bristol, City of","Outside London","G7","[c]","[c]","[c]","[c]"
"In post","2022","Government Legal Department","Bristol, City of","Outside London","SCS level","[c]","[c]","[c]","[c]"
"In post","2022","Government Legal Department","Bristol, City of","Outside London","SEO","[c]","[c]","[c]","[c]"
"In post","2022","Government Legal Department","Camden and City of London","London","EO","[c]","[c]","[c]","[c]"
"In post","2022","Government Legal Department","Croydon","London","AO","[c]","[c]","[c]","[c]"
"In post","2022","Government Legal Department","Croydon","London","EO","10","10","27800","27350"
"In post","2022","Government Legal Department","Croydon","London","G6","[c]","[c]","[c]","[c]"
"In post","2022","Government Legal Department","Croydon","London","G7","5","5","[c]","[c]"
"In post","2022","Government Legal Department","Croydon","London","HEO","15","15","32350","31410"
"In post","2022","Government Legal Department","Croydon","London","SCS level","[c]","[c]","[c]","[c]"
"In post","2022","Government Legal Department","Croydon","London","SEO","10","10","[c]","[c]"
"In post","2022","Government Legal Department","Leeds","Outside London","EO","10","10","27930","27220"
"In post","2022","Government Legal Department","Leeds","Outside London","G6","25","25","63930","63730"
"In post","2022","Government Legal Department","Leeds","Outside London","G7","30","25","51700","51190"
"In post","2022","Government Legal Department","Leeds","Outside London","HEO","10","10","39420","43920"
"In post","2022","Government Legal Department","Leeds","Outside London","SCS level","5","5","[c]","[c]"
"In post","2022","Government Legal Department","Leeds","Outside London","SEO","[c]","[c]","[c]","[c]"
"In post","2022","Government Legal Department","Manchester","Outside London","G6","[c]","[c]","[c]","[c]"
"In post","2022","Government Legal Department","Manchester","Outside London","G7","[c]","[c]","[c]","[c]"
"In post","2022","Government Legal Department","Manchester","Outside London","HEO","[c]","[c]","[c]","[c]"
"In post","2022","Government Legal Department","Westminster","London","AO","55","50","23900","23920"
"In post","2022","Government Legal Department","Westminster","London","EO","320","310","28400","27350"
"In post","2022","Government Legal Department","Westminster","London","G6","800","725","67340","65680"
"In post","2022","Government Legal Department","Westminster","London","G7","860","795","52000","51250"
"In post","2022","Government Legal Department","Westminster","London","HEO","180","175","37560","35000"
"In post","2022","Government Legal Department","Westminster","London","SCS level","200","190","83130","78550"
"In post","2022","Government Legal Department","Westminster","London","SEO","35","35","39000","38300"
"In post","2022","Government Property Agency","Berkshire","Outside London","SCS level","[c]","[c]","[c]","[c]"
"In post","2022","Government Property Agency","Birmingham","Outside London","EO","5","5","[c]","[c]"
"In post","2022","Government Property Agency","Birmingham","Outside London","G6","10","10","70850","72500"
"In post","2022","Government Property Agency","Birmingham","Outside London","G7","15","15","55020","54700"
"In post","2022","Government Property Agency","Birmingham","Outside London","HEO","20","20","33820","32000"
"In post","2022","Government Property Agency","Birmingham","Outside London","SCS level","5","5","[c]","[c]"
"In post","2022","Government Property Agency","Birmingham","Outside London","SEO","15","15","39860","38500"
"In post","2022","Government Property Agency","Bristol, City of","Outside London","EO","[c]","[c]","[c]","[c]"
"In post","2022","Government Property Agency","Bristol, City of","Outside London","G6","5","5","[c]","[c]"
"In post","2022","Government Property Agency","Bristol, City of","Outside London","G7","5","5","[c]","[c]"
"In post","2022","Government Property Agency","Bristol, City of","Outside London","HEO","[c]","[c]","[c]","[c]"
"In post","2022","Government Property Agency","Bristol, City of","Outside London","SCS level","[c]","[c]","[c]","[c]"
"In post","2022","Government Property Agency","Bristol, City of","Outside London","SEO","[c]","[c]","[c]","[c]"
"In post","2022","Government Property Agency","Calderdale and Kirklees","Outside London","G6","[c]","[c]","[c]","[c]"
"In post","2022","Government Property Agency","Leeds","Outside London","EO","[c]","[c]","[c]","[c]"
"In post","2022","Government Property Agency","Leeds","Outside London","G6","5","5","[c]","[c]"
"In post","2022","Government Property Agency","Leeds","Outside London","G7","15","15","53520","53960"
"In post","2022","Government Property Agency","Leeds","Outside London","HEO","5","5","[c]","[c]"
"In post","2022","Government Property Agency","Leeds","Outside London","SCS level","[c]","[c]","[c]","[c]"
"In post","2022","Government Property Agency","Leeds","Outside London","SEO","15","15","38020","37300"
"In post","2022","Government Property Agency","Manchester","Outside London","EO","[c]","[c]","[c]","[c]"
"In post","2022","Government Property Agency","Manchester","Outside London","G6","[c]","[c]","[c]","[c]"
"In post","2022","Government Property Agency","Manchester","Outside London","G7","15","15","51930","52000"
"In post","2022","Government Property Agency","Manchester","Outside London","HEO","[c]","[c]","[c]","[c]"
"In post","2022","Government Property Agency","Manchester","Outside London","SCS level","[c]","[c]","[c]","[c]"
"In post","2022","Government Property Agency","Manchester","Outside London","SEO","5","5","[c]","[c]"
"In post","2022","Government Property Agency","Monmouthshire and Newport","Outside London","EO","[c]","[c]","[c]","[c]"
"In post","2022","Government Property Agency","Monmouthshire and Newport","Outside London","G7","[c]","[c]","[c]","[c]"
"In post","2022","Government Property Agency","Monmouthshire and Newport","Outside London","HEO","[c]","[c]","[c]","[c]"
"In post","2022","Government Property Agency","Norwich and East Norfolk","Outside London","G6","[c]","[c]","[c]","[c]"
"In post","2022","Government Property Agency","Norwich and East Norfolk","Outside London","HEO","[c]","[c]","[c]","[c]"
"In post","2022","Government Property Agency","Nottingham","Outside London","G6","10","10","[c]","[c]"
"In post","2022","Government Property Agency","Nottingham","Outside London","G7","5","5","[c]","[c]"
"In post","2022","Government Property Agency","Nottingham","Outside London","HEO","[c]","[c]","[c]","[c]"
"In post","2022","Government Property Agency","Nottingham","Outside London","SEO","[c]","[c]","[c]","[c]"
"In post","2022","Government Property Agency","Swindon","Outside London","EO","[c]","[c]","[c]","[c]"
"In post","2022","Government Property Agency","Swindon","Outside London","G6","[c]","[c]","[c]","[c]"
"In post","2022","Government Property Agency","Swindon","Outside London","G7","[c]","[c]","[c]","[c]"
"In post","2022","Government Property Agency","Swindon","Outside London","HEO","[c]","[c]","[c]","[c]"
"In post","2022","Government Property Agency","Swindon","Outside London","SEO","[c]","[c]","[c]","[c]"
"In post","2022","Government Property Agency","Westminster","London","AO","[c]","[c]","[c]","[c]"
"In post","2022","Government Property Agency","Westminster","London","EO","10","10","[c]","[c]"
"In post","2022","Government Property Agency","Westminster","London","G6","20","20","68610","66440"
"In post","2022","Government Property Agency","Westminster","London","G7","30","30","56700","55000"
"In post","2022","Government Property Agency","Westminster","London","HEO","15","15","35460","35590"
"In post","2022","Government Property Agency","Westminster","London","SCS level","10","10","89330","85060"
"In post","2022","Government Property Agency","Westminster","London","SEO","15","15","41120","41160"
"In post","2022","Health and Safety Executive","Aberdeen City and Aberdeenshire","Outside London","AO","5","5","[c]","[c]"
"In post","2022","Health and Safety Executive","Aberdeen City and Aberdeenshire","Outside London","EO","5","5","[c]","[c]"
"In post","2022","Health and Safety Executive","Aberdeen City and Aberdeenshire","Outside London","G6","[c]","[c]","[c]","[c]"
"In post","2022","Health and Safety Executive","Aberdeen City and Aberdeenshire","Outside London","G7","15","15","91120","99280"
"In post","2022","Health and Safety Executive","Aberdeen City and Aberdeenshire","Outside London","HEO","5","5","[c]","[c]"
"In post","2022","Health and Safety Executive","Aberdeen City and Aberdeenshire","Outside London","SEO","70","65","87770","90870"
"In post","2022","Health and Safety Executive","Bedford","Outside London","AO","10","5","[c]","[c]"
"In post","2022","Health and Safety Executive","Bedford","Outside London","EO","5","5","[c]","[c]"
"In post","2022","Health and Safety Executive","Bedford","Outside London","G6","[c]","[c]","[c]","[c]"
"In post","2022","Health and Safety Executive","Bedford","Outside London","G7","10","10","58560","53430"
"In post","2022","Health and Safety Executive","Bedford","Outside London","HEO","5","5","[c]","[c]"
"In post","2022","Health and Safety Executive","Bedford","Outside London","SCS level","[c]","[c]","[c]","[c]"
"In post","2022","Health and Safety Executive","Bedford","Outside London","SEO","30","30","45670","46320"
"In post","2022","Health and Safety Executive","Birmingham","Outside London","AO","10","10","22410","22410"
"In post","2022","Health and Safety Executive","Birmingham","Outside London","EO","5","5","[c]","[c]"
"In post","2022","Health and Safety Executive","Birmingham","Outside London","G6","[c]","[c]","[c]","[c]"
"In post","2022","Health and Safety Executive","Birmingham","Outside London","G7","15","15","58790","53430"
"In post","2022","Health and Safety Executive","Birmingham","Outside London","HEO","10","10","32910","31710"
"In post","2022","Health and Safety Executive","Birmingham","Outside London","SCS level","[c]","[c]","[c]","[c]"
"In post","2022","Health and Safety Executive","Birmingham","Outside London","SEO","40","35","47990","46320"
"In post","2022","Health and Safety Executive","Bristol, City of","Outside London","AO","[c]","[c]","[c]","[c]"
"In post","2022","Health and Safety Executive","Bristol, City of","Outside London","EO","10","10","[c]","[c]"
"In post","2022","Health and Safety Executive","Bristol, City of","Outside London","G6","[c]","[c]","[c]","[c]"
"In post","2022","Health and Safety Executive","Bristol, City of","Outside London","G7","10","10","58510","56520"
"In post","2022","Health and Safety Executive","Bristol, City of","Outside London","HEO","10","10","[c]","[c]"
"In post","2022","Health and Safety Executive","Bristol, City of","Outside London","SEO","25","20","48490","46320"
"In post","2022","Health and Safety Executive","Cardiff and Vale of Glamorgan","Outside London","AO","15","15","22880","22410"
"In post","2022","Health and Safety Executive","Cardiff and Vale of Glamorgan","Outside London","EO","5","5","[c]","[c]"
"In post","2022","Health and Safety Executive","Cardiff and Vale of Glamorgan","Outside London","G6","[c]","[c]","[c]","[c]"
"In post","2022","Health and Safety Executive","Cardiff and Vale of Glamorgan","Outside London","G7","10","10","[c]","[c]"
"In post","2022","Health and Safety Executive","Cardiff and Vale of Glamorgan","Outside London","HEO","5","5","[c]","[c]"
"In post","2022","Health and Safety Executive","Cardiff and Vale of Glamorgan","Outside London","SEO","30","30","47460","46320"
"In post","2022","Health and Safety Executive","Cheshire East","Outside London","AO","[c]","[c]","[c]","[c]"
"In post","2022","Health and Safety Executive","Cheshire East","Outside London","EO","5","5","[c]","[c]"
"In post","2022","Health and Safety Executive","Cheshire East","Outside London","G6","[c]","[c]","[c]","[c]"
"In post","2022","Health and Safety Executive","Cheshire East","Outside London","G7","5","5","[c]","[c]"
"In post","2022","Health and Safety Executive","Cheshire East","Outside London","HEO","5","5","[c]","[c]"
"In post","2022","Health and Safety Executive","Cheshire East","Outside London","SCS level","[c]","[c]","[c]","[c]"
"In post","2022","Health and Safety Executive","Cheshire East","Outside London","SEO","10","10","44890","46320"
"In post","2022","Health and Safety Executive","City of Edinburgh","Outside London","AO","5","5","[c]","[c]"
"In post","2022","Health and Safety Executive","City of Edinburgh","Outside London","EO","5","5","[c]","[c]"
"In post","2022","Health and Safety Executive","City of Edinburgh","Outside London","G7","5","5","[c]","[c]"
"In post","2022","Health and Safety Executive","City of Edinburgh","Outside London","HEO","[c]","[c]","[c]","[c]"
"In post","2022","Health and Safety Executive","City of Edinburgh","Outside London","SEO","25","20","46760","46320"
"In post","2022","Health and Safety Executive","Cornwall and Isles of Scilly","Outside London","AO","[c]","[c]","[c]","[c]"
"In post","2022","Health and Safety Executive","East Cumbria","Outside London","AO","[c]","[c]","[c]","[c]"
"In post","2022","Health and Safety Executive","East Cumbria","Outside London","EO","[c]","[c]","[c]","[c]"
"In post","2022","Health and Safety Executive","East Cumbria","Outside London","G6","[c]","[c]","[c]","[c]"
"In post","2022","Health and Safety Executive","East Cumbria","Outside London","G7","[c]","[c]","[c]","[c]"
"In post","2022","Health and Safety Executive","East Cumbria","Outside London","HEO","[c]","[c]","[c]","[c]"
"In post","2022","Health and Safety Executive","East Cumbria","Outside London","SEO","[c]","[c]","[c]","[c]"
"In post","2022","Health and Safety Executive","East Derbyshire","Outside London","G6","[c]","[c]","[c]","[c]"
"In post","2022","Health and Safety Executive","East Kent","Outside London","SEO","[c]","[c]","[c]","[c]"
"In post","2022","Health and Safety Executive","East Lancashire","Outside London","SEO","[c]","[c]","[c]","[c]"
"In post","2022","Health and Safety Executive","East Surrey","Outside London","AO","[c]","[c]","[c]","[c]"
"In post","2022","Health and Safety Executive","East Surrey","Outside London","EO","[c]","[c]","[c]","[c]"
"In post","2022","Health and Safety Executive","East Surrey","Outside London","G6","[c]","[c]","[c]","[c]"
"In post","2022","Health and Safety Executive","East Surrey","Outside London","G7","[c]","[c]","[c]","[c]"
"In post","2022","Health and Safety Executive","East Surrey","Outside London","HEO","5","5","[c]","[c]"
"In post","2022","Health and Safety Executive","East Surrey","Outside London","SEO","15","15","43980","45870"
"In post","2022","Health and Safety Executive","Flintshire and Wrexham","Outside London","AO","[c]","[c]","[c]","[c]"
"In post","2022","Health and Safety Executive","Flintshire and Wrexham","Outside London","EO","[c]","[c]","[c]","[c]"
"In post","2022","Health and Safety Executive","Flintshire and Wrexham","Outside London","G6","[c]","[c]","[c]","[c]"
"In post","2022","Health and Safety Executive","Flintshire and Wrexham","Outside London","G7","[c]","[c]","[c]","[c]"
"In post","2022","Health and Safety Executive","Flintshire and Wrexham","Outside London","HEO","[c]","[c]","[c]","[c]"
"In post","2022","Health and Safety Executive","Flintshire and Wrexham","Outside London","SEO","5","5","[c]","[c]"
"In post","2022","Health and Safety Executive","Glasgow City","Outside London","AO","10","5","[c]","[c]"
"In post","2022","Health and Safety Executive","Glasgow City","Outside London","EO","5","5","[c]","[c]"
"In post","2022","Health and Safety Executive","Glasgow City","Outside London","G6","[c]","[c]","[c]","[c]"
"In post","2022","Health and Safety Executive","Glasgow City","Outside London","G7","10","10","55980","53430"
"In post","2022","Health and Safety Executive","Glasgow City","Outside London","HEO","[c]","[c]","[c]","[c]"
"In post","2022","Health and Safety Executive","Glasgow City","Outside London","SCS level","[c]","[c]","[c]","[c]"
"In post","2022","Health and Safety Executive","Glasgow City","Outside London","SEO","35","35","47420","46090"
"In post","2022","Health and Safety Executive","Heart of Essex","Outside London","AO","[c]","[c]","[c]","[c]"
"In post","2022","Health and Safety Executive","Heart of Essex","Outside London","EO","[c]","[c]","[c]","[c]"
"In post","2022","Health and Safety Executive","Heart of Essex","Outside London","G6","[c]","[c]","[c]","[c]"
"In post","2022","Health and Safety Executive","Heart of Essex","Outside London","G7","5","5","[c]","[c]"
"In post","2022","Health and Safety Executive","Heart of Essex","Outside London","HEO","10","10","[c]","[c]"
"In post","2022","Health and Safety Executive","Heart of Essex","Outside London","SCS level","[c]","[c]","[c]","[c]"
"In post","2022","Health and Safety Executive","Heart of Essex","Outside London","SEO","20","20","48240","46320"
"In post","2022","Health and Safety Executive","Inverness and Nairn, Moray, and Badenoch and Strathspey","Outside London","AO","[c]","[c]","[c]","[c]"
"In post","2022","Health and Safety Executive","Inverness and Nairn, Moray, and Badenoch and Strathspey","Outside London","SEO","[c]","[c]","[c]","[c]"
"In post","2022","Health and Safety Executive","Leeds","Outside London","AO","10","5","[c]","[c]"
"In post","2022","Health and Safety Executive","Leeds","Outside London","EO","10","10","[c]","[c]"
"In post","2022","Health and Safety Executive","Leeds","Outside London","G6","5","5","[c]","[c]"
"In post","2022","Health and Safety Executive","Leeds","Outside London","G7","20","20","58130","57510"
"In post","2022","Health and Safety Executive","Leeds","Outside London","HEO","[c]","[c]","[c]","[c]"
"In post","2022","Health and Safety Executive","Leeds","Outside London","SCS level","[c]","[c]","[c]","[c]"
"In post","2022","Health and Safety Executive","Leeds","Outside London","SEO","55","55","47790","46320"
"In post","2022","Health and Safety Executive","Lincolnshire CC","Outside London","SEO","[c]","[c]","[c]","[c]"
"In post","2022","Health and Safety Executive","Mid Kent","Outside London","AO","[c]","[c]","[c]","[c]"
"In post","2022","Health and Safety Executive","Mid Kent","Outside London","EO","[c]","[c]","[c]","[c]"
"In post","2022","Health and Safety Executive","Mid Kent","Outside London","G6","[c]","[c]","[c]","[c]"
"In post","2022","Health and Safety Executive","Mid Kent","Outside London","G7","[c]","[c]","[c]","[c]"
"In post","2022","Health and Safety Executive","Mid Kent","Outside London","HEO","[c]","[c]","[c]","[c]"
"In post","2022","Health and Safety Executive","Mid Kent","Outside London","SEO","10","10","[c]","[c]"
"In post","2022","Health and Safety Executive","North Hampshire","Outside London","AO","5","5","[c]","[c]"
"In post","2022","Health and Safety Executive","North Hampshire","Outside London","EO","5","5","[c]","[c]"
"In post","2022","Health and Safety Executive","North Hampshire","Outside London","G6","[c]","[c]","[c]","[c]"
"In post","2022","Health and Safety Executive","North Hampshire","Outside London","G7","10","10","[c]","[c]"
"In post","2022","Health and Safety Executive","North Hampshire","Outside London","HEO","[c]","[c]","[c]","[c]"
"In post","2022","Health and Safety Executive","North Hampshire","Outside London","SEO","15","15","52190","48500"
"In post","2022","Health and Safety Executive","North Yorkshire CC","Outside London","G7","[c]","[c]","[c]","[c]"
"In post","2022","Health and Safety Executive","Norwich and East Norfolk","Outside London","AO","[c]","[c]","[c]","[c]"
"In post","2022","Health and Safety Executive","Norwich and East Norfolk","Outside London","EO","5","5","[c]","[c]"
"In post","2022","Health and Safety Executive","Norwich and East Norfolk","Outside London","G7","[c]","[c]","[c]","[c]"
"In post","2022","Health and Safety Executive","Norwich and East Norfolk","Outside London","HEO","5","5","[c]","[c]"
"In post","2022","Health and Safety Executive","Norwich and East Norfolk","Outside London","SEO","10","10","[c]","[c]"
"In post","2022","Health and Safety Executive","Plymouth","Outside London","AO","[c]","[c]","[c]","[c]"
"In post","2022","Health and Safety Executive","Plymouth","Outside London","EO","[c]","[c]","[c]","[c]"
"In post","2022","Health and Safety Executive","Plymouth","Outside London","G7","[c]","[c]","[c]","[c]"
"In post","2022","Health and Safety Executive","Plymouth","Outside London","HEO","[c]","[c]","[c]","[c]"
"In post","2022","Health and Safety Executive","Plymouth","Outside London","SEO","15","15","47640","46320"
"In post","2022","Health and Safety Executive","Sefton","Outside London","AO","115","100","21780","22410"
"In post","2022","Health and Safety Executive","Sefton","Outside London","EO","235","220","27270","26410"
"In post","2022","Health and Safety Executive","Sefton","Outside London","G6","40","40","66850","65720"
"In post","2022","Health and Safety Executive","Sefton","Outside London","G7","155","145","56810","53430"
"In post","2022","Health and Safety Executive","Sefton","Outside London","HEO","165","155","33320","32000"
"In post","2022","Health and Safety Executive","Sefton","Outside London","SCS level","10","10","87940","82500"
"In post","2022","Health and Safety Executive","Sefton","Outside London","SEO","235","220","44920","41610"
"In post","2022","Health and Safety Executive","Sheffield","Outside London","AO","5","5","[c]","[c]"
"In post","2022","Health and Safety Executive","Sheffield","Outside London","EO","5","5","[c]","[c]"
"In post","2022","Health and Safety Executive","Sheffield","Outside London","G6","[c]","[c]","[c]","[c]"
"In post","2022","Health and Safety Executive","Sheffield","Outside London","G7","10","10","56870","55470"
"In post","2022","Health and Safety Executive","Sheffield","Outside London","HEO","10","10","[c]","[c]"
"In post","2022","Health and Safety Executive","Sheffield","Outside London","SCS level","[c]","[c]","[c]","[c]"
"In post","2022","Health and Safety Executive","Sheffield","Outside London","SEO","20","20","48210","45770"
"In post","2022","Health and Safety Executive","South and West Derbyshire","Outside London","AO","15","15","21970","22410"
"In post","2022","Health and Safety Executive","South and West Derbyshire","Outside London","EO","60","55","27380","26540"
"In post","2022","Health and Safety Executive","South and West Derbyshire","Outside London","G6","25","20","72540","72340"
"In post","2022","Health and Safety Executive","South and West Derbyshire","Outside London","G7","65","60","55640","53950"
"In post","2022","Health and Safety Executive","South and West Derbyshire","Outside London","HEO","65","60","32960","31710"
"In post","2022","Health and Safety Executive","South and West Derbyshire","Outside London","SCS level","[c]","[c]","[c]","[c]"
"In post","2022","Health and Safety Executive","South and West Derbyshire","Outside London","SEO","90","85","42310","43170"
"In post","2022","Health and Safety Executive","South Nottinghamshire","Outside London","AO","[c]","[c]","[c]","[c]"
"In post","2022","Health and Safety Executive","South Nottinghamshire","Outside London","EO","5","5","[c]","[c]"
"In post","2022","Health and Safety Executive","South Nottinghamshire","Outside London","G6","[c]","[c]","[c]","[c]"
"In post","2022","Health and Safety Executive","South Nottinghamshire","Outside London","G7","15","15","64870","71910"
"In post","2022","Health and Safety Executive","South Nottinghamshire","Outside London","HEO","10","10","[c]","[c]"
"In post","2022","Health and Safety Executive","South Nottinghamshire","Outside London","SCS level","[c]","[c]","[c]","[c]"
"In post","2022","Health and Safety Executive","South Nottinghamshire","Outside London","SEO","20","15","44320","42000"
"In post","2022","Health and Safety Executive","South West Wales","Outside London","AO","[c]","[c]","[c]","[c]"
"In post","2022","Health and Safety Executive","South West Wales","Outside London","G7","[c]","[c]","[c]","[c]"
"In post","2022","Health and Safety Executive","South West Wales","Outside London","HEO","[c]","[c]","[c]","[c]"
"In post","2022","Health and Safety Executive","South West Wales","Outside London","SEO","[c]","[c]","[c]","[c]"
"In post","2022","Health and Safety Executive","Tower Hamlets","London","AO","10","10","26640","26790"
"In post","2022","Health and Safety Executive","Tower Hamlets","London","EO","15","15","33120","33880"
"In post","2022","Health and Safety Executive","Tower Hamlets","London","G6","5","5","[c]","[c]"
"In post","2022","Health and Safety Executive","Tower Hamlets","London","G7","30","25","59020","57810"
"In post","2022","Health and Safety Executive","Tower Hamlets","London","HEO","30","30","36350","36040"
"In post","2022","Health and Safety Executive","Tower Hamlets","London","SCS level","5","5","[c]","[c]"
"In post","2022","Health and Safety Executive","Tower Hamlets","London","SEO","55","55","48490","45850"
"In post","2022","Health and Safety Executive","Tyneside","Outside London","AO","10","10","22410","22410"
"In post","2022","Health and Safety Executive","Tyneside","Outside London","EO","10","5","[c]","[c]"
"In post","2022","Health and Safety Executive","Tyneside","Outside London","G6","[c]","[c]","[c]","[c]"
"In post","2022","Health and Safety Executive","Tyneside","Outside London","G7","10","10","55090","53430"
"In post","2022","Health and Safety Executive","Tyneside","Outside London","HEO","5","5","[c]","[c]"
"In post","2022","Health and Safety Executive","Tyneside","Outside London","SEO","40","40","47640","46320"
"In post","2022","Health and Safety Executive","York","Outside London","AO","20","20","21760","22410"
"In post","2022","Health and Safety Executive","York","Outside London","EO","80","80","26480","26370"
"In post","2022","Health and Safety Executive","York","Outside London","G6","[c]","[c]","[c]","[c]"
"In post","2022","Health and Safety Executive","York","Outside London","G7","20","20","53520","53430"
"In post","2022","Health and Safety Executive","York","Outside London","HEO","60","50","33040","31710"
"In post","2022","Health and Safety Executive","York","Outside London","SEO","50","50","40600","39390"
"In post","2022","HM Courts and Tribunals Service","Aberdeen City and Aberdeenshire","Outside London","AA","[c]","[c]","[c]","[c]"
"In post","2022","HM Courts and Tribunals Service","Aberdeen City and Aberdeenshire","Outside London","AO","[c]","[c]","[c]","[c]"
"In post","2022","HM Courts and Tribunals Service","Aberdeen City and Aberdeenshire","Outside London","EO","[c]","[c]","[c]","[c]"
"In post","2022","HM Courts and Tribunals Service","Angus and Dundee City","Outside London","AA","[c]","[c]","[c]","[c]"
"In post","2022","HM Courts and Tribunals Service","Angus and Dundee City","Outside London","AO","[c]","[c]","[c]","[c]"
"In post","2022","HM Courts and Tribunals Service","Angus and Dundee City","Outside London","EO","[c]","[c]","[c]","[c]"
"In post","2022","HM Courts and Tribunals Service","Angus and Dundee City","Outside London","HEO","[c]","[c]","[c]","[c]"
"In post","2022","HM Courts and Tribunals Service","Barking & Dagenham and Havering","London","AA","5","5","[c]","[c]"
"In post","2022","HM Courts and Tribunals Service","Barking & Dagenham and Havering","London","AO","35","30","23760","23720"
"In post","2022","HM Courts and Tribunals Service","Barking & Dagenham and Havering","London","EO","[c]","[c]","[c]","[c]"
"In post","2022","HM Courts and Tribunals Service","Barking & Dagenham and Havering","London","HEO","[c]","[c]","[c]","[c]"
"In post","2022","HM Courts and Tribunals Service","Barking & Dagenham and Havering","London","SEO","5","5","[c]","[c]"
"In post","2022","HM Courts and Tribunals Service","Barnet","London","AA","[c]","[c]","[c]","[c]"
"In post","2022","HM Courts and Tribunals Service","Barnet","London","AO","25","25","23720","23720"
"In post","2022","HM Courts and Tribunals Service","Barnet","London","EO","[c]","[c]","[c]","[c]"
"In post","2022","HM Courts and Tribunals Service","Barnet","London","HEO","[c]","[c]","[c]","[c]"
"In post","2022","HM Courts and Tribunals Service","Barnet","London","SEO","[c]","[c]","[c]","[c]"
"In post","2022","HM Courts and Tribunals Service","Barnsley, Doncaster and Rotherham","Outside London","AA","10","10","19200","19200"
"In post","2022","HM Courts and Tribunals Service","Barnsley, Doncaster and Rotherham","Outside London","AO","45","35","21020","20970"
"In post","2022","HM Courts and Tribunals Service","Barnsley, Doncaster and Rotherham","Outside London","EO","10","10","[c]","[c]"
"In post","2022","HM Courts and Tribunals Service","Barnsley, Doncaster and Rotherham","Outside London","G6","[c]","[c]","[c]","[c]"
"In post","2022","HM Courts and Tribunals Service","Barnsley, Doncaster and Rotherham","Outside London","HEO","[c]","[c]","[c]","[c]"
"In post","2022","HM Courts and Tribunals Service","Barnsley, Doncaster and Rotherham","Outside London","SEO","5","5","[c]","[c]"
"In post","2022","HM Courts and Tribunals Service","Bath and North East Somerset, North Somerset and South Gloucestershire","Outside London","AA","5","5","[c]","[c]"
"In post","2022","HM Courts and Tribunals Service","Bath and North East Somerset, North Somerset and South Gloucestershire","Outside London","AO","50","40","21010","20970"
"In post","2022","HM Courts and Tribunals Service","Bath and North East Somerset, North Somerset and South Gloucestershire","Outside London","EO","15","10","25170","25120"
"In post","2022","HM Courts and Tribunals Service","Bath and North East Somerset, North Somerset and South Gloucestershire","Outside London","G6","[c]","[c]","[c]","[c]"
"In post","2022","HM Courts and Tribunals Service","Bath and North East Somerset, North Somerset and South Gloucestershire","Outside London","G7","[c]","[c]","[c]","[c]"
"In post","2022","HM Courts and Tribunals Service","Bath and North East Somerset, North Somerset and South Gloucestershire","Outside London","HEO","[c]","[c]","[c]","[c]"
"In post","2022","HM Courts and Tribunals Service","Bath and North East Somerset, North Somerset and South Gloucestershire","Outside London","SCS level","[c]","[c]","[c]","[c]"
"In post","2022","HM Courts and Tribunals Service","Bath and North East Somerset, North Somerset and South Gloucestershire","Outside London","SEO","10","5","[c]","[c]"
"In post","2022","HM Courts and Tribunals Service","Bedford","Outside London","AA","[c]","[c]","[c]","[c]"
"In post","2022","HM Courts and Tribunals Service","Bedford","Outside London","AO","20","15","21000","20970"
"In post","2022","HM Courts and Tribunals Service","Bedford","Outside London","EO","[c]","[c]","[c]","[c]"
"In post","2022","HM Courts and Tribunals Service","Bedford","Outside London","HEO","[c]","[c]","[c]","[c]"
"In post","2022","HM Courts and Tribunals Service","Bedford","Outside London","SCS level","[c]","[c]","[c]","[c]"
"In post","2022","HM Courts and Tribunals Service","Bedford","Outside London","SEO","[c]","[c]","[c]","[c]"
"In post","2022","HM Courts and Tribunals Service","Berkshire","Outside London","AA","15","15","19200","19200"
"In post","2022","HM Courts and Tribunals Service","Berkshire","Outside London","AO","55","50","21460","21490"
"In post","2022","HM Courts and Tribunals Service","Berkshire","Outside London","EO","20","20","25780","25360"
"In post","2022","HM Courts and Tribunals Service","Berkshire","Outside London","G6","[c]","[c]","[c]","[c]"
"In post","2022","HM Courts and Tribunals Service","Berkshire","Outside London","G7","[c]","[c]","[c]","[c]"
"In post","2022","HM Courts and Tribunals Service","Berkshire","Outside London","HEO","10","10","[c]","[c]"
"In post","2022","HM Courts and Tribunals Service","Berkshire","Outside London","SEO","10","10","41520","42990"
"In post","2022","HM Courts and Tribunals Service","Bexley and Greenwich","London","AA","10","10","21650","21650"
"In post","2022","HM Courts and Tribunals Service","Bexley and Greenwich","London","AO","25","20","24010","23820"
"In post","2022","HM Courts and Tribunals Service","Bexley and Greenwich","London","EO","20","20","28380","28310"
"In post","2022","HM Courts and Tribunals Service","Bexley and Greenwich","London","G7","[c]","[c]","[c]","[c]"
"In post","2022","HM Courts and Tribunals Service","Bexley and Greenwich","London","HEO","[c]","[c]","[c]","[c]"
"In post","2022","HM Courts and Tribunals Service","Bexley and Greenwich","London","SEO","5","5","[c]","[c]"
"In post","2022","HM Courts and Tribunals Service","Birmingham","Outside London","AA","75","70","19200","19200"
"In post","2022","HM Courts and Tribunals Service","Birmingham","Outside London","AO","500","445","21170","20970"
"In post","2022","HM Courts and Tribunals Service","Birmingham","Outside London","EO","140","135","25230","25120"
"In post","2022","HM Courts and Tribunals Service","Birmingham","Outside London","G6","5","5","[c]","[c]"
"In post","2022","HM Courts and Tribunals Service","Birmingham","Outside London","G7","20","20","52380","50430"
"In post","2022","HM Courts and Tribunals Service","Birmingham","Outside London","HEO","80","80","30610","30450"
"In post","2022","HM Courts and Tribunals Service","Birmingham","Outside London","SCS level","[c]","[c]","[c]","[c]"
"In post","2022","HM Courts and Tribunals Service","Birmingham","Outside London","SEO","70","65","38650","36050"
"In post","2022","HM Courts and Tribunals Service","Birmingham","Outside London","Unknown","[c]","[c]","[c]","[c]"
"In post","2022","HM Courts and Tribunals Service","Blackburn with Darwen","Outside London","AA","10","10","[c]","[c]"
"In post","2022","HM Courts and Tribunals Service","Blackburn with Darwen","Outside London","AO","20","20","20980","20970"
"In post","2022","HM Courts and Tribunals Service","Blackburn with Darwen","Outside London","EO","[c]","[c]","[c]","[c]"
"In post","2022","HM Courts and Tribunals Service","Blackburn with Darwen","Outside London","G7","[c]","[c]","[c]","[c]"
"In post","2022","HM Courts and Tribunals Service","Blackburn with Darwen","Outside London","HEO","[c]","[c]","[c]","[c]"
"In post","2022","HM Courts and Tribunals Service","Blackburn with Darwen","Outside London","SEO","[c]","[c]","[c]","[c]"
"In post","2022","HM Courts and Tribunals Service","Blackpool","Outside London","AA","5","5","[c]","[c]"
"In post","2022","HM Courts and Tribunals Service","Blackpool","Outside London","AO","20","15","21020","20970"
"In post","2022","HM Courts and Tribunals Service","Blackpool","Outside London","EO","[c]","[c]","[c]","[c]"
"In post","2022","HM Courts and Tribunals Service","Blackpool","Outside London","G6","[c]","[c]","[c]","[c]"
"In post","2022","HM Courts and Tribunals Service","Blackpool","Outside London","G7","[c]","[c]","[c]","[c]"
"In post","2022","HM Courts and Tribunals Service","Blackpool","Outside London","HEO","[c]","[c]","[c]","[c]"
"In post","2022","HM Courts and Tribunals Service","Blackpool","Outside London","SEO","[c]","[c]","[c]","[c]"
"In post","2022","HM Courts and Tribunals Service","Bournemouth, Christchurch and Poole","Outside London","AA","15","15","19200","19200"
"In post","2022","HM Courts and Tribunals Service","Bournemouth, Christchurch and Poole","Outside London","AO","60","50","21000","20970"
"In post","2022","HM Courts and Tribunals Service","Bournemouth, Christchurch and Poole","Outside London","EO","15","15","25330","25120"
"In post","2022","HM Courts and Tribunals Service","Bournemouth, Christchurch and Poole","Outside London","G6","[c]","[c]","[c]","[c]"
"In post","2022","HM Courts and Tribunals Service","Bournemouth, Christchurch and Poole","Outside London","G7","[c]","[c]","[c]","[c]"
"In post","2022","HM Courts and Tribunals Service","Bournemouth, Christchurch and Poole","Outside London","HEO","10","10","[c]","[c]"
"In post","2022","HM Courts and Tribunals Service","Bournemouth, Christchurch and Poole","Outside London","SEO","5","5","[c]","[c]"
"In post","2022","HM Courts and Tribunals Service","Bradford","Outside London","AA","20","15","19200","19200"
"In post","2022","HM Courts and Tribunals Service","Bradford","Outside London","AO","125","105","20970","20970"
"In post","2022","HM Courts and Tribunals Service","Bradford","Outside London","EO","30","25","25210","25120"
"In post","2022","HM Courts and Tribunals Service","Bradford","Outside London","G7","[c]","[c]","[c]","[c]"
"In post","2022","HM Courts and Tribunals Service","Bradford","Outside London","HEO","20","20","30540","30450"
"In post","2022","HM Courts and Tribunals Service","Bradford","Outside London","SEO","10","10","40870","41480"
"In post","2022","HM Courts and Tribunals Service","Brent","London","AA","10","10","21650","21650"
"In post","2022","HM Courts and Tribunals Service","Brent","London","AO","75","65","24210","24310"
"In post","2022","HM Courts and Tribunals Service","Brent","London","EO","10","10","29080","28310"
"In post","2022","HM Courts and Tribunals Service","Brent","London","G7","[c]","[c]","[c]","[c]"
"In post","2022","HM Courts and Tribunals Service","Brent","London","HEO","10","10","35110","34260"
"In post","2022","HM Courts and Tribunals Service","Brent","London","SEO","15","10","47650","48360"
"In post","2022","HM Courts and Tribunals Service","Bridgend and Neath Port Talbot","Outside London","AA","5","5","[c]","[c]"
"In post","2022","HM Courts and Tribunals Service","Bridgend and Neath Port Talbot","Outside London","AO","90","85","20970","20970"
"In post","2022","HM Courts and Tribunals Service","Bridgend and Neath Port Talbot","Outside London","EO","15","10","25140","25120"
"In post","2022","HM Courts and Tribunals Service","Bridgend and Neath Port Talbot","Outside London","G7","[c]","[c]","[c]","[c]"
"In post","2022","HM Courts and Tribunals Service","Bridgend and Neath Port Talbot","Outside London","HEO","5","5","[c]","[c]"
"In post","2022","HM Courts and Tribunals Service","Bridgend and Neath Port Talbot","Outside London","SEO","5","5","[c]","[c]"
"In post","2022","HM Courts and Tribunals Service","Brighton and Hove","Outside London","AA","25","20","19200","19200"
"In post","2022","HM Courts and Tribunals Service","Brighton and Hove","Outside London","AO","50","45","21190","20970"
"In post","2022","HM Courts and Tribunals Service","Brighton and Hove","Outside London","EO","20","20","25450","25120"
"In post","2022","HM Courts and Tribunals Service","Brighton and Hove","Outside London","G6","[c]","[c]","[c]","[c]"
"In post","2022","HM Courts and Tribunals Service","Brighton and Hove","Outside London","G7","[c]","[c]","[c]","[c]"
"In post","2022","HM Courts and Tribunals Service","Brighton and Hove","Outside London","HEO","10","10","[c]","[c]"
"In post","2022","HM Courts and Tribunals Service","Brighton and Hove","Outside London","SCS level","[c]","[c]","[c]","[c]"
"In post","2022","HM Courts and Tribunals Service","Brighton and Hove","Outside London","SEO","10","10","41550","42120"
"In post","2022","HM Courts and Tribunals Service","Bristol, City of","Outside London","AA","35","30","19200","19200"
"In post","2022","HM Courts and Tribunals Service","Bristol, City of","Outside London","AO","120","110","21190","20970"
"In post","2022","HM Courts and Tribunals Service","Bristol, City of","Outside London","EO","40","40","25390","25120"
"In post","2022","HM Courts and Tribunals Service","Bristol, City of","Outside London","G7","[c]","[c]","[c]","[c]"
"In post","2022","HM Courts and Tribunals Service","Bristol, City of","Outside London","HEO","15","15","31060","30450"
"In post","2022","HM Courts and Tribunals Service","Bristol, City of","Outside London","SCS level","[c]","[c]","[c]","[c]"
"In post","2022","HM Courts and Tribunals Service","Bristol, City of","Outside London","SEO","20","20","40830","41100"
"In post","2022","HM Courts and Tribunals Service","Bromley","London","AA","10","5","[c]","[c]"
"In post","2022","HM Courts and Tribunals Service","Bromley","London","AO","80","65","23790","23720"
"In post","2022","HM Courts and Tribunals Service","Bromley","London","EO","15","10","28730","28310"
"In post","2022","HM Courts and Tribunals Service","Bromley","London","G7","[c]","[c]","[c]","[c]"
"In post","2022","HM Courts and Tribunals Service","Bromley","London","HEO","10","10","34440","34260"
"In post","2022","HM Courts and Tribunals Service","Bromley","London","SEO","10","10","48310","48560"
"In post","2022","HM Courts and Tribunals Service","Buckinghamshire","Outside London","AA","5","5","[c]","[c]"
"In post","2022","HM Courts and Tribunals Service","Buckinghamshire","Outside London","AO","10","10","21270","21450"
"In post","2022","HM Courts and Tribunals Service","Buckinghamshire","Outside London","EO","10","5","[c]","[c]"
"In post","2022","HM Courts and Tribunals Service","Buckinghamshire","Outside London","G7","[c]","[c]","[c]","[c]"
"In post","2022","HM Courts and Tribunals Service","Buckinghamshire","Outside London","HEO","[c]","[c]","[c]","[c]"
"In post","2022","HM Courts and Tribunals Service","Buckinghamshire","Outside London","SEO","5","5","[c]","[c]"
"In post","2022","HM Courts and Tribunals Service","Calderdale and Kirklees","Outside London","AA","5","5","[c]","[c]"
"In post","2022","HM Courts and Tribunals Service","Calderdale and Kirklees","Outside London","AO","30","25","20970","20970"
"In post","2022","HM Courts and Tribunals Service","Calderdale and Kirklees","Outside London","EO","[c]","[c]","[c]","[c]"
"In post","2022","HM Courts and Tribunals Service","Calderdale and Kirklees","Outside London","G6","[c]","[c]","[c]","[c]"
"In post","2022","HM Courts and Tribunals Service","Calderdale and Kirklees","Outside London","G7","[c]","[c]","[c]","[c]"
"In post","2022","HM Courts and Tribunals Service","Calderdale and Kirklees","Outside London","HEO","5","5","[c]","[c]"
"In post","2022","HM Courts and Tribunals Service","Calderdale and Kirklees","Outside London","SEO","5","5","[c]","[c]"
"In post","2022","HM Courts and Tribunals Service","Cambridgeshire CC","Outside London","AA","10","5","[c]","[c]"
"In post","2022","HM Courts and Tribunals Service","Cambridgeshire CC","Outside London","AO","25","20","21070","20970"
"In post","2022","HM Courts and Tribunals Service","Cambridgeshire CC","Outside London","EO","10","10","25700","25120"
"In post","2022","HM Courts and Tribunals Service","Cambridgeshire CC","Outside London","G7","[c]","[c]","[c]","[c]"
"In post","2022","HM Courts and Tribunals Service","Cambridgeshire CC","Outside London","HEO","[c]","[c]","[c]","[c]"
"In post","2022","HM Courts and Tribunals Service","Cambridgeshire CC","Outside London","SCS level","[c]","[c]","[c]","[c]"
"In post","2022","HM Courts and Tribunals Service","Cambridgeshire CC","Outside London","SEO","[c]","[c]","[c]","[c]"
"In post","2022","HM Courts and Tribunals Service","Camden and City of London","London","AA","75","70","21650","21650"
"In post","2022","HM Courts and Tribunals Service","Camden and City of London","London","AO","475","450","23970","23720"
"In post","2022","HM Courts and Tribunals Service","Camden and City of London","London","EO","145","140","28660","28310"
"In post","2022","HM Courts and Tribunals Service","Camden and City of London","London","G6","5","5","[c]","[c]"
"In post","2022","HM Courts and Tribunals Service","Camden and City of London","London","G7","25","25","59620","58370"
"In post","2022","HM Courts and Tribunals Service","Camden and City of London","London","HEO","65","65","34650","34260"
"In post","2022","HM Courts and Tribunals Service","Camden and City of London","London","SCS level","[c]","[c]","[c]","[c]"
"In post","2022","HM Courts and Tribunals Service","Camden and City of London","London","SEO","40","40","43330","41750"
"In post","2022","HM Courts and Tribunals Service","Cardiff and Vale of Glamorgan","Outside London","AA","40","35","19200","19200"
"In post","2022","HM Courts and Tribunals Service","Cardiff and Vale of Glamorgan","Outside London","AO","150","140","20990","20970"
"In post","2022","HM Courts and Tribunals Service","Cardiff and Vale of Glamorgan","Outside London","EO","55","55","25160","25120"
"In post","2022","HM Courts and Tribunals Service","Cardiff and Vale of Glamorgan","Outside London","G6","[c]","[c]","[c]","[c]"
"In post","2022","HM Courts and Tribunals Service","Cardiff and Vale of Glamorgan","Outside London","G7","10","10","[c]","[c]"
"In post","2022","HM Courts and Tribunals Service","Cardiff and Vale of Glamorgan","Outside London","HEO","30","30","30560","30450"
"In post","2022","HM Courts and Tribunals Service","Cardiff and Vale of Glamorgan","Outside London","SCS level","[c]","[c]","[c]","[c]"
"In post","2022","HM Courts and Tribunals Service","Cardiff and Vale of Glamorgan","Outside London","SEO","25","25","39650","39720"
"In post","2022","HM Courts and Tribunals Service","Cardiff and Vale of Glamorgan","Outside London","Unknown","[c]","[c]","[c]","[c]"
"In post","2022","HM Courts and Tribunals Service","Central Hampshire","Outside London","AA","10","5","[c]","[c]"
"In post","2022","HM Courts and Tribunals Service","Central Hampshire","Outside London","AO","15","10","21170","20970"
"In post","2022","HM Courts and Tribunals Service","Central Hampshire","Outside London","EO","15","15","25190","25120"
"In post","2022","HM Courts and Tribunals Service","Central Hampshire","Outside London","HEO","[c]","[c]","[c]","[c]"
"In post","2022","HM Courts and Tribunals Service","Central Hampshire","Outside London","SCS level","[c]","[c]","[c]","[c]"
"In post","2022","HM Courts and Tribunals Service","Central Valleys","Outside London","AA","[c]","[c]","[c]","[c]"
"In post","2022","HM Courts and Tribunals Service","Central Valleys","Outside London","AO","35","30","20990","20970"
"In post","2022","HM Courts and Tribunals Service","Central Valleys","Outside London","EO","5","5","[c]","[c]"
"In post","2022","HM Courts and Tribunals Service","Central Valleys","Outside London","G7","[c]","[c]","[c]","[c]"
"In post","2022","HM Courts and Tribunals Service","Central Valleys","Outside London","HEO","[c]","[c]","[c]","[c]"
"In post","2022","HM Courts and Tribunals Service","Central Valleys","Outside London","SEO","10","5","[c]","[c]"
"In post","2022","HM Courts and Tribunals Service","Cheshire East","Outside London","AA","[c]","[c]","[c]","[c]"
"In post","2022","HM Courts and Tribunals Service","Cheshire East","Outside London","AO","10","10","21010","20970"
"In post","2022","HM Courts and Tribunals Service","Cheshire East","Outside London","EO","[c]","[c]","[c]","[c]"
"In post","2022","HM Courts and Tribunals Service","Cheshire East","Outside London","G6","[c]","[c]","[c]","[c]"
"In post","2022","HM Courts and Tribunals Service","Cheshire East","Outside London","G7","[c]","[c]","[c]","[c]"
"In post","2022","HM Courts and Tribunals Service","Cheshire East","Outside London","HEO","[c]","[c]","[c]","[c]"
"In post","2022","HM Courts and Tribunals Service","Cheshire East","Outside London","SEO","5","5","[c]","[c]"
"In post","2022","HM Courts and Tribunals Service","Cheshire West and Chester","Outside London","AA","10","10","19200","19200"
"In post","2022","HM Courts and Tribunals Service","Cheshire West and Chester","Outside London","AO","25","20","21030","20970"
"In post","2022","HM Courts and Tribunals Service","Cheshire West and Chester","Outside London","EO","15","15","25380","25120"
"In post","2022","HM Courts and Tribunals Service","Cheshire West and Chester","Outside London","HEO","5","5","[c]","[c]"
"In post","2022","HM Courts and Tribunals Service","Cheshire West and Chester","Outside London","SEO","[c]","[c]","[c]","[c]"
"In post","2022","HM Courts and Tribunals Service","City of Edinburgh","Outside London","AA","[c]","[c]","[c]","[c]"
"In post","2022","HM Courts and Tribunals Service","City of Edinburgh","Outside London","AO","10","10","[c]","[c]"
"In post","2022","HM Courts and Tribunals Service","City of Edinburgh","Outside London","EO","[c]","[c]","[c]","[c]"
"In post","2022","HM Courts and Tribunals Service","City of Edinburgh","Outside London","G7","[c]","[c]","[c]","[c]"
"In post","2022","HM Courts and Tribunals Service","City of Edinburgh","Outside London","HEO","[c]","[c]","[c]","[c]"
"In post","2022","HM Courts and Tribunals Service","City of Edinburgh","Outside London","SCS level","[c]","[c]","[c]","[c]"
"In post","2022","HM Courts and Tribunals Service","City of Edinburgh","Outside London","SEO","[c]","[c]","[c]","[c]"
"In post","2022","HM Courts and Tribunals Service","Conwy and Denbighshire","Outside London","AA","[c]","[c]","[c]","[c]"
"In post","2022","HM Courts and Tribunals Service","Conwy and Denbighshire","Outside London","AO","15","15","20970","20970"
"In post","2022","HM Courts and Tribunals Service","Conwy and Denbighshire","Outside London","EO","[c]","[c]","[c]","[c]"
"In post","2022","HM Courts and Tribunals Service","Conwy and Denbighshire","Outside London","G6","[c]","[c]","[c]","[c]"
"In post","2022","HM Courts and Tribunals Service","Conwy and Denbighshire","Outside London","G7","[c]","[c]","[c]","[c]"
"In post","2022","HM Courts and Tribunals Service","Conwy and Denbighshire","Outside London","HEO","[c]","[c]","[c]","[c]"
"In post","2022","HM Courts and Tribunals Service","Conwy and Denbighshire","Outside London","SEO","[c]","[c]","[c]","[c]"
"In post","2022","HM Courts and Tribunals Service","Cornwall and Isles of Scilly","Outside London","AA","15","10","19200","19200"
"In post","2022","HM Courts and Tribunals Service","Cornwall and Isles of Scilly","Outside London","AO","30","25","20990","20970"
"In post","2022","HM Courts and Tribunals Service","Cornwall and Isles of Scilly","Outside London","EO","10","10","[c]","[c]"
"In post","2022","HM Courts and Tribunals Service","Cornwall and Isles of Scilly","Outside London","G6","[c]","[c]","[c]","[c]"
"In post","2022","HM Courts and Tribunals Service","Cornwall and Isles of Scilly","Outside London","G7","[c]","[c]","[c]","[c]"
"In post","2022","HM Courts and Tribunals Service","Cornwall and Isles of Scilly","Outside London","HEO","5","5","[c]","[c]"
"In post","2022","HM Courts and Tribunals Service","Cornwall and Isles of Scilly","Outside London","SEO","5","5","[c]","[c]"
"In post","2022","HM Courts and Tribunals Service","Coventry","Outside London","AA","10","5","19200","19200"
"In post","2022","HM Courts and Tribunals Service","Coventry","Outside London","AO","25","20","21050","20970"
"In post","2022","HM Courts and Tribunals Service","Coventry","Outside London","EO","5","5","[c]","[c]"
"In post","2022","HM Courts and Tribunals Service","Coventry","Outside London","G7","[c]","[c]","[c]","[c]"
"In post","2022","HM Courts and Tribunals Service","Coventry","Outside London","HEO","[c]","[c]","[c]","[c]"
"In post","2022","HM Courts and Tribunals Service","Coventry","Outside London","SEO","5","5","[c]","[c]"
"In post","2022","HM Courts and Tribunals Service","Croydon","London","AA","20","20","21650","21650"
"In post","2022","HM Courts and Tribunals Service","Croydon","London","AO","95","90","23770","23720"
"In post","2022","HM Courts and Tribunals Service","Croydon","London","EO","30","30","28420","28310"
"In post","2022","HM Courts and Tribunals Service","Croydon","London","G6","[c]","[c]","[c]","[c]"
"In post","2022","HM Courts and Tribunals Service","Croydon","London","G7","[c]","[c]","[c]","[c]"
"In post","2022","HM Courts and Tribunals Service","Croydon","London","HEO","25","25","34370","34260"
"In post","2022","HM Courts and Tribunals Service","Croydon","London","SCS level","[c]","[c]","[c]","[c]"
"In post","2022","HM Courts and Tribunals Service","Croydon","London","SEO","20","15","45240","42020"
"In post","2022","HM Courts and Tribunals Service","Darlington","Outside London","AA","[c]","[c]","[c]","[c]"
"In post","2022","HM Courts and Tribunals Service","Darlington","Outside London","AO","35","30","20970","20970"
"In post","2022","HM Courts and Tribunals Service","Darlington","Outside London","EO","[c]","[c]","[c]","[c]"
"In post","2022","HM Courts and Tribunals Service","Darlington","Outside London","G6","[c]","[c]","[c]","[c]"
"In post","2022","HM Courts and Tribunals Service","Darlington","Outside London","G7","[c]","[c]","[c]","[c]"
"In post","2022","HM Courts and Tribunals Service","Darlington","Outside London","HEO","5","5","[c]","[c]"
"In post","2022","HM Courts and Tribunals Service","Darlington","Outside London","SEO","[c]","[c]","[c]","[c]"
"In post","2022","HM Courts and Tribunals Service","Derby","Outside London","AA","15","15","19200","19200"
"In post","2022","HM Courts and Tribunals Service","Derby","Outside London","AO","65","55","21000","20970"
"In post","2022","HM Courts and Tribunals Service","Derby","Outside London","EO","25","20","25130","25120"
"In post","2022","HM Courts and Tribunals Service","Derby","Outside London","G6","[c]","[c]","[c]","[c]"
"In post","2022","HM Courts and Tribunals Service","Derby","Outside London","G7","[c]","[c]","[c]","[c]"
"In post","2022","HM Courts and Tribunals Service","Derby","Outside London","HEO","5","5","[c]","[c]"
"In post","2022","HM Courts and Tribunals Service","Derby","Outside London","SEO","10","10","[c]","[c]"
"In post","2022","HM Courts and Tribunals Service","Devon CC","Outside London","AA","20","15","19200","19200"
"In post","2022","HM Courts and Tribunals Service","Devon CC","Outside London","AO","40","30","21000","20970"
"In post","2022","HM Courts and Tribunals Service","Devon CC","Outside London","EO","15","15","25250","25120"
"In post","2022","HM Courts and Tribunals Service","Devon CC","Outside London","G6","[c]","[c]","[c]","[c]"
"In post","2022","HM Courts and Tribunals Service","Devon CC","Outside London","G7","[c]","[c]","[c]","[c]"
"In post","2022","HM Courts and Tribunals Service","Devon CC","Outside London","HEO","5","5","[c]","[c]"
"In post","2022","HM Courts and Tribunals Service","Devon CC","Outside London","SCS level","[c]","[c]","[c]","[c]"
"In post","2022","HM Courts and Tribunals Service","Devon CC","Outside London","SEO","10","10","39910","38230"
"In post","2022","HM Courts and Tribunals Service","Dorset","Outside London","AA","[c]","[c]","[c]","[c]"
"In post","2022","HM Courts and Tribunals Service","Dorset","Outside London","AO","10","10","20970","20970"
"In post","2022","HM Courts and Tribunals Service","Dorset","Outside London","EO","[c]","[c]","[c]","[c]"
"In post","2022","HM Courts and Tribunals Service","Dorset","Outside London","HEO","[c]","[c]","[c]","[c]"
"In post","2022","HM Courts and Tribunals Service","Dorset","Outside London","SEO","[c]","[c]","[c]","[c]"
"In post","2022","HM Courts and Tribunals Service","Dudley","Outside London","AA","[c]","[c]","[c]","[c]"
"In post","2022","HM Courts and Tribunals Service","Dudley","Outside London","AO","20","15","20980","20970"
"In post","2022","HM Courts and Tribunals Service","Dudley","Outside London","EO","[c]","[c]","[c]","[c]"
"In post","2022","HM Courts and Tribunals Service","Dudley","Outside London","G7","[c]","[c]","[c]","[c]"
"In post","2022","HM Courts and Tribunals Service","Dudley","Outside London","SEO","[c]","[c]","[c]","[c]"
"In post","2022","HM Courts and Tribunals Service","Durham","Outside London","AA","5","5","[c]","[c]"
"In post","2022","HM Courts and Tribunals Service","Durham","Outside London","AO","25","20","20980","20970"
"In post","2022","HM Courts and Tribunals Service","Durham","Outside London","EO","10","10","25120","25120"
"In post","2022","HM Courts and Tribunals Service","Durham","Outside London","G6","[c]","[c]","[c]","[c]"
"In post","2022","HM Courts and Tribunals Service","Durham","Outside London","G7","[c]","[c]","[c]","[c]"
"In post","2022","HM Courts and Tribunals Service","Durham","Outside London","HEO","[c]","[c]","[c]","[c]"
"In post","2022","HM Courts and Tribunals Service","Durham","Outside London","SEO","15","15","40820","42120"
"In post","2022","HM Courts and Tribunals Service","Ealing","London","SEO","[c]","[c]","[c]","[c]"
"In post","2022","HM Courts and Tribunals Service","East Cumbria","Outside London","AA","5","5","[c]","[c]"
"In post","2022","HM Courts and Tribunals Service","East Cumbria","Outside London","AO","20","15","21000","20970"
"In post","2022","HM Courts and Tribunals Service","East Cumbria","Outside London","EO","15","10","25120","25120"
"In post","2022","HM Courts and Tribunals Service","East Cumbria","Outside London","G6","[c]","[c]","[c]","[c]"
"In post","2022","HM Courts and Tribunals Service","East Cumbria","Outside London","G7","[c]","[c]","[c]","[c]"
"In post","2022","HM Courts and Tribunals Service","East Cumbria","Outside London","HEO","10","10","[c]","[c]"
"In post","2022","HM Courts and Tribunals Service","East Cumbria","Outside London","SEO","5","5","[c]","[c]"
"In post","2022","HM Courts and Tribunals Service","East Derbyshire","Outside London","AA","[c]","[c]","[c]","[c]"
"In post","2022","HM Courts and Tribunals Service","East Derbyshire","Outside London","AO","10","5","[c]","[c]"
"In post","2022","HM Courts and Tribunals Service","East Derbyshire","Outside London","EO","[c]","[c]","[c]","[c]"
"In post","2022","HM Courts and Tribunals Service","East Derbyshire","Outside London","SEO","[c]","[c]","[c]","[c]"
"In post","2022","HM Courts and Tribunals Service","East Kent","Outside London","AA","20","20","19200","19200"
"In post","2022","HM Courts and Tribunals Service","East Kent","Outside London","AO","35","30","21310","20970"
"In post","2022","HM Courts and Tribunals Service","East Kent","Outside London","EO","20","15","25390","25120"
"In post","2022","HM Courts and Tribunals Service","East Kent","Outside London","G6","[c]","[c]","[c]","[c]"
"In post","2022","HM Courts and Tribunals Service","East Kent","Outside London","G7","[c]","[c]","[c]","[c]"
"In post","2022","HM Courts and Tribunals Service","East Kent","Outside London","HEO","5","5","[c]","[c]"
"In post","2022","HM Courts and Tribunals Service","East Kent","Outside London","SEO","10","5","[c]","[c]"
"In post","2022","HM Courts and Tribunals Service","East Lancashire","Outside London","AA","5","5","[c]","[c]"
"In post","2022","HM Courts and Tribunals Service","East Lancashire","Outside London","AO","25","20","20990","20970"
"In post","2022","HM Courts and Tribunals Service","East Lancashire","Outside London","EO","5","5","[c]","[c]"
"In post","2022","HM Courts and Tribunals Service","East Lancashire","Outside London","G7","[c]","[c]","[c]","[c]"
"In post","2022","HM Courts and Tribunals Service","East Lancashire","Outside London","HEO","[c]","[c]","[c]","[c]"
"In post","2022","HM Courts and Tribunals Service","East Lancashire","Outside London","SEO","5","5","[c]","[c]"
"In post","2022","HM Courts and Tribunals Service","East Merseyside","Outside London","AA","[c]","[c]","[c]","[c]"
"In post","2022","HM Courts and Tribunals Service","East Merseyside","Outside London","AO","55","50","21000","20970"
"In post","2022","HM Courts and Tribunals Service","East Merseyside","Outside London","EO","10","10","[c]","[c]"
"In post","2022","HM Courts and Tribunals Service","East Merseyside","Outside London","HEO","[c]","[c]","[c]","[c]"
"In post","2022","HM Courts and Tribunals Service","East Merseyside","Outside London","SEO","[c]","[c]","[c]","[c]"
"In post","2022","HM Courts and Tribunals Service","East Riding of Yorkshire","Outside London","AA","[c]","[c]","[c]","[c]"
"In post","2022","HM Courts and Tribunals Service","East Riding of Yorkshire","Outside London","AO","[c]","[c]","[c]","[c]"
"In post","2022","HM Courts and Tribunals Service","East Riding of Yorkshire","Outside London","EO","[c]","[c]","[c]","[c]"
"In post","2022","HM Courts and Tribunals Service","East Riding of Yorkshire","Outside London","HEO","[c]","[c]","[c]","[c]"
"In post","2022","HM Courts and Tribunals Service","East Riding of Yorkshire","Outside London","SEO","[c]","[c]","[c]","[c]"
"In post","2022","HM Courts and Tribunals Service","East Sussex CC","Outside London","AA","10","5","[c]","[c]"
"In post","2022","HM Courts and Tribunals Service","East Sussex CC","Outside London","AO","25","20","21020","20970"
"In post","2022","HM Courts and Tribunals Service","East Sussex CC","Outside London","EO","20","20","25440","25120"
"In post","2022","HM Courts and Tribunals Service","East Sussex CC","Outside London","G6","[c]","[c]","[c]","[c]"
"In post","2022","HM Courts and Tribunals Service","East Sussex CC","Outside London","G7","[c]","[c]","[c]","[c]"
"In post","2022","HM Courts and Tribunals Service","East Sussex CC","Outside London","HEO","5","5","[c]","[c]"
"In post","2022","HM Courts and Tribunals Service","East Sussex CC","Outside London","SEO","[c]","[c]","[c]","[c]"
"In post","2022","HM Courts and Tribunals Service","Enfield","London","AA","[c]","[c]","[c]","[c]"
"In post","2022","HM Courts and Tribunals Service","Enfield","London","AO","25","20","23800","23720"
"In post","2022","HM Courts and Tribunals Service","Enfield","London","EO","[c]","[c]","[c]","[c]"
"In post","2022","HM Courts and Tribunals Service","Enfield","London","HEO","[c]","[c]","[c]","[c]"
"In post","2022","HM Courts and Tribunals Service","Essex Haven Gateway","Outside London","AA","5","5","[c]","[c]"
"In post","2022","HM Courts and Tribunals Service","Essex Haven Gateway","Outside London","EO","[c]","[c]","[c]","[c]"
"In post","2022","HM Courts and Tribunals Service","Essex Haven Gateway","Outside London","G6","[c]","[c]","[c]","[c]"
"In post","2022","HM Courts and Tribunals Service","Essex Haven Gateway","Outside London","G7","[c]","[c]","[c]","[c]"
"In post","2022","HM Courts and Tribunals Service","Essex Haven Gateway","Outside London","SEO","[c]","[c]","[c]","[c]"
"In post","2022","HM Courts and Tribunals Service","Essex Thames Gateway","Outside London","AA","10","10","19200","19200"
"In post","2022","HM Courts and Tribunals Service","Essex Thames Gateway","Outside London","AO","20","20","21070","20970"
"In post","2022","HM Courts and Tribunals Service","Essex Thames Gateway","Outside London","EO","15","10","25190","25120"
"In post","2022","HM Courts and Tribunals Service","Essex Thames Gateway","Outside London","HEO","[c]","[c]","[c]","[c]"
"In post","2022","HM Courts and Tribunals Service","Essex Thames Gateway","Outside London","SEO","10","10","39130","38770"
"In post","2022","HM Courts and Tribunals Service","Flintshire and Wrexham","Outside London","AA","5","5","[c]","[c]"
"In post","2022","HM Courts and Tribunals Service","Flintshire and Wrexham","Outside London","AO","40","35","20970","20970"
"In post","2022","HM Courts and Tribunals Service","Flintshire and Wrexham","Outside London","EO","10","10","25180","25120"
"In post","2022","HM Courts and Tribunals Service","Flintshire and Wrexham","Outside London","G7","[c]","[c]","[c]","[c]"
"In post","2022","HM Courts and Tribunals Service","Flintshire and Wrexham","Outside London","HEO","5","5","[c]","[c]"
"In post","2022","HM Courts and Tribunals Service","Flintshire and Wrexham","Outside London","SEO","10","5","[c]","[c]"
"In post","2022","HM Courts and Tribunals Service","Glasgow City","Outside London","AA","15","15","19200","19200"
"In post","2022","HM Courts and Tribunals Service","Glasgow City","Outside London","AO","130","120","21200","21070"
"In post","2022","HM Courts and Tribunals Service","Glasgow City","Outside London","EO","25","20","25320","25120"
"In post","2022","HM Courts and Tribunals Service","Glasgow City","Outside London","G6","[c]","[c]","[c]","[c]"
"In post","2022","HM Courts and Tribunals Service","Glasgow City","Outside London","G7","[c]","[c]","[c]","[c]"
"In post","2022","HM Courts and Tribunals Service","Glasgow City","Outside London","HEO","20","20","30700","30450"
"In post","2022","HM Courts and Tribunals Service","Glasgow City","Outside London","SEO","15","15","36530","36050"
"In post","2022","HM Courts and Tribunals Service","Gloucestershire CC","Outside London","AA","15","10","19200","19200"
"In post","2022","HM Courts and Tribunals Service","Gloucestershire CC","Outside London","AO","50","40","20980","20970"
"In post","2022","HM Courts and Tribunals Service","Gloucestershire CC","Outside London","EO","15","15","25220","25120"
"In post","2022","HM Courts and Tribunals Service","Gloucestershire CC","Outside London","G6","[c]","[c]","[c]","[c]"
"In post","2022","HM Courts and Tribunals Service","Gloucestershire CC","Outside London","G7","[c]","[c]","[c]","[c]"
"In post","2022","HM Courts and Tribunals Service","Gloucestershire CC","Outside London","HEO","[c]","[c]","[c]","[c]"
"In post","2022","HM Courts and Tribunals Service","Gloucestershire CC","Outside London","SEO","10","5","[c]","[c]"
"In post","2022","HM Courts and Tribunals Service","Greater Manchester North West","Outside London","AA","15","15","19200","19200"
"In post","2022","HM Courts and Tribunals Service","Greater Manchester North West","Outside London","AO","40","30","21130","20970"
"In post","2022","HM Courts and Tribunals Service","Greater Manchester North West","Outside London","EO","15","15","25180","25120"
"In post","2022","HM Courts and Tribunals Service","Greater Manchester North West","Outside London","G7","[c]","[c]","[c]","[c]"
"In post","2022","HM Courts and Tribunals Service","Greater Manchester North West","Outside London","HEO","[c]","[c]","[c]","[c]"
"In post","2022","HM Courts and Tribunals Service","Greater Manchester North West","Outside London","SEO","10","10","42210","42770"
"In post","2022","HM Courts and Tribunals Service","Greater Manchester South East","Outside London","AA","10","5","[c]","[c]"
"In post","2022","HM Courts and Tribunals Service","Greater Manchester South East","Outside London","AO","35","30","21010","20970"
"In post","2022","HM Courts and Tribunals Service","Greater Manchester South East","Outside London","EO","5","5","[c]","[c]"
"In post","2022","HM Courts and Tribunals Service","Greater Manchester South East","Outside London","G7","[c]","[c]","[c]","[c]"
"In post","2022","HM Courts and Tribunals Service","Greater Manchester South East","Outside London","HEO","[c]","[c]","[c]","[c]"
"In post","2022","HM Courts and Tribunals Service","Greater Manchester South East","Outside London","SEO","5","5","[c]","[c]"
"In post","2022","HM Courts and Tribunals Service","Greater Manchester South West","Outside London","AA","20","15","19200","19200"
"In post","2022","HM Courts and Tribunals Service","Greater Manchester South West","Outside London","AO","265","240","21090","20970"
"In post","2022","HM Courts and Tribunals Service","Greater Manchester South West","Outside London","EO","45","45","25130","25120"
"In post","2022","HM Courts and Tribunals Service","Greater Manchester South West","Outside London","G6","[c]","[c]","[c]","[c]"
"In post","2022","HM Courts and Tribunals Service","Greater Manchester South West","Outside London","G7","[c]","[c]","[c]","[c]"
"In post","2022","HM Courts and Tribunals Service","Greater Manchester South West","Outside London","HEO","15","15","30460","30450"
"In post","2022","HM Courts and Tribunals Service","Greater Manchester South West","Outside London","SEO","10","10","36350","36050"
"In post","2022","HM Courts and Tribunals Service","Gwent Valleys","Outside London","AO","70","60","20980","20970"
"In post","2022","HM Courts and Tribunals Service","Gwent Valleys","Outside London","EO","10","10","25120","25120"
"In post","2022","HM Courts and Tribunals Service","Gwent Valleys","Outside London","HEO","[c]","[c]","[c]","[c]"
"In post","2022","HM Courts and Tribunals Service","Gwynedd","Outside London","AA","[c]","[c]","[c]","[c]"
"In post","2022","HM Courts and Tribunals Service","Gwynedd","Outside London","AO","15","15","20970","20970"
"In post","2022","HM Courts and Tribunals Service","Gwynedd","Outside London","EO","5","5","[c]","[c]"
"In post","2022","HM Courts and Tribunals Service","Gwynedd","Outside London","G7","[c]","[c]","[c]","[c]"
"In post","2022","HM Courts and Tribunals Service","Gwynedd","Outside London","HEO","10","10","[c]","[c]"
"In post","2022","HM Courts and Tribunals Service","Gwynedd","Outside London","SEO","[c]","[c]","[c]","[c]"
"In post","2022","HM Courts and Tribunals Service","Hackney and Newham","London","AA","[c]","[c]","[c]","[c]"
"In post","2022","HM Courts and Tribunals Service","Hackney and Newham","London","AO","25","25","23770","23720"
"In post","2022","HM Courts and Tribunals Service","Hackney and Newham","London","EO","[c]","[c]","[c]","[c]"
"In post","2022","HM Courts and Tribunals Service","Hackney and Newham","London","HEO","[c]","[c]","[c]","[c]"
"In post","2022","HM Courts and Tribunals Service","Hackney and Newham","London","SEO","[c]","[c]","[c]","[c]"
"In post","2022","HM Courts and Tribunals Service","Haringey and Islington","London","AA","25","25","21650","21650"
"In post","2022","HM Courts and Tribunals Service","Haringey and Islington","London","AO","175","160","24000","23720"
"In post","2022","HM Courts and Tribunals Service","Haringey and Islington","London","EO","55","50","28440","28310"
"In post","2022","HM Courts and Tribunals Service","Haringey and Islington","London","G6","[c]","[c]","[c]","[c]"
"In post","2022","HM Courts and Tribunals Service","Haringey and Islington","London","G7","5","5","[c]","[c]"
"In post","2022","HM Courts and Tribunals Service","Haringey and Islington","London","HEO","40","40","34540","34260"
"In post","2022","HM Courts and Tribunals Service","Haringey and Islington","London","SEO","15","15","45800","44940"
"In post","2022","HM Courts and Tribunals Service","Harrow and Hillingdon","London","AA","10","10","[c]","[c]"
"In post","2022","HM Courts and Tribunals Service","Harrow and Hillingdon","London","AO","25","25","23740","23720"
"In post","2022","HM Courts and Tribunals Service","Harrow and Hillingdon","London","EO","15","15","28310","28310"
"In post","2022","HM Courts and Tribunals Service","Harrow and Hillingdon","London","G7","[c]","[c]","[c]","[c]"
"In post","2022","HM Courts and Tribunals Service","Harrow and Hillingdon","London","HEO","10","10","[c]","[c]"
"In post","2022","HM Courts and Tribunals Service","Harrow and Hillingdon","London","SEO","5","5","[c]","[c]"
"In post","2022","HM Courts and Tribunals Service","Heart of Essex","Outside London","AA","25","20","19200","19200"
"In post","2022","HM Courts and Tribunals Service","Heart of Essex","Outside London","AO","70","60","21300","21410"
"In post","2022","HM Courts and Tribunals Service","Heart of Essex","Outside London","EO","20","20","25350","25120"
"In post","2022","HM Courts and Tribunals Service","Heart of Essex","Outside London","G6","[c]","[c]","[c]","[c]"
"In post","2022","HM Courts and Tribunals Service","Heart of Essex","Outside London","G7","[c]","[c]","[c]","[c]"
"In post","2022","HM Courts and Tribunals Service","Heart of Essex","Outside London","HEO","15","15","30910","30450"
"In post","2022","HM Courts and Tribunals Service","Heart of Essex","Outside London","SEO","5","5","[c]","[c]"
"In post","2022","HM Courts and Tribunals Service","Herefordshire, County of","Outside London","AA","[c]","[c]","[c]","[c]"
"In post","2022","HM Courts and Tribunals Service","Herefordshire, County of","Outside London","AO","[c]","[c]","[c]","[c]"
"In post","2022","HM Courts and Tribunals Service","Herefordshire, County of","Outside London","SEO","[c]","[c]","[c]","[c]"
"In post","2022","HM Courts and Tribunals Service","Hertfordshire CC","Outside London","AA","30","25","19890","19200"
"In post","2022","HM Courts and Tribunals Service","Hertfordshire CC","Outside London","AO","70","65","23200","23720"
"In post","2022","HM Courts and Tribunals Service","Hertfordshire CC","Outside London","EO","25","20","26740","26650"
"In post","2022","HM Courts and Tribunals Service","Hertfordshire CC","Outside London","G6","[c]","[c]","[c]","[c]"
"In post","2022","HM Courts and Tribunals Service","Hertfordshire CC","Outside London","G7","[c]","[c]","[c]","[c]"
"In post","2022","HM Courts and Tribunals Service","Hertfordshire CC","Outside London","HEO","15","15","33230","34260"
"In post","2022","HM Courts and Tribunals Service","Hertfordshire CC","Outside London","SCS level","[c]","[c]","[c]","[c]"
"In post","2022","HM Courts and Tribunals Service","Hertfordshire CC","Outside London","SEO","10","10","40860","40690"
"In post","2022","HM Courts and Tribunals Service","Hertfordshire CC","Outside London","Unknown","[c]","[c]","[c]","[c]"
"In post","2022","HM Courts and Tribunals Service","Hounslow and Richmond upon Thames","London","AA","20","20","21470","21650"
"In post","2022","HM Courts and Tribunals Service","Hounslow and Richmond upon Thames","London","AO","105","95","23720","23720"
"In post","2022","HM Courts and Tribunals Service","Hounslow and Richmond upon Thames","London","EO","35","35","28420","28310"
"In post","2022","HM Courts and Tribunals Service","Hounslow and Richmond upon Thames","London","G7","[c]","[c]","[c]","[c]"
"In post","2022","HM Courts and Tribunals Service","Hounslow and Richmond upon Thames","London","HEO","20","20","34260","34260"
"In post","2022","HM Courts and Tribunals Service","Hounslow and Richmond upon Thames","London","SEO","10","10","45460","43940"
"In post","2022","HM Courts and Tribunals Service","Inverness and Nairn, Moray, and Badenoch and Strathspey","Outside London","AO","[c]","[c]","[c]","[c]"
"In post","2022","HM Courts and Tribunals Service","Isle of Wight","Outside London","AO","10","10","[c]","[c]"
"In post","2022","HM Courts and Tribunals Service","Isle of Wight","Outside London","EO","[c]","[c]","[c]","[c]"
"In post","2022","HM Courts and Tribunals Service","Isle of Wight","Outside London","HEO","[c]","[c]","[c]","[c]"
"In post","2022","HM Courts and Tribunals Service","Isle of Wight","Outside London","SEO","[c]","[c]","[c]","[c]"
"In post","2022","HM Courts and Tribunals Service","Kensington & Chelsea and Hammersmith & Fulham","London","AO","[c]","[c]","[c]","[c]"
"In post","2022","HM Courts and Tribunals Service","Kensington & Chelsea and Hammersmith & Fulham","London","EO","[c]","[c]","[c]","[c]"
"In post","2022","HM Courts and Tribunals Service","Kensington & Chelsea and Hammersmith & Fulham","London","G7","[c]","[c]","[c]","[c]"
"In post","2022","HM Courts and Tribunals Service","Kensington & Chelsea and Hammersmith & Fulham","London","SEO","[c]","[c]","[c]","[c]"
"In post","2022","HM Courts and Tribunals Service","Kent Thames Gateway","Outside London","AA","[c]","[c]","[c]","[c]"
"In post","2022","HM Courts and Tribunals Service","Kent Thames Gateway","Outside London","AO","15","15","23720","23720"
"In post","2022","HM Courts and Tribunals Service","Kent Thames Gateway","Outside London","EO","[c]","[c]","[c]","[c]"
"In post","2022","HM Courts and Tribunals Service","Kent Thames Gateway","Outside London","HEO","[c]","[c]","[c]","[c]"
"In post","2022","HM Courts and Tribunals Service","Kingston upon Hull, City of","Outside London","AA","10","5","[c]","[c]"
"In post","2022","HM Courts and Tribunals Service","Kingston upon Hull, City of","Outside London","AO","55","45","20970","20970"
"In post","2022","HM Courts and Tribunals Service","Kingston upon Hull, City of","Outside London","EO","10","10","25150","25120"
"In post","2022","HM Courts and Tribunals Service","Kingston upon Hull, City of","Outside London","G7","[c]","[c]","[c]","[c]"
"In post","2022","HM Courts and Tribunals Service","Kingston upon Hull, City of","Outside London","HEO","5","5","[c]","[c]"
"In post","2022","HM Courts and Tribunals Service","Kingston upon Hull, City of","Outside London","SEO","5","5","[c]","[c]"
"In post","2022","HM Courts and Tribunals Service","Lancaster and Wyre","Outside London","AA","[c]","[c]","[c]","[c]"
"In post","2022","HM Courts and Tribunals Service","Lancaster and Wyre","Outside London","AO","10","5","[c]","[c]"
"In post","2022","HM Courts and Tribunals Service","Lancaster and Wyre","Outside London","EO","[c]","[c]","[c]","[c]"
"In post","2022","HM Courts and Tribunals Service","Lancaster and Wyre","Outside London","G6","[c]","[c]","[c]","[c]"
"In post","2022","HM Courts and Tribunals Service","Lancaster and Wyre","Outside London","G7","[c]","[c]","[c]","[c]"
"In post","2022","HM Courts and Tribunals Service","Lancaster and Wyre","Outside London","SEO","[c]","[c]","[c]","[c]"
"In post","2022","HM Courts and Tribunals Service","Leeds","Outside London","AA","35","25","19200","19200"
"In post","2022","HM Courts and Tribunals Service","Leeds","Outside London","AO","215","185","20970","20970"
"In post","2022","HM Courts and Tribunals Service","Leeds","Outside London","EO","55","45","25170","25120"
"In post","2022","HM Courts and Tribunals Service","Leeds","Outside London","G6","5","5","[c]","[c]"
"In post","2022","HM Courts and Tribunals Service","Leeds","Outside London","G7","15","15","52140","50430"
"In post","2022","HM Courts and Tribunals Service","Leeds","Outside London","HEO","45","45","30590","30450"
"In post","2022","HM Courts and Tribunals Service","Leeds","Outside London","SCS level","[c]","[c]","[c]","[c]"
"In post","2022","HM Courts and Tribunals Service","Leeds","Outside London","SEO","40","40","39750","36820"
"In post","2022","HM Courts and Tribunals Service","Leeds","Outside London","Unknown","[c]","[c]","[c]","[c]"
"In post","2022","HM Courts and Tribunals Service","Leicester","Outside London","AA","30","25","19200","19200"
"In post","2022","HM Courts and Tribunals Service","Leicester","Outside London","AO","260","230","20980","20970"
"In post","2022","HM Courts and Tribunals Service","Leicester","Outside London","EO","60","60","25120","25120"
"In post","2022","HM Courts and Tribunals Service","Leicester","Outside London","G6","[c]","[c]","[c]","[c]"
"In post","2022","HM Courts and Tribunals Service","Leicester","Outside London","G7","5","5","[c]","[c]"
"In post","2022","HM Courts and Tribunals Service","Leicester","Outside London","HEO","30","30","30560","30450"
"In post","2022","HM Courts and Tribunals Service","Leicester","Outside London","SCS level","[c]","[c]","[c]","[c]"
"In post","2022","HM Courts and Tribunals Service","Leicester","Outside London","SEO","25","25","38990","36050"
"In post","2022","HM Courts and Tribunals Service","Leicestershire CC and Rutland","Outside London","AA","15","10","19200","19200"
"In post","2022","HM Courts and Tribunals Service","Leicestershire CC and Rutland","Outside London","AO","130","105","20970","20970"
"In post","2022","HM Courts and Tribunals Service","Leicestershire CC and Rutland","Outside London","EO","35","35","25130","25120"
"In post","2022","HM Courts and Tribunals Service","Leicestershire CC and Rutland","Outside London","G6","[c]","[c]","[c]","[c]"
"In post","2022","HM Courts and Tribunals Service","Leicestershire CC and Rutland","Outside London","G7","[c]","[c]","[c]","[c]"
"In post","2022","HM Courts and Tribunals Service","Leicestershire CC and Rutland","Outside London","HEO","5","5","[c]","[c]"
"In post","2022","HM Courts and Tribunals Service","Leicestershire CC and Rutland","Outside London","SEO","5","5","[c]","[c]"
"In post","2022","HM Courts and Tribunals Service","Lewisham and Southwark","London","AA","25","25","21530","21650"
"In post","2022","HM Courts and Tribunals Service","Lewisham and Southwark","London","AO","45","40","24040","24310"
"In post","2022","HM Courts and Tribunals Service","Lewisham and Southwark","London","EO","55","55","28570","28310"
"In post","2022","HM Courts and Tribunals Service","Lewisham and Southwark","London","G6","[c]","[c]","[c]","[c]"
"In post","2022","HM Courts and Tribunals Service","Lewisham and Southwark","London","G7","[c]","[c]","[c]","[c]"
"In post","2022","HM Courts and Tribunals Service","Lewisham and Southwark","London","HEO","10","10","34450","34260"
"In post","2022","HM Courts and Tribunals Service","Lewisham and Southwark","London","SCS level","[c]","[c]","[c]","[c]"
"In post","2022","HM Courts and Tribunals Service","Lewisham and Southwark","London","SEO","10","10","[c]","[c]"
"In post","2022","HM Courts and Tribunals Service","Lincolnshire CC","Outside London","AA","20","15","19200","19200"
"In post","2022","HM Courts and Tribunals Service","Lincolnshire CC","Outside London","AO","45","40","20990","20970"
"In post","2022","HM Courts and Tribunals Service","Lincolnshire CC","Outside London","EO","15","15","25040","25120"
"In post","2022","HM Courts and Tribunals Service","Lincolnshire CC","Outside London","G6","[c]","[c]","[c]","[c]"
"In post","2022","HM Courts and Tribunals Service","Lincolnshire CC","Outside London","G7","[c]","[c]","[c]","[c]"
"In post","2022","HM Courts and Tribunals Service","Lincolnshire CC","Outside London","HEO","5","5","[c]","[c]"
"In post","2022","HM Courts and Tribunals Service","Lincolnshire CC","Outside London","SCS level","[c]","[c]","[c]","[c]"
"In post","2022","HM Courts and Tribunals Service","Lincolnshire CC","Outside London","SEO","10","10","[c]","[c]"
"In post","2022","HM Courts and Tribunals Service","Liverpool","Outside London","AA","55","50","19200","19200"
"In post","2022","HM Courts and Tribunals Service","Liverpool","Outside London","AO","155","130","21360","21410"
"In post","2022","HM Courts and Tribunals Service","Liverpool","Outside London","EO","70","65","25330","25120"
"In post","2022","HM Courts and Tribunals Service","Liverpool","Outside London","G6","5","5","[c]","[c]"
"In post","2022","HM Courts and Tribunals Service","Liverpool","Outside London","G7","10","10","50720","50430"
"In post","2022","HM Courts and Tribunals Service","Liverpool","Outside London","HEO","45","45","30600","30450"
"In post","2022","HM Courts and Tribunals Service","Liverpool","Outside London","SEO","40","35","38810","36050"
"In post","2022","HM Courts and Tribunals Service","Liverpool","Outside London","Unknown","[c]","[c]","[c]","[c]"
"In post","2022","HM Courts and Tribunals Service","Luton","Outside London","AA","20","15","19200","19200"
"In post","2022","HM Courts and Tribunals Service","Luton","Outside London","AO","55","50","21140","20970"
"In post","2022","HM Courts and Tribunals Service","Luton","Outside London","EO","25","25","25530","25120"
"In post","2022","HM Courts and Tribunals Service","Luton","Outside London","G6","[c]","[c]","[c]","[c]"
"In post","2022","HM Courts and Tribunals Service","Luton","Outside London","G7","[c]","[c]","[c]","[c]"
"In post","2022","HM Courts and Tribunals Service","Luton","Outside London","HEO","5","5","[c]","[c]"
"In post","2022","HM Courts and Tribunals Service","Luton","Outside London","SEO","5","5","[c]","[c]"
"In post","2022","HM Courts and Tribunals Service","Manchester","Outside London","AA","80","65","19200","19200"
"In post","2022","HM Courts and Tribunals Service","Manchester","Outside London","AO","260","235","21280","21410"
"In post","2022","HM Courts and Tribunals Service","Manchester","Outside London","EO","115","110","25320","25120"
"In post","2022","HM Courts and Tribunals Service","Manchester","Outside London","G6","5","5","[c]","[c]"
"In post","2022","HM Courts and Tribunals Service","Manchester","Outside London","G7","30","30","52300","50430"
"In post","2022","HM Courts and Tribunals Service","Manchester","Outside London","HEO","80","80","30750","30450"
"In post","2022","HM Courts and Tribunals Service","Manchester","Outside London","SCS level","[c]","[c]","[c]","[c]"
"In post","2022","HM Courts and Tribunals Service","Manchester","Outside London","SEO","75","65","39370","36660"
"In post","2022","HM Courts and Tribunals Service","Medway","Outside London","AA","10","10","19200","19200"
"In post","2022","HM Courts and Tribunals Service","Medway","Outside London","AO","40","35","21040","20970"
"In post","2022","HM Courts and Tribunals Service","Medway","Outside London","EO","5","5","[c]","[c]"
"In post","2022","HM Courts and Tribunals Service","Medway","Outside London","G7","[c]","[c]","[c]","[c]"
"In post","2022","HM Courts and Tribunals Service","Medway","Outside London","HEO","5","5","[c]","[c]"
"In post","2022","HM Courts and Tribunals Service","Medway","Outside London","SEO","5","5","[c]","[c]"
"In post","2022","HM Courts and Tribunals Service","Merton, Kingston upon Thames and Sutton","London","AA","20","15","21650","21650"
"In post","2022","HM Courts and Tribunals Service","Merton, Kingston upon Thames and Sutton","London","AO","50","45","23720","23720"
"In post","2022","HM Courts and Tribunals Service","Merton, Kingston upon Thames and Sutton","London","EO","30","30","28350","28310"
"In post","2022","HM Courts and Tribunals Service","Merton, Kingston upon Thames and Sutton","London","G6","[c]","[c]","[c]","[c]"
"In post","2022","HM Courts and Tribunals Service","Merton, Kingston upon Thames and Sutton","London","G7","[c]","[c]","[c]","[c]"
"In post","2022","HM Courts and Tribunals Service","Merton, Kingston upon Thames and Sutton","London","HEO","15","15","34300","34260"
"In post","2022","HM Courts and Tribunals Service","Merton, Kingston upon Thames and Sutton","London","SEO","10","10","45920","42460"
"In post","2022","HM Courts and Tribunals Service","Mid Kent","Outside London","AA","10","10","19200","19200"
"In post","2022","HM Courts and Tribunals Service","Mid Kent","Outside London","AO","35","35","21000","20970"
"In post","2022","HM Courts and Tribunals Service","Mid Kent","Outside London","EO","25","20","25530","25120"
"In post","2022","HM Courts and Tribunals Service","Mid Kent","Outside London","G6","[c]","[c]","[c]","[c]"
"In post","2022","HM Courts and Tribunals Service","Mid Kent","Outside London","G7","[c]","[c]","[c]","[c]"
"In post","2022","HM Courts and Tribunals Service","Mid Kent","Outside London","HEO","10","10","[c]","[c]"
"In post","2022","HM Courts and Tribunals Service","Mid Kent","Outside London","SEO","10","5","[c]","[c]"
"In post","2022","HM Courts and Tribunals Service","Mid Lancashire","Outside London","AA","30","25","19200","19200"
"In post","2022","HM Courts and Tribunals Service","Mid Lancashire","Outside London","AO","50","45","21000","20970"
"In post","2022","HM Courts and Tribunals Service","Mid Lancashire","Outside London","EO","35","35","25200","25120"
"In post","2022","HM Courts and Tribunals Service","Mid Lancashire","Outside London","G6","[c]","[c]","[c]","[c]"
"In post","2022","HM Courts and Tribunals Service","Mid Lancashire","Outside London","G7","[c]","[c]","[c]","[c]"
"In post","2022","HM Courts and Tribunals Service","Mid Lancashire","Outside London","HEO","20","20","30640","30450"
"In post","2022","HM Courts and Tribunals Service","Mid Lancashire","Outside London","SEO","20","20","38620","36190"
"In post","2022","HM Courts and Tribunals Service","Milton Keynes","Outside London","AA","5","5","[c]","[c]"
"In post","2022","HM Courts and Tribunals Service","Milton Keynes","Outside London","AO","25","20","21020","20970"
"In post","2022","HM Courts and Tribunals Service","Milton Keynes","Outside London","EO","[c]","[c]","[c]","[c]"
"In post","2022","HM Courts and Tribunals Service","Milton Keynes","Outside London","G7","[c]","[c]","[c]","[c]"
"In post","2022","HM Courts and Tribunals Service","Milton Keynes","Outside London","HEO","[c]","[c]","[c]","[c]"
"In post","2022","HM Courts and Tribunals Service","Milton Keynes","Outside London","SEO","10","5","[c]","[c]"
"In post","2022","HM Courts and Tribunals Service","Monmouthshire and Newport","Outside London","AA","10","5","[c]","[c]"
"In post","2022","HM Courts and Tribunals Service","Monmouthshire and Newport","Outside London","AO","60","50","20990","20970"
"In post","2022","HM Courts and Tribunals Service","Monmouthshire and Newport","Outside London","EO","5","5","[c]","[c]"
"In post","2022","HM Courts and Tribunals Service","Monmouthshire and Newport","Outside London","G6","[c]","[c]","[c]","[c]"
"In post","2022","HM Courts and Tribunals Service","Monmouthshire and Newport","Outside London","G7","[c]","[c]","[c]","[c]"
"In post","2022","HM Courts and Tribunals Service","Monmouthshire and Newport","Outside London","HEO","15","15","30450","30450"
"In post","2022","HM Courts and Tribunals Service","Monmouthshire and Newport","Outside London","SEO","10","10","[c]","[c]"
"In post","2022","HM Courts and Tribunals Service","North and North East Lincolnshire","Outside London","AA","5","5","[c]","[c]"
"In post","2022","HM Courts and Tribunals Service","North and North East Lincolnshire","Outside London","AO","15","15","21010","20970"
"In post","2022","HM Courts and Tribunals Service","North and North East Lincolnshire","Outside London","EO","5","5","[c]","[c]"
"In post","2022","HM Courts and Tribunals Service","North and North East Lincolnshire","Outside London","HEO","[c]","[c]","[c]","[c]"
"In post","2022","HM Courts and Tribunals Service","North and North East Lincolnshire","Outside London","SEO","[c]","[c]","[c]","[c]"
"In post","2022","HM Courts and Tribunals Service","North and West Norfolk","Outside London","AA","[c]","[c]","[c]","[c]"
"In post","2022","HM Courts and Tribunals Service","North and West Norfolk","Outside London","AO","15","10","21000","20970"
"In post","2022","HM Courts and Tribunals Service","North and West Norfolk","Outside London","EO","[c]","[c]","[c]","[c]"
"In post","2022","HM Courts and Tribunals Service","North and West Norfolk","Outside London","G7","[c]","[c]","[c]","[c]"
"In post","2022","HM Courts and Tribunals Service","North and West Norfolk","Outside London","HEO","[c]","[c]","[c]","[c]"
"In post","2022","HM Courts and Tribunals Service","North and West Norfolk","Outside London","SEO","[c]","[c]","[c]","[c]"
"In post","2022","HM Courts and Tribunals Service","North Hampshire","Outside London","AA","10","5","[c]","[c]"
"In post","2022","HM Courts and Tribunals Service","North Hampshire","Outside London","AO","30","25","21160","20970"
"In post","2022","HM Courts and Tribunals Service","North Hampshire","Outside London","EO","5","5","[c]","[c]"
"In post","2022","HM Courts and Tribunals Service","North Hampshire","Outside London","G6","[c]","[c]","[c]","[c]"
"In post","2022","HM Courts and Tribunals Service","North Hampshire","Outside London","G7","[c]","[c]","[c]","[c]"
"In post","2022","HM Courts and Tribunals Service","North Hampshire","Outside London","HEO","[c]","[c]","[c]","[c]"
"In post","2022","HM Courts and Tribunals Service","North Hampshire","Outside London","SEO","10","10","[c]","[c]"
"In post","2022","HM Courts and Tribunals Service","North Nottinghamshire","Outside London","AA","[c]","[c]","[c]","[c]"
"In post","2022","HM Courts and Tribunals Service","North Nottinghamshire","Outside London","AO","15","15","20990","20970"
"In post","2022","HM Courts and Tribunals Service","North Nottinghamshire","Outside London","EO","[c]","[c]","[c]","[c]"
"In post","2022","HM Courts and Tribunals Service","North Nottinghamshire","Outside London","G7","[c]","[c]","[c]","[c]"
"In post","2022","HM Courts and Tribunals Service","North Nottinghamshire","Outside London","HEO","[c]","[c]","[c]","[c]"
"In post","2022","HM Courts and Tribunals Service","North Nottinghamshire","Outside London","SEO","[c]","[c]","[c]","[c]"
"In post","2022","HM Courts and Tribunals Service","North Yorkshire CC","Outside London","AA","[c]","[c]","[c]","[c]"
"In post","2022","HM Courts and Tribunals Service","North Yorkshire CC","Outside London","AO","20","15","20970","20970"
"In post","2022","HM Courts and Tribunals Service","North Yorkshire CC","Outside London","EO","[c]","[c]","[c]","[c]"
"In post","2022","HM Courts and Tribunals Service","North Yorkshire CC","Outside London","G7","[c]","[c]","[c]","[c]"
"In post","2022","HM Courts and Tribunals Service","North Yorkshire CC","Outside London","HEO","[c]","[c]","[c]","[c]"
"In post","2022","HM Courts and Tribunals Service","North Yorkshire CC","Outside London","SEO","[c]","[c]","[c]","[c]"
"In post","2022","HM Courts and Tribunals Service","Northumberland","Outside London","AA","[c]","[c]","[c]","[c]"
"In post","2022","HM Courts and Tribunals Service","Northumberland","Outside London","AO","15","10","20970","20970"
"In post","2022","HM Courts and Tribunals Service","Northumberland","Outside London","EO","[c]","[c]","[c]","[c]"
"In post","2022","HM Courts and Tribunals Service","Northumberland","Outside London","HEO","[c]","[c]","[c]","[c]"
"In post","2022","HM Courts and Tribunals Service","Northumberland","Outside London","SEO","5","5","[c]","[c]"
"In post","2022","HM Courts and Tribunals Service","Norwich and East Norfolk","Outside London","AA","20","15","19200","19200"
"In post","2022","HM Courts and Tribunals Service","Norwich and East Norfolk","Outside London","AO","65","55","21030","20970"
"In post","2022","HM Courts and Tribunals Service","Norwich and East Norfolk","Outside London","EO","20","20","25420","25120"
"In post","2022","HM Courts and Tribunals Service","Norwich and East Norfolk","Outside London","G6","[c]","[c]","[c]","[c]"
"In post","2022","HM Courts and Tribunals Service","Norwich and East Norfolk","Outside London","G7","[c]","[c]","[c]","[c]"
"In post","2022","HM Courts and Tribunals Service","Norwich and East Norfolk","Outside London","HEO","10","10","[c]","[c]"
"In post","2022","HM Courts and Tribunals Service","Norwich and East Norfolk","Outside London","SEO","15","10","41450","37940"
"In post","2022","HM Courts and Tribunals Service","Nottingham","Outside London","AA","20","20","19200","19200"
"In post","2022","HM Courts and Tribunals Service","Nottingham","Outside London","AO","115","105","20990","20970"
"In post","2022","HM Courts and Tribunals Service","Nottingham","Outside London","EO","35","30","25170","25120"
"In post","2022","HM Courts and Tribunals Service","Nottingham","Outside London","G6","5","5","[c]","[c]"
"In post","2022","HM Courts and Tribunals Service","Nottingham","Outside London","G7","10","10","[c]","[c]"
"In post","2022","HM Courts and Tribunals Service","Nottingham","Outside London","HEO","20","20","30750","30450"
"In post","2022","HM Courts and Tribunals Service","Nottingham","Outside London","SCS level","[c]","[c]","[c]","[c]"
"In post","2022","HM Courts and Tribunals Service","Nottingham","Outside London","SEO","20","20","39970","37650"
"In post","2022","HM Courts and Tribunals Service","Oxfordshire CC","Outside London","AA","10","10","19200","19200"
"In post","2022","HM Courts and Tribunals Service","Oxfordshire CC","Outside London","AO","60","50","21160","20970"
"In post","2022","HM Courts and Tribunals Service","Oxfordshire CC","Outside London","EO","15","15","25440","25120"
"In post","2022","HM Courts and Tribunals Service","Oxfordshire CC","Outside London","G6","[c]","[c]","[c]","[c]"
"In post","2022","HM Courts and Tribunals Service","Oxfordshire CC","Outside London","HEO","5","5","[c]","[c]"
"In post","2022","HM Courts and Tribunals Service","Oxfordshire CC","Outside London","SEO","10","10","41500","41100"
"In post","2022","HM Courts and Tribunals Service","Peterborough","Outside London","AA","10","5","[c]","[c]"
"In post","2022","HM Courts and Tribunals Service","Peterborough","Outside London","AO","35","35","20970","20970"
"In post","2022","HM Courts and Tribunals Service","Peterborough","Outside London","EO","10","10","25520","25120"
"In post","2022","HM Courts and Tribunals Service","Peterborough","Outside London","G6","[c]","[c]","[c]","[c]"
"In post","2022","HM Courts and Tribunals Service","Peterborough","Outside London","G7","[c]","[c]","[c]","[c]"
"In post","2022","HM Courts and Tribunals Service","Peterborough","Outside London","HEO","10","10","30640","30450"
"In post","2022","HM Courts and Tribunals Service","Peterborough","Outside London","SEO","10","10","[c]","[c]"
"In post","2022","HM Courts and Tribunals Service","Plymouth","Outside London","AA","10","5","[c]","[c]"
"In post","2022","HM Courts and Tribunals Service","Plymouth","Outside London","AO","35","30","20990","20970"
"In post","2022","HM Courts and Tribunals Service","Plymouth","Outside London","EO","10","10","25460","25120"
"In post","2022","HM Courts and Tribunals Service","Plymouth","Outside London","G7","[c]","[c]","[c]","[c]"
"In post","2022","HM Courts and Tribunals Service","Plymouth","Outside London","HEO","5","5","[c]","[c]"
"In post","2022","HM Courts and Tribunals Service","Plymouth","Outside London","SEO","10","10","[c]","[c]"
"In post","2022","HM Courts and Tribunals Service","Portsmouth","Outside London","AA","15","15","19200","19200"
"In post","2022","HM Courts and Tribunals Service","Portsmouth","Outside London","AO","55","45","21320","21410"
"In post","2022","HM Courts and Tribunals Service","Portsmouth","Outside London","EO","15","15","25510","25120"
"In post","2022","HM Courts and Tribunals Service","Portsmouth","Outside London","G6","[c]","[c]","[c]","[c]"
"In post","2022","HM Courts and Tribunals Service","Portsmouth","Outside London","G7","[c]","[c]","[c]","[c]"
"In post","2022","HM Courts and Tribunals Service","Portsmouth","Outside London","HEO","10","10","[c]","[c]"
"In post","2022","HM Courts and Tribunals Service","Portsmouth","Outside London","SCS level","[c]","[c]","[c]","[c]"
"In post","2022","HM Courts and Tribunals Service","Portsmouth","Outside London","SEO","10","5","[c]","[c]"
"In post","2022","HM Courts and Tribunals Service","Portsmouth","Outside London","Unknown","[c]","[c]","[c]","[c]"
"In post","2022","HM Courts and Tribunals Service","Powys","Outside London","AO","[c]","[c]","[c]","[c]"
"In post","2022","HM Courts and Tribunals Service","Powys","Outside London","EO","[c]","[c]","[c]","[c]"
"In post","2022","HM Courts and Tribunals Service","Redbridge and Waltham Forest","London","AA","25","20","21650","21650"
"In post","2022","HM Courts and Tribunals Service","Redbridge and Waltham Forest","London","AO","25","20","23750","23720"
"In post","2022","HM Courts and Tribunals Service","Redbridge and Waltham Forest","London","EO","40","35","28330","28310"
"In post","2022","HM Courts and Tribunals Service","Redbridge and Waltham Forest","London","G7","[c]","[c]","[c]","[c]"
"In post","2022","HM Courts and Tribunals Service","Redbridge and Waltham Forest","London","HEO","10","10","[c]","[c]"
"In post","2022","HM Courts and Tribunals Service","Redbridge and Waltham Forest","London","SEO","5","5","[c]","[c]"
"In post","2022","HM Courts and Tribunals Service","Sefton","Outside London","AA","[c]","[c]","[c]","[c]"
"In post","2022","HM Courts and Tribunals Service","Sefton","Outside London","AO","10","5","[c]","[c]"
"In post","2022","HM Courts and Tribunals Service","Sefton","Outside London","EO","5","5","[c]","[c]"
"In post","2022","HM Courts and Tribunals Service","Sefton","Outside London","HEO","[c]","[c]","[c]","[c]"
"In post","2022","HM Courts and Tribunals Service","Sefton","Outside London","SEO","5","5","[c]","[c]"
"In post","2022","HM Courts and Tribunals Service","Sheffield","Outside London","AA","25","20","19200","19200"
"In post","2022","HM Courts and Tribunals Service","Sheffield","Outside London","AO","90","75","20980","20970"
"In post","2022","HM Courts and Tribunals Service","Sheffield","Outside London","EO","40","35","25180","25120"
"In post","2022","HM Courts and Tribunals Service","Sheffield","Outside London","G6","[c]","[c]","[c]","[c]"
"In post","2022","HM Courts and Tribunals Service","Sheffield","Outside London","G7","5","5","[c]","[c]"
"In post","2022","HM Courts and Tribunals Service","Sheffield","Outside London","HEO","30","25","30580","30450"
"In post","2022","HM Courts and Tribunals Service","Sheffield","Outside London","SEO","15","10","38550","36230"
"In post","2022","HM Courts and Tribunals Service","Shropshire","Outside London","AA","[c]","[c]","[c]","[c]"
"In post","2022","HM Courts and Tribunals Service","Shropshire","Outside London","AO","[c]","[c]","[c]","[c]"
"In post","2022","HM Courts and Tribunals Service","Shropshire","Outside London","EO","5","5","[c]","[c]"
"In post","2022","HM Courts and Tribunals Service","Shropshire","Outside London","SEO","[c]","[c]","[c]","[c]"
"In post","2022","HM Courts and Tribunals Service","Somerset CC","Outside London","AA","15","10","19200","19200"
"In post","2022","HM Courts and Tribunals Service","Somerset CC","Outside London","AO","40","35","21020","20970"
"In post","2022","HM Courts and Tribunals Service","Somerset CC","Outside London","EO","10","10","25650","25120"
"In post","2022","HM Courts and Tribunals Service","Somerset CC","Outside London","G7","[c]","[c]","[c]","[c]"
"In post","2022","HM Courts and Tribunals Service","Somerset CC","Outside London","HEO","5","5","[c]","[c]"
"In post","2022","HM Courts and Tribunals Service","Somerset CC","Outside London","SEO","5","5","[c]","[c]"
"In post","2022","HM Courts and Tribunals Service","South Ayrshire","Outside London","AO","[c]","[c]","[c]","[c]"
"In post","2022","HM Courts and Tribunals Service","South Hampshire","Outside London","AO","5","5","[c]","[c]"
"In post","2022","HM Courts and Tribunals Service","South Hampshire","Outside London","EO","[c]","[c]","[c]","[c]"
"In post","2022","HM Courts and Tribunals Service","South Hampshire","Outside London","HEO","5","5","[c]","[c]"
"In post","2022","HM Courts and Tribunals Service","South Lanarkshire","Outside London","AO","[c]","[c]","[c]","[c]"
"In post","2022","HM Courts and Tribunals Service","South Teesside","Outside London","AA","20","20","19200","19200"
"In post","2022","HM Courts and Tribunals Service","South Teesside","Outside London","AO","75","65","20990","20970"
"In post","2022","HM Courts and Tribunals Service","South Teesside","Outside London","EO","30","30","25160","25120"
"In post","2022","HM Courts and Tribunals Service","South Teesside","Outside London","G6","[c]","[c]","[c]","[c]"
"In post","2022","HM Courts and Tribunals Service","South Teesside","Outside London","G7","[c]","[c]","[c]","[c]"
"In post","2022","HM Courts and Tribunals Service","South Teesside","Outside London","HEO","10","10","30610","30450"
"In post","2022","HM Courts and Tribunals Service","South Teesside","Outside London","SEO","20","15","43170","44480"
"In post","2022","HM Courts and Tribunals Service","South West Wales","Outside London","AA","[c]","[c]","[c]","[c]"
"In post","2022","HM Courts and Tribunals Service","South West Wales","Outside London","AO","25","20","20970","20970"
"In post","2022","HM Courts and Tribunals Service","South West Wales","Outside London","EO","5","5","[c]","[c]"
"In post","2022","HM Courts and Tribunals Service","South West Wales","Outside London","G6","[c]","[c]","[c]","[c]"
"In post","2022","HM Courts and Tribunals Service","South West Wales","Outside London","G7","[c]","[c]","[c]","[c]"
"In post","2022","HM Courts and Tribunals Service","South West Wales","Outside London","HEO","[c]","[c]","[c]","[c]"
"In post","2022","HM Courts and Tribunals Service","South West Wales","Outside London","SEO","[c]","[c]","[c]","[c]"
"In post","2022","HM Courts and Tribunals Service","Southampton","Outside London","AA","15","15","19200","19200"
"In post","2022","HM Courts and Tribunals Service","Southampton","Outside London","AO","60","45","21360","21410"
"In post","2022","HM Courts and Tribunals Service","Southampton","Outside London","EO","15","15","25320","25120"
"In post","2022","HM Courts and Tribunals Service","Southampton","Outside London","G6","[c]","[c]","[c]","[c]"
"In post","2022","HM Courts and Tribunals Service","Southampton","Outside London","G7","[c]","[c]","[c]","[c]"
"In post","2022","HM Courts and Tribunals Service","Southampton","Outside London","HEO","5","5","[c]","[c]"
"In post","2022","HM Courts and Tribunals Service","Southampton","Outside London","SEO","10","10","42210","46400"
"In post","2022","HM Courts and Tribunals Service","Southend-on-Sea","Outside London","AA","10","5","[c]","[c]"
"In post","2022","HM Courts and Tribunals Service","Southend-on-Sea","Outside London","AO","20","20","20970","20970"
"In post","2022","HM Courts and Tribunals Service","Southend-on-Sea","Outside London","EO","5","5","[c]","[c]"
"In post","2022","HM Courts and Tribunals Service","Southend-on-Sea","Outside London","G6","[c]","[c]","[c]","[c]"
"In post","2022","HM Courts and Tribunals Service","Southend-on-Sea","Outside London","HEO","[c]","[c]","[c]","[c]"
"In post","2022","HM Courts and Tribunals Service","Southend-on-Sea","Outside London","SEO","[c]","[c]","[c]","[c]"
"In post","2022","HM Courts and Tribunals Service","Staffordshire CC","Outside London","AA","10","10","19200","19200"
"In post","2022","HM Courts and Tribunals Service","Staffordshire CC","Outside London","AO","50","45","21020","20970"
"In post","2022","HM Courts and Tribunals Service","Staffordshire CC","Outside London","EO","15","15","25220","25120"
"In post","2022","HM Courts and Tribunals Service","Staffordshire CC","Outside London","G7","5","5","[c]","[c]"
"In post","2022","HM Courts and Tribunals Service","Staffordshire CC","Outside London","HEO","10","10","30460","30450"
"In post","2022","HM Courts and Tribunals Service","Staffordshire CC","Outside London","SEO","15","10","42700","44780"
"In post","2022","HM Courts and Tribunals Service","Stoke-on-Trent","Outside London","AA","15","10","19200","19200"
"In post","2022","HM Courts and Tribunals Service","Stoke-on-Trent","Outside London","AO","380","340","20990","20970"
"In post","2022","HM Courts and Tribunals Service","Stoke-on-Trent","Outside London","EO","85","80","25100","25120"
"In post","2022","HM Courts and Tribunals Service","Stoke-on-Trent","Outside London","G6","[c]","[c]","[c]","[c]"
"In post","2022","HM Courts and Tribunals Service","Stoke-on-Trent","Outside London","G7","[c]","[c]","[c]","[c]"
"In post","2022","HM Courts and Tribunals Service","Stoke-on-Trent","Outside London","HEO","10","10","30540","30450"
"In post","2022","HM Courts and Tribunals Service","Stoke-on-Trent","Outside London","SCS level","[c]","[c]","[c]","[c]"
"In post","2022","HM Courts and Tribunals Service","Stoke-on-Trent","Outside London","SEO","10","10","[c]","[c]"
"In post","2022","HM Courts and Tribunals Service","Suffolk CC","Outside London","AA","15","10","19200","19200"
"In post","2022","HM Courts and Tribunals Service","Suffolk CC","Outside London","AO","100","90","20980","20970"
"In post","2022","HM Courts and Tribunals Service","Suffolk CC","Outside London","EO","20","20","25320","25120"
"In post","2022","HM Courts and Tribunals Service","Suffolk CC","Outside London","G6","[c]","[c]","[c]","[c]"
"In post","2022","HM Courts and Tribunals Service","Suffolk CC","Outside London","G7","[c]","[c]","[c]","[c]"
"In post","2022","HM Courts and Tribunals Service","Suffolk CC","Outside London","HEO","5","5","[c]","[c]"
"In post","2022","HM Courts and Tribunals Service","Suffolk CC","Outside London","SEO","15","10","40540","38450"
"In post","2022","HM Courts and Tribunals Service","Sunderland","Outside London","AA","[c]","[c]","[c]","[c]"
"In post","2022","HM Courts and Tribunals Service","Sunderland","Outside London","AO","15","10","21010","20970"
"In post","2022","HM Courts and Tribunals Service","Sunderland","Outside London","EO","[c]","[c]","[c]","[c]"
"In post","2022","HM Courts and Tribunals Service","Sunderland","Outside London","G6","[c]","[c]","[c]","[c]"
"In post","2022","HM Courts and Tribunals Service","Sunderland","Outside London","HEO","[c]","[c]","[c]","[c]"
"In post","2022","HM Courts and Tribunals Service","Sunderland","Outside London","SEO","5","5","[c]","[c]"
"In post","2022","HM Courts and Tribunals Service","Swansea","Outside London","AA","15","10","19200","19200"
"In post","2022","HM Courts and Tribunals Service","Swansea","Outside London","AO","50","45","20980","20970"
"In post","2022","HM Courts and Tribunals Service","Swansea","Outside London","EO","20","20","25470","25120"
"In post","2022","HM Courts and Tribunals Service","Swansea","Outside London","G6","[c]","[c]","[c]","[c]"
"In post","2022","HM Courts and Tribunals Service","Swansea","Outside London","G7","[c]","[c]","[c]","[c]"
"In post","2022","HM Courts and Tribunals Service","Swansea","Outside London","HEO","10","10","[c]","[c]"
"In post","2022","HM Courts and Tribunals Service","Swansea","Outside London","SCS level","[c]","[c]","[c]","[c]"
"In post","2022","HM Courts and Tribunals Service","Swansea","Outside London","SEO","15","15","40890","41510"
"In post","2022","HM Courts and Tribunals Service","Swindon","Outside London","AA","10","10","[c]","[c]"
"In post","2022","HM Courts and Tribunals Service","Swindon","Outside London","AO","50","45","20980","20970"
"In post","2022","HM Courts and Tribunals Service","Swindon","Outside London","EO","10","10","[c]","[c]"
"In post","2022","HM Courts and Tribunals Service","Swindon","Outside London","G7","[c]","[c]","[c]","[c]"
"In post","2022","HM Courts and Tribunals Service","Swindon","Outside London","HEO","10","10","[c]","[c]"
"In post","2022","HM Courts and Tribunals Service","Swindon","Outside London","SCS level","[c]","[c]","[c]","[c]"
"In post","2022","HM Courts and Tribunals Service","Swindon","Outside London","SEO","5","5","[c]","[c]"
"In post","2022","HM Courts and Tribunals Service","Telford and Wrekin","Outside London","AA","[c]","[c]","[c]","[c]"
"In post","2022","HM Courts and Tribunals Service","Telford and Wrekin","Outside London","AO","10","10","21010","20970"
"In post","2022","HM Courts and Tribunals Service","Telford and Wrekin","Outside London","EO","[c]","[c]","[c]","[c]"
"In post","2022","HM Courts and Tribunals Service","Telford and Wrekin","Outside London","G7","[c]","[c]","[c]","[c]"
"In post","2022","HM Courts and Tribunals Service","Telford and Wrekin","Outside London","HEO","[c]","[c]","[c]","[c]"
"In post","2022","HM Courts and Tribunals Service","Telford and Wrekin","Outside London","SEO","5","5","[c]","[c]"
"In post","2022","HM Courts and Tribunals Service","Torbay","Outside London","AA","[c]","[c]","[c]","[c]"
"In post","2022","HM Courts and Tribunals Service","Torbay","Outside London","AO","15","15","20990","20970"
"In post","2022","HM Courts and Tribunals Service","Torbay","Outside London","EO","[c]","[c]","[c]","[c]"
"In post","2022","HM Courts and Tribunals Service","Torbay","Outside London","G7","[c]","[c]","[c]","[c]"
"In post","2022","HM Courts and Tribunals Service","Torbay","Outside London","HEO","[c]","[c]","[c]","[c]"
"In post","2022","HM Courts and Tribunals Service","Torbay","Outside London","SEO","[c]","[c]","[c]","[c]"
"In post","2022","HM Courts and Tribunals Service","Tower Hamlets","London","AA","[c]","[c]","[c]","[c]"
"In post","2022","HM Courts and Tribunals Service","Tower Hamlets","London","AO","140","125","23880","23720"
"In post","2022","HM Courts and Tribunals Service","Tower Hamlets","London","EO","20","20","28660","28310"
"In post","2022","HM Courts and Tribunals Service","Tower Hamlets","London","G6","[c]","[c]","[c]","[c]"
"In post","2022","HM Courts and Tribunals Service","Tower Hamlets","London","G7","5","5","[c]","[c]"
"In post","2022","HM Courts and Tribunals Service","Tower Hamlets","London","HEO","20","20","34590","34260"
"In post","2022","HM Courts and Tribunals Service","Tower Hamlets","London","SEO","20","20","44470","43100"
"In post","2022","HM Courts and Tribunals Service","Tyneside","Outside London","AA","30","30","19200","19200"
"In post","2022","HM Courts and Tribunals Service","Tyneside","Outside London","AO","180","150","20980","20970"
"In post","2022","HM Courts and Tribunals Service","Tyneside","Outside London","EO","55","50","25200","25120"
"In post","2022","HM Courts and Tribunals Service","Tyneside","Outside London","G6","5","5","[c]","[c]"
"In post","2022","HM Courts and Tribunals Service","Tyneside","Outside London","G7","5","5","[c]","[c]"
"In post","2022","HM Courts and Tribunals Service","Tyneside","Outside London","HEO","30","30","30730","30450"
"In post","2022","HM Courts and Tribunals Service","Tyneside","Outside London","SCS level","[c]","[c]","[c]","[c]"
"In post","2022","HM Courts and Tribunals Service","Tyneside","Outside London","SEO","30","30","39210","38320"
"In post","2022","HM Courts and Tribunals Service","Unknown","Unknown","AA","[c]","[c]","[c]","[c]"
"In post","2022","HM Courts and Tribunals Service","Unknown","Unknown","AO","15","15","21150","20970"
"In post","2022","HM Courts and Tribunals Service","Unknown","Unknown","EO","[c]","[c]","[c]","[c]"
"In post","2022","HM Courts and Tribunals Service","Unknown","Unknown","HEO","[c]","[c]","[c]","[c]"
"In post","2022","HM Courts and Tribunals Service","Wakefield","Outside London","AO","15","10","21040","20970"
"In post","2022","HM Courts and Tribunals Service","Wakefield","Outside London","EO","[c]","[c]","[c]","[c]"
"In post","2022","HM Courts and Tribunals Service","Wakefield","Outside London","HEO","[c]","[c]","[c]","[c]"
"In post","2022","HM Courts and Tribunals Service","Wakefield","Outside London","SEO","[c]","[c]","[c]","[c]"
"In post","2022","HM Courts and Tribunals Service","Walsall","Outside London","AA","[c]","[c]","[c]","[c]"
"In post","2022","HM Courts and Tribunals Service","Walsall","Outside London","AO","25","15","21050","20970"
"In post","2022","HM Courts and Tribunals Service","Walsall","Outside London","EO","[c]","[c]","[c]","[c]"
"In post","2022","HM Courts and Tribunals Service","Walsall","Outside London","G7","[c]","[c]","[c]","[c]"
"In post","2022","HM Courts and Tribunals Service","Walsall","Outside London","HEO","[c]","[c]","[c]","[c]"
"In post","2022","HM Courts and Tribunals Service","Walsall","Outside London","SEO","5","5","[c]","[c]"
"In post","2022","HM Courts and Tribunals Service","Wandsworth","London","AO","50","45","24080","24310"
"In post","2022","HM Courts and Tribunals Service","Wandsworth","London","EO","[c]","[c]","[c]","[c]"
"In post","2022","HM Courts and Tribunals Service","Wandsworth","London","G6","[c]","[c]","[c]","[c]"
"In post","2022","HM Courts and Tribunals Service","Wandsworth","London","G7","[c]","[c]","[c]","[c]"
"In post","2022","HM Courts and Tribunals Service","Wandsworth","London","HEO","[c]","[c]","[c]","[c]"
"In post","2022","HM Courts and Tribunals Service","Wandsworth","London","SEO","5","5","[c]","[c]"
"In post","2022","HM Courts and Tribunals Service","Warrington","Outside London","AA","[c]","[c]","[c]","[c]"
"In post","2022","HM Courts and Tribunals Service","Warrington","Outside London","AO","20","15","20990","20970"
"In post","2022","HM Courts and Tribunals Service","Warrington","Outside London","EO","[c]","[c]","[c]","[c]"
"In post","2022","HM Courts and Tribunals Service","Warrington","Outside London","G6","[c]","[c]","[c]","[c]"
"In post","2022","HM Courts and Tribunals Service","Warrington","Outside London","G7","[c]","[c]","[c]","[c]"
"In post","2022","HM Courts and Tribunals Service","Warrington","Outside London","HEO","5","5","[c]","[c]"
"In post","2022","HM Courts and Tribunals Service","Warrington","Outside London","SEO","5","5","[c]","[c]"
"In post","2022","HM Courts and Tribunals Service","Warwickshire CC","Outside London","AA","10","10","19200","19200"
"In post","2022","HM Courts and Tribunals Service","Warwickshire CC","Outside London","AO","30","25","21010","20970"
"In post","2022","HM Courts and Tribunals Service","Warwickshire CC","Outside London","EO","15","15","25270","25120"
"In post","2022","HM Courts and Tribunals Service","Warwickshire CC","Outside London","G7","[c]","[c]","[c]","[c]"
"In post","2022","HM Courts and Tribunals Service","Warwickshire CC","Outside London","HEO","[c]","[c]","[c]","[c]"
"In post","2022","HM Courts and Tribunals Service","Warwickshire CC","Outside London","SEO","10","5","[c]","[c]"
"In post","2022","HM Courts and Tribunals Service","West Cumbria","Outside London","AA","[c]","[c]","[c]","[c]"
"In post","2022","HM Courts and Tribunals Service","West Cumbria","Outside London","AO","15","15","21020","20970"
"In post","2022","HM Courts and Tribunals Service","West Cumbria","Outside London","EO","[c]","[c]","[c]","[c]"
"In post","2022","HM Courts and Tribunals Service","West Cumbria","Outside London","G7","[c]","[c]","[c]","[c]"
"In post","2022","HM Courts and Tribunals Service","West Cumbria","Outside London","HEO","[c]","[c]","[c]","[c]"
"In post","2022","HM Courts and Tribunals Service","West Cumbria","Outside London","SEO","[c]","[c]","[c]","[c]"
"In post","2022","HM Courts and Tribunals Service","West Kent","Outside London","AA","[c]","[c]","[c]","[c]"
"In post","2022","HM Courts and Tribunals Service","West Northamptonshire","Outside London","AA","30","25","19200","19200"
"In post","2022","HM Courts and Tribunals Service","West Northamptonshire","Outside London","AO","185","155","20970","20970"
"In post","2022","HM Courts and Tribunals Service","West Northamptonshire","Outside London","EO","40","40","25180","25120"
"In post","2022","HM Courts and Tribunals Service","West Northamptonshire","Outside London","G6","[c]","[c]","[c]","[c]"
"In post","2022","HM Courts and Tribunals Service","West Northamptonshire","Outside London","G7","[c]","[c]","[c]","[c]"
"In post","2022","HM Courts and Tribunals Service","West Northamptonshire","Outside London","HEO","15","15","30590","30450"
"In post","2022","HM Courts and Tribunals Service","West Northamptonshire","Outside London","SCS level","[c]","[c]","[c]","[c]"
"In post","2022","HM Courts and Tribunals Service","West Northamptonshire","Outside London","SEO","20","15","40180","38840"
"In post","2022","HM Courts and Tribunals Service","West Surrey","Outside London","AA","15","10","20070","19200"
"In post","2022","HM Courts and Tribunals Service","West Surrey","Outside London","AO","35","35","21970","21490"
"In post","2022","HM Courts and Tribunals Service","West Surrey","Outside London","EO","10","10","25930","25360"
"In post","2022","HM Courts and Tribunals Service","West Surrey","Outside London","G7","[c]","[c]","[c]","[c]"
"In post","2022","HM Courts and Tribunals Service","West Surrey","Outside London","HEO","10","5","[c]","[c]"
"In post","2022","HM Courts and Tribunals Service","West Surrey","Outside London","SCS level","[c]","[c]","[c]","[c]"
"In post","2022","HM Courts and Tribunals Service","West Surrey","Outside London","SEO","10","5","[c]","[c]"
"In post","2022","HM Courts and Tribunals Service","West Surrey","Outside London","Unknown","[c]","[c]","[c]","[c]"
"In post","2022","HM Courts and Tribunals Service","West Sussex (North East)","Outside London","AA","[c]","[c]","[c]","[c]"
"In post","2022","HM Courts and Tribunals Service","West Sussex (North East)","Outside London","AO","[c]","[c]","[c]","[c]"
"In post","2022","HM Courts and Tribunals Service","West Sussex (North East)","Outside London","EO","[c]","[c]","[c]","[c]"
"In post","2022","HM Courts and Tribunals Service","West Sussex (North East)","Outside London","G7","[c]","[c]","[c]","[c]"
"In post","2022","HM Courts and Tribunals Service","West Sussex (North East)","Outside London","HEO","[c]","[c]","[c]","[c]"
"In post","2022","HM Courts and Tribunals Service","West Sussex (North East)","Outside London","SEO","[c]","[c]","[c]","[c]"
"In post","2022","HM Courts and Tribunals Service","West Sussex (South West)","Outside London","AA","10","10","[c]","[c]"
"In post","2022","HM Courts and Tribunals Service","West Sussex (South West)","Outside London","AO","20","20","21190","21150"
"In post","2022","HM Courts and Tribunals Service","West Sussex (South West)","Outside London","EO","5","5","[c]","[c]"
"In post","2022","HM Courts and Tribunals Service","West Sussex (South West)","Outside London","HEO","5","5","[c]","[c]"
"In post","2022","HM Courts and Tribunals Service","West Sussex (South West)","Outside London","SCS level","[c]","[c]","[c]","[c]"
"In post","2022","HM Courts and Tribunals Service","West Sussex (South West)","Outside London","SEO","[c]","[c]","[c]","[c]"
"In post","2022","HM Courts and Tribunals Service","Westminster","London","AA","95","90","21680","21650"
"In post","2022","HM Courts and Tribunals Service","Westminster","London","AO","275","260","23910","23720"
"In post","2022","HM Courts and Tribunals Service","Westminster","London","EO","345","335","28520","28310"
"In post","2022","HM Courts and Tribunals Service","Westminster","London","G6","60","60","67750","68200"
"In post","2022","HM Courts and Tribunals Service","Westminster","London","G7","175","170","58010","57540"
"In post","2022","HM Courts and Tribunals Service","Westminster","London","HEO","240","240","34550","34260"
"In post","2022","HM Courts and Tribunals Service","Westminster","London","SCS level","35","35","86330","83300"
"In post","2022","HM Courts and Tribunals Service","Westminster","London","SEO","230","225","42860","41750"
"In post","2022","HM Courts and Tribunals Service","Wiltshire","Outside London","AA","[c]","[c]","[c]","[c]"
"In post","2022","HM Courts and Tribunals Service","Wiltshire","Outside London","AO","5","5","[c]","[c]"
"In post","2022","HM Courts and Tribunals Service","Wiltshire","Outside London","EO","[c]","[c]","[c]","[c]"
"In post","2022","HM Courts and Tribunals Service","Wiltshire","Outside London","G7","[c]","[c]","[c]","[c]"
"In post","2022","HM Courts and Tribunals Service","Wiltshire","Outside London","HEO","[c]","[c]","[c]","[c]"
"In post","2022","HM Courts and Tribunals Service","Wirral","Outside London","AA","5","5","[c]","[c]"
"In post","2022","HM Courts and Tribunals Service","Wirral","Outside London","AO","30","25","21360","21410"
"In post","2022","HM Courts and Tribunals Service","Wirral","Outside London","EO","5","5","[c]","[c]"
"In post","2022","HM Courts and Tribunals Service","Wirral","Outside London","G7","[c]","[c]","[c]","[c]"
"In post","2022","HM Courts and Tribunals Service","Wirral","Outside London","HEO","[c]","[c]","[c]","[c]"
"In post","2022","HM Courts and Tribunals Service","Wirral","Outside London","SEO","[c]","[c]","[c]","[c]"
"In post","2022","HM Courts and Tribunals Service","Wolverhampton","Outside London","AA","25","20","19200","19200"
"In post","2022","HM Courts and Tribunals Service","Wolverhampton","Outside London","AO","55","45","21000","20970"
"In post","2022","HM Courts and Tribunals Service","Wolverhampton","Outside London","EO","25","20","25160","25120"
"In post","2022","HM Courts and Tribunals Service","Wolverhampton","Outside London","G6","[c]","[c]","[c]","[c]"
"In post","2022","HM Courts and Tribunals Service","Wolverhampton","Outside London","G7","[c]","[c]","[c]","[c]"
"In post","2022","HM Courts and Tribunals Service","Wolverhampton","Outside London","HEO","5","5","[c]","[c]"
"In post","2022","HM Courts and Tribunals Service","Wolverhampton","Outside London","SEO","5","5","[c]","[c]"
"In post","2022","HM Courts and Tribunals Service","Worcestershire CC","Outside London","AA","15","15","19200","19200"
"In post","2022","HM Courts and Tribunals Service","Worcestershire CC","Outside London","AO","80","70","20990","20970"
"In post","2022","HM Courts and Tribunals Service","Worcestershire CC","Outside London","EO","25","20","25140","25120"
"In post","2022","HM Courts and Tribunals Service","Worcestershire CC","Outside London","G6","[c]","[c]","[c]","[c]"
"In post","2022","HM Courts and Tribunals Service","Worcestershire CC","Outside London","G7","[c]","[c]","[c]","[c]"
"In post","2022","HM Courts and Tribunals Service","Worcestershire CC","Outside London","HEO","5","5","[c]","[c]"
"In post","2022","HM Courts and Tribunals Service","Worcestershire CC","Outside London","SCS level","[c]","[c]","[c]","[c]"
"In post","2022","HM Courts and Tribunals Service","Worcestershire CC","Outside London","SEO","15","15","41100","41100"
"In post","2022","HM Courts and Tribunals Service","York","Outside London","AA","5","5","[c]","[c]"
"In post","2022","HM Courts and Tribunals Service","York","Outside London","AO","25","20","20980","20970"
"In post","2022","HM Courts and Tribunals Service","York","Outside London","EO","10","10","[c]","[c]"
"In post","2022","HM Courts and Tribunals Service","York","Outside London","G7","[c]","[c]","[c]","[c]"
"In post","2022","HM Courts and Tribunals Service","York","Outside London","HEO","5","5","[c]","[c]"
"In post","2022","HM Courts and Tribunals Service","York","Outside London","SEO","[c]","[c]","[c]","[c]"
"In post","2022","HM Crown Prosecution Service Inspectorate","Westminster","London","AO","[c]","[c]","[c]","[c]"
"In post","2022","HM Crown Prosecution Service Inspectorate","Westminster","London","G6","[c]","[c]","[c]","[c]"
"In post","2022","HM Crown Prosecution Service Inspectorate","Westminster","London","G7","10","5","[c]","[c]"
"In post","2022","HM Crown Prosecution Service Inspectorate","Westminster","London","HEO","[c]","[c]","[c]","[c]"
"In post","2022","HM Crown Prosecution Service Inspectorate","Westminster","London","SCS level","[c]","[c]","[c]","[c]"
"In post","2022","HM Crown Prosecution Service Inspectorate","York","Outside London","AO","[c]","[c]","[c]","[c]"
"In post","2022","HM Crown Prosecution Service Inspectorate","York","Outside London","G6","[c]","[c]","[c]","[c]"
"In post","2022","HM Crown Prosecution Service Inspectorate","York","Outside London","G7","10","10","[c]","[c]"
"In post","2022","HM Crown Prosecution Service Inspectorate","York","Outside London","SCS level","[c]","[c]","[c]","[c]"
"In post","2022","HM Land Registry","Coventry","Outside London","AO","65","65","22600","22600"
"In post","2022","HM Land Registry","Coventry","Outside London","EO","95","80","27180","27130"
"In post","2022","HM Land Registry","Coventry","Outside London","G6","[c]","[c]","[c]","[c]"
"In post","2022","HM Land Registry","Coventry","Outside London","G7","10","10","59010","56750"
"In post","2022","HM Land Registry","Coventry","Outside London","HEO","60","55","33920","33840"
"In post","2022","HM Land Registry","Coventry","Outside London","SCS level","[c]","[c]","[c]","[c]"
"In post","2022","HM Land Registry","Coventry","Outside London","SEO","35","30","41010","40860"
"In post","2022","HM Land Registry","Croydon","London","AA","[c]","[c]","[c]","[c]"
"In post","2022","HM Land Registry","Croydon","London","AO","55","55","25860","25850"
"In post","2022","HM Land Registry","Croydon","London","EO","110","105","30810","30600"
"In post","2022","HM Land Registry","Croydon","London","G6","20","20","75250","75000"
"In post","2022","HM Land Registry","Croydon","London","G7","35","30","63780","64230"
"In post","2022","HM Land Registry","Croydon","London","HEO","100","90","37640","37290"
"In post","2022","HM Land Registry","Croydon","London","SCS level","10","10","100030","93410"
"In post","2022","HM Land Registry","Croydon","London","SEO","75","70","45520","44260"
"In post","2022","HM Land Registry","Dorset","Outside London","AO","90","85","22600","22600"
"In post","2022","HM Land Registry","Dorset","Outside London","EO","100","90","27130","27130"
"In post","2022","HM Land Registry","Dorset","Outside London","G6","[c]","[c]","[c]","[c]"
"In post","2022","HM Land Registry","Dorset","Outside London","G7","10","5","[c]","[c]"
"In post","2022","HM Land Registry","Dorset","Outside London","HEO","60","50","34000","33840"
"In post","2022","HM Land Registry","Dorset","Outside London","SEO","30","25","39930","38830"
"In post","2022","HM Land Registry","Durham","Outside London","AO","250","235","22600","22600"
"In post","2022","HM Land Registry","Durham","Outside London","EO","275","250","27150","27130"
"In post","2022","HM Land Registry","Durham","Outside London","G7","20","20","58800","56750"
"In post","2022","HM Land Registry","Durham","Outside London","HEO","120","110","33920","33840"
"In post","2022","HM Land Registry","Durham","Outside London","SCS level","[c]","[c]","[c]","[c]"
"In post","2022","HM Land Registry","Durham","Outside London","SEO","65","60","40270","38550"
"In post","2022","HM Land Registry","Gloucestershire CC","Outside London","AO","85","80","22660","22600"
"In post","2022","HM Land Registry","Gloucestershire CC","Outside London","EO","150","125","27160","27130"
"In post","2022","HM Land Registry","Gloucestershire CC","Outside London","G6","[c]","[c]","[c]","[c]"
"In post","2022","HM Land Registry","Gloucestershire CC","Outside London","G7","10","10","[c]","[c]"
"In post","2022","HM Land Registry","Gloucestershire CC","Outside London","HEO","85","70","33840","33840"
"In post","2022","HM Land Registry","Gloucestershire CC","Outside London","SCS level","[c]","[c]","[c]","[c]"
"In post","2022","HM Land Registry","Gloucestershire CC","Outside London","SEO","35","30","40780","39100"
"In post","2022","HM Land Registry","Kingston upon Hull, City of","Outside London","AO","100","95","22600","22600"
"In post","2022","HM Land Registry","Kingston upon Hull, City of","Outside London","EO","150","135","27160","27130"
"In post","2022","HM Land Registry","Kingston upon Hull, City of","Outside London","G6","[c]","[c]","[c]","[c]"
"In post","2022","HM Land Registry","Kingston upon Hull, City of","Outside London","G7","10","10","[c]","[c]"
"In post","2022","HM Land Registry","Kingston upon Hull, City of","Outside London","HEO","65","55","33880","33840"
"In post","2022","HM Land Registry","Kingston upon Hull, City of","Outside London","SCS level","[c]","[c]","[c]","[c]"
"In post","2022","HM Land Registry","Kingston upon Hull, City of","Outside London","SEO","30","25","40750","38830"
"In post","2022","HM Land Registry","Leicester","Outside London","AO","100","95","22600","22600"
"In post","2022","HM Land Registry","Leicester","Outside London","EO","110","100","27170","27130"
"In post","2022","HM Land Registry","Leicester","Outside London","G6","[c]","[c]","[c]","[c]"
"In post","2022","HM Land Registry","Leicester","Outside London","G7","5","5","[c]","[c]"
"In post","2022","HM Land Registry","Leicester","Outside London","HEO","60","55","33840","33840"
"In post","2022","HM Land Registry","Leicester","Outside London","SEO","35","30","40520","39100"
"In post","2022","HM Land Registry","Mid Lancashire","Outside London","AO","135","125","22600","22600"
"In post","2022","HM Land Registry","Mid Lancashire","Outside London","EO","155","140","27170","27130"
"In post","2022","HM Land Registry","Mid Lancashire","Outside London","G6","[c]","[c]","[c]","[c]"
"In post","2022","HM Land Registry","Mid Lancashire","Outside London","G7","10","10","60930","60520"
"In post","2022","HM Land Registry","Mid Lancashire","Outside London","HEO","80","70","33900","33840"
"In post","2022","HM Land Registry","Mid Lancashire","Outside London","SCS level","[c]","[c]","[c]","[c]"
"In post","2022","HM Land Registry","Mid Lancashire","Outside London","SEO","45","40","40720","38550"
"In post","2022","HM Land Registry","Nottingham","Outside London","AA","[c]","[c]","[c]","[c]"
"In post","2022","HM Land Registry","Nottingham","Outside London","AO","120","110","22600","22600"
"In post","2022","HM Land Registry","Nottingham","Outside London","EO","235","210","27130","27130"
"In post","2022","HM Land Registry","Nottingham","Outside London","G6","5","5","[c]","[c]"
"In post","2022","HM Land Registry","Nottingham","Outside London","G7","35","30","58070","56750"
"In post","2022","HM Land Registry","Nottingham","Outside London","HEO","125","110","33840","33840"
"In post","2022","HM Land Registry","Nottingham","Outside London","SCS level","[c]","[c]","[c]","[c]"
"In post","2022","HM Land Registry","Nottingham","Outside London","SEO","85","80","41320","39100"
"In post","2022","HM Land Registry","Peterborough","Outside London","AO","85","80","22600","22600"
"In post","2022","HM Land Registry","Peterborough","Outside London","EO","90","80","27180","27130"
"In post","2022","HM Land Registry","Peterborough","Outside London","G6","[c]","[c]","[c]","[c]"
"In post","2022","HM Land Registry","Peterborough","Outside London","G7","10","10","60400","60520"
"In post","2022","HM Land Registry","Peterborough","Outside London","HEO","75","65","34150","33840"
"In post","2022","HM Land Registry","Peterborough","Outside London","SEO","40","35","41460","40860"
"In post","2022","HM Land Registry","Plymouth","Outside London","AA","30","30","21570","21290"
"In post","2022","HM Land Registry","Plymouth","Outside London","AO","140","125","22600","22600"
"In post","2022","HM Land Registry","Plymouth","Outside London","EO","255","230","28500","27130"
"In post","2022","HM Land Registry","Plymouth","Outside London","G6","10","10","[c]","[c]"
"In post","2022","HM Land Registry","Plymouth","Outside London","G7","50","45","57710","56750"
"In post","2022","HM Land Registry","Plymouth","Outside London","HEO","220","200","36310","38450"
"In post","2022","HM Land Registry","Plymouth","Outside London","SCS level","[c]","[c]","[c]","[c]"
"In post","2022","HM Land Registry","Plymouth","Outside London","SEO","215","205","42960","43160"
"In post","2022","HM Land Registry","Swansea","Outside London","AO","210","195","22600","22600"
"In post","2022","HM Land Registry","Swansea","Outside London","EO","305","275","27130","27130"
"In post","2022","HM Land Registry","Swansea","Outside London","G6","[c]","[c]","[c]","[c]"
"In post","2022","HM Land Registry","Swansea","Outside London","G7","15","15","59940","60520"
"In post","2022","HM Land Registry","Swansea","Outside London","HEO","160","135","33930","33840"
"In post","2022","HM Land Registry","Swansea","Outside London","SEO","75","70","40940","40860"
"In post","2022","HM Land Registry","Telford and Wrekin","Outside London","AO","115","110","22600","22600"
"In post","2022","HM Land Registry","Telford and Wrekin","Outside London","EO","130","120","27170","27130"
"In post","2022","HM Land Registry","Telford and Wrekin","Outside London","G6","[c]","[c]","[c]","[c]"
"In post","2022","HM Land Registry","Telford and Wrekin","Outside London","G7","10","10","58710","60520"
"In post","2022","HM Land Registry","Telford and Wrekin","Outside London","HEO","55","45","33840","33840"
"In post","2022","HM Land Registry","Telford and Wrekin","Outside London","SEO","35","30","40370","38550"
"In post","2022","HM Land Registry","Wirral","Outside London","AO","160","145","22600","22600"
"In post","2022","HM Land Registry","Wirral","Outside London","EO","195","165","27160","27130"
"In post","2022","HM Land Registry","Wirral","Outside London","G6","10","10","[c]","[c]"
"In post","2022","HM Land Registry","Wirral","Outside London","G7","15","10","58420","60520"
"In post","2022","HM Land Registry","Wirral","Outside London","HEO","105","90","33930","33840"
"In post","2022","HM Land Registry","Wirral","Outside London","SCS level","[c]","[c]","[c]","[c]"
"In post","2022","HM Land Registry","Wirral","Outside London","SEO","55","55","40670","39100"
"In post","2022","HM Prison and Probation Service","Barking & Dagenham and Havering","London","SEO","[c]","[c]","[c]","[c]"
"In post","2022","HM Prison and Probation Service","Barking & Dagenham and Havering","London","Unknown","95","90","33650","33700"
"In post","2022","HM Prison and Probation Service","Barnet","London","SEO","[c]","[c]","[c]","[c]"
"In post","2022","HM Prison and Probation Service","Barnet","London","Unknown","100","95","33180","32090"
"In post","2022","HM Prison and Probation Service","Barnsley, Doncaster and Rotherham","Outside London","AA","175","165","21000","20890"
"In post","2022","HM Prison and Probation Service","Barnsley, Doncaster and Rotherham","Outside London","AO","605","565","26490","26100"
"In post","2022","HM Prison and Probation Service","Barnsley, Doncaster and Rotherham","Outside London","EO","215","205","31590","31610"
"In post","2022","HM Prison and Probation Service","Barnsley, Doncaster and Rotherham","Outside London","G6","[c]","[c]","[c]","[c]"
"In post","2022","HM Prison and Probation Service","Barnsley, Doncaster and Rotherham","Outside London","G7","5","5","[c]","[c]"
"In post","2022","HM Prison and Probation Service","Barnsley, Doncaster and Rotherham","Outside London","HEO","145","135","35840","36480"
"In post","2022","HM Prison and Probation Service","Barnsley, Doncaster and Rotherham","Outside London","SEO","55","55","50410","51150"
"In post","2022","HM Prison and Probation Service","Barnsley, Doncaster and Rotherham","Outside London","Unknown","305","285","29340","28200"
"In post","2022","HM Prison and Probation Service","Bath and North East Somerset, North Somerset and South Gloucestershire","Outside London","AA","50","50","21130","20890"
"In post","2022","HM Prison and Probation Service","Bath and North East Somerset, North Somerset and South Gloucestershire","Outside London","AO","255","230","26220","25210"
"In post","2022","HM Prison and Probation Service","Bath and North East Somerset, North Somerset and South Gloucestershire","Outside London","EO","85","80","30820","32040"
"In post","2022","HM Prison and Probation Service","Bath and North East Somerset, North Somerset and South Gloucestershire","Outside London","G6","5","5","[c]","[c]"
"In post","2022","HM Prison and Probation Service","Bath and North East Somerset, North Somerset and South Gloucestershire","Outside London","G7","5","5","[c]","[c]"
"In post","2022","HM Prison and Probation Service","Bath and North East Somerset, North Somerset and South Gloucestershire","Outside London","HEO","75","65","34740","36480"
"In post","2022","HM Prison and Probation Service","Bath and North East Somerset, North Somerset and South Gloucestershire","Outside London","SCS level","[c]","[c]","[c]","[c]"
"In post","2022","HM Prison and Probation Service","Bath and North East Somerset, North Somerset and South Gloucestershire","Outside London","SEO","40","40","50520","51150"
"In post","2022","HM Prison and Probation Service","Bath and North East Somerset, North Somerset and South Gloucestershire","Outside London","Unknown","150","135","30050","28760"
"In post","2022","HM Prison and Probation Service","Bedford","Outside London","AA","40","40","21380","21790"
"In post","2022","HM Prison and Probation Service","Bedford","Outside London","AO","185","180","28890","29260"
"In post","2022","HM Prison and Probation Service","Bedford","Outside London","EO","25","25","30340","32040"
"In post","2022","HM Prison and Probation Service","Bedford","Outside London","G6","[c]","[c]","[c]","[c]"
"In post","2022","HM Prison and Probation Service","Bedford","Outside London","G7","[c]","[c]","[c]","[c]"
"In post","2022","HM Prison and Probation Service","Bedford","Outside London","HEO","25","25","34680","35220"
"In post","2022","HM Prison and Probation Service","Bedford","Outside London","SCS level","[c]","[c]","[c]","[c]"
"In post","2022","HM Prison and Probation Service","Bedford","Outside London","SEO","10","10","50630","50920"
"In post","2022","HM Prison and Probation Service","Bedford","Outside London","Unknown","105","95","28480","25480"
"In post","2022","HM Prison and Probation Service","Berkshire","Outside London","G7","[c]","[c]","[c]","[c]"
"In post","2022","HM Prison and Probation Service","Berkshire","Outside London","HEO","[c]","[c]","[c]","[c]"
"In post","2022","HM Prison and Probation Service","Berkshire","Outside London","SCS level","[c]","[c]","[c]","[c]"
"In post","2022","HM Prison and Probation Service","Berkshire","Outside London","SEO","[c]","[c]","[c]","[c]"
"In post","2022","HM Prison and Probation Service","Berkshire","Outside London","Unknown","235","230","29200","25190"
"In post","2022","HM Prison and Probation Service","Bexley and Greenwich","London","AA","210","200","24280","24080"
"In post","2022","HM Prison and Probation Service","Bexley and Greenwich","London","AO","560","545","31360","31890"
"In post","2022","HM Prison and Probation Service","Bexley and Greenwich","London","EO","165","160","34760","36850"
"In post","2022","HM Prison and Probation Service","Bexley and Greenwich","London","G6","[c]","[c]","[c]","[c]"
"In post","2022","HM Prison and Probation Service","Bexley and Greenwich","London","G7","[c]","[c]","[c]","[c]"
"In post","2022","HM Prison and Probation Service","Bexley and Greenwich","London","HEO","85","80","39350","39670"
"In post","2022","HM Prison and Probation Service","Bexley and Greenwich","London","SEO","35","35","53050","53380"
"In post","2022","HM Prison and Probation Service","Bexley and Greenwich","London","Unknown","80","75","33170","32890"
"In post","2022","HM Prison and Probation Service","Birmingham","Outside London","AA","105","100","20740","20890"
"In post","2022","HM Prison and Probation Service","Birmingham","Outside London","AO","350","335","26720","25870"
"In post","2022","HM Prison and Probation Service","Birmingham","Outside London","EO","40","40","30600","30350"
"In post","2022","HM Prison and Probation Service","Birmingham","Outside London","G6","5","5","[c]","[c]"
"In post","2022","HM Prison and Probation Service","Birmingham","Outside London","G7","10","10","[c]","[c]"
"In post","2022","HM Prison and Probation Service","Birmingham","Outside London","HEO","65","65","34740","36410"
"In post","2022","HM Prison and Probation Service","Birmingham","Outside London","SCS level","[c]","[c]","[c]","[c]"
"In post","2022","HM Prison and Probation Service","Birmingham","Outside London","SEO","40","40","43210","45990"
"In post","2022","HM Prison and Probation Service","Birmingham","Outside London","Unknown","665","615","29430","28200"
"In post","2022","HM Prison and Probation Service","Blackburn with Darwen","Outside London","Unknown","85","80","29250","26310"
"In post","2022","HM Prison and Probation Service","Blackpool","Outside London","Unknown","100","100","28890","27260"
"In post","2022","HM Prison and Probation Service","Bournemouth, Christchurch and Poole","Outside London","G6","[c]","[c]","[c]","[c]"
"In post","2022","HM Prison and Probation Service","Bournemouth, Christchurch and Poole","Outside London","SEO","5","5","[c]","[c]"
"In post","2022","HM Prison and Probation Service","Bournemouth, Christchurch and Poole","Outside London","Unknown","150","135","28920","26810"
"In post","2022","HM Prison and Probation Service","Bradford","Outside London","SEO","[c]","[c]","[c]","[c]"
"In post","2022","HM Prison and Probation Service","Bradford","Outside London","Unknown","200","190","29850","28200"
"In post","2022","HM Prison and Probation Service","Breckland and South Norfolk","Outside London","AA","55","50","21060","20890"
"In post","2022","HM Prison and Probation Service","Breckland and South Norfolk","Outside London","AO","215","200","25330","24430"
"In post","2022","HM Prison and Probation Service","Breckland and South Norfolk","Outside London","EO","60","55","29800","27380"
"In post","2022","HM Prison and Probation Service","Breckland and South Norfolk","Outside London","G6","[c]","[c]","[c]","[c]"
"In post","2022","HM Prison and Probation Service","Breckland and South Norfolk","Outside London","G7","[c]","[c]","[c]","[c]"
"In post","2022","HM Prison and Probation Service","Breckland and South Norfolk","Outside London","HEO","40","40","34150","34930"
"In post","2022","HM Prison and Probation Service","Breckland and South Norfolk","Outside London","SEO","20","20","49210","48580"
"In post","2022","HM Prison and Probation Service","Breckland and South Norfolk","Outside London","Unknown","5","5","[c]","[c]"
"In post","2022","HM Prison and Probation Service","Brent","London","Unknown","75","75","32410","29210"
"In post","2022","HM Prison and Probation Service","Bridgend and Neath Port Talbot","Outside London","AO","[c]","[c]","[c]","[c]"
"In post","2022","HM Prison and Probation Service","Bridgend and Neath Port Talbot","Outside London","EO","[c]","[c]","[c]","[c]"
"In post","2022","HM Prison and Probation Service","Bridgend and Neath Port Talbot","Outside London","G7","[c]","[c]","[c]","[c]"
"In post","2022","HM Prison and Probation Service","Bridgend and Neath Port Talbot","Outside London","HEO","[c]","[c]","[c]","[c]"
"In post","2022","HM Prison and Probation Service","Bridgend and Neath Port Talbot","Outside London","SEO","[c]","[c]","[c]","[c]"
"In post","2022","HM Prison and Probation Service","Bridgend and Neath Port Talbot","Outside London","Unknown","90","80","30350","28200"
"In post","2022","HM Prison and Probation Service","Brighton and Hove","Outside London","G6","[c]","[c]","[c]","[c]"
"In post","2022","HM Prison and Probation Service","Brighton and Hove","Outside London","G7","[c]","[c]","[c]","[c]"
"In post","2022","HM Prison and Probation Service","Brighton and Hove","Outside London","SEO","[c]","[c]","[c]","[c]"
"In post","2022","HM Prison and Probation Service","Brighton and Hove","Outside London","Unknown","145","125","30700","28200"
"In post","2022","HM Prison and Probation Service","Bristol, City of","Outside London","AA","45","45","20770","20890"
"In post","2022","HM Prison and Probation Service","Bristol, City of","Outside London","AO","210","205","25500","25210"
"In post","2022","HM Prison and Probation Service","Bristol, City of","Outside London","EO","30","30","29760","29510"
"In post","2022","HM Prison and Probation Service","Bristol, City of","Outside London","G6","[c]","[c]","[c]","[c]"
"In post","2022","HM Prison and Probation Service","Bristol, City of","Outside London","G7","[c]","[c]","[c]","[c]"
"In post","2022","HM Prison and Probation Service","Bristol, City of","Outside London","HEO","30","25","35070","36410"
"In post","2022","HM Prison and Probation Service","Bristol, City of","Outside London","SEO","20","20","48540","50250"
"In post","2022","HM Prison and Probation Service","Bristol, City of","Outside London","Unknown","265","240","28520","26810"
"In post","2022","HM Prison and Probation Service","Bromley","London","SEO","[c]","[c]","[c]","[c]"
"In post","2022","HM Prison and Probation Service","Bromley","London","Unknown","125","120","33090","30240"
"In post","2022","HM Prison and Probation Service","Buckinghamshire","Outside London","AA","85","80","22290","21790"
"In post","2022","HM Prison and Probation Service","Buckinghamshire","Outside London","AO","255","245","28960","30060"
"In post","2022","HM Prison and Probation Service","Buckinghamshire","Outside London","EO","135","125","31460","33520"
"In post","2022","HM Prison and Probation Service","Buckinghamshire","Outside London","G6","[c]","[c]","[c]","[c]"
"In post","2022","HM Prison and Probation Service","Buckinghamshire","Outside London","G7","5","5","[c]","[c]"
"In post","2022","HM Prison and Probation Service","Buckinghamshire","Outside London","HEO","75","70","35120","36600"
"In post","2022","HM Prison and Probation Service","Buckinghamshire","Outside London","SEO","45","40","48950","51150"
"In post","2022","HM Prison and Probation Service","Buckinghamshire","Outside London","Unknown","70","65","30670","31980"
"In post","2022","HM Prison and Probation Service","Calderdale and Kirklees","Outside London","Unknown","180","165","28930","28200"
"In post","2022","HM Prison and Probation Service","Cambridgeshire CC","Outside London","AA","190","170","21370","20890"
"In post","2022","HM Prison and Probation Service","Cambridgeshire CC","Outside London","AO","580","550","28690","28700"
"In post","2022","HM Prison and Probation Service","Cambridgeshire CC","Outside London","EO","160","155","31240","32240"
"In post","2022","HM Prison and Probation Service","Cambridgeshire CC","Outside London","G6","[c]","[c]","[c]","[c]"
"In post","2022","HM Prison and Probation Service","Cambridgeshire CC","Outside London","G7","10","10","[c]","[c]"
"In post","2022","HM Prison and Probation Service","Cambridgeshire CC","Outside London","HEO","100","100","35250","36480"
"In post","2022","HM Prison and Probation Service","Cambridgeshire CC","Outside London","SCS level","[c]","[c]","[c]","[c]"
"In post","2022","HM Prison and Probation Service","Cambridgeshire CC","Outside London","SEO","50","45","48000","48660"
"In post","2022","HM Prison and Probation Service","Cambridgeshire CC","Outside London","Unknown","160","150","29340","28200"
"In post","2022","HM Prison and Probation Service","Camden and City of London","London","HEO","[c]","[c]","[c]","[c]"
"In post","2022","HM Prison and Probation Service","Camden and City of London","London","Unknown","45","45","34020","30200"
"In post","2022","HM Prison and Probation Service","Cardiff and Vale of Glamorgan","Outside London","AA","55","50","20750","20890"
"In post","2022","HM Prison and Probation Service","Cardiff and Vale of Glamorgan","Outside London","AO","255","240","25730","25210"
"In post","2022","HM Prison and Probation Service","Cardiff and Vale of Glamorgan","Outside London","EO","70","65","30150","31610"
"In post","2022","HM Prison and Probation Service","Cardiff and Vale of Glamorgan","Outside London","G6","10","10","75880","79340"
"In post","2022","HM Prison and Probation Service","Cardiff and Vale of Glamorgan","Outside London","G7","15","15","61860","56780"
"In post","2022","HM Prison and Probation Service","Cardiff and Vale of Glamorgan","Outside London","HEO","65","65","34720","36260"
"In post","2022","HM Prison and Probation Service","Cardiff and Vale of Glamorgan","Outside London","SCS level","5","5","[c]","[c]"
"In post","2022","HM Prison and Probation Service","Cardiff and Vale of Glamorgan","Outside London","SEO","40","35","47860","49130"
"In post","2022","HM Prison and Probation Service","Cardiff and Vale of Glamorgan","Outside London","Unknown","330","315","29990","28200"
"In post","2022","HM Prison and Probation Service","Central Hampshire","Outside London","AA","40","40","21320","20890"
"In post","2022","HM Prison and Probation Service","Central Hampshire","Outside London","AO","200","195","29170","30210"
"In post","2022","HM Prison and Probation Service","Central Hampshire","Outside London","EO","45","40","30320","30220"
"In post","2022","HM Prison and Probation Service","Central Hampshire","Outside London","G6","[c]","[c]","[c]","[c]"
"In post","2022","HM Prison and Probation Service","Central Hampshire","Outside London","G7","5","5","[c]","[c]"
"In post","2022","HM Prison and Probation Service","Central Hampshire","Outside London","HEO","25","25","36010","36710"
"In post","2022","HM Prison and Probation Service","Central Hampshire","Outside London","SEO","20","20","51280","51150"
"In post","2022","HM Prison and Probation Service","Central Hampshire","Outside London","Unknown","20","15","29230","27050"
"In post","2022","HM Prison and Probation Service","Central Valleys","Outside London","EO","[c]","[c]","[c]","[c]"
"In post","2022","HM Prison and Probation Service","Central Valleys","Outside London","SEO","[c]","[c]","[c]","[c]"
"In post","2022","HM Prison and Probation Service","Central Valleys","Outside London","Unknown","135","130","29630","28200"
"In post","2022","HM Prison and Probation Service","Cheshire East","Outside London","AA","45","40","20910","20890"
"In post","2022","HM Prison and Probation Service","Cheshire East","Outside London","AO","165","155","26180","25610"
"In post","2022","HM Prison and Probation Service","Cheshire East","Outside London","EO","35","35","31130","32240"
"In post","2022","HM Prison and Probation Service","Cheshire East","Outside London","G6","[c]","[c]","[c]","[c]"
"In post","2022","HM Prison and Probation Service","Cheshire East","Outside London","G7","[c]","[c]","[c]","[c]"
"In post","2022","HM Prison and Probation Service","Cheshire East","Outside London","HEO","30","30","35290","36480"
"In post","2022","HM Prison and Probation Service","Cheshire East","Outside London","SEO","20","20","52160","51330"
"In post","2022","HM Prison and Probation Service","Cheshire East","Outside London","Unknown","95","85","28940","26410"
"In post","2022","HM Prison and Probation Service","Cheshire West and Chester","Outside London","G6","[c]","[c]","[c]","[c]"
"In post","2022","HM Prison and Probation Service","Cheshire West and Chester","Outside London","SEO","[c]","[c]","[c]","[c]"
"In post","2022","HM Prison and Probation Service","Cheshire West and Chester","Outside London","Unknown","130","120","28880","26310"
"In post","2022","HM Prison and Probation Service","Chorley and West Lancashire","Outside London","AA","130","120","21110","20890"
"In post","2022","HM Prison and Probation Service","Chorley and West Lancashire","Outside London","AO","625","580","26610","25710"
"In post","2022","HM Prison and Probation Service","Chorley and West Lancashire","Outside London","EO","160","145","29920","28860"
"In post","2022","HM Prison and Probation Service","Chorley and West Lancashire","Outside London","G6","5","5","[c]","[c]"
"In post","2022","HM Prison and Probation Service","Chorley and West Lancashire","Outside London","G7","10","10","[c]","[c]"
"In post","2022","HM Prison and Probation Service","Chorley and West Lancashire","Outside London","HEO","115","110","34750","36480"
"In post","2022","HM Prison and Probation Service","Chorley and West Lancashire","Outside London","SCS level","[c]","[c]","[c]","[c]"
"In post","2022","HM Prison and Probation Service","Chorley and West Lancashire","Outside London","SEO","65","60","48030","47660"
"In post","2022","HM Prison and Probation Service","Chorley and West Lancashire","Outside London","Unknown","70","70","31290","32690"
"In post","2022","HM Prison and Probation Service","City of Edinburgh","Outside London","AA","[c]","[c]","[c]","[c]"
"In post","2022","HM Prison and Probation Service","City of Edinburgh","Outside London","SCS level","[c]","[c]","[c]","[c]"
"In post","2022","HM Prison and Probation Service","Conwy and Denbighshire","Outside London","SEO","[c]","[c]","[c]","[c]"
"In post","2022","HM Prison and Probation Service","Conwy and Denbighshire","Outside London","Unknown","85","85","28970","26310"
"In post","2022","HM Prison and Probation Service","Cornwall and Isles of Scilly","Outside London","SEO","[c]","[c]","[c]","[c]"
"In post","2022","HM Prison and Probation Service","Cornwall and Isles of Scilly","Outside London","Unknown","95","85","29380","26310"
"In post","2022","HM Prison and Probation Service","Coventry","Outside London","HEO","[c]","[c]","[c]","[c]"
"In post","2022","HM Prison and Probation Service","Coventry","Outside London","Unknown","95","90","29630","27700"
"In post","2022","HM Prison and Probation Service","Croydon","London","AA","[c]","[c]","[c]","[c]"
"In post","2022","HM Prison and Probation Service","Croydon","London","AO","130","130","24130","23760"
"In post","2022","HM Prison and Probation Service","Croydon","London","EO","205","200","29830","30110"
"In post","2022","HM Prison and Probation Service","Croydon","London","G6","25","25","77400","74850"
"In post","2022","HM Prison and Probation Service","Croydon","London","G7","50","50","66240","68240"
"In post","2022","HM Prison and Probation Service","Croydon","London","HEO","125","120","35720","34300"
"In post","2022","HM Prison and Probation Service","Croydon","London","SCS level","[c]","[c]","[c]","[c]"
"In post","2022","HM Prison and Probation Service","Croydon","London","SEO","130","125","49390","46920"
"In post","2022","HM Prison and Probation Service","Croydon","London","Unknown","115","105","33970","33700"
"In post","2022","HM Prison and Probation Service","Darlington","Outside London","Unknown","65","65","26540","24090"
"In post","2022","HM Prison and Probation Service","Derby","Outside London","G6","[c]","[c]","[c]","[c]"
"In post","2022","HM Prison and Probation Service","Derby","Outside London","G7","[c]","[c]","[c]","[c]"
"In post","2022","HM Prison and Probation Service","Derby","Outside London","Unknown","220","195","28740","28200"
"In post","2022","HM Prison and Probation Service","Devon CC","Outside London","AA","130","125","20730","20890"
"In post","2022","HM Prison and Probation Service","Devon CC","Outside London","AO","535","500","26210","25700"
"In post","2022","HM Prison and Probation Service","Devon CC","Outside London","EO","135","130","29840","30140"
"In post","2022","HM Prison and Probation Service","Devon CC","Outside London","G6","5","5","[c]","[c]"
"In post","2022","HM Prison and Probation Service","Devon CC","Outside London","G7","5","5","[c]","[c]"
"In post","2022","HM Prison and Probation Service","Devon CC","Outside London","HEO","95","90","35030","36480"
"In post","2022","HM Prison and Probation Service","Devon CC","Outside London","SCS level","[c]","[c]","[c]","[c]"
"In post","2022","HM Prison and Probation Service","Devon CC","Outside London","SEO","45","45","49060","49290"
"In post","2022","HM Prison and Probation Service","Devon CC","Outside London","Unknown","150","135","29770","28200"
"In post","2022","HM Prison and Probation Service","Dorset","Outside London","AA","140","125","20980","20890"
"In post","2022","HM Prison and Probation Service","Dorset","Outside London","AO","475","450","26990","26880"
"In post","2022","HM Prison and Probation Service","Dorset","Outside London","EO","125","120","29530","28720"
"In post","2022","HM Prison and Probation Service","Dorset","Outside London","G6","5","5","[c]","[c]"
"In post","2022","HM Prison and Probation Service","Dorset","Outside London","G7","[c]","[c]","[c]","[c]"
"In post","2022","HM Prison and Probation Service","Dorset","Outside London","HEO","85","80","35750","36710"
"In post","2022","HM Prison and Probation Service","Dorset","Outside London","SEO","40","40","50520","50690"
"In post","2022","HM Prison and Probation Service","Dorset","Outside London","Unknown","70","60","28330","24800"
"In post","2022","HM Prison and Probation Service","Dudley","Outside London","EO","[c]","[c]","[c]","[c]"
"In post","2022","HM Prison and Probation Service","Dudley","Outside London","HEO","[c]","[c]","[c]","[c]"
"In post","2022","HM Prison and Probation Service","Dudley","Outside London","SEO","[c]","[c]","[c]","[c]"
"In post","2022","HM Prison and Probation Service","Dudley","Outside London","Unknown","65","65","29670","28200"
"In post","2022","HM Prison and Probation Service","Durham","Outside London","AA","280","255","21120","20890"
"In post","2022","HM Prison and Probation Service","Durham","Outside London","AO","1150","1050","27490","27120"
"In post","2022","HM Prison and Probation Service","Durham","Outside London","EO","290","275","31150","32240"
"In post","2022","HM Prison and Probation Service","Durham","Outside London","G6","10","10","[c]","[c]"
"In post","2022","HM Prison and Probation Service","Durham","Outside London","G7","10","10","63760","63760"
"In post","2022","HM Prison and Probation Service","Durham","Outside London","HEO","185","175","35000","36480"
"In post","2022","HM Prison and Probation Service","Durham","Outside London","SCS level","[c]","[c]","[c]","[c]"
"In post","2022","HM Prison and Probation Service","Durham","Outside London","SEO","115","110","48560","50030"
"In post","2022","HM Prison and Probation Service","Durham","Outside London","Unknown","210","205","30670","28880"
"In post","2022","HM Prison and Probation Service","Ealing","London","Unknown","85","80","34840","34100"
"In post","2022","HM Prison and Probation Service","East Cumbria","Outside London","G7","[c]","[c]","[c]","[c]"
"In post","2022","HM Prison and Probation Service","East Cumbria","Outside London","SEO","[c]","[c]","[c]","[c]"
"In post","2022","HM Prison and Probation Service","East Cumbria","Outside London","Unknown","90","80","30200","28200"
"In post","2022","HM Prison and Probation Service","East Derbyshire","Outside London","SEO","[c]","[c]","[c]","[c]"
"In post","2022","HM Prison and Probation Service","East Derbyshire","Outside London","Unknown","75","70","29170","28200"
"In post","2022","HM Prison and Probation Service","East Kent","Outside London","G7","[c]","[c]","[c]","[c]"
"In post","2022","HM Prison and Probation Service","East Kent","Outside London","SEO","[c]","[c]","[c]","[c]"
"In post","2022","HM Prison and Probation Service","East Kent","Outside London","Unknown","115","110","29830","28760"
"In post","2022","HM Prison and Probation Service","East Lancashire","Outside London","Unknown","125","115","28450","25560"
"In post","2022","HM Prison and Probation Service","East Merseyside","Outside London","AO","10","10","20780","20460"
"In post","2022","HM Prison and Probation Service","East Merseyside","Outside London","EO","10","10","[c]","[c]"
"In post","2022","HM Prison and Probation Service","East Merseyside","Outside London","G6","[c]","[c]","[c]","[c]"
"In post","2022","HM Prison and Probation Service","East Merseyside","Outside London","G7","10","10","[c]","[c]"
"In post","2022","HM Prison and Probation Service","East Merseyside","Outside London","HEO","10","10","32380","31920"
"In post","2022","HM Prison and Probation Service","East Merseyside","Outside London","SEO","15","15","45720","44330"
"In post","2022","HM Prison and Probation Service","East Merseyside","Outside London","Unknown","195","185","30120","28200"
"In post","2022","HM Prison and Probation Service","East Riding of Yorkshire","Outside London","AA","180","170","21410","20890"
"In post","2022","HM Prison and Probation Service","East Riding of Yorkshire","Outside London","AO","645","600","26570","25750"
"In post","2022","HM Prison and Probation Service","East Riding of Yorkshire","Outside London","EO","180","170","31270","32240"
"In post","2022","HM Prison and Probation Service","East Riding of Yorkshire","Outside London","G6","[c]","[c]","[c]","[c]"
"In post","2022","HM Prison and Probation Service","East Riding of Yorkshire","Outside London","G7","[c]","[c]","[c]","[c]"
"In post","2022","HM Prison and Probation Service","East Riding of Yorkshire","Outside London","HEO","85","80","35390","37280"
"In post","2022","HM Prison and Probation Service","East Riding of Yorkshire","Outside London","SEO","35","35","51180","51280"
"In post","2022","HM Prison and Probation Service","East Riding of Yorkshire","Outside London","Unknown","70","60","30340","30550"
"In post","2022","HM Prison and Probation Service","East Surrey","Outside London","AA","120","110","24680","24950"
"In post","2022","HM Prison and Probation Service","East Surrey","Outside London","AO","445","425","32260","33890"
"In post","2022","HM Prison and Probation Service","East Surrey","Outside London","EO","95","85","33870","35230"
"In post","2022","HM Prison and Probation Service","East Surrey","Outside London","G6","5","5","[c]","[c]"
"In post","2022","HM Prison and Probation Service","East Surrey","Outside London","G7","[c]","[c]","[c]","[c]"
"In post","2022","HM Prison and Probation Service","East Surrey","Outside London","HEO","70","70","38800","39670"
"In post","2022","HM Prison and Probation Service","East Surrey","Outside London","SEO","30","30","54450","53760"
"In post","2022","HM Prison and Probation Service","East Surrey","Outside London","Unknown","65","60","31240","29300"
"In post","2022","HM Prison and Probation Service","East Sussex CC","Outside London","AA","40","40","21240","20890"
"In post","2022","HM Prison and Probation Service","East Sussex CC","Outside London","AO","220","220","27640","27260"
"In post","2022","HM Prison and Probation Service","East Sussex CC","Outside London","EO","30","30","31290","33520"
"In post","2022","HM Prison and Probation Service","East Sussex CC","Outside London","G6","[c]","[c]","[c]","[c]"
"In post","2022","HM Prison and Probation Service","East Sussex CC","Outside London","G7","[c]","[c]","[c]","[c]"
"In post","2022","HM Prison and Probation Service","East Sussex CC","Outside London","HEO","30","30","36150","36710"
"In post","2022","HM Prison and Probation Service","East Sussex CC","Outside London","SEO","15","15","52400","51330"
"In post","2022","HM Prison and Probation Service","East Sussex CC","Outside London","Unknown","105","95","29460","28200"
"In post","2022","HM Prison and Probation Service","Enfield","London","Unknown","30","30","35740","34100"
"In post","2022","HM Prison and Probation Service","Essex Haven Gateway","Outside London","G6","[c]","[c]","[c]","[c]"
"In post","2022","HM Prison and Probation Service","Essex Haven Gateway","Outside London","G7","[c]","[c]","[c]","[c]"
"In post","2022","HM Prison and Probation Service","Essex Haven Gateway","Outside London","SCS level","[c]","[c]","[c]","[c]"
"In post","2022","HM Prison and Probation Service","Essex Haven Gateway","Outside London","SEO","[c]","[c]","[c]","[c]"
"In post","2022","HM Prison and Probation Service","Essex Haven Gateway","Outside London","Unknown","85","80","30670","26310"
"In post","2022","HM Prison and Probation Service","Essex Thames Gateway","Outside London","SEO","[c]","[c]","[c]","[c]"
"In post","2022","HM Prison and Probation Service","Essex Thames Gateway","Outside London","Unknown","110","100","27750","24090"
"In post","2022","HM Prison and Probation Service","Flintshire and Wrexham","Outside London","AA","85","85","20880","20890"
"In post","2022","HM Prison and Probation Service","Flintshire and Wrexham","Outside London","AO","385","375","24820","24730"
"In post","2022","HM Prison and Probation Service","Flintshire and Wrexham","Outside London","EO","105","105","29320","30140"
"In post","2022","HM Prison and Probation Service","Flintshire and Wrexham","Outside London","G6","[c]","[c]","[c]","[c]"
"In post","2022","HM Prison and Probation Service","Flintshire and Wrexham","Outside London","G7","[c]","[c]","[c]","[c]"
"In post","2022","HM Prison and Probation Service","Flintshire and Wrexham","Outside London","HEO","60","60","34680","36410"
"In post","2022","HM Prison and Probation Service","Flintshire and Wrexham","Outside London","SEO","30","30","48770","47750"
"In post","2022","HM Prison and Probation Service","Flintshire and Wrexham","Outside London","Unknown","140","135","28920","28200"
"In post","2022","HM Prison and Probation Service","Glasgow City","Outside London","G6","[c]","[c]","[c]","[c]"
"In post","2022","HM Prison and Probation Service","Glasgow City","Outside London","SEO","[c]","[c]","[c]","[c]"
"In post","2022","HM Prison and Probation Service","Gloucestershire CC","Outside London","G7","[c]","[c]","[c]","[c]"
"In post","2022","HM Prison and Probation Service","Gloucestershire CC","Outside London","Unknown","150","135","29710","28760"
"In post","2022","HM Prison and Probation Service","Greater Manchester North East","Outside London","AA","35","35","20740","20890"
"In post","2022","HM Prison and Probation Service","Greater Manchester North East","Outside London","AO","135","130","26860","26610"
"In post","2022","HM Prison and Probation Service","Greater Manchester North East","Outside London","EO","40","40","29440","27380"
"In post","2022","HM Prison and Probation Service","Greater Manchester North East","Outside London","G6","[c]","[c]","[c]","[c]"
"In post","2022","HM Prison and Probation Service","Greater Manchester North East","Outside London","G7","[c]","[c]","[c]","[c]"
"In post","2022","HM Prison and Probation Service","Greater Manchester North East","Outside London","HEO","30","25","35450","37280"
"In post","2022","HM Prison and Probation Service","Greater Manchester North East","Outside London","SEO","15","15","50950","51240"
"In post","2022","HM Prison and Probation Service","Greater Manchester North East","Outside London","Unknown","205","190","28790","26310"
"In post","2022","HM Prison and Probation Service","Greater Manchester North West","Outside London","AA","55","50","21730","20890"
"In post","2022","HM Prison and Probation Service","Greater Manchester North West","Outside London","AO","200","195","25860","25210"
"In post","2022","HM Prison and Probation Service","Greater Manchester North West","Outside London","EO","35","30","31220","33520"
"In post","2022","HM Prison and Probation Service","Greater Manchester North West","Outside London","G6","[c]","[c]","[c]","[c]"
"In post","2022","HM Prison and Probation Service","Greater Manchester North West","Outside London","G7","[c]","[c]","[c]","[c]"
"In post","2022","HM Prison and Probation Service","Greater Manchester North West","Outside London","HEO","30","30","35850","36530"
"In post","2022","HM Prison and Probation Service","Greater Manchester North West","Outside London","SEO","15","10","49980","51150"
"In post","2022","HM Prison and Probation Service","Greater Manchester North West","Outside London","Unknown","210","195","29400","28200"
"In post","2022","HM Prison and Probation Service","Greater Manchester South East","Outside London","Unknown","145","135","30060","28200"
"In post","2022","HM Prison and Probation Service","Greater Manchester South West","Outside London","AO","10","10","23510","23700"
"In post","2022","HM Prison and Probation Service","Greater Manchester South West","Outside London","EO","5","5","[c]","[c]"
"In post","2022","HM Prison and Probation Service","Greater Manchester South West","Outside London","G7","5","5","[c]","[c]"
"In post","2022","HM Prison and Probation Service","Greater Manchester South West","Outside London","HEO","15","15","30860","31180"
"In post","2022","HM Prison and Probation Service","Greater Manchester South West","Outside London","SEO","15","15","45680","44330"
"In post","2022","HM Prison and Probation Service","Greater Manchester South West","Outside London","Unknown","240","225","29880","26700"
"In post","2022","HM Prison and Probation Service","Gwent Valleys","Outside London","Unknown","95","90","29410","28200"
"In post","2022","HM Prison and Probation Service","Gwynedd","Outside London","SEO","[c]","[c]","[c]","[c]"
"In post","2022","HM Prison and Probation Service","Gwynedd","Outside London","Unknown","65","65","28320","24800"
"In post","2022","HM Prison and Probation Service","Hackney and Newham","London","Unknown","110","110","31700","28690"
"In post","2022","HM Prison and Probation Service","Haringey and Islington","London","AA","70","65","25640","25740"
"In post","2022","HM Prison and Probation Service","Haringey and Islington","London","AO","340","330","33040","33760"
"In post","2022","HM Prison and Probation Service","Haringey and Islington","London","EO","60","60","36310","38320"
"In post","2022","HM Prison and Probation Service","Haringey and Islington","London","G7","[c]","[c]","[c]","[c]"
"In post","2022","HM Prison and Probation Service","Haringey and Islington","London","HEO","50","45","39880","43240"
"In post","2022","HM Prison and Probation Service","Haringey and Islington","London","SCS level","[c]","[c]","[c]","[c]"
"In post","2022","HM Prison and Probation Service","Haringey and Islington","London","SEO","20","20","57390","61060"
"In post","2022","HM Prison and Probation Service","Haringey and Islington","London","Unknown","225","210","34280","34100"
"In post","2022","HM Prison and Probation Service","Harrow and Hillingdon","London","AO","[c]","[c]","[c]","[c]"
"In post","2022","HM Prison and Probation Service","Harrow and Hillingdon","London","SEO","[c]","[c]","[c]","[c]"
"In post","2022","HM Prison and Probation Service","Harrow and Hillingdon","London","Unknown","60","55","33270","33700"
"In post","2022","HM Prison and Probation Service","Hartlepool and Stockton-on-Tees","Outside London","AA","110","105","21120","20890"
"In post","2022","HM Prison and Probation Service","Hartlepool and Stockton-on-Tees","Outside London","AO","375","355","26600","25210"
"In post","2022","HM Prison and Probation Service","Hartlepool and Stockton-on-Tees","Outside London","EO","100","95","30620","32040"
"In post","2022","HM Prison and Probation Service","Hartlepool and Stockton-on-Tees","Outside London","G6","[c]","[c]","[c]","[c]"
"In post","2022","HM Prison and Probation Service","Hartlepool and Stockton-on-Tees","Outside London","G7","[c]","[c]","[c]","[c]"
"In post","2022","HM Prison and Probation Service","Hartlepool and Stockton-on-Tees","Outside London","HEO","65","60","34770","36260"
"In post","2022","HM Prison and Probation Service","Hartlepool and Stockton-on-Tees","Outside London","SCS level","[c]","[c]","[c]","[c]"
"In post","2022","HM Prison and Probation Service","Hartlepool and Stockton-on-Tees","Outside London","SEO","35","30","49550","51240"
"In post","2022","HM Prison and Probation Service","Hartlepool and Stockton-on-Tees","Outside London","Unknown","165","160","30790","28690"
"In post","2022","HM Prison and Probation Service","Heart of Essex","Outside London","AA","55","55","21360","20890"
"In post","2022","HM Prison and Probation Service","Heart of Essex","Outside London","AO","235","230","29110","29950"
"In post","2022","HM Prison and Probation Service","Heart of Essex","Outside London","EO","50","50","31090","32040"
"In post","2022","HM Prison and Probation Service","Heart of Essex","Outside London","G6","[c]","[c]","[c]","[c]"
"In post","2022","HM Prison and Probation Service","Heart of Essex","Outside London","G7","[c]","[c]","[c]","[c]"
"In post","2022","HM Prison and Probation Service","Heart of Essex","Outside London","HEO","30","25","36050","36710"
"In post","2022","HM Prison and Probation Service","Heart of Essex","Outside London","SCS level","[c]","[c]","[c]","[c]"
"In post","2022","HM Prison and Probation Service","Heart of Essex","Outside London","SEO","20","20","48620","50610"
"In post","2022","HM Prison and Probation Service","Heart of Essex","Outside London","Unknown","155","145","29200","26310"
"In post","2022","HM Prison and Probation Service","Herefordshire, County of","Outside London","Unknown","30","30","29960","28280"
"In post","2022","HM Prison and Probation Service","Hertfordshire CC","Outside London","AA","70","65","22380","21790"
"In post","2022","HM Prison and Probation Service","Hertfordshire CC","Outside London","AO","220","215","29900","30700"
"In post","2022","HM Prison and Probation Service","Hertfordshire CC","Outside London","EO","65","60","30010","27380"
"In post","2022","HM Prison and Probation Service","Hertfordshire CC","Outside London","G6","[c]","[c]","[c]","[c]"
"In post","2022","HM Prison and Probation Service","Hertfordshire CC","Outside London","G7","[c]","[c]","[c]","[c]"
"In post","2022","HM Prison and Probation Service","Hertfordshire CC","Outside London","HEO","40","40","34030","34290"
"In post","2022","HM Prison and Probation Service","Hertfordshire CC","Outside London","SCS level","[c]","[c]","[c]","[c]"
"In post","2022","HM Prison and Probation Service","Hertfordshire CC","Outside London","SEO","15","15","54490","54910"
"In post","2022","HM Prison and Probation Service","Hertfordshire CC","Outside London","Unknown","215","205","30310","28200"
"In post","2022","HM Prison and Probation Service","Hounslow and Richmond upon Thames","London","AA","95","85","25130","24950"
"In post","2022","HM Prison and Probation Service","Hounslow and Richmond upon Thames","London","AO","385","370","32310","33890"
"In post","2022","HM Prison and Probation Service","Hounslow and Richmond upon Thames","London","EO","135","135","34190","35230"
"In post","2022","HM Prison and Probation Service","Hounslow and Richmond upon Thames","London","G6","[c]","[c]","[c]","[c]"
"In post","2022","HM Prison and Probation Service","Hounslow and Richmond upon Thames","London","G7","[c]","[c]","[c]","[c]"
"In post","2022","HM Prison and Probation Service","Hounslow and Richmond upon Thames","London","HEO","60","60","38510","39670"
"In post","2022","HM Prison and Probation Service","Hounslow and Richmond upon Thames","London","SEO","35","35","52680","53590"
"In post","2022","HM Prison and Probation Service","Hounslow and Richmond upon Thames","London","Unknown","85","80","32160","28690"
"In post","2022","HM Prison and Probation Service","Isle of Anglesey","Outside London","Unknown","15","15","31470","28760"
"In post","2022","HM Prison and Probation Service","Isle of Wight","Outside London","AA","100","95","21160","20890"
"In post","2022","HM Prison and Probation Service","Isle of Wight","Outside London","AO","345","325","27220","26610"
"In post","2022","HM Prison and Probation Service","Isle of Wight","Outside London","EO","85","80","29440","27380"
"In post","2022","HM Prison and Probation Service","Isle of Wight","Outside London","G6","[c]","[c]","[c]","[c]"
"In post","2022","HM Prison and Probation Service","Isle of Wight","Outside London","G7","[c]","[c]","[c]","[c]"
"In post","2022","HM Prison and Probation Service","Isle of Wight","Outside London","HEO","40","40","34590","36440"
"In post","2022","HM Prison and Probation Service","Isle of Wight","Outside London","SCS level","[c]","[c]","[c]","[c]"
"In post","2022","HM Prison and Probation Service","Isle of Wight","Outside London","SEO","20","20","51280","50920"
"In post","2022","HM Prison and Probation Service","Isle of Wight","Outside London","Unknown","35","35","33410","34340"
"In post","2022","HM Prison and Probation Service","Kensington & Chelsea and Hammersmith & Fulham","London","AA","85","85","25800","25740"
"In post","2022","HM Prison and Probation Service","Kensington & Chelsea and Hammersmith & Fulham","London","AO","335","320","32250","33470"
"In post","2022","HM Prison and Probation Service","Kensington & Chelsea and Hammersmith & Fulham","London","EO","70","70","36330","36890"
"In post","2022","HM Prison and Probation Service","Kensington & Chelsea and Hammersmith & Fulham","London","G7","[c]","[c]","[c]","[c]"
"In post","2022","HM Prison and Probation Service","Kensington & Chelsea and Hammersmith & Fulham","London","HEO","40","35","41630","43240"
"In post","2022","HM Prison and Probation Service","Kensington & Chelsea and Hammersmith & Fulham","London","SEO","15","15","56440","56180"
"In post","2022","HM Prison and Probation Service","Kensington & Chelsea and Hammersmith & Fulham","London","Unknown","75","75","33340","33700"
"In post","2022","HM Prison and Probation Service","Kent Thames Gateway","Outside London","AA","150","140","21520","21790"
"In post","2022","HM Prison and Probation Service","Kent Thames Gateway","Outside London","AO","680","650","29460","30700"
"In post","2022","HM Prison and Probation Service","Kent Thames Gateway","Outside London","EO","160","155","30830","32140"
"In post","2022","HM Prison and Probation Service","Kent Thames Gateway","Outside London","G6","[c]","[c]","[c]","[c]"
"In post","2022","HM Prison and Probation Service","Kent Thames Gateway","Outside London","G7","[c]","[c]","[c]","[c]"
"In post","2022","HM Prison and Probation Service","Kent Thames Gateway","Outside London","HEO","110","105","35530","36720"
"In post","2022","HM Prison and Probation Service","Kent Thames Gateway","Outside London","SEO","40","40","50270","49700"
"In post","2022","HM Prison and Probation Service","Kent Thames Gateway","Outside London","Unknown","95","90","30420","29600"
"In post","2022","HM Prison and Probation Service","Kingston upon Hull, City of","Outside London","AA","70","65","21120","20890"
"In post","2022","HM Prison and Probation Service","Kingston upon Hull, City of","Outside London","AO","315","290","27060","26610"
"In post","2022","HM Prison and Probation Service","Kingston upon Hull, City of","Outside London","EO","65","60","30930","32870"
"In post","2022","HM Prison and Probation Service","Kingston upon Hull, City of","Outside London","G6","[c]","[c]","[c]","[c]"
"In post","2022","HM Prison and Probation Service","Kingston upon Hull, City of","Outside London","G7","[c]","[c]","[c]","[c]"
"In post","2022","HM Prison and Probation Service","Kingston upon Hull, City of","Outside London","HEO","50","45","34190","35910"
"In post","2022","HM Prison and Probation Service","Kingston upon Hull, City of","Outside London","SEO","15","15","49330","49810"
"In post","2022","HM Prison and Probation Service","Kingston upon Hull, City of","Outside London","Unknown","200","180","29790","28200"
"In post","2022","HM Prison and Probation Service","Lambeth","London","AA","55","50","25110","25740"
"In post","2022","HM Prison and Probation Service","Lambeth","London","AO","195","190","32130","33550"
"In post","2022","HM Prison and Probation Service","Lambeth","London","EO","40","40","34260","34720"
"In post","2022","HM Prison and Probation Service","Lambeth","London","G6","[c]","[c]","[c]","[c]"
"In post","2022","HM Prison and Probation Service","Lambeth","London","G7","[c]","[c]","[c]","[c]"
"In post","2022","HM Prison and Probation Service","Lambeth","London","HEO","25","25","40150","40860"
"In post","2022","HM Prison and Probation Service","Lambeth","London","SEO","25","25","46470","48020"
"In post","2022","HM Prison and Probation Service","Lambeth","London","Unknown","155","150","41740","35710"
"In post","2022","HM Prison and Probation Service","Lancaster and Wyre","Outside London","AA","50","45","21430","20890"
"In post","2022","HM Prison and Probation Service","Lancaster and Wyre","Outside London","AO","155","145","26810","26080"
"In post","2022","HM Prison and Probation Service","Lancaster and Wyre","Outside London","EO","45","40","30470","30880"
"In post","2022","HM Prison and Probation Service","Lancaster and Wyre","Outside London","G6","[c]","[c]","[c]","[c]"
"In post","2022","HM Prison and Probation Service","Lancaster and Wyre","Outside London","HEO","35","35","35620","37280"
"In post","2022","HM Prison and Probation Service","Lancaster and Wyre","Outside London","SEO","15","10","49750","51150"
"In post","2022","HM Prison and Probation Service","Lancaster and Wyre","Outside London","Unknown","45","40","29690","28200"
"In post","2022","HM Prison and Probation Service","Leeds","Outside London","AA","175","160","20920","20890"
"In post","2022","HM Prison and Probation Service","Leeds","Outside London","AO","700","670","25700","25610"
"In post","2022","HM Prison and Probation Service","Leeds","Outside London","EO","270","260","30300","30810"
"In post","2022","HM Prison and Probation Service","Leeds","Outside London","G6","10","10","76180","72130"
"In post","2022","HM Prison and Probation Service","Leeds","Outside London","G7","20","20","63580","59620"
"In post","2022","HM Prison and Probation Service","Leeds","Outside London","HEO","160","155","35470","36480"
"In post","2022","HM Prison and Probation Service","Leeds","Outside London","SCS level","[c]","[c]","[c]","[c]"
"In post","2022","HM Prison and Probation Service","Leeds","Outside London","SEO","90","85","48730","49600"
"In post","2022","HM Prison and Probation Service","Leeds","Outside London","Unknown","345","320","29940","28200"
"In post","2022","HM Prison and Probation Service","Leicester","Outside London","AA","35","30","20910","20890"
"In post","2022","HM Prison and Probation Service","Leicester","Outside London","AO","140","135","25740","24430"
"In post","2022","HM Prison and Probation Service","Leicester","Outside London","EO","30","30","30770","31680"
"In post","2022","HM Prison and Probation Service","Leicester","Outside London","G6","[c]","[c]","[c]","[c]"
"In post","2022","HM Prison and Probation Service","Leicester","Outside London","G7","[c]","[c]","[c]","[c]"
"In post","2022","HM Prison and Probation Service","Leicester","Outside London","HEO","30","30","34730","36480"
"In post","2022","HM Prison and Probation Service","Leicester","Outside London","SEO","20","20","47850","47480"
"In post","2022","HM Prison and Probation Service","Leicester","Outside London","Unknown","285","265","28970","27980"
"In post","2022","HM Prison and Probation Service","Leicestershire CC and Rutland","Outside London","AA","85","80","20990","20890"
"In post","2022","HM Prison and Probation Service","Leicestershire CC and Rutland","Outside London","AO","450","430","26030","25610"
"In post","2022","HM Prison and Probation Service","Leicestershire CC and Rutland","Outside London","EO","160","155","30280","31420"
"In post","2022","HM Prison and Probation Service","Leicestershire CC and Rutland","Outside London","G6","5","5","[c]","[c]"
"In post","2022","HM Prison and Probation Service","Leicestershire CC and Rutland","Outside London","G7","5","5","[c]","[c]"
"In post","2022","HM Prison and Probation Service","Leicestershire CC and Rutland","Outside London","HEO","90","85","34550","36450"
"In post","2022","HM Prison and Probation Service","Leicestershire CC and Rutland","Outside London","SEO","55","50","49730","51150"
"In post","2022","HM Prison and Probation Service","Leicestershire CC and Rutland","Outside London","Unknown","50","45","33620","33030"
"In post","2022","HM Prison and Probation Service","Lewisham and Southwark","London","EO","[c]","[c]","[c]","[c]"
"In post","2022","HM Prison and Probation Service","Lewisham and Southwark","London","HEO","[c]","[c]","[c]","[c]"
"In post","2022","HM Prison and Probation Service","Lewisham and Southwark","London","SCS level","[c]","[c]","[c]","[c]"
"In post","2022","HM Prison and Probation Service","Lewisham and Southwark","London","SEO","[c]","[c]","[c]","[c]"
"In post","2022","HM Prison and Probation Service","Lewisham and Southwark","London","Unknown","435","420","35700","34100"
"In post","2022","HM Prison and Probation Service","Lincolnshire CC","Outside London","AA","115","110","20910","20890"
"In post","2022","HM Prison and Probation Service","Lincolnshire CC","Outside London","AO","395","380","26260","25710"
"In post","2022","HM Prison and Probation Service","Lincolnshire CC","Outside London","EO","90","90","30430","31820"
"In post","2022","HM Prison and Probation Service","Lincolnshire CC","Outside London","G6","[c]","[c]","[c]","[c]"
"In post","2022","HM Prison and Probation Service","Lincolnshire CC","Outside London","G7","[c]","[c]","[c]","[c]"
"In post","2022","HM Prison and Probation Service","Lincolnshire CC","Outside London","HEO","75","70","34960","36480"
"In post","2022","HM Prison and Probation Service","Lincolnshire CC","Outside London","SCS level","[c]","[c]","[c]","[c]"
"In post","2022","HM Prison and Probation Service","Lincolnshire CC","Outside London","SEO","40","40","50290","51150"
"In post","2022","HM Prison and Probation Service","Lincolnshire CC","Outside London","Unknown","210","200","30110","28200"
"In post","2022","HM Prison and Probation Service","Liverpool","Outside London","AA","80","75","21310","20920"
"In post","2022","HM Prison and Probation Service","Liverpool","Outside London","AO","280","260","27260","26100"
"In post","2022","HM Prison and Probation Service","Liverpool","Outside London","EO","75","65","30600","31420"
"In post","2022","HM Prison and Probation Service","Liverpool","Outside London","G6","[c]","[c]","[c]","[c]"
"In post","2022","HM Prison and Probation Service","Liverpool","Outside London","G7","[c]","[c]","[c]","[c]"
"In post","2022","HM Prison and Probation Service","Liverpool","Outside London","HEO","40","35","35810","36620"
"In post","2022","HM Prison and Probation Service","Liverpool","Outside London","SCS level","[c]","[c]","[c]","[c]"
"In post","2022","HM Prison and Probation Service","Liverpool","Outside London","SEO","20","15","49120","48580"
"In post","2022","HM Prison and Probation Service","Liverpool","Outside London","Unknown","370","345","28420","25480"
"In post","2022","HM Prison and Probation Service","Luton","Outside London","Unknown","80","75","28310","25000"
"In post","2022","HM Prison and Probation Service","Manchester","Outside London","AA","135","125","21040","20890"
"In post","2022","HM Prison and Probation Service","Manchester","Outside London","AO","365","350","26810","25700"
"In post","2022","HM Prison and Probation Service","Manchester","Outside London","EO","130","125","31150","32040"
"In post","2022","HM Prison and Probation Service","Manchester","Outside London","G6","5","5","[c]","[c]"
"In post","2022","HM Prison and Probation Service","Manchester","Outside London","G7","5","5","[c]","[c]"
"In post","2022","HM Prison and Probation Service","Manchester","Outside London","HEO","60","55","35410","36600"
"In post","2022","HM Prison and Probation Service","Manchester","Outside London","SCS level","[c]","[c]","[c]","[c]"
"In post","2022","HM Prison and Probation Service","Manchester","Outside London","SEO","35","35","50300","51150"
"In post","2022","HM Prison and Probation Service","Manchester","Outside London","Unknown","385","365","29590","28200"
"In post","2022","HM Prison and Probation Service","Medway","Outside London","AA","95","90","21260","20890"
"In post","2022","HM Prison and Probation Service","Medway","Outside London","AO","355","345","28220","28610"
"In post","2022","HM Prison and Probation Service","Medway","Outside London","EO","135","130","31080","32240"
"In post","2022","HM Prison and Probation Service","Medway","Outside London","G6","[c]","[c]","[c]","[c]"
"In post","2022","HM Prison and Probation Service","Medway","Outside London","G7","[c]","[c]","[c]","[c]"
"In post","2022","HM Prison and Probation Service","Medway","Outside London","HEO","80","75","35260","36480"
"In post","2022","HM Prison and Probation Service","Medway","Outside London","SCS level","[c]","[c]","[c]","[c]"
"In post","2022","HM Prison and Probation Service","Medway","Outside London","SEO","40","40","51700","51330"
"In post","2022","HM Prison and Probation Service","Medway","Outside London","Unknown","85","80","28700","26310"
"In post","2022","HM Prison and Probation Service","Merton, Kingston upon Thames and Sutton","London","Unknown","75","70","33330","32890"
"In post","2022","HM Prison and Probation Service","Mid Kent","Outside London","AA","45","45","21530","21860"
"In post","2022","HM Prison and Probation Service","Mid Kent","Outside London","AO","160","155","26820","26950"
"In post","2022","HM Prison and Probation Service","Mid Kent","Outside London","EO","50","45","30560","32040"
"In post","2022","HM Prison and Probation Service","Mid Kent","Outside London","G6","[c]","[c]","[c]","[c]"
"In post","2022","HM Prison and Probation Service","Mid Kent","Outside London","G7","[c]","[c]","[c]","[c]"
"In post","2022","HM Prison and Probation Service","Mid Kent","Outside London","HEO","40","35","36520","37280"
"In post","2022","HM Prison and Probation Service","Mid Kent","Outside London","SEO","15","15","47480","51330"
"In post","2022","HM Prison and Probation Service","Mid Kent","Outside London","Unknown","160","145","30620","28470"
"In post","2022","HM Prison and Probation Service","Mid Lancashire","Outside London","AA","85","75","21370","20890"
"In post","2022","HM Prison and Probation Service","Mid Lancashire","Outside London","AO","300","270","27050","26010"
"In post","2022","HM Prison and Probation Service","Mid Lancashire","Outside London","EO","115","110","30510","31420"
"In post","2022","HM Prison and Probation Service","Mid Lancashire","Outside London","G6","5","5","[c]","[c]"
"In post","2022","HM Prison and Probation Service","Mid Lancashire","Outside London","G7","[c]","[c]","[c]","[c]"
"In post","2022","HM Prison and Probation Service","Mid Lancashire","Outside London","HEO","75","70","35960","36710"
"In post","2022","HM Prison and Probation Service","Mid Lancashire","Outside London","SCS level","[c]","[c]","[c]","[c]"
"In post","2022","HM Prison and Probation Service","Mid Lancashire","Outside London","SEO","45","45","49900","51150"
"In post","2022","HM Prison and Probation Service","Mid Lancashire","Outside London","Unknown","235","215","30210","28200"
"In post","2022","HM Prison and Probation Service","Milton Keynes","Outside London","AA","105","100","22470","21790"
"In post","2022","HM Prison and Probation Service","Milton Keynes","Outside London","AO","285","275","29850","29430"
"In post","2022","HM Prison and Probation Service","Milton Keynes","Outside London","EO","105","105","31920","33520"
"In post","2022","HM Prison and Probation Service","Milton Keynes","Outside London","G6","[c]","[c]","[c]","[c]"
"In post","2022","HM Prison and Probation Service","Milton Keynes","Outside London","G7","[c]","[c]","[c]","[c]"
"In post","2022","HM Prison and Probation Service","Milton Keynes","Outside London","HEO","45","45","35760","37280"
"In post","2022","HM Prison and Probation Service","Milton Keynes","Outside London","SEO","20","20","50760","51150"
"In post","2022","HM Prison and Probation Service","Milton Keynes","Outside London","Unknown","85","80","29060","26310"
"In post","2022","HM Prison and Probation Service","Monmouthshire and Newport","Outside London","AA","35","30","20950","20890"
"In post","2022","HM Prison and Probation Service","Monmouthshire and Newport","Outside London","AO","115","105","26640","27740"
"In post","2022","HM Prison and Probation Service","Monmouthshire and Newport","Outside London","EO","55","50","29580","27380"
"In post","2022","HM Prison and Probation Service","Monmouthshire and Newport","Outside London","G6","[c]","[c]","[c]","[c]"
"In post","2022","HM Prison and Probation Service","Monmouthshire and Newport","Outside London","G7","[c]","[c]","[c]","[c]"
"In post","2022","HM Prison and Probation Service","Monmouthshire and Newport","Outside London","HEO","50","50","34770","36480"
"In post","2022","HM Prison and Probation Service","Monmouthshire and Newport","Outside London","SEO","25","20","49770","50920"
"In post","2022","HM Prison and Probation Service","Monmouthshire and Newport","Outside London","Unknown","120","110","29370","28550"
"In post","2022","HM Prison and Probation Service","North and North East Lincolnshire","Outside London","Unknown","130","120","29970","28200"
"In post","2022","HM Prison and Probation Service","North and West Norfolk","Outside London","AA","45","40","21340","20890"
"In post","2022","HM Prison and Probation Service","North and West Norfolk","Outside London","AO","175","160","27190","28000"
"In post","2022","HM Prison and Probation Service","North and West Norfolk","Outside London","EO","50","45","30230","32040"
"In post","2022","HM Prison and Probation Service","North and West Norfolk","Outside London","G6","[c]","[c]","[c]","[c]"
"In post","2022","HM Prison and Probation Service","North and West Norfolk","Outside London","G7","[c]","[c]","[c]","[c]"
"In post","2022","HM Prison and Probation Service","North and West Norfolk","Outside London","HEO","40","35","35080","36710"
"In post","2022","HM Prison and Probation Service","North and West Norfolk","Outside London","SEO","10","10","51430","51150"
"In post","2022","HM Prison and Probation Service","North and West Norfolk","Outside London","Unknown","45","45","30420","28200"
"In post","2022","HM Prison and Probation Service","North Hampshire","Outside London","SEO","[c]","[c]","[c]","[c]"
"In post","2022","HM Prison and Probation Service","North Hampshire","Outside London","Unknown","90","80","29080","26310"
"In post","2022","HM Prison and Probation Service","North Northamptonshire","Outside London","SEO","[c]","[c]","[c]","[c]"
"In post","2022","HM Prison and Probation Service","North Northamptonshire","Outside London","Unknown","60","55","28240","28200"
"In post","2022","HM Prison and Probation Service","North Nottinghamshire","Outside London","AA","95","90","20750","20890"
"In post","2022","HM Prison and Probation Service","North Nottinghamshire","Outside London","AO","265","250","26310","26610"
"In post","2022","HM Prison and Probation Service","North Nottinghamshire","Outside London","EO","95","95","28880","27380"
"In post","2022","HM Prison and Probation Service","North Nottinghamshire","Outside London","G6","[c]","[c]","[c]","[c]"
"In post","2022","HM Prison and Probation Service","North Nottinghamshire","Outside London","G7","10","10","[c]","[c]"
"In post","2022","HM Prison and Probation Service","North Nottinghamshire","Outside London","HEO","50","50","35320","36720"
"In post","2022","HM Prison and Probation Service","North Nottinghamshire","Outside London","SCS level","[c]","[c]","[c]","[c]"
"In post","2022","HM Prison and Probation Service","North Nottinghamshire","Outside London","SEO","35","35","49330","50280"
"In post","2022","HM Prison and Probation Service","North Nottinghamshire","Outside London","Unknown","140","125","29460","28200"
"In post","2022","HM Prison and Probation Service","North Yorkshire CC","Outside London","SEO","[c]","[c]","[c]","[c]"
"In post","2022","HM Prison and Probation Service","North Yorkshire CC","Outside London","Unknown","95","85","29530","28200"
"In post","2022","HM Prison and Probation Service","Northumberland","Outside London","EO","[c]","[c]","[c]","[c]"
"In post","2022","HM Prison and Probation Service","Northumberland","Outside London","G7","[c]","[c]","[c]","[c]"
"In post","2022","HM Prison and Probation Service","Northumberland","Outside London","HEO","[c]","[c]","[c]","[c]"
"In post","2022","HM Prison and Probation Service","Northumberland","Outside London","SEO","[c]","[c]","[c]","[c]"
"In post","2022","HM Prison and Probation Service","Northumberland","Outside London","Unknown","55","55","31430","31420"
"In post","2022","HM Prison and Probation Service","Norwich and East Norfolk","Outside London","AA","75","70","20980","20890"
"In post","2022","HM Prison and Probation Service","Norwich and East Norfolk","Outside London","AO","220","215","25110","24260"
"In post","2022","HM Prison and Probation Service","Norwich and East Norfolk","Outside London","EO","50","50","30840","32040"
"In post","2022","HM Prison and Probation Service","Norwich and East Norfolk","Outside London","G6","[c]","[c]","[c]","[c]"
"In post","2022","HM Prison and Probation Service","Norwich and East Norfolk","Outside London","G7","[c]","[c]","[c]","[c]"
"In post","2022","HM Prison and Probation Service","Norwich and East Norfolk","Outside London","HEO","40","35","35220","36350"
"In post","2022","HM Prison and Probation Service","Norwich and East Norfolk","Outside London","SCS level","[c]","[c]","[c]","[c]"
"In post","2022","HM Prison and Probation Service","Norwich and East Norfolk","Outside London","SEO","15","15","48850","48740"
"In post","2022","HM Prison and Probation Service","Norwich and East Norfolk","Outside London","Unknown","280","260","25950","24090"
"In post","2022","HM Prison and Probation Service","Nottingham","Outside London","AA","60","55","20710","20890"
"In post","2022","HM Prison and Probation Service","Nottingham","Outside London","AO","335","320","25870","25610"
"In post","2022","HM Prison and Probation Service","Nottingham","Outside London","EO","65","60","29490","29470"
"In post","2022","HM Prison and Probation Service","Nottingham","Outside London","G6","[c]","[c]","[c]","[c]"
"In post","2022","HM Prison and Probation Service","Nottingham","Outside London","G7","5","5","[c]","[c]"
"In post","2022","HM Prison and Probation Service","Nottingham","Outside London","HEO","45","40","35740","36720"
"In post","2022","HM Prison and Probation Service","Nottingham","Outside London","SEO","15","15","50760","51150"
"In post","2022","HM Prison and Probation Service","Nottingham","Outside London","Unknown","270","240","28800","28200"
"In post","2022","HM Prison and Probation Service","Oxfordshire CC","Outside London","AA","80","75","21940","21790"
"In post","2022","HM Prison and Probation Service","Oxfordshire CC","Outside London","AO","385","370","29870","30700"
"In post","2022","HM Prison and Probation Service","Oxfordshire CC","Outside London","EO","115","110","33190","33520"
"In post","2022","HM Prison and Probation Service","Oxfordshire CC","Outside London","G6","[c]","[c]","[c]","[c]"
"In post","2022","HM Prison and Probation Service","Oxfordshire CC","Outside London","G7","[c]","[c]","[c]","[c]"
"In post","2022","HM Prison and Probation Service","Oxfordshire CC","Outside London","HEO","70","65","36290","37280"
"In post","2022","HM Prison and Probation Service","Oxfordshire CC","Outside London","SEO","35","30","49930","51600"
"In post","2022","HM Prison and Probation Service","Oxfordshire CC","Outside London","Unknown","195","175","30550","27540"
"In post","2022","HM Prison and Probation Service","Peterborough","Outside London","AO","5","5","[c]","[c]"
"In post","2022","HM Prison and Probation Service","Peterborough","Outside London","EO","10","5","[c]","[c]"
"In post","2022","HM Prison and Probation Service","Peterborough","Outside London","G6","[c]","[c]","[c]","[c]"
"In post","2022","HM Prison and Probation Service","Peterborough","Outside London","G7","10","10","64130","63880"
"In post","2022","HM Prison and Probation Service","Peterborough","Outside London","HEO","25","25","31670","30450"
"In post","2022","HM Prison and Probation Service","Peterborough","Outside London","SCS level","[c]","[c]","[c]","[c]"
"In post","2022","HM Prison and Probation Service","Peterborough","Outside London","SEO","15","15","45400","43870"
"In post","2022","HM Prison and Probation Service","Peterborough","Outside London","Unknown","130","120","29470","28200"
"In post","2022","HM Prison and Probation Service","Plymouth","Outside London","G6","[c]","[c]","[c]","[c]"
"In post","2022","HM Prison and Probation Service","Plymouth","Outside London","SEO","[c]","[c]","[c]","[c]"
"In post","2022","HM Prison and Probation Service","Plymouth","Outside London","Unknown","140","125","29210","24800"
"In post","2022","HM Prison and Probation Service","Portsmouth","Outside London","EO","[c]","[c]","[c]","[c]"
"In post","2022","HM Prison and Probation Service","Portsmouth","Outside London","SEO","[c]","[c]","[c]","[c]"
"In post","2022","HM Prison and Probation Service","Portsmouth","Outside London","Unknown","100","90","29910","28200"
"In post","2022","HM Prison and Probation Service","Powys","Outside London","Unknown","30","30","28000","24800"
"In post","2022","HM Prison and Probation Service","Redbridge and Waltham Forest","London","HEO","[c]","[c]","[c]","[c]"
"In post","2022","HM Prison and Probation Service","Redbridge and Waltham Forest","London","Unknown","145","140","33640","32090"
"In post","2022","HM Prison and Probation Service","Sandwell","Outside London","Unknown","100","90","28530","25560"
"In post","2022","HM Prison and Probation Service","Sefton","Outside London","AO","[c]","[c]","[c]","[c]"
"In post","2022","HM Prison and Probation Service","Sefton","Outside London","EO","[c]","[c]","[c]","[c]"
"In post","2022","HM Prison and Probation Service","Sefton","Outside London","SEO","5","5","[c]","[c]"
"In post","2022","HM Prison and Probation Service","Sefton","Outside London","Unknown","115","110","28560","24800"
"In post","2022","HM Prison and Probation Service","Sheffield","Outside London","G7","[c]","[c]","[c]","[c]"
"In post","2022","HM Prison and Probation Service","Sheffield","Outside London","HEO","[c]","[c]","[c]","[c]"
"In post","2022","HM Prison and Probation Service","Sheffield","Outside London","SEO","[c]","[c]","[c]","[c]"
"In post","2022","HM Prison and Probation Service","Sheffield","Outside London","Unknown","225","205","30050","28200"
"In post","2022","HM Prison and Probation Service","Shropshire","Outside London","AA","50","45","20650","20890"
"In post","2022","HM Prison and Probation Service","Shropshire","Outside London","AO","195","185","27610","27120"
"In post","2022","HM Prison and Probation Service","Shropshire","Outside London","EO","45","45","30040","32240"
"In post","2022","HM Prison and Probation Service","Shropshire","Outside London","G6","[c]","[c]","[c]","[c]"
"In post","2022","HM Prison and Probation Service","Shropshire","Outside London","G7","[c]","[c]","[c]","[c]"
"In post","2022","HM Prison and Probation Service","Shropshire","Outside London","HEO","35","30","36160","36720"
"In post","2022","HM Prison and Probation Service","Shropshire","Outside London","SEO","15","15","50510","51240"
"In post","2022","HM Prison and Probation Service","Shropshire","Outside London","Unknown","55","50","31110","32690"
"In post","2022","HM Prison and Probation Service","Somerset CC","Outside London","G7","[c]","[c]","[c]","[c]"
"In post","2022","HM Prison and Probation Service","Somerset CC","Outside London","Unknown","145","130","28880","26310"
"In post","2022","HM Prison and Probation Service","South and West Derbyshire","Outside London","AA","60","55","21190","20890"
"In post","2022","HM Prison and Probation Service","South and West Derbyshire","Outside London","AO","215","200","26530","25700"
"In post","2022","HM Prison and Probation Service","South and West Derbyshire","Outside London","EO","60","60","29120","27380"
"In post","2022","HM Prison and Probation Service","South and West Derbyshire","Outside London","G6","[c]","[c]","[c]","[c]"
"In post","2022","HM Prison and Probation Service","South and West Derbyshire","Outside London","G7","[c]","[c]","[c]","[c]"
"In post","2022","HM Prison and Probation Service","South and West Derbyshire","Outside London","HEO","45","45","34590","36480"
"In post","2022","HM Prison and Probation Service","South and West Derbyshire","Outside London","SCS level","[c]","[c]","[c]","[c]"
"In post","2022","HM Prison and Probation Service","South and West Derbyshire","Outside London","SEO","25","25","50630","51150"
"In post","2022","HM Prison and Probation Service","South and West Derbyshire","Outside London","Unknown","45","35","31530","32690"
"In post","2022","HM Prison and Probation Service","South Hampshire","Outside London","SEO","[c]","[c]","[c]","[c]"
"In post","2022","HM Prison and Probation Service","South Hampshire","Outside London","Unknown","100","90","29470","24800"
"In post","2022","HM Prison and Probation Service","South Nottinghamshire","Outside London","AA","55","55","21060","20890"
"In post","2022","HM Prison and Probation Service","South Nottinghamshire","Outside London","AO","210","195","26250","24730"
"In post","2022","HM Prison and Probation Service","South Nottinghamshire","Outside London","EO","80","70","28770","27380"
"In post","2022","HM Prison and Probation Service","South Nottinghamshire","Outside London","G6","[c]","[c]","[c]","[c]"
"In post","2022","HM Prison and Probation Service","South Nottinghamshire","Outside London","G7","[c]","[c]","[c]","[c]"
"In post","2022","HM Prison and Probation Service","South Nottinghamshire","Outside London","HEO","60","60","33030","31180"
"In post","2022","HM Prison and Probation Service","South Nottinghamshire","Outside London","SCS level","[c]","[c]","[c]","[c]"
"In post","2022","HM Prison and Probation Service","South Nottinghamshire","Outside London","SEO","30","30","48030","50750"
"In post","2022","HM Prison and Probation Service","South Nottinghamshire","Outside London","Unknown","10","10","35290","37850"
"In post","2022","HM Prison and Probation Service","South Teesside","Outside London","Unknown","155","140","29100","28200"
"In post","2022","HM Prison and Probation Service","South West Wales","Outside London","G7","[c]","[c]","[c]","[c]"
"In post","2022","HM Prison and Probation Service","South West Wales","Outside London","Unknown","120","115","28430","26820"
"In post","2022","HM Prison and Probation Service","Southampton","Outside London","SEO","[c]","[c]","[c]","[c]"
"In post","2022","HM Prison and Probation Service","Southampton","Outside London","Unknown","135","125","29320","28200"
"In post","2022","HM Prison and Probation Service","Southend-on-Sea","Outside London","Unknown","75","65","28400","26310"
"In post","2022","HM Prison and Probation Service","Staffordshire CC","Outside London","AA","265","245","20990","20890"
"In post","2022","HM Prison and Probation Service","Staffordshire CC","Outside London","AO","955","905","25990","25610"
"In post","2022","HM Prison and Probation Service","Staffordshire CC","Outside London","EO","365","350","30330","31420"
"In post","2022","HM Prison and Probation Service","Staffordshire CC","Outside London","G6","15","15","84000","84390"
"In post","2022","HM Prison and Probation Service","Staffordshire CC","Outside London","G7","15","15","64960","65520"
"In post","2022","HM Prison and Probation Service","Staffordshire CC","Outside London","HEO","220","210","34700","36480"
"In post","2022","HM Prison and Probation Service","Staffordshire CC","Outside London","SCS level","[c]","[c]","[c]","[c]"
"In post","2022","HM Prison and Probation Service","Staffordshire CC","Outside London","SEO","120","115","49700","50690"
"In post","2022","HM Prison and Probation Service","Staffordshire CC","Outside London","Unknown","240","215","29240","28200"
"In post","2022","HM Prison and Probation Service","Stoke-on-Trent","Outside London","G6","[c]","[c]","[c]","[c]"
"In post","2022","HM Prison and Probation Service","Stoke-on-Trent","Outside London","HEO","[c]","[c]","[c]","[c]"
"In post","2022","HM Prison and Probation Service","Stoke-on-Trent","Outside London","SEO","[c]","[c]","[c]","[c]"
"In post","2022","HM Prison and Probation Service","Stoke-on-Trent","Outside London","Unknown","155","135","29350","28200"
"In post","2022","HM Prison and Probation Service","Suffolk CC","Outside London","AA","140","130","21430","21790"
"In post","2022","HM Prison and Probation Service","Suffolk CC","Outside London","AO","495","465","28060","29430"
"In post","2022","HM Prison and Probation Service","Suffolk CC","Outside London","EO","135","130","30380","31420"
"In post","2022","HM Prison and Probation Service","Suffolk CC","Outside London","G6","5","5","[c]","[c]"
"In post","2022","HM Prison and Probation Service","Suffolk CC","Outside London","G7","5","5","[c]","[c]"
"In post","2022","HM Prison and Probation Service","Suffolk CC","Outside London","HEO","105","100","34460","34000"
"In post","2022","HM Prison and Probation Service","Suffolk CC","Outside London","SCS level","[c]","[c]","[c]","[c]"
"In post","2022","HM Prison and Probation Service","Suffolk CC","Outside London","SEO","55","55","49180","48740"
"In post","2022","HM Prison and Probation Service","Suffolk CC","Outside London","Unknown","240","210","29390","27320"
"In post","2022","HM Prison and Probation Service","Sunderland","Outside London","SEO","[c]","[c]","[c]","[c]"
"In post","2022","HM Prison and Probation Service","Sunderland","Outside London","Unknown","90","90","29120","28200"
"In post","2022","HM Prison and Probation Service","Swansea","Outside London","AA","50","45","21690","20890"
"In post","2022","HM Prison and Probation Service","Swansea","Outside London","AO","175","155","27140","27120"
"In post","2022","HM Prison and Probation Service","Swansea","Outside London","EO","50","45","30500","31610"
"In post","2022","HM Prison and Probation Service","Swansea","Outside London","G7","[c]","[c]","[c]","[c]"
"In post","2022","HM Prison and Probation Service","Swansea","Outside London","HEO","30","25","36190","36720"
"In post","2022","HM Prison and Probation Service","Swansea","Outside London","SEO","15","15","48850","49090"
"In post","2022","HM Prison and Probation Service","Swansea","Outside London","Unknown","200","190","28970","28200"
"In post","2022","HM Prison and Probation Service","Swindon","Outside London","G7","[c]","[c]","[c]","[c]"
"In post","2022","HM Prison and Probation Service","Swindon","Outside London","HEO","[c]","[c]","[c]","[c]"
"In post","2022","HM Prison and Probation Service","Swindon","Outside London","SEO","[c]","[c]","[c]","[c]"
"In post","2022","HM Prison and Probation Service","Swindon","Outside London","Unknown","70","70","28180","25190"
"In post","2022","HM Prison and Probation Service","Telford and Wrekin","Outside London","Unknown","70","60","30910","26360"
"In post","2022","HM Prison and Probation Service","Torbay","Outside London","EO","[c]","[c]","[c]","[c]"
"In post","2022","HM Prison and Probation Service","Torbay","Outside London","G6","[c]","[c]","[c]","[c]"
"In post","2022","HM Prison and Probation Service","Torbay","Outside London","SCS level","[c]","[c]","[c]","[c]"
"In post","2022","HM Prison and Probation Service","Torbay","Outside London","SEO","[c]","[c]","[c]","[c]"
"In post","2022","HM Prison and Probation Service","Torbay","Outside London","Unknown","60","60","29790","28760"
"In post","2022","HM Prison and Probation Service","Tower Hamlets","London","G7","[c]","[c]","[c]","[c]"
"In post","2022","HM Prison and Probation Service","Tower Hamlets","London","HEO","[c]","[c]","[c]","[c]"
"In post","2022","HM Prison and Probation Service","Tower Hamlets","London","SEO","[c]","[c]","[c]","[c]"
"In post","2022","HM Prison and Probation Service","Tower Hamlets","London","Unknown","95","90","32210","30200"
"In post","2022","HM Prison and Probation Service","Tyneside","Outside London","AA","[c]","[c]","[c]","[c]"
"In post","2022","HM Prison and Probation Service","Tyneside","Outside London","AO","[c]","[c]","[c]","[c]"
"In post","2022","HM Prison and Probation Service","Tyneside","Outside London","EO","[c]","[c]","[c]","[c]"
"In post","2022","HM Prison and Probation Service","Tyneside","Outside London","G6","[c]","[c]","[c]","[c]"
"In post","2022","HM Prison and Probation Service","Tyneside","Outside London","HEO","[c]","[c]","[c]","[c]"
"In post","2022","HM Prison and Probation Service","Tyneside","Outside London","SEO","5","5","[c]","[c]"
"In post","2022","HM Prison and Probation Service","Tyneside","Outside London","Unknown","430","405","29180","28200"
"In post","2022","HM Prison and Probation Service","Unknown","Unknown","AA","10","10","[c]","[c]"
"In post","2022","HM Prison and Probation Service","Unknown","Unknown","AO","15","15","23240","23140"
"In post","2022","HM Prison and Probation Service","Unknown","Unknown","EO","[c]","[c]","[c]","[c]"
"In post","2022","HM Prison and Probation Service","Unknown","Unknown","HEO","[c]","[c]","[c]","[c]"
"In post","2022","HM Prison and Probation Service","Unknown","Unknown","SEO","[c]","[c]","[c]","[c]"
"In post","2022","HM Prison and Probation Service","Unknown","Unknown","Unknown","50","40","31700","28200"
"In post","2022","HM Prison and Probation Service","Wakefield","Outside London","AA","130","125","21100","20890"
"In post","2022","HM Prison and Probation Service","Wakefield","Outside London","AO","515","475","27280","26610"
"In post","2022","HM Prison and Probation Service","Wakefield","Outside London","EO","170","160","30800","32040"
"In post","2022","HM Prison and Probation Service","Wakefield","Outside London","G6","5","5","[c]","[c]"
"In post","2022","HM Prison and Probation Service","Wakefield","Outside London","G7","10","10","66630","66590"
"In post","2022","HM Prison and Probation Service","Wakefield","Outside London","HEO","95","85","34860","36440"
"In post","2022","HM Prison and Probation Service","Wakefield","Outside London","SCS level","[c]","[c]","[c]","[c]"
"In post","2022","HM Prison and Probation Service","Wakefield","Outside London","SEO","50","50","47610","49850"
"In post","2022","HM Prison and Probation Service","Wakefield","Outside London","Unknown","185","165","29900","28200"
"In post","2022","HM Prison and Probation Service","Walsall","Outside London","Unknown","80","75","28860","28200"
"In post","2022","HM Prison and Probation Service","Wandsworth","London","AA","80","75","25920","25740"
"In post","2022","HM Prison and Probation Service","Wandsworth","London","AO","400","390","32300","32970"
"In post","2022","HM Prison and Probation Service","Wandsworth","London","EO","80","80","35590","36890"
"In post","2022","HM Prison and Probation Service","Wandsworth","London","G6","[c]","[c]","[c]","[c]"
"In post","2022","HM Prison and Probation Service","Wandsworth","London","HEO","40","40","40450","42280"
"In post","2022","HM Prison and Probation Service","Wandsworth","London","SEO","20","20","55350","55300"
"In post","2022","HM Prison and Probation Service","Wandsworth","London","Unknown","50","50","34660","35650"
"In post","2022","HM Prison and Probation Service","Warrington","Outside London","AA","90","85","20950","20890"
"In post","2022","HM Prison and Probation Service","Warrington","Outside London","AO","355","330","26650","25700"
"In post","2022","HM Prison and Probation Service","Warrington","Outside London","EO","80","75","30170","31520"
"In post","2022","HM Prison and Probation Service","Warrington","Outside London","G6","[c]","[c]","[c]","[c]"
"In post","2022","HM Prison and Probation Service","Warrington","Outside London","G7","[c]","[c]","[c]","[c]"
"In post","2022","HM Prison and Probation Service","Warrington","Outside London","HEO","65","65","35450","36720"
"In post","2022","HM Prison and Probation Service","Warrington","Outside London","SEO","25","25","51590","51330"
"In post","2022","HM Prison and Probation Service","Warrington","Outside London","Unknown","65","60","29470","29600"
"In post","2022","HM Prison and Probation Service","Warwickshire CC","Outside London","AA","[c]","[c]","[c]","[c]"
"In post","2022","HM Prison and Probation Service","Warwickshire CC","Outside London","AO","10","10","29980","31650"
"In post","2022","HM Prison and Probation Service","Warwickshire CC","Outside London","EO","5","5","[c]","[c]"
"In post","2022","HM Prison and Probation Service","Warwickshire CC","Outside London","G6","[c]","[c]","[c]","[c]"
"In post","2022","HM Prison and Probation Service","Warwickshire CC","Outside London","G7","5","5","[c]","[c]"
"In post","2022","HM Prison and Probation Service","Warwickshire CC","Outside London","HEO","20","20","34400","34860"
"In post","2022","HM Prison and Probation Service","Warwickshire CC","Outside London","SEO","25","25","47770","48260"
"In post","2022","HM Prison and Probation Service","Warwickshire CC","Outside London","Unknown","165","145","29530","26750"
"In post","2022","HM Prison and Probation Service","West Cumbria","Outside London","AA","35","35","20930","20920"
"In post","2022","HM Prison and Probation Service","West Cumbria","Outside London","AO","85","80","26230","26610"
"In post","2022","HM Prison and Probation Service","West Cumbria","Outside London","EO","40","35","29420","27800"
"In post","2022","HM Prison and Probation Service","West Cumbria","Outside London","G6","[c]","[c]","[c]","[c]"
"In post","2022","HM Prison and Probation Service","West Cumbria","Outside London","G7","[c]","[c]","[c]","[c]"
"In post","2022","HM Prison and Probation Service","West Cumbria","Outside London","HEO","25","25","34160","36020"
"In post","2022","HM Prison and Probation Service","West Cumbria","Outside London","SEO","10","10","[c]","[c]"
"In post","2022","HM Prison and Probation Service","West Cumbria","Outside London","Unknown","60","50","29750","29390"
"In post","2022","HM Prison and Probation Service","West Essex","Outside London","Unknown","35","30","28570","26310"
"In post","2022","HM Prison and Probation Service","West Kent","Outside London","Unknown","20","15","29380","26640"
"In post","2022","HM Prison and Probation Service","West Northamptonshire","Outside London","AA","40","35","20950","20890"
"In post","2022","HM Prison and Probation Service","West Northamptonshire","Outside London","AO","175","165","25590","24730"
"In post","2022","HM Prison and Probation Service","West Northamptonshire","Outside London","EO","45","45","29390","27380"
"In post","2022","HM Prison and Probation Service","West Northamptonshire","Outside London","G6","[c]","[c]","[c]","[c]"
"In post","2022","HM Prison and Probation Service","West Northamptonshire","Outside London","G7","[c]","[c]","[c]","[c]"
"In post","2022","HM Prison and Probation Service","West Northamptonshire","Outside London","HEO","40","35","34840","36710"
"In post","2022","HM Prison and Probation Service","West Northamptonshire","Outside London","SEO","15","15","50290","51330"
"In post","2022","HM Prison and Probation Service","West Northamptonshire","Outside London","Unknown","170","160","29920","28200"
"In post","2022","HM Prison and Probation Service","West Surrey","Outside London","AA","60","60","22230","21790"
"In post","2022","HM Prison and Probation Service","West Surrey","Outside London","AO","250","240","29470","29430"
"In post","2022","HM Prison and Probation Service","West Surrey","Outside London","EO","70","65","31090","31320"
"In post","2022","HM Prison and Probation Service","West Surrey","Outside London","G6","[c]","[c]","[c]","[c]"
"In post","2022","HM Prison and Probation Service","West Surrey","Outside London","G7","[c]","[c]","[c]","[c]"
"In post","2022","HM Prison and Probation Service","West Surrey","Outside London","HEO","60","55","35590","37280"
"In post","2022","HM Prison and Probation Service","West Surrey","Outside London","SEO","30","30","50750","51330"
"In post","2022","HM Prison and Probation Service","West Surrey","Outside London","Unknown","170","150","30770","29810"
"In post","2022","HM Prison and Probation Service","West Sussex (North East)","Outside London","Unknown","55","50","29310","28200"
"In post","2022","HM Prison and Probation Service","West Sussex (South West)","Outside London","AA","20","20","21250","20890"
"In post","2022","HM Prison and Probation Service","West Sussex (South West)","Outside London","AO","80","75","25660","24260"
"In post","2022","HM Prison and Probation Service","West Sussex (South West)","Outside London","EO","30","30","29790","27380"
"In post","2022","HM Prison and Probation Service","West Sussex (South West)","Outside London","G6","[c]","[c]","[c]","[c]"
"In post","2022","HM Prison and Probation Service","West Sussex (South West)","Outside London","G7","[c]","[c]","[c]","[c]"
"In post","2022","HM Prison and Probation Service","West Sussex (South West)","Outside London","HEO","25","25","35730","36720"
"In post","2022","HM Prison and Probation Service","West Sussex (South West)","Outside London","SEO","10","10","49320","51150"
"In post","2022","HM Prison and Probation Service","West Sussex (South West)","Outside London","Unknown","90","80","30450","30210"
"In post","2022","HM Prison and Probation Service","Westminster","London","AA","[c]","[c]","[c]","[c]"
"In post","2022","HM Prison and Probation Service","Westminster","London","AO","30","30","25140","24690"
"In post","2022","HM Prison and Probation Service","Westminster","London","EO","55","50","31160","30920"
"In post","2022","HM Prison and Probation Service","Westminster","London","G6","80","75","78030","76280"
"In post","2022","HM Prison and Probation Service","Westminster","London","G7","95","95","65090","63400"
"In post","2022","HM Prison and Probation Service","Westminster","London","HEO","115","115","36430","35320"
"In post","2022","HM Prison and Probation Service","Westminster","London","SCS level","30","30","92530","84050"
"In post","2022","HM Prison and Probation Service","Westminster","London","SEO","180","175","52410","51140"
"In post","2022","HM Prison and Probation Service","Westminster","London","Unknown","65","60","41840","41060"
"In post","2022","HM Prison and Probation Service","Wiltshire","Outside London","AA","45","45","20630","20890"
"In post","2022","HM Prison and Probation Service","Wiltshire","Outside London","AO","170","165","26920","27260"
"In post","2022","HM Prison and Probation Service","Wiltshire","Outside London","EO","45","45","28890","27380"
"In post","2022","HM Prison and Probation Service","Wiltshire","Outside London","G6","[c]","[c]","[c]","[c]"
"In post","2022","HM Prison and Probation Service","Wiltshire","Outside London","HEO","35","35","34440","34810"
"In post","2022","HM Prison and Probation Service","Wiltshire","Outside London","SEO","15","15","47420","48200"
"In post","2022","HM Prison and Probation Service","Wiltshire","Outside London","Unknown","85","80","30720","28760"
"In post","2022","HM Prison and Probation Service","Wirral","Outside London","G6","[c]","[c]","[c]","[c]"
"In post","2022","HM Prison and Probation Service","Wirral","Outside London","HEO","[c]","[c]","[c]","[c]"
"In post","2022","HM Prison and Probation Service","Wirral","Outside London","SEO","[c]","[c]","[c]","[c]"
"In post","2022","HM Prison and Probation Service","Wirral","Outside London","Unknown","130","120","28550","26310"
"In post","2022","HM Prison and Probation Service","Wolverhampton","Outside London","SEO","[c]","[c]","[c]","[c]"
"In post","2022","HM Prison and Probation Service","Wolverhampton","Outside London","Unknown","160","145","28470","28200"
"In post","2022","HM Prison and Probation Service","Worcestershire CC","Outside London","AA","190","175","21310","20890"
"In post","2022","HM Prison and Probation Service","Worcestershire CC","Outside London","AO","585","570","26480","25210"
"In post","2022","HM Prison and Probation Service","Worcestershire CC","Outside London","EO","155","150","31170","32240"
"In post","2022","HM Prison and Probation Service","Worcestershire CC","Outside London","G6","[c]","[c]","[c]","[c]"
"In post","2022","HM Prison and Probation Service","Worcestershire CC","Outside London","G7","5","5","[c]","[c]"
"In post","2022","HM Prison and Probation Service","Worcestershire CC","Outside London","HEO","95","90","35610","37200"
"In post","2022","HM Prison and Probation Service","Worcestershire CC","Outside London","SEO","50","45","49430","50910"
"In post","2022","HM Prison and Probation Service","Worcestershire CC","Outside London","Unknown","200","185","30170","28200"
"In post","2022","HM Prison and Probation Service","York","Outside London","AA","15","10","21100","20890"
"In post","2022","HM Prison and Probation Service","York","Outside London","AO","45","40","27160","26860"
"In post","2022","HM Prison and Probation Service","York","Outside London","EO","10","10","31760","32040"
"In post","2022","HM Prison and Probation Service","York","Outside London","G6","[c]","[c]","[c]","[c]"
"In post","2022","HM Prison and Probation Service","York","Outside London","G7","[c]","[c]","[c]","[c]"
"In post","2022","HM Prison and Probation Service","York","Outside London","HEO","15","15","35920","36480"
"In post","2022","HM Prison and Probation Service","York","Outside London","SCS level","[c]","[c]","[c]","[c]"
"In post","2022","HM Prison and Probation Service","York","Outside London","SEO","15","15","50710","48580"
"In post","2022","HM Prison and Probation Service","York","Outside London","Unknown","150","135","29520","28200"
"In post","2022","HM Revenue and Customs (excl. agencies)","Angus and Dundee City","Outside London","AO","15","10","21380","21250"
"In post","2022","HM Revenue and Customs (excl. agencies)","Angus and Dundee City","Outside London","EO","5","5","[c]","[c]"
"In post","2022","HM Revenue and Customs (excl. agencies)","Angus and Dundee City","Outside London","G6","[c]","[c]","[c]","[c]"
"In post","2022","HM Revenue and Customs (excl. agencies)","Angus and Dundee City","Outside London","HEO","5","5","[c]","[c]"
"In post","2022","HM Revenue and Customs (excl. agencies)","Angus and Dundee City","Outside London","SEO","[c]","[c]","[c]","[c]"
"In post","2022","HM Revenue and Customs (excl. agencies)","Belfast","Outside London","AA","10","5","21250","21250"
"In post","2022","HM Revenue and Customs (excl. agencies)","Belfast","Outside London","AO","720","655","21400","21250"
"In post","2022","HM Revenue and Customs (excl. agencies)","Belfast","Outside London","EO","645","605","26810","26820"
"In post","2022","HM Revenue and Customs (excl. agencies)","Belfast","Outside London","G6","40","35","67430","67910"
"In post","2022","HM Revenue and Customs (excl. agencies)","Belfast","Outside London","G7","150","145","54530","55210"
"In post","2022","HM Revenue and Customs (excl. agencies)","Belfast","Outside London","HEO","555","540","33230","33370"
"In post","2022","HM Revenue and Customs (excl. agencies)","Belfast","Outside London","SCS level","10","5","[c]","[c]"
"In post","2022","HM Revenue and Customs (excl. agencies)","Belfast","Outside London","SEO","235","225","40240","40520"
"In post","2022","HM Revenue and Customs (excl. agencies)","Berkshire","Outside London","AA","[c]","[c]","[c]","[c]"
"In post","2022","HM Revenue and Customs (excl. agencies)","Berkshire","Outside London","AO","40","35","23630","22080"
"In post","2022","HM Revenue and Customs (excl. agencies)","Berkshire","Outside London","EO","85","80","29840","28920"
"In post","2022","HM Revenue and Customs (excl. agencies)","Berkshire","Outside London","G6","15","15","70320","67910"
"In post","2022","HM Revenue and Customs (excl. agencies)","Berkshire","Outside London","G7","20","20","56100","55960"
"In post","2022","HM Revenue and Customs (excl. agencies)","Berkshire","Outside London","HEO","95","85","36520","35980"
"In post","2022","HM Revenue and Customs (excl. agencies)","Berkshire","Outside London","SCS level","[c]","[c]","[c]","[c]"
"In post","2022","HM Revenue and Customs (excl. agencies)","Berkshire","Outside London","SEO","35","30","41780","40570"
"In post","2022","HM Revenue and Customs (excl. agencies)","Birmingham","Outside London","AA","[c]","[c]","[c]","[c]"
"In post","2022","HM Revenue and Customs (excl. agencies)","Birmingham","Outside London","AO","880","805","21390","21250"
"In post","2022","HM Revenue and Customs (excl. agencies)","Birmingham","Outside London","EO","930","885","26950","26820"
"In post","2022","HM Revenue and Customs (excl. agencies)","Birmingham","Outside London","G6","95","90","67850","67910"
"In post","2022","HM Revenue and Customs (excl. agencies)","Birmingham","Outside London","G7","285","275","54930","55210"
"In post","2022","HM Revenue and Customs (excl. agencies)","Birmingham","Outside London","HEO","1025","985","33360","33370"
"In post","2022","HM Revenue and Customs (excl. agencies)","Birmingham","Outside London","SCS level","20","20","87070","75970"
"In post","2022","HM Revenue and Customs (excl. agencies)","Birmingham","Outside London","SEO","455","440","40370","40520"
"In post","2022","HM Revenue and Customs (excl. agencies)","Bradford","Outside London","AA","25","20","21250","21250"
"In post","2022","HM Revenue and Customs (excl. agencies)","Bradford","Outside London","AO","845","725","21430","21250"
"In post","2022","HM Revenue and Customs (excl. agencies)","Bradford","Outside London","EO","255","235","26940","26820"
"In post","2022","HM Revenue and Customs (excl. agencies)","Bradford","Outside London","G6","10","10","[c]","[c]"
"In post","2022","HM Revenue and Customs (excl. agencies)","Bradford","Outside London","G7","35","30","54420","55210"
"In post","2022","HM Revenue and Customs (excl. agencies)","Bradford","Outside London","HEO","130","120","33560","33370"
"In post","2022","HM Revenue and Customs (excl. agencies)","Bradford","Outside London","SCS level","[c]","[c]","[c]","[c]"
"In post","2022","HM Revenue and Customs (excl. agencies)","Bradford","Outside London","SEO","55","50","40280","40520"
"In post","2022","HM Revenue and Customs (excl. agencies)","Bristol, City of","Outside London","AA","[c]","[c]","[c]","[c]"
"In post","2022","HM Revenue and Customs (excl. agencies)","Bristol, City of","Outside London","AO","120","110","21660","21260"
"In post","2022","HM Revenue and Customs (excl. agencies)","Bristol, City of","Outside London","EO","315","295","27180","26820"
"In post","2022","HM Revenue and Customs (excl. agencies)","Bristol, City of","Outside London","G6","85","80","68100","67910"
"In post","2022","HM Revenue and Customs (excl. agencies)","Bristol, City of","Outside London","G7","210","200","54610","55210"
"In post","2022","HM Revenue and Customs (excl. agencies)","Bristol, City of","Outside London","HEO","475","455","33380","33370"
"In post","2022","HM Revenue and Customs (excl. agencies)","Bristol, City of","Outside London","SCS level","10","10","80200","77690"
"In post","2022","HM Revenue and Customs (excl. agencies)","Bristol, City of","Outside London","SEO","205","195","40250","40520"
"In post","2022","HM Revenue and Customs (excl. agencies)","Cardiff and Vale of Glamorgan","Outside London","AA","20","15","21460","21250"
"In post","2022","HM Revenue and Customs (excl. agencies)","Cardiff and Vale of Glamorgan","Outside London","AO","1295","1145","21450","21250"
"In post","2022","HM Revenue and Customs (excl. agencies)","Cardiff and Vale of Glamorgan","Outside London","EO","1235","1165","26770","26820"
"In post","2022","HM Revenue and Customs (excl. agencies)","Cardiff and Vale of Glamorgan","Outside London","G6","60","55","67770","67910"
"In post","2022","HM Revenue and Customs (excl. agencies)","Cardiff and Vale of Glamorgan","Outside London","G7","250","245","53670","55210"
"In post","2022","HM Revenue and Customs (excl. agencies)","Cardiff and Vale of Glamorgan","Outside London","HEO","1095","1050","33210","33370"
"In post","2022","HM Revenue and Customs (excl. agencies)","Cardiff and Vale of Glamorgan","Outside London","SCS level","15","15","82310","74700"
"In post","2022","HM Revenue and Customs (excl. agencies)","Cardiff and Vale of Glamorgan","Outside London","SEO","405","395","39750","40520"
"In post","2022","HM Revenue and Customs (excl. agencies)","City of Edinburgh","Outside London","AA","5","5","[c]","[c]"
"In post","2022","HM Revenue and Customs (excl. agencies)","City of Edinburgh","Outside London","AO","870","815","21360","21250"
"In post","2022","HM Revenue and Customs (excl. agencies)","City of Edinburgh","Outside London","EO","525","490","26970","26820"
"In post","2022","HM Revenue and Customs (excl. agencies)","City of Edinburgh","Outside London","G6","50","50","67770","67910"
"In post","2022","HM Revenue and Customs (excl. agencies)","City of Edinburgh","Outside London","G7","155","150","54520","55210"
"In post","2022","HM Revenue and Customs (excl. agencies)","City of Edinburgh","Outside London","HEO","480","465","33250","33370"
"In post","2022","HM Revenue and Customs (excl. agencies)","City of Edinburgh","Outside London","SCS level","10","10","[c]","[c]"
"In post","2022","HM Revenue and Customs (excl. agencies)","City of Edinburgh","Outside London","SEO","200","195","40020","40520"
"In post","2022","HM Revenue and Customs (excl. agencies)","Croydon","London","AA","[c]","[c]","[c]","[c]"
"In post","2022","HM Revenue and Customs (excl. agencies)","Croydon","London","AO","340","310","25700","25330"
"In post","2022","HM Revenue and Customs (excl. agencies)","Croydon","London","EO","595","565","31430","31020"
"In post","2022","HM Revenue and Customs (excl. agencies)","Croydon","London","G6","205","190","74770","74850"
"In post","2022","HM Revenue and Customs (excl. agencies)","Croydon","London","G7","370","355","61750","62120"
"In post","2022","HM Revenue and Customs (excl. agencies)","Croydon","London","HEO","845","815","38200","37930"
"In post","2022","HM Revenue and Customs (excl. agencies)","Croydon","London","SCS level","40","40","86110","80980"
"In post","2022","HM Revenue and Customs (excl. agencies)","Croydon","London","SEO","390","375","44240","43810"
"In post","2022","HM Revenue and Customs (excl. agencies)","Durham","Outside London","AA","5","5","[c]","[c]"
"In post","2022","HM Revenue and Customs (excl. agencies)","Durham","Outside London","AO","290","255","21600","21250"
"In post","2022","HM Revenue and Customs (excl. agencies)","Durham","Outside London","EO","85","80","26290","26820"
"In post","2022","HM Revenue and Customs (excl. agencies)","Durham","Outside London","G6","[c]","[c]","[c]","[c]"
"In post","2022","HM Revenue and Customs (excl. agencies)","Durham","Outside London","G7","10","10","[c]","[c]"
"In post","2022","HM Revenue and Customs (excl. agencies)","Durham","Outside London","HEO","25","25","33860","33400"
"In post","2022","HM Revenue and Customs (excl. agencies)","Durham","Outside London","SCS level","[c]","[c]","[c]","[c]"
"In post","2022","HM Revenue and Customs (excl. agencies)","Durham","Outside London","SEO","10","10","40610","40530"
"In post","2022","HM Revenue and Customs (excl. agencies)","East Kent","Outside London","AO","15","15","21760","22080"
"In post","2022","HM Revenue and Customs (excl. agencies)","East Kent","Outside London","EO","100","90","27350","26820"
"In post","2022","HM Revenue and Customs (excl. agencies)","East Kent","Outside London","G6","[c]","[c]","[c]","[c]"
"In post","2022","HM Revenue and Customs (excl. agencies)","East Kent","Outside London","G7","[c]","[c]","[c]","[c]"
"In post","2022","HM Revenue and Customs (excl. agencies)","East Kent","Outside London","HEO","55","50","33490","33370"
"In post","2022","HM Revenue and Customs (excl. agencies)","East Kent","Outside London","SEO","35","35","40560","40520"
"In post","2022","HM Revenue and Customs (excl. agencies)","Glasgow City","Outside London","AA","[c]","[c]","[c]","[c]"
"In post","2022","HM Revenue and Customs (excl. agencies)","Glasgow City","Outside London","AO","410","360","21450","21250"
"In post","2022","HM Revenue and Customs (excl. agencies)","Glasgow City","Outside London","EO","395","365","26580","26820"
"In post","2022","HM Revenue and Customs (excl. agencies)","Glasgow City","Outside London","G6","55","50","68440","67910"
"In post","2022","HM Revenue and Customs (excl. agencies)","Glasgow City","Outside London","G7","150","145","54260","55210"
"In post","2022","HM Revenue and Customs (excl. agencies)","Glasgow City","Outside London","HEO","550","525","33310","33370"
"In post","2022","HM Revenue and Customs (excl. agencies)","Glasgow City","Outside London","SCS level","[c]","[c]","[c]","[c]"
"In post","2022","HM Revenue and Customs (excl. agencies)","Glasgow City","Outside London","SEO","215","205","39950","40350"
"In post","2022","HM Revenue and Customs (excl. agencies)","Greater Manchester South West","Outside London","AA","40","30","21250","21250"
"In post","2022","HM Revenue and Customs (excl. agencies)","Greater Manchester South West","Outside London","AO","1075","980","21430","21250"
"In post","2022","HM Revenue and Customs (excl. agencies)","Greater Manchester South West","Outside London","EO","1125","1070","26680","26820"
"In post","2022","HM Revenue and Customs (excl. agencies)","Greater Manchester South West","Outside London","G6","130","130","67310","67910"
"In post","2022","HM Revenue and Customs (excl. agencies)","Greater Manchester South West","Outside London","G7","395","385","54290","55210"
"In post","2022","HM Revenue and Customs (excl. agencies)","Greater Manchester South West","Outside London","HEO","1130","1095","33210","33370"
"In post","2022","HM Revenue and Customs (excl. agencies)","Greater Manchester South West","Outside London","SCS level","20","20","79960","75960"
"In post","2022","HM Revenue and Customs (excl. agencies)","Greater Manchester South West","Outside London","SEO","550","530","40300","40520"
"In post","2022","HM Revenue and Customs (excl. agencies)","Gwynedd","Outside London","AO","15","10","21680","21810"
"In post","2022","HM Revenue and Customs (excl. agencies)","Gwynedd","Outside London","EO","5","5","[c]","[c]"
"In post","2022","HM Revenue and Customs (excl. agencies)","Hackney and Newham","London","AA","5","5","[c]","[c]"
"In post","2022","HM Revenue and Customs (excl. agencies)","Hackney and Newham","London","AO","435","385","25840","26400"
"In post","2022","HM Revenue and Customs (excl. agencies)","Hackney and Newham","London","EO","1100","1045","31610","31020"
"In post","2022","HM Revenue and Customs (excl. agencies)","Hackney and Newham","London","G6","325","310","75190","74850"
"In post","2022","HM Revenue and Customs (excl. agencies)","Hackney and Newham","London","G7","700","675","61500","62120"
"In post","2022","HM Revenue and Customs (excl. agencies)","Hackney and Newham","London","HEO","1415","1365","38220","37930"
"In post","2022","HM Revenue and Customs (excl. agencies)","Hackney and Newham","London","SCS level","70","70","85500","82340"
"In post","2022","HM Revenue and Customs (excl. agencies)","Hackney and Newham","London","SEO","745","725","44160","43810"
"In post","2022","HM Revenue and Customs (excl. agencies)","Harrow and Hillingdon","London","AO","15","15","25090","25330"
"In post","2022","HM Revenue and Customs (excl. agencies)","Harrow and Hillingdon","London","EO","10","10","31220","31020"
"In post","2022","HM Revenue and Customs (excl. agencies)","Harrow and Hillingdon","London","G7","[c]","[c]","[c]","[c]"
"In post","2022","HM Revenue and Customs (excl. agencies)","Harrow and Hillingdon","London","HEO","5","5","[c]","[c]"
"In post","2022","HM Revenue and Customs (excl. agencies)","Harrow and Hillingdon","London","SEO","[c]","[c]","[c]","[c]"
"In post","2022","HM Revenue and Customs (excl. agencies)","Leeds","Outside London","AA","5","5","[c]","[c]"
"In post","2022","HM Revenue and Customs (excl. agencies)","Leeds","Outside London","AO","620","565","21400","21250"
"In post","2022","HM Revenue and Customs (excl. agencies)","Leeds","Outside London","EO","1135","1085","26920","26820"
"In post","2022","HM Revenue and Customs (excl. agencies)","Leeds","Outside London","G6","135","125","67530","67910"
"In post","2022","HM Revenue and Customs (excl. agencies)","Leeds","Outside London","G7","380","365","54630","55210"
"In post","2022","HM Revenue and Customs (excl. agencies)","Leeds","Outside London","HEO","1055","1015","33330","33370"
"In post","2022","HM Revenue and Customs (excl. agencies)","Leeds","Outside London","SCS level","20","20","88490","80000"
"In post","2022","HM Revenue and Customs (excl. agencies)","Leeds","Outside London","SEO","460","445","40210","40520"
"In post","2022","HM Revenue and Customs (excl. agencies)","Leicester","Outside London","AA","[c]","[c]","[c]","[c]"
"In post","2022","HM Revenue and Customs (excl. agencies)","Leicester","Outside London","AO","110","100","21590","21250"
"In post","2022","HM Revenue and Customs (excl. agencies)","Leicester","Outside London","EO","40","35","27620","26820"
"In post","2022","HM Revenue and Customs (excl. agencies)","Leicester","Outside London","G6","[c]","[c]","[c]","[c]"
"In post","2022","HM Revenue and Customs (excl. agencies)","Leicester","Outside London","G7","15","15","55330","55210"
"In post","2022","HM Revenue and Customs (excl. agencies)","Leicester","Outside London","HEO","50","50","33510","33370"
"In post","2022","HM Revenue and Customs (excl. agencies)","Leicester","Outside London","SEO","25","25","40370","40520"
"In post","2022","HM Revenue and Customs (excl. agencies)","Liverpool","Outside London","AA","15","15","21250","21250"
"In post","2022","HM Revenue and Customs (excl. agencies)","Liverpool","Outside London","AO","1960","1765","21470","21250"
"In post","2022","HM Revenue and Customs (excl. agencies)","Liverpool","Outside London","EO","905","850","26570","26820"
"In post","2022","HM Revenue and Customs (excl. agencies)","Liverpool","Outside London","G6","115","115","67520","67910"
"In post","2022","HM Revenue and Customs (excl. agencies)","Liverpool","Outside London","G7","380","365","54500","55210"
"In post","2022","HM Revenue and Customs (excl. agencies)","Liverpool","Outside London","HEO","920","885","33180","33370"
"In post","2022","HM Revenue and Customs (excl. agencies)","Liverpool","Outside London","SCS level","20","20","82080","74750"
"In post","2022","HM Revenue and Customs (excl. agencies)","Liverpool","Outside London","SEO","490","475","40130","40520"
"In post","2022","HM Revenue and Customs (excl. agencies)","Manchester","Outside London","AO","315","295","21400","21250"
"In post","2022","HM Revenue and Customs (excl. agencies)","Manchester","Outside London","EO","470","450","26890","26820"
"In post","2022","HM Revenue and Customs (excl. agencies)","Manchester","Outside London","G6","85","85","67350","67910"
"In post","2022","HM Revenue and Customs (excl. agencies)","Manchester","Outside London","G7","245","240","54280","55210"
"In post","2022","HM Revenue and Customs (excl. agencies)","Manchester","Outside London","HEO","625","600","33370","33370"
"In post","2022","HM Revenue and Customs (excl. agencies)","Manchester","Outside London","SCS level","10","10","[c]","[c]"
"In post","2022","HM Revenue and Customs (excl. agencies)","Manchester","Outside London","SEO","340","330","40270","40520"
"In post","2022","HM Revenue and Customs (excl. agencies)","Mid Lancashire","Outside London","AA","40","35","21250","21250"
"In post","2022","HM Revenue and Customs (excl. agencies)","Mid Lancashire","Outside London","AO","780","665","21590","21250"
"In post","2022","HM Revenue and Customs (excl. agencies)","Mid Lancashire","Outside London","EO","310","275","27250","26820"
"In post","2022","HM Revenue and Customs (excl. agencies)","Mid Lancashire","Outside London","G6","35","35","66780","67910"
"In post","2022","HM Revenue and Customs (excl. agencies)","Mid Lancashire","Outside London","G7","100","95","54310","55210"
"In post","2022","HM Revenue and Customs (excl. agencies)","Mid Lancashire","Outside London","HEO","225","205","33500","33370"
"In post","2022","HM Revenue and Customs (excl. agencies)","Mid Lancashire","Outside London","SCS level","10","10","76090","75450"
"In post","2022","HM Revenue and Customs (excl. agencies)","Mid Lancashire","Outside London","SEO","170","160","40400","40520"
"In post","2022","HM Revenue and Customs (excl. agencies)","Milton Keynes","Outside London","AO","75","70","21260","21250"
"In post","2022","HM Revenue and Customs (excl. agencies)","Milton Keynes","Outside London","EO","25","25","26890","26820"
"In post","2022","HM Revenue and Customs (excl. agencies)","Milton Keynes","Outside London","G6","[c]","[c]","[c]","[c]"
"In post","2022","HM Revenue and Customs (excl. agencies)","Milton Keynes","Outside London","HEO","10","10","33340","33370"
"In post","2022","HM Revenue and Customs (excl. agencies)","Milton Keynes","Outside London","SEO","[c]","[c]","[c]","[c]"
"In post","2022","HM Revenue and Customs (excl. agencies)","North Lanarkshire","Outside London","AA","5","5","[c]","[c]"
"In post","2022","HM Revenue and Customs (excl. agencies)","North Lanarkshire","Outside London","AO","740","605","21550","21250"
"In post","2022","HM Revenue and Customs (excl. agencies)","North Lanarkshire","Outside London","EO","340","310","27050","26820"
"In post","2022","HM Revenue and Customs (excl. agencies)","North Lanarkshire","Outside London","G6","15","15","66820","67910"
"In post","2022","HM Revenue and Customs (excl. agencies)","North Lanarkshire","Outside London","G7","30","30","53530","55210"
"In post","2022","HM Revenue and Customs (excl. agencies)","North Lanarkshire","Outside London","HEO","220","210","33350","33370"
"In post","2022","HM Revenue and Customs (excl. agencies)","North Lanarkshire","Outside London","SCS level","[c]","[c]","[c]","[c]"
"In post","2022","HM Revenue and Customs (excl. agencies)","North Lanarkshire","Outside London","SEO","95","95","40060","40520"
"In post","2022","HM Revenue and Customs (excl. agencies)","Nottingham","Outside London","AA","10","10","21250","21250"
"In post","2022","HM Revenue and Customs (excl. agencies)","Nottingham","Outside London","AO","675","610","21600","21250"
"In post","2022","HM Revenue and Customs (excl. agencies)","Nottingham","Outside London","EO","990","940","26860","26820"
"In post","2022","HM Revenue and Customs (excl. agencies)","Nottingham","Outside London","G6","125","120","66920","67910"
"In post","2022","HM Revenue and Customs (excl. agencies)","Nottingham","Outside London","G7","390","380","54520","55210"
"In post","2022","HM Revenue and Customs (excl. agencies)","Nottingham","Outside London","HEO","1180","1130","33340","33370"
"In post","2022","HM Revenue and Customs (excl. agencies)","Nottingham","Outside London","SCS level","30","30","86790","79410"
"In post","2022","HM Revenue and Customs (excl. agencies)","Nottingham","Outside London","SEO","510","490","40350","40520"
"In post","2022","HM Revenue and Customs (excl. agencies)","Plymouth","Outside London","G7","[c]","[c]","[c]","[c]"
"In post","2022","HM Revenue and Customs (excl. agencies)","Portsmouth","Outside London","AA","30","25","21250","21250"
"In post","2022","HM Revenue and Customs (excl. agencies)","Portsmouth","Outside London","AO","365","315","21520","21250"
"In post","2022","HM Revenue and Customs (excl. agencies)","Portsmouth","Outside London","EO","225","195","27570","26820"
"In post","2022","HM Revenue and Customs (excl. agencies)","Portsmouth","Outside London","G6","15","15","68470","67910"
"In post","2022","HM Revenue and Customs (excl. agencies)","Portsmouth","Outside London","G7","55","50","55790","55210"
"In post","2022","HM Revenue and Customs (excl. agencies)","Portsmouth","Outside London","HEO","185","170","33900","33370"
"In post","2022","HM Revenue and Customs (excl. agencies)","Portsmouth","Outside London","SCS level","[c]","[c]","[c]","[c]"
"In post","2022","HM Revenue and Customs (excl. agencies)","Portsmouth","Outside London","SEO","70","65","40510","40520"
"In post","2022","HM Revenue and Customs (excl. agencies)","Sefton","Outside London","AA","15","10","21250","21250"
"In post","2022","HM Revenue and Customs (excl. agencies)","Sefton","Outside London","AO","260","215","21580","21250"
"In post","2022","HM Revenue and Customs (excl. agencies)","Sefton","Outside London","EO","335","305","27030","26820"
"In post","2022","HM Revenue and Customs (excl. agencies)","Sefton","Outside London","G6","25","25","67050","67910"
"In post","2022","HM Revenue and Customs (excl. agencies)","Sefton","Outside London","G7","85","85","54650","55210"
"In post","2022","HM Revenue and Customs (excl. agencies)","Sefton","Outside London","HEO","240","230","33220","33370"
"In post","2022","HM Revenue and Customs (excl. agencies)","Sefton","Outside London","SCS level","10","10","[c]","[c]"
"In post","2022","HM Revenue and Customs (excl. agencies)","Sefton","Outside London","SEO","170","160","40400","40520"
"In post","2022","HM Revenue and Customs (excl. agencies)","South Lanarkshire","Outside London","AA","10","10","21250","21250"
"In post","2022","HM Revenue and Customs (excl. agencies)","South Lanarkshire","Outside London","AO","1150","985","21450","21250"
"In post","2022","HM Revenue and Customs (excl. agencies)","South Lanarkshire","Outside London","EO","485","415","26790","26820"
"In post","2022","HM Revenue and Customs (excl. agencies)","South Lanarkshire","Outside London","G6","20","20","66880","67260"
"In post","2022","HM Revenue and Customs (excl. agencies)","South Lanarkshire","Outside London","G7","85","80","53360","55210"
"In post","2022","HM Revenue and Customs (excl. agencies)","South Lanarkshire","Outside London","HEO","310","285","33280","33370"
"In post","2022","HM Revenue and Customs (excl. agencies)","South Lanarkshire","Outside London","SCS level","5","5","[c]","[c]"
"In post","2022","HM Revenue and Customs (excl. agencies)","South Lanarkshire","Outside London","SEO","135","130","40150","40520"
"In post","2022","HM Revenue and Customs (excl. agencies)","Southend-on-Sea","Outside London","AA","10","10","21250","21250"
"In post","2022","HM Revenue and Customs (excl. agencies)","Southend-on-Sea","Outside London","AO","110","85","21800","22080"
"In post","2022","HM Revenue and Customs (excl. agencies)","Southend-on-Sea","Outside London","EO","160","140","27530","26820"
"In post","2022","HM Revenue and Customs (excl. agencies)","Southend-on-Sea","Outside London","G6","20","20","67180","67910"
"In post","2022","HM Revenue and Customs (excl. agencies)","Southend-on-Sea","Outside London","G7","80","80","55180","55210"
"In post","2022","HM Revenue and Customs (excl. agencies)","Southend-on-Sea","Outside London","HEO","190","175","33910","33370"
"In post","2022","HM Revenue and Customs (excl. agencies)","Southend-on-Sea","Outside London","SCS level","10","10","[c]","[c]"
"In post","2022","HM Revenue and Customs (excl. agencies)","Southend-on-Sea","Outside London","SEO","160","150","40920","40520"
"In post","2022","HM Revenue and Customs (excl. agencies)","Suffolk CC","Outside London","AO","140","125","21650","21250"
"In post","2022","HM Revenue and Customs (excl. agencies)","Suffolk CC","Outside London","EO","165","150","27430","26820"
"In post","2022","HM Revenue and Customs (excl. agencies)","Suffolk CC","Outside London","G6","10","10","68060","67910"
"In post","2022","HM Revenue and Customs (excl. agencies)","Suffolk CC","Outside London","G7","20","20","55160","55210"
"In post","2022","HM Revenue and Customs (excl. agencies)","Suffolk CC","Outside London","HEO","155","140","33630","33370"
"In post","2022","HM Revenue and Customs (excl. agencies)","Suffolk CC","Outside London","SEO","50","50","40790","40520"
"In post","2022","HM Revenue and Customs (excl. agencies)","Sunderland","Outside London","AA","150","105","21250","21250"
"In post","2022","HM Revenue and Customs (excl. agencies)","Sunderland","Outside London","AO","1370","1090","21640","21250"
"In post","2022","HM Revenue and Customs (excl. agencies)","Sunderland","Outside London","EO","445","385","26900","26820"
"In post","2022","HM Revenue and Customs (excl. agencies)","Sunderland","Outside London","G6","20","20","67480","67910"
"In post","2022","HM Revenue and Customs (excl. agencies)","Sunderland","Outside London","G7","65","60","55100","55210"
"In post","2022","HM Revenue and Customs (excl. agencies)","Sunderland","Outside London","HEO","185","175","33010","33370"
"In post","2022","HM Revenue and Customs (excl. agencies)","Sunderland","Outside London","SCS level","[c]","[c]","[c]","[c]"
"In post","2022","HM Revenue and Customs (excl. agencies)","Sunderland","Outside London","SEO","100","95","39970","40520"
"In post","2022","HM Revenue and Customs (excl. agencies)","Telford and Wrekin","Outside London","AA","5","5","[c]","[c]"
"In post","2022","HM Revenue and Customs (excl. agencies)","Telford and Wrekin","Outside London","AO","50","40","21680","21880"
"In post","2022","HM Revenue and Customs (excl. agencies)","Telford and Wrekin","Outside London","EO","110","100","27180","26820"
"In post","2022","HM Revenue and Customs (excl. agencies)","Telford and Wrekin","Outside London","G6","50","50","68180","67910"
"In post","2022","HM Revenue and Customs (excl. agencies)","Telford and Wrekin","Outside London","G7","190","180","54910","55210"
"In post","2022","HM Revenue and Customs (excl. agencies)","Telford and Wrekin","Outside London","HEO","165","155","33700","33370"
"In post","2022","HM Revenue and Customs (excl. agencies)","Telford and Wrekin","Outside London","SCS level","15","15","80400","74700"
"In post","2022","HM Revenue and Customs (excl. agencies)","Telford and Wrekin","Outside London","SEO","225","220","40610","40520"
"In post","2022","HM Revenue and Customs (excl. agencies)","Tower Hamlets","London","AA","[c]","[c]","[c]","[c]"
"In post","2022","HM Revenue and Customs (excl. agencies)","Tower Hamlets","London","AO","10","10","26210","26400"
"In post","2022","HM Revenue and Customs (excl. agencies)","Tower Hamlets","London","EO","30","25","31650","31020"
"In post","2022","HM Revenue and Customs (excl. agencies)","Tower Hamlets","London","G6","25","25","76600","75190"
"In post","2022","HM Revenue and Customs (excl. agencies)","Tower Hamlets","London","G7","65","65","61670","62120"
"In post","2022","HM Revenue and Customs (excl. agencies)","Tower Hamlets","London","HEO","40","40","38520","37930"
"In post","2022","HM Revenue and Customs (excl. agencies)","Tower Hamlets","London","SCS level","10","10","93260","79420"
"In post","2022","HM Revenue and Customs (excl. agencies)","Tower Hamlets","London","SEO","40","35","44290","43810"
"In post","2022","HM Revenue and Customs (excl. agencies)","Tyneside","Outside London","AA","260","190","21250","21250"
"In post","2022","HM Revenue and Customs (excl. agencies)","Tyneside","Outside London","AO","2520","2140","21580","21250"
"In post","2022","HM Revenue and Customs (excl. agencies)","Tyneside","Outside London","EO","1945","1825","26720","26820"
"In post","2022","HM Revenue and Customs (excl. agencies)","Tyneside","Outside London","G6","185","185","66990","67910"
"In post","2022","HM Revenue and Customs (excl. agencies)","Tyneside","Outside London","G7","675","660","54260","55210"
"In post","2022","HM Revenue and Customs (excl. agencies)","Tyneside","Outside London","HEO","1690","1625","33210","33370"
"In post","2022","HM Revenue and Customs (excl. agencies)","Tyneside","Outside London","SCS level","35","35","81190","75610"
"In post","2022","HM Revenue and Customs (excl. agencies)","Tyneside","Outside London","SEO","1000","960","40180","40520"
"In post","2022","HM Revenue and Customs (excl. agencies)","Warrington","Outside London","HEO","[c]","[c]","[c]","[c]"
"In post","2022","HM Revenue and Customs (excl. agencies)","West Sussex (South West)","Outside London","AA","[c]","[c]","[c]","[c]"
"In post","2022","HM Revenue and Customs (excl. agencies)","West Sussex (South West)","Outside London","AO","120","100","21830","22080"
"In post","2022","HM Revenue and Customs (excl. agencies)","West Sussex (South West)","Outside London","EO","160","140","27780","28570"
"In post","2022","HM Revenue and Customs (excl. agencies)","West Sussex (South West)","Outside London","G6","20","20","68290","67910"
"In post","2022","HM Revenue and Customs (excl. agencies)","West Sussex (South West)","Outside London","G7","75","75","53880","55210"
"In post","2022","HM Revenue and Customs (excl. agencies)","West Sussex (South West)","Outside London","HEO","130","120","33840","33370"
"In post","2022","HM Revenue and Customs (excl. agencies)","West Sussex (South West)","Outside London","SCS level","5","5","[c]","[c]"
"In post","2022","HM Revenue and Customs (excl. agencies)","West Sussex (South West)","Outside London","SEO","110","105","40760","40520"
"In post","2022","HM Revenue and Customs (excl. agencies)","Westminster","London","AO","15","15","26130","26400"
"In post","2022","HM Revenue and Customs (excl. agencies)","Westminster","London","EO","55","50","31720","31020"
"In post","2022","HM Revenue and Customs (excl. agencies)","Westminster","London","G6","225","215","74360","74850"
"In post","2022","HM Revenue and Customs (excl. agencies)","Westminster","London","G7","400","390","61410","62120"
"In post","2022","HM Revenue and Customs (excl. agencies)","Westminster","London","HEO","170","165","38040","37930"
"In post","2022","HM Revenue and Customs (excl. agencies)","Westminster","London","SCS level","105","100","91940","82560"
"In post","2022","HM Revenue and Customs (excl. agencies)","Westminster","London","SEO","220","210","44070","43810"
"In post","2022","HM Treasury (excl. agencies)","Darlington","Outside London","EO","20","20","25490","24190"
"In post","2022","HM Treasury (excl. agencies)","Darlington","Outside London","G6","10","5","[c]","[c]"
"In post","2022","HM Treasury (excl. agencies)","Darlington","Outside London","G7","35","35","52340","49530"
"In post","2022","HM Treasury (excl. agencies)","Darlington","Outside London","HEO","40","40","30810","29320"
"In post","2022","HM Treasury (excl. agencies)","Darlington","Outside London","SCS level","5","5","[c]","[c]"
"In post","2022","HM Treasury (excl. agencies)","Norwich and East Norfolk","Outside London","AO","15","15","21100","20750"
"In post","2022","HM Treasury (excl. agencies)","Norwich and East Norfolk","Outside London","EO","25","25","24540","24000"
"In post","2022","HM Treasury (excl. agencies)","Norwich and East Norfolk","Outside London","G6","[c]","[c]","[c]","[c]"
"In post","2022","HM Treasury (excl. agencies)","Norwich and East Norfolk","Outside London","G7","5","5","[c]","[c]"
"In post","2022","HM Treasury (excl. agencies)","Norwich and East Norfolk","Outside London","HEO","15","15","31830","29320"
"In post","2022","HM Treasury (excl. agencies)","Unknown","Unknown","G7","[c]","[c]","[c]","[c]"
"In post","2022","HM Treasury (excl. agencies)","Westminster","London","AO","35","35","22980","22750"
"In post","2022","HM Treasury (excl. agencies)","Westminster","London","EO","175","170","27190","26750"
"In post","2022","HM Treasury (excl. agencies)","Westminster","London","G6","270","260","66060","63920"
"In post","2022","HM Treasury (excl. agencies)","Westminster","London","G7","595","580","54930","52840"
"In post","2022","HM Treasury (excl. agencies)","Westminster","London","HEO","710","705","34590","32320"
"In post","2022","HM Treasury (excl. agencies)","Westminster","London","SCS level","150","145","85950","78000"
"In post","2022","Home Office","Aberdeen City and Aberdeenshire","Outside London","AO","[c]","[c]","[c]","[c]"
"In post","2022","Home Office","Aberdeen City and Aberdeenshire","Outside London","EO","30","25","25930","25220"
"In post","2022","Home Office","Aberdeen City and Aberdeenshire","Outside London","HEO","[c]","[c]","[c]","[c]"
"In post","2022","Home Office","Aberdeen City and Aberdeenshire","Outside London","SEO","[c]","[c]","[c]","[c]"
"In post","2022","Home Office","Antrim and Newtownabbey","Outside London","EO","[c]","[c]","[c]","[c]"
"In post","2022","Home Office","Antrim and Newtownabbey","Outside London","HEO","[c]","[c]","[c]","[c]"
"In post","2022","Home Office","Antrim and Newtownabbey","Outside London","SEO","[c]","[c]","[c]","[c]"
"In post","2022","Home Office","Ards and North Down","Outside London","EO","10","10","[c]","[c]"
"In post","2022","Home Office","Ards and North Down","Outside London","G7","[c]","[c]","[c]","[c]"
"In post","2022","Home Office","Ards and North Down","Outside London","HEO","[c]","[c]","[c]","[c]"
"In post","2022","Home Office","Barking & Dagenham and Havering","London","SEO","[c]","[c]","[c]","[c]"
"In post","2022","Home Office","Barnet","London","AO","5","5","[c]","[c]"
"In post","2022","Home Office","Barnet","London","EO","30","30","28830","28900"
"In post","2022","Home Office","Barnet","London","G6","10","10","[c]","[c]"
"In post","2022","Home Office","Barnet","London","G7","30","30","63510","65930"
"In post","2022","Home Office","Barnet","London","HEO","35","35","37010","38050"
"In post","2022","Home Office","Barnet","London","SEO","50","50","45590","44970"
"In post","2022","Home Office","Barnsley, Doncaster and Rotherham","Outside London","AO","5","5","[c]","[c]"
"In post","2022","Home Office","Barnsley, Doncaster and Rotherham","Outside London","EO","30","25","27680","26160"
"In post","2022","Home Office","Barnsley, Doncaster and Rotherham","Outside London","G6","[c]","[c]","[c]","[c]"
"In post","2022","Home Office","Barnsley, Doncaster and Rotherham","Outside London","G7","[c]","[c]","[c]","[c]"
"In post","2022","Home Office","Barnsley, Doncaster and Rotherham","Outside London","HEO","[c]","[c]","[c]","[c]"
"In post","2022","Home Office","Barnsley, Doncaster and Rotherham","Outside London","SEO","[c]","[c]","[c]","[c]"
"In post","2022","Home Office","Bath and North East Somerset, North Somerset and South Gloucestershire","Outside London","AO","35","30","21650","21680"
"In post","2022","Home Office","Bath and North East Somerset, North Somerset and South Gloucestershire","Outside London","EO","145","130","26700","25310"
"In post","2022","Home Office","Bath and North East Somerset, North Somerset and South Gloucestershire","Outside London","G6","[c]","[c]","[c]","[c]"
"In post","2022","Home Office","Bath and North East Somerset, North Somerset and South Gloucestershire","Outside London","G7","10","10","[c]","[c]"
"In post","2022","Home Office","Bath and North East Somerset, North Somerset and South Gloucestershire","Outside London","HEO","25","25","31330","30820"
"In post","2022","Home Office","Bath and North East Somerset, North Somerset and South Gloucestershire","Outside London","SCS level","[c]","[c]","[c]","[c]"
"In post","2022","Home Office","Bath and North East Somerset, North Somerset and South Gloucestershire","Outside London","SEO","10","10","38510","37450"
"In post","2022","Home Office","Bedford","Outside London","AO","10","10","[c]","[c]"
"In post","2022","Home Office","Bedford","Outside London","EO","70","65","25610","25260"
"In post","2022","Home Office","Bedford","Outside London","G6","[c]","[c]","[c]","[c]"
"In post","2022","Home Office","Bedford","Outside London","G7","[c]","[c]","[c]","[c]"
"In post","2022","Home Office","Bedford","Outside London","HEO","20","20","31870","31240"
"In post","2022","Home Office","Bedford","Outside London","SCS level","[c]","[c]","[c]","[c]"
"In post","2022","Home Office","Bedford","Outside London","SEO","10","10","38390","37770"
"In post","2022","Home Office","Belfast","Outside London","AA","10","10","18240","18240"
"In post","2022","Home Office","Belfast","Outside London","AO","165","140","21690","21680"
"In post","2022","Home Office","Belfast","Outside London","EO","185","180","25470","24890"
"In post","2022","Home Office","Belfast","Outside London","G7","10","10","[c]","[c]"
"In post","2022","Home Office","Belfast","Outside London","HEO","40","35","31220","30820"
"In post","2022","Home Office","Belfast","Outside London","SCS level","[c]","[c]","[c]","[c]"
"In post","2022","Home Office","Belfast","Outside London","SEO","15","15","38430","37460"
"In post","2022","Home Office","Berkshire","Outside London","AO","20","20","25440","25630"
"In post","2022","Home Office","Berkshire","Outside London","EO","10","10","28830","28740"
"In post","2022","Home Office","Berkshire","Outside London","G7","[c]","[c]","[c]","[c]"
"In post","2022","Home Office","Berkshire","Outside London","HEO","5","5","[c]","[c]"
"In post","2022","Home Office","Berkshire","Outside London","SEO","[c]","[c]","[c]","[c]"
"In post","2022","Home Office","Bexley and Greenwich","London","AO","[c]","[c]","[c]","[c]"
"In post","2022","Home Office","Birmingham","Outside London","AO","10","10","21640","21680"
"In post","2022","Home Office","Birmingham","Outside London","EO","85","80","25320","24890"
"In post","2022","Home Office","Birmingham","Outside London","G6","[c]","[c]","[c]","[c]"
"In post","2022","Home Office","Birmingham","Outside London","G7","10","10","54430","52300"
"In post","2022","Home Office","Birmingham","Outside London","HEO","35","30","31000","30820"
"In post","2022","Home Office","Birmingham","Outside London","SEO","10","10","38580","37460"
"In post","2022","Home Office","Bournemouth, Christchurch and Poole","Outside London","AO","5","5","[c]","[c]"
"In post","2022","Home Office","Bournemouth, Christchurch and Poole","Outside London","EO","55","50","26120","25310"
"In post","2022","Home Office","Bournemouth, Christchurch and Poole","Outside London","G7","[c]","[c]","[c]","[c]"
"In post","2022","Home Office","Bournemouth, Christchurch and Poole","Outside London","HEO","10","10","31910","30980"
"In post","2022","Home Office","Bournemouth, Christchurch and Poole","Outside London","SEO","[c]","[c]","[c]","[c]"
"In post","2022","Home Office","Bradford","Outside London","EO","10","10","[c]","[c]"
"In post","2022","Home Office","Bradford","Outside London","HEO","[c]","[c]","[c]","[c]"
"In post","2022","Home Office","Breckland and South Norfolk","Outside London","AO","[c]","[c]","[c]","[c]"
"In post","2022","Home Office","Breckland and South Norfolk","Outside London","EO","[c]","[c]","[c]","[c]"
"In post","2022","Home Office","Breckland and South Norfolk","Outside London","G7","[c]","[c]","[c]","[c]"
"In post","2022","Home Office","Brent","London","EO","[c]","[c]","[c]","[c]"
"In post","2022","Home Office","Brent","London","HEO","[c]","[c]","[c]","[c]"
"In post","2022","Home Office","Bridgend and Neath Port Talbot","Outside London","EO","[c]","[c]","[c]","[c]"
"In post","2022","Home Office","Bridgend and Neath Port Talbot","Outside London","SEO","[c]","[c]","[c]","[c]"
"In post","2022","Home Office","Brighton and Hove","Outside London","SEO","[c]","[c]","[c]","[c]"
"In post","2022","Home Office","Bristol, City of","Outside London","EO","[c]","[c]","[c]","[c]"
"In post","2022","Home Office","Bristol, City of","Outside London","SEO","[c]","[c]","[c]","[c]"
"In post","2022","Home Office","Buckinghamshire","Outside London","G7","[c]","[c]","[c]","[c]"
"In post","2022","Home Office","Calderdale and Kirklees","Outside London","EO","5","5","[c]","[c]"
"In post","2022","Home Office","Calderdale and Kirklees","Outside London","HEO","[c]","[c]","[c]","[c]"
"In post","2022","Home Office","Calderdale and Kirklees","Outside London","SEO","[c]","[c]","[c]","[c]"
"In post","2022","Home Office","Cambridgeshire CC","Outside London","HEO","[c]","[c]","[c]","[c]"
"In post","2022","Home Office","Cambridgeshire CC","Outside London","SCS level","[c]","[c]","[c]","[c]"
"In post","2022","Home Office","Cambridgeshire CC","Outside London","SEO","[c]","[c]","[c]","[c]"
"In post","2022","Home Office","Camden and City of London","London","AA","15","15","22460","22460"
"In post","2022","Home Office","Camden and City of London","London","AO","10","10","25630","25630"
"In post","2022","Home Office","Camden and City of London","London","EO","120","110","29430","28990"
"In post","2022","Home Office","Camden and City of London","London","G6","[c]","[c]","[c]","[c]"
"In post","2022","Home Office","Camden and City of London","London","G7","20","20","58490","57460"
"In post","2022","Home Office","Camden and City of London","London","HEO","70","65","35630","35200"
"In post","2022","Home Office","Camden and City of London","London","SCS level","[c]","[c]","[c]","[c]"
"In post","2022","Home Office","Camden and City of London","London","SEO","50","50","43460","42510"
"In post","2022","Home Office","Camden and City of London","London","Unknown","[c]","[c]","[c]","[c]"
"In post","2022","Home Office","Cardiff and Vale of Glamorgan","Outside London","AA","[c]","[c]","[c]","[c]"
"In post","2022","Home Office","Cardiff and Vale of Glamorgan","Outside London","AO","40","35","21670","21680"
"In post","2022","Home Office","Cardiff and Vale of Glamorgan","Outside London","EO","200","185","25790","24890"
"In post","2022","Home Office","Cardiff and Vale of Glamorgan","Outside London","G6","[c]","[c]","[c]","[c]"
"In post","2022","Home Office","Cardiff and Vale of Glamorgan","Outside London","G7","20","20","52950","52070"
"In post","2022","Home Office","Cardiff and Vale of Glamorgan","Outside London","HEO","85","80","31300","30830"
"In post","2022","Home Office","Cardiff and Vale of Glamorgan","Outside London","SCS level","[c]","[c]","[c]","[c]"
"In post","2022","Home Office","Cardiff and Vale of Glamorgan","Outside London","SEO","35","35","38130","37460"
"In post","2022","Home Office","Causeway Coast and Glens","Outside London","HEO","[c]","[c]","[c]","[c]"
"In post","2022","Home Office","Central Bedfordshire","Outside London","SEO","[c]","[c]","[c]","[c]"
"In post","2022","Home Office","Central Hampshire","Outside London","G6","[c]","[c]","[c]","[c]"
"In post","2022","Home Office","Central Hampshire","Outside London","SEO","[c]","[c]","[c]","[c]"
"In post","2022","Home Office","Central Valleys","Outside London","EO","[c]","[c]","[c]","[c]"
"In post","2022","Home Office","Cheshire East","Outside London","SEO","[c]","[c]","[c]","[c]"
"In post","2022","Home Office","Cheshire West and Chester","Outside London","G7","[c]","[c]","[c]","[c]"
"In post","2022","Home Office","Cheshire West and Chester","Outside London","HEO","[c]","[c]","[c]","[c]"
"In post","2022","Home Office","Cheshire West and Chester","Outside London","SEO","[c]","[c]","[c]","[c]"
"In post","2022","Home Office","Chorley and West Lancashire","Outside London","G6","[c]","[c]","[c]","[c]"
"In post","2022","Home Office","Chorley and West Lancashire","Outside London","SEO","[c]","[c]","[c]","[c]"
"In post","2022","Home Office","City of Edinburgh","Outside London","AO","20","20","21680","21680"
"In post","2022","Home Office","City of Edinburgh","Outside London","EO","130","115","26480","25310"
"In post","2022","Home Office","City of Edinburgh","Outside London","G6","[c]","[c]","[c]","[c]"
"In post","2022","Home Office","City of Edinburgh","Outside London","G7","[c]","[c]","[c]","[c]"
"In post","2022","Home Office","City of Edinburgh","Outside London","HEO","25","25","31230","30830"
"In post","2022","Home Office","City of Edinburgh","Outside London","SEO","10","10","[c]","[c]"
"In post","2022","Home Office","City of Edinburgh","Outside London","Unknown","[c]","[c]","[c]","[c]"
"In post","2022","Home Office","Clackmannanshire and Fife","Outside London","EO","[c]","[c]","[c]","[c]"
"In post","2022","Home Office","Conwy and Denbighshire","Outside London","AO","[c]","[c]","[c]","[c]"
"In post","2022","Home Office","Conwy and Denbighshire","Outside London","EO","[c]","[c]","[c]","[c]"
"In post","2022","Home Office","Conwy and Denbighshire","Outside London","G7","[c]","[c]","[c]","[c]"
"In post","2022","Home Office","Cornwall and Isles of Scilly","Outside London","EO","[c]","[c]","[c]","[c]"
"In post","2022","Home Office","Cornwall and Isles of Scilly","Outside London","G7","[c]","[c]","[c]","[c]"
"In post","2022","Home Office","Cornwall and Isles of Scilly","Outside London","SEO","[c]","[c]","[c]","[c]"
"In post","2022","Home Office","Coventry","Outside London","EO","[c]","[c]","[c]","[c]"
"In post","2022","Home Office","Coventry","Outside London","HEO","[c]","[c]","[c]","[c]"
"In post","2022","Home Office","Croydon","London","AA","155","135","22460","22460"
"In post","2022","Home Office","Croydon","London","AO","730","650","25670","25630"
"In post","2022","Home Office","Croydon","London","EO","1505","1415","29190","29010"
"In post","2022","Home Office","Croydon","London","G6","295","290","71670","69390"
"In post","2022","Home Office","Croydon","London","G7","775","760","59200","57680"
"In post","2022","Home Office","Croydon","London","HEO","1095","1065","35520","35070"
"In post","2022","Home Office","Croydon","London","SCS level","35","35","86800","81060"
"In post","2022","Home Office","Croydon","London","SEO","990","965","43160","42170"
"In post","2022","Home Office","Croydon","London","Unknown","15","15","[c]","[c]"
"In post","2022","Home Office","Darlington","Outside London","AO","[c]","[c]","[c]","[c]"
"In post","2022","Home Office","Darlington","Outside London","EO","10","10","[c]","[c]"
"In post","2022","Home Office","Darlington","Outside London","G7","[c]","[c]","[c]","[c]"
"In post","2022","Home Office","Darlington","Outside London","HEO","[c]","[c]","[c]","[c]"
"In post","2022","Home Office","Darlington","Outside London","SEO","[c]","[c]","[c]","[c]"
"In post","2022","Home Office","Derby","Outside London","EO","[c]","[c]","[c]","[c]"
"In post","2022","Home Office","Devon CC","Outside London","EO","[c]","[c]","[c]","[c]"
"In post","2022","Home Office","Devon CC","Outside London","G6","[c]","[c]","[c]","[c]"
"In post","2022","Home Office","Devon CC","Outside London","G7","5","5","[c]","[c]"
"In post","2022","Home Office","Devon CC","Outside London","SCS level","[c]","[c]","[c]","[c]"
"In post","2022","Home Office","Devon CC","Outside London","SEO","[c]","[c]","[c]","[c]"
"In post","2022","Home Office","Dorset","Outside London","AO","[c]","[c]","[c]","[c]"
"In post","2022","Home Office","Dorset","Outside London","EO","5","5","[c]","[c]"
"In post","2022","Home Office","Dorset","Outside London","G7","[c]","[c]","[c]","[c]"
"In post","2022","Home Office","Dorset","Outside London","HEO","[c]","[c]","[c]","[c]"
"In post","2022","Home Office","Dorset","Outside London","SEO","[c]","[c]","[c]","[c]"
"In post","2022","Home Office","Dudley","Outside London","EO","[c]","[c]","[c]","[c]"
"In post","2022","Home Office","Dudley","Outside London","G7","[c]","[c]","[c]","[c]"
"In post","2022","Home Office","Dudley","Outside London","HEO","[c]","[c]","[c]","[c]"
"In post","2022","Home Office","Dudley","Outside London","SEO","[c]","[c]","[c]","[c]"
"In post","2022","Home Office","Dumfries and Galloway","Outside London","EO","[c]","[c]","[c]","[c]"
"In post","2022","Home Office","Durham","Outside London","AA","55","45","18240","18240"
"In post","2022","Home Office","Durham","Outside London","AO","465","375","21680","21680"
"In post","2022","Home Office","Durham","Outside London","EO","185","165","25190","25220"
"In post","2022","Home Office","Durham","Outside London","G6","5","5","[c]","[c]"
"In post","2022","Home Office","Durham","Outside London","G7","20","20","52820","52280"
"In post","2022","Home Office","Durham","Outside London","HEO","75","75","31080","30830"
"In post","2022","Home Office","Durham","Outside London","SEO","50","50","38190","37660"
"In post","2022","Home Office","Ealing","London","EO","[c]","[c]","[c]","[c]"
"In post","2022","Home Office","East Ayrshire and North Ayrshire mainland","Outside London","EO","[c]","[c]","[c]","[c]"
"In post","2022","Home Office","East Cumbria","Outside London","G7","[c]","[c]","[c]","[c]"
"In post","2022","Home Office","East Cumbria","Outside London","SEO","[c]","[c]","[c]","[c]"
"In post","2022","Home Office","East Derbyshire","Outside London","AO","[c]","[c]","[c]","[c]"
"In post","2022","Home Office","East Derbyshire","Outside London","G7","[c]","[c]","[c]","[c]"
"In post","2022","Home Office","East Dunbartonshire, West Dunbartonshire, and Helensburgh and Lomond","Outside London","EO","[c]","[c]","[c]","[c]"
"In post","2022","Home Office","East Kent","Outside London","AA","15","15","18240","18240"
"In post","2022","Home Office","East Kent","Outside London","AO","350","335","21690","21680"
"In post","2022","Home Office","East Kent","Outside London","EO","1645","1490","26370","25310"
"In post","2022","Home Office","East Kent","Outside London","G6","5","5","[c]","[c]"
"In post","2022","Home Office","East Kent","Outside London","G7","35","35","52460","52070"
"In post","2022","Home Office","East Kent","Outside London","HEO","320","305","31660","30980"
"In post","2022","Home Office","East Kent","Outside London","SCS level","[c]","[c]","[c]","[c]"
"In post","2022","Home Office","East Kent","Outside London","SEO","120","115","37970","37460"
"In post","2022","Home Office","East Kent","Outside London","Unknown","[c]","[c]","[c]","[c]"
"In post","2022","Home Office","East Lancashire","Outside London","EO","[c]","[c]","[c]","[c]"
"In post","2022","Home Office","East Lancashire","Outside London","HEO","[c]","[c]","[c]","[c]"
"In post","2022","Home Office","East Lancashire","Outside London","SEO","[c]","[c]","[c]","[c]"
"In post","2022","Home Office","East Merseyside","Outside London","EO","[c]","[c]","[c]","[c]"
"In post","2022","Home Office","East Merseyside","Outside London","G7","[c]","[c]","[c]","[c]"
"In post","2022","Home Office","East Merseyside","Outside London","HEO","[c]","[c]","[c]","[c]"
"In post","2022","Home Office","East Riding of Yorkshire","Outside London","G7","[c]","[c]","[c]","[c]"
"In post","2022","Home Office","East Surrey","Outside London","G7","[c]","[c]","[c]","[c]"
"In post","2022","Home Office","East Surrey","Outside London","HEO","[c]","[c]","[c]","[c]"
"In post","2022","Home Office","East Surrey","Outside London","SEO","[c]","[c]","[c]","[c]"
"In post","2022","Home Office","East Sussex CC","Outside London","AO","[c]","[c]","[c]","[c]"
"In post","2022","Home Office","East Sussex CC","Outside London","EO","45","40","26790","26540"
"In post","2022","Home Office","East Sussex CC","Outside London","HEO","5","5","[c]","[c]"
"In post","2022","Home Office","East Sussex CC","Outside London","SEO","[c]","[c]","[c]","[c]"
"In post","2022","Home Office","Enfield","London","SEO","[c]","[c]","[c]","[c]"
"In post","2022","Home Office","Essex Haven Gateway","Outside London","AO","35","35","21680","21680"
"In post","2022","Home Office","Essex Haven Gateway","Outside London","EO","85","75","26370","25310"
"In post","2022","Home Office","Essex Haven Gateway","Outside London","G7","[c]","[c]","[c]","[c]"
"In post","2022","Home Office","Essex Haven Gateway","Outside London","HEO","15","15","31130","30840"
"In post","2022","Home Office","Essex Haven Gateway","Outside London","SEO","5","5","[c]","[c]"
"In post","2022","Home Office","Essex Thames Gateway","Outside London","AO","[c]","[c]","[c]","[c]"
"In post","2022","Home Office","Essex Thames Gateway","Outside London","EO","[c]","[c]","[c]","[c]"
"In post","2022","Home Office","Essex Thames Gateway","Outside London","HEO","[c]","[c]","[c]","[c]"
"In post","2022","Home Office","Falkirk","Outside London","EO","[c]","[c]","[c]","[c]"
"In post","2022","Home Office","Flintshire and Wrexham","Outside London","SEO","[c]","[c]","[c]","[c]"
"In post","2022","Home Office","Glasgow City","Outside London","AA","15","15","18240","18240"
"In post","2022","Home Office","Glasgow City","Outside London","AO","205","180","21670","21680"
"In post","2022","Home Office","Glasgow City","Outside London","EO","310","295","25200","24890"
"In post","2022","Home Office","Glasgow City","Outside London","G6","5","5","[c]","[c]"
"In post","2022","Home Office","Glasgow City","Outside London","G7","25","25","53820","52070"
"In post","2022","Home Office","Glasgow City","Outside London","HEO","95","90","31150","30830"
"In post","2022","Home Office","Glasgow City","Outside London","SCS level","[c]","[c]","[c]","[c]"
"In post","2022","Home Office","Glasgow City","Outside London","SEO","65","65","37940","37460"
"In post","2022","Home Office","Gloucestershire CC","Outside London","G6","[c]","[c]","[c]","[c]"
"In post","2022","Home Office","Gloucestershire CC","Outside London","G7","[c]","[c]","[c]","[c]"
"In post","2022","Home Office","Gloucestershire CC","Outside London","SEO","[c]","[c]","[c]","[c]"
"In post","2022","Home Office","Greater Manchester North East","Outside London","G7","[c]","[c]","[c]","[c]"
"In post","2022","Home Office","Greater Manchester South East","Outside London","G6","[c]","[c]","[c]","[c]"
"In post","2022","Home Office","Greater Manchester South East","Outside London","G7","[c]","[c]","[c]","[c]"
"In post","2022","Home Office","Greater Manchester South East","Outside London","HEO","[c]","[c]","[c]","[c]"
"In post","2022","Home Office","Greater Manchester South West","Outside London","AA","[c]","[c]","[c]","[c]"
"In post","2022","Home Office","Greater Manchester South West","Outside London","AO","65","60","21670","21680"
"In post","2022","Home Office","Greater Manchester South West","Outside London","EO","360","345","25470","25040"
"In post","2022","Home Office","Greater Manchester South West","Outside London","G6","35","35","67790","66490"
"In post","2022","Home Office","Greater Manchester South West","Outside London","G7","115","115","54380","52070"
"In post","2022","Home Office","Greater Manchester South West","Outside London","HEO","230","225","31370","30830"
"In post","2022","Home Office","Greater Manchester South West","Outside London","SCS level","10","10","[c]","[c]"
"In post","2022","Home Office","Greater Manchester South West","Outside London","SEO","175","175","38900","37460"
"In post","2022","Home Office","Greater Manchester South West","Outside London","Unknown","[c]","[c]","[c]","[c]"
"In post","2022","Home Office","Gwent Valleys","Outside London","AO","[c]","[c]","[c]","[c]"
"In post","2022","Home Office","Gwent Valleys","Outside London","EO","[c]","[c]","[c]","[c]"
"In post","2022","Home Office","Gwent Valleys","Outside London","HEO","[c]","[c]","[c]","[c]"
"In post","2022","Home Office","Gwynedd","Outside London","AA","[c]","[c]","[c]","[c]"
"In post","2022","Home Office","Gwynedd","Outside London","G7","[c]","[c]","[c]","[c]"
"In post","2022","Home Office","Gwynedd","Outside London","SEO","[c]","[c]","[c]","[c]"
"In post","2022","Home Office","Hackney and Newham","London","AA","[c]","[c]","[c]","[c]"
"In post","2022","Home Office","Hackney and Newham","London","AO","25","25","25470","25630"
"In post","2022","Home Office","Hackney and Newham","London","EO","85","75","29800","30410"
"In post","2022","Home Office","Hackney and Newham","London","G6","[c]","[c]","[c]","[c]"
"In post","2022","Home Office","Hackney and Newham","London","G7","[c]","[c]","[c]","[c]"
"In post","2022","Home Office","Hackney and Newham","London","HEO","20","20","35610","35200"
"In post","2022","Home Office","Hackney and Newham","London","SEO","10","10","42600","42340"
"In post","2022","Home Office","Haringey and Islington","London","EO","[c]","[c]","[c]","[c]"
"In post","2022","Home Office","Haringey and Islington","London","G6","[c]","[c]","[c]","[c]"
"In post","2022","Home Office","Haringey and Islington","London","G7","[c]","[c]","[c]","[c]"
"In post","2022","Home Office","Harrow and Hillingdon","London","AA","20","20","22460","22460"
"In post","2022","Home Office","Harrow and Hillingdon","London","AO","285","260","25650","25630"
"In post","2022","Home Office","Harrow and Hillingdon","London","EO","1340","1200","29680","28990"
"In post","2022","Home Office","Harrow and Hillingdon","London","G6","10","10","[c]","[c]"
"In post","2022","Home Office","Harrow and Hillingdon","London","G7","35","35","58410","57680"
"In post","2022","Home Office","Harrow and Hillingdon","London","HEO","325","305","35700","35200"
"In post","2022","Home Office","Harrow and Hillingdon","London","SEO","130","130","42580","42410"
"In post","2022","Home Office","Harrow and Hillingdon","London","Unknown","[c]","[c]","[c]","[c]"
"In post","2022","Home Office","Hartlepool and Stockton-on-Tees","Outside London","G7","[c]","[c]","[c]","[c]"
"In post","2022","Home Office","Hartlepool and Stockton-on-Tees","Outside London","HEO","[c]","[c]","[c]","[c]"
"In post","2022","Home Office","Hartlepool and Stockton-on-Tees","Outside London","SEO","[c]","[c]","[c]","[c]"
"In post","2022","Home Office","Heart of Essex","Outside London","EO","[c]","[c]","[c]","[c]"
"In post","2022","Home Office","Heart of Essex","Outside London","G7","[c]","[c]","[c]","[c]"
"In post","2022","Home Office","Herefordshire, County of","Outside London","EO","[c]","[c]","[c]","[c]"
"In post","2022","Home Office","Herefordshire, County of","Outside London","G6","[c]","[c]","[c]","[c]"
"In post","2022","Home Office","Hertfordshire CC","Outside London","AO","15","15","21680","21680"
"In post","2022","Home Office","Hertfordshire CC","Outside London","EO","[c]","[c]","[c]","[c]"
"In post","2022","Home Office","Hertfordshire CC","Outside London","G6","[c]","[c]","[c]","[c]"
"In post","2022","Home Office","Hertfordshire CC","Outside London","G7","[c]","[c]","[c]","[c]"
"In post","2022","Home Office","Hertfordshire CC","Outside London","HEO","[c]","[c]","[c]","[c]"
"In post","2022","Home Office","Hounslow and Richmond upon Thames","London","AA","55","50","22460","22460"
"In post","2022","Home Office","Hounslow and Richmond upon Thames","London","AO","65","60","25650","25630"
"In post","2022","Home Office","Hounslow and Richmond upon Thames","London","EO","315","295","29160","28760"
"In post","2022","Home Office","Hounslow and Richmond upon Thames","London","G6","[c]","[c]","[c]","[c]"
"In post","2022","Home Office","Hounslow and Richmond upon Thames","London","G7","15","15","58810","57680"
"In post","2022","Home Office","Hounslow and Richmond upon Thames","London","HEO","130","125","35460","35200"
"In post","2022","Home Office","Hounslow and Richmond upon Thames","London","SEO","45","45","42580","42170"
"In post","2022","Home Office","Hounslow and Richmond upon Thames","London","Unknown","[c]","[c]","[c]","[c]"
"In post","2022","Home Office","Inverclyde, East Renfrewshire, and Renfrewshire","Outside London","AO","15","15","21680","21680"
"In post","2022","Home Office","Inverclyde, East Renfrewshire, and Renfrewshire","Outside London","EO","100","90","27180","25390"
"In post","2022","Home Office","Inverclyde, East Renfrewshire, and Renfrewshire","Outside London","G7","[c]","[c]","[c]","[c]"
"In post","2022","Home Office","Inverclyde, East Renfrewshire, and Renfrewshire","Outside London","HEO","35","35","31160","30820"
"In post","2022","Home Office","Inverclyde, East Renfrewshire, and Renfrewshire","Outside London","SCS level","[c]","[c]","[c]","[c]"
"In post","2022","Home Office","Inverclyde, East Renfrewshire, and Renfrewshire","Outside London","SEO","10","10","37870","37460"
"In post","2022","Home Office","Inverness and Nairn, Moray, and Badenoch and Strathspey","Outside London","EO","5","5","[c]","[c]"
"In post","2022","Home Office","Inverness and Nairn, Moray, and Badenoch and Strathspey","Outside London","G7","[c]","[c]","[c]","[c]"
"In post","2022","Home Office","Inverness and Nairn, Moray, and Badenoch and Strathspey","Outside London","HEO","[c]","[c]","[c]","[c]"
"In post","2022","Home Office","Isle of Anglesey","Outside London","AO","5","5","[c]","[c]"
"In post","2022","Home Office","Isle of Anglesey","Outside London","EO","35","35","25490","25040"
"In post","2022","Home Office","Isle of Anglesey","Outside London","HEO","10","10","31820","30990"
"In post","2022","Home Office","Isle of Anglesey","Outside London","SEO","[c]","[c]","[c]","[c]"
"In post","2022","Home Office","Kensington & Chelsea and Hammersmith & Fulham","London","AO","[c]","[c]","[c]","[c]"
"In post","2022","Home Office","Kensington & Chelsea and Hammersmith & Fulham","London","EO","5","5","[c]","[c]"
"In post","2022","Home Office","Kensington & Chelsea and Hammersmith & Fulham","London","HEO","[c]","[c]","[c]","[c]"
"In post","2022","Home Office","Kent Thames Gateway","Outside London","AO","[c]","[c]","[c]","[c]"
"In post","2022","Home Office","Kent Thames Gateway","Outside London","EO","[c]","[c]","[c]","[c]"
"In post","2022","Home Office","Kent Thames Gateway","Outside London","SEO","[c]","[c]","[c]","[c]"
"In post","2022","Home Office","Kingston upon Hull, City of","Outside London","AA","[c]","[c]","[c]","[c]"
"In post","2022","Home Office","Kingston upon Hull, City of","Outside London","AO","25","20","21680","21680"
"In post","2022","Home Office","Kingston upon Hull, City of","Outside London","EO","80","80","25740","25220"
"In post","2022","Home Office","Kingston upon Hull, City of","Outside London","G7","[c]","[c]","[c]","[c]"
"In post","2022","Home Office","Kingston upon Hull, City of","Outside London","HEO","20","20","31270","30820"
"In post","2022","Home Office","Kingston upon Hull, City of","Outside London","SEO","10","10","[c]","[c]"
"In post","2022","Home Office","Lambeth","London","EO","10","10","28150","28670"
"In post","2022","Home Office","Lambeth","London","G6","5","5","[c]","[c]"
"In post","2022","Home Office","Lambeth","London","G7","20","15","58670","57680"
"In post","2022","Home Office","Lambeth","London","HEO","10","10","34970","35200"
"In post","2022","Home Office","Lambeth","London","SCS level","5","5","[c]","[c]"
"In post","2022","Home Office","Lambeth","London","SEO","15","15","41820","41970"
"In post","2022","Home Office","Lancaster and Wyre","Outside London","G6","[c]","[c]","[c]","[c]"
"In post","2022","Home Office","Lancaster and Wyre","Outside London","SEO","[c]","[c]","[c]","[c]"
"In post","2022","Home Office","Leeds","Outside London","AA","10","5","[c]","[c]"
"In post","2022","Home Office","Leeds","Outside London","AO","110","100","21680","21680"
"In post","2022","Home Office","Leeds","Outside London","EO","400","375","25520","24890"
"In post","2022","Home Office","Leeds","Outside London","G6","10","10","[c]","[c]"
"In post","2022","Home Office","Leeds","Outside London","G7","30","30","52630","52070"
"In post","2022","Home Office","Leeds","Outside London","HEO","180","175","31200","30830"
"In post","2022","Home Office","Leeds","Outside London","SEO","80","80","38070","37460"
"In post","2022","Home Office","Leeds","Outside London","Unknown","[c]","[c]","[c]","[c]"
"In post","2022","Home Office","Leicester","Outside London","EO","[c]","[c]","[c]","[c]"
"In post","2022","Home Office","Leicestershire CC and Rutland","Outside London","AO","20","20","21680","21680"
"In post","2022","Home Office","Leicestershire CC and Rutland","Outside London","EO","145","130","26630","25310"
"In post","2022","Home Office","Leicestershire CC and Rutland","Outside London","G7","5","5","[c]","[c]"
"In post","2022","Home Office","Leicestershire CC and Rutland","Outside London","HEO","40","40","31300","30980"
"In post","2022","Home Office","Leicestershire CC and Rutland","Outside London","SEO","15","15","39110","38150"
"In post","2022","Home Office","Lewisham and Southwark","London","AA","[c]","[c]","[c]","[c]"
"In post","2022","Home Office","Lewisham and Southwark","London","AO","15","10","25650","25630"
"In post","2022","Home Office","Lewisham and Southwark","London","EO","120","120","29130","28850"
"In post","2022","Home Office","Lewisham and Southwark","London","G6","5","5","[c]","[c]"
"In post","2022","Home Office","Lewisham and Southwark","London","G7","5","5","[c]","[c]"
"In post","2022","Home Office","Lewisham and Southwark","London","HEO","25","25","35790","35340"
"In post","2022","Home Office","Lewisham and Southwark","London","SCS level","[c]","[c]","[c]","[c]"
"In post","2022","Home Office","Lewisham and Southwark","London","SEO","20","20","42600","42170"
"In post","2022","Home Office","Lewisham and Southwark","London","Unknown","[c]","[c]","[c]","[c]"
"In post","2022","Home Office","Lincolnshire CC","Outside London","AO","[c]","[c]","[c]","[c]"
"In post","2022","Home Office","Lincolnshire CC","Outside London","EO","5","5","[c]","[c]"
"In post","2022","Home Office","Lincolnshire CC","Outside London","HEO","[c]","[c]","[c]","[c]"
"In post","2022","Home Office","Lincolnshire CC","Outside London","SEO","[c]","[c]","[c]","[c]"
"In post","2022","Home Office","Lisburn and Castlereagh","Outside London","AO","10","10","[c]","[c]"
"In post","2022","Home Office","Lisburn and Castlereagh","Outside London","EO","75","75","25340","24890"
"In post","2022","Home Office","Lisburn and Castlereagh","Outside London","G6","[c]","[c]","[c]","[c]"
"In post","2022","Home Office","Lisburn and Castlereagh","Outside London","G7","5","5","[c]","[c]"
"In post","2022","Home Office","Lisburn and Castlereagh","Outside London","HEO","15","15","31450","30820"
"In post","2022","Home Office","Lisburn and Castlereagh","Outside London","SEO","10","10","38200","37560"
"In post","2022","Home Office","Liverpool","Outside London","AA","95","80","18240","18240"
"In post","2022","Home Office","Liverpool","Outside London","AO","1235","1115","21680","21680"
"In post","2022","Home Office","Liverpool","Outside London","EO","1615","1510","25190","24890"
"In post","2022","Home Office","Liverpool","Outside London","G6","35","35","64730","63260"
"In post","2022","Home Office","Liverpool","Outside London","G7","145","140","52870","52070"
"In post","2022","Home Office","Liverpool","Outside London","HEO","570","550","31130","30830"
"In post","2022","Home Office","Liverpool","Outside London","SCS level","10","10","[c]","[c]"
"In post","2022","Home Office","Liverpool","Outside London","SEO","325","320","38160","37460"
"In post","2022","Home Office","Luton","Outside London","AO","10","10","[c]","[c]"
"In post","2022","Home Office","Luton","Outside London","EO","115","100","28710","27350"
"In post","2022","Home Office","Luton","Outside London","G6","[c]","[c]","[c]","[c]"
"In post","2022","Home Office","Luton","Outside London","G7","[c]","[c]","[c]","[c]"
"In post","2022","Home Office","Luton","Outside London","HEO","20","20","31730","30980"
"In post","2022","Home Office","Luton","Outside London","SEO","5","5","[c]","[c]"
"In post","2022","Home Office","Luton","Outside London","Unknown","[c]","[c]","[c]","[c]"
"In post","2022","Home Office","Manchester","Outside London","AA","[c]","[c]","[c]","[c]"
"In post","2022","Home Office","Manchester","Outside London","AO","45","45","21680","21680"
"In post","2022","Home Office","Manchester","Outside London","EO","485","455","26410","25260"
"In post","2022","Home Office","Manchester","Outside London","G6","5","5","[c]","[c]"
"In post","2022","Home Office","Manchester","Outside London","G7","20","20","52800","52070"
"In post","2022","Home Office","Manchester","Outside London","HEO","125","120","31290","30830"
"In post","2022","Home Office","Manchester","Outside London","SEO","50","50","38230","37460"
"In post","2022","Home Office","Manchester","Outside London","Unknown","[c]","[c]","[c]","[c]"
"In post","2022","Home Office","Merton, Kingston upon Thames and Sutton","London","EO","[c]","[c]","[c]","[c]"
"In post","2022","Home Office","Merton, Kingston upon Thames and Sutton","London","G6","[c]","[c]","[c]","[c]"
"In post","2022","Home Office","Merton, Kingston upon Thames and Sutton","London","G7","[c]","[c]","[c]","[c]"
"In post","2022","Home Office","Merton, Kingston upon Thames and Sutton","London","HEO","[c]","[c]","[c]","[c]"
"In post","2022","Home Office","Merton, Kingston upon Thames and Sutton","London","SEO","[c]","[c]","[c]","[c]"
"In post","2022","Home Office","Mid and East Antrim","Outside London","EO","[c]","[c]","[c]","[c]"
"In post","2022","Home Office","Mid Kent","Outside London","AO","[c]","[c]","[c]","[c]"
"In post","2022","Home Office","Mid Kent","Outside London","EO","10","10","26880","26850"
"In post","2022","Home Office","Mid Kent","Outside London","G7","[c]","[c]","[c]","[c]"
"In post","2022","Home Office","Mid Kent","Outside London","HEO","[c]","[c]","[c]","[c]"
"In post","2022","Home Office","Mid Kent","Outside London","SEO","[c]","[c]","[c]","[c]"
"In post","2022","Home Office","Milton Keynes","Outside London","AO","10","10","[c]","[c]"
"In post","2022","Home Office","Milton Keynes","Outside London","EO","5","5","[c]","[c]"
"In post","2022","Home Office","Milton Keynes","Outside London","HEO","[c]","[c]","[c]","[c]"
"In post","2022","Home Office","Milton Keynes","Outside London","SEO","[c]","[c]","[c]","[c]"
"In post","2022","Home Office","Monmouthshire and Newport","Outside London","AA","10","10","[c]","[c]"
"In post","2022","Home Office","Monmouthshire and Newport","Outside London","AO","80","65","21670","21680"
"In post","2022","Home Office","Monmouthshire and Newport","Outside London","EO","45","40","25220","25240"
"In post","2022","Home Office","Monmouthshire and Newport","Outside London","G6","5","5","[c]","[c]"
"In post","2022","Home Office","Monmouthshire and Newport","Outside London","G7","10","10","[c]","[c]"
"In post","2022","Home Office","Monmouthshire and Newport","Outside London","HEO","25","20","31360","30980"
"In post","2022","Home Office","Monmouthshire and Newport","Outside London","SEO","5","5","[c]","[c]"
"In post","2022","Home Office","Newry, Mourne and Down","Outside London","G6","[c]","[c]","[c]","[c]"
"In post","2022","Home Office","Newry, Mourne and Down","Outside London","HEO","[c]","[c]","[c]","[c]"
"In post","2022","Home Office","North and North East Lincolnshire","Outside London","AO","55","55","21680","21680"
"In post","2022","Home Office","North and North East Lincolnshire","Outside London","EO","65","60","25530","25040"
"In post","2022","Home Office","North and North East Lincolnshire","Outside London","G7","[c]","[c]","[c]","[c]"
"In post","2022","Home Office","North and North East Lincolnshire","Outside London","HEO","20","20","31200","30830"
"In post","2022","Home Office","North and North East Lincolnshire","Outside London","SEO","10","10","37830","37450"
"In post","2022","Home Office","North and West Norfolk","Outside London","EO","[c]","[c]","[c]","[c]"
"In post","2022","Home Office","North Hampshire","Outside London","EO","15","15","25410","25130"
"In post","2022","Home Office","North Hampshire","Outside London","G7","[c]","[c]","[c]","[c]"
"In post","2022","Home Office","North Hampshire","Outside London","HEO","5","5","[c]","[c]"
"In post","2022","Home Office","North Hampshire","Outside London","SEO","[c]","[c]","[c]","[c]"
"In post","2022","Home Office","North Lanarkshire","Outside London","EO","[c]","[c]","[c]","[c]"
"In post","2022","Home Office","North Lanarkshire","Outside London","G7","[c]","[c]","[c]","[c]"
"In post","2022","Home Office","North Lanarkshire","Outside London","HEO","[c]","[c]","[c]","[c]"
"In post","2022","Home Office","North Lanarkshire","Outside London","SEO","[c]","[c]","[c]","[c]"
"In post","2022","Home Office","North Northamptonshire","Outside London","AO","10","10","21680","21680"
"In post","2022","Home Office","North Northamptonshire","Outside London","EO","[c]","[c]","[c]","[c]"
"In post","2022","Home Office","North Northamptonshire","Outside London","G7","[c]","[c]","[c]","[c]"
"In post","2022","Home Office","North Northamptonshire","Outside London","SEO","[c]","[c]","[c]","[c]"
"In post","2022","Home Office","North Nottinghamshire","Outside London","G7","[c]","[c]","[c]","[c]"
"In post","2022","Home Office","North Yorkshire CC","Outside London","EO","[c]","[c]","[c]","[c]"
"In post","2022","Home Office","North Yorkshire CC","Outside London","G6","[c]","[c]","[c]","[c]"
"In post","2022","Home Office","North Yorkshire CC","Outside London","G7","[c]","[c]","[c]","[c]"
"In post","2022","Home Office","North Yorkshire CC","Outside London","HEO","[c]","[c]","[c]","[c]"
"In post","2022","Home Office","North Yorkshire CC","Outside London","SEO","[c]","[c]","[c]","[c]"
"In post","2022","Home Office","Northumberland","Outside London","EO","[c]","[c]","[c]","[c]"
"In post","2022","Home Office","Northumberland","Outside London","G7","[c]","[c]","[c]","[c]"
"In post","2022","Home Office","Norwich and East Norfolk","Outside London","AO","[c]","[c]","[c]","[c]"
"In post","2022","Home Office","Norwich and East Norfolk","Outside London","EO","10","10","26980","27370"
"In post","2022","Home Office","Norwich and East Norfolk","Outside London","G7","[c]","[c]","[c]","[c]"
"In post","2022","Home Office","Norwich and East Norfolk","Outside London","HEO","[c]","[c]","[c]","[c]"
"In post","2022","Home Office","Norwich and East Norfolk","Outside London","SEO","[c]","[c]","[c]","[c]"
"In post","2022","Home Office","Nottingham","Outside London","EO","[c]","[c]","[c]","[c]"
"In post","2022","Home Office","Overseas","Overseas","AA","[c]","[c]","[c]","[c]"
"In post","2022","Home Office","Overseas","Overseas","AO","10","10","[c]","[c]"
"In post","2022","Home Office","Overseas","Overseas","EO","105","100","27130","27370"
"In post","2022","Home Office","Overseas","Overseas","G6","[c]","[c]","[c]","[c]"
"In post","2022","Home Office","Overseas","Overseas","G7","[c]","[c]","[c]","[c]"
"In post","2022","Home Office","Overseas","Overseas","HEO","10","10","33840","33900"
"In post","2022","Home Office","Overseas","Overseas","SCS level","[c]","[c]","[c]","[c]"
"In post","2022","Home Office","Overseas","Overseas","SEO","[c]","[c]","[c]","[c]"
"In post","2022","Home Office","Overseas","Overseas","Unknown","165","165","[c]","[c]"
"In post","2022","Home Office","Oxfordshire CC","Outside London","EO","5","5","[c]","[c]"
"In post","2022","Home Office","Oxfordshire CC","Outside London","G6","[c]","[c]","[c]","[c]"
"In post","2022","Home Office","Oxfordshire CC","Outside London","G7","[c]","[c]","[c]","[c]"
"In post","2022","Home Office","Oxfordshire CC","Outside London","HEO","[c]","[c]","[c]","[c]"
"In post","2022","Home Office","Oxfordshire CC","Outside London","SEO","[c]","[c]","[c]","[c]"
"In post","2022","Home Office","Peterborough","Outside London","AA","50","40","18240","18240"
"In post","2022","Home Office","Peterborough","Outside London","AO","275","225","21670","21680"
"In post","2022","Home Office","Peterborough","Outside London","EO","110","100","25270","25310"
"In post","2022","Home Office","Peterborough","Outside London","G6","[c]","[c]","[c]","[c]"
"In post","2022","Home Office","Peterborough","Outside London","G7","10","10","53840","52280"
"In post","2022","Home Office","Peterborough","Outside London","HEO","40","40","31060","30830"
"In post","2022","Home Office","Peterborough","Outside London","SCS level","[c]","[c]","[c]","[c]"
"In post","2022","Home Office","Peterborough","Outside London","SEO","20","20","38230","37560"
"In post","2022","Home Office","Plymouth","Outside London","AO","5","5","[c]","[c]"
"In post","2022","Home Office","Plymouth","Outside London","EO","60","55","26600","25310"
"In post","2022","Home Office","Plymouth","Outside London","G6","[c]","[c]","[c]","[c]"
"In post","2022","Home Office","Plymouth","Outside London","G7","[c]","[c]","[c]","[c]"
"In post","2022","Home Office","Plymouth","Outside London","HEO","20","20","31510","30980"
"In post","2022","Home Office","Plymouth","Outside London","SEO","10","10","[c]","[c]"
"In post","2022","Home Office","Portsmouth","Outside London","AA","[c]","[c]","[c]","[c]"
"In post","2022","Home Office","Portsmouth","Outside London","AO","25","20","21680","21680"
"In post","2022","Home Office","Portsmouth","Outside London","EO","335","325","27400","25260"
"In post","2022","Home Office","Portsmouth","Outside London","G6","[c]","[c]","[c]","[c]"
"In post","2022","Home Office","Portsmouth","Outside London","G7","5","5","[c]","[c]"
"In post","2022","Home Office","Portsmouth","Outside London","HEO","70","70","34620","31100"
"In post","2022","Home Office","Portsmouth","Outside London","SCS level","[c]","[c]","[c]","[c]"
"In post","2022","Home Office","Portsmouth","Outside London","SEO","20","20","45660","41140"
"In post","2022","Home Office","Powys","Outside London","G6","[c]","[c]","[c]","[c]"
"In post","2022","Home Office","Powys","Outside London","G7","[c]","[c]","[c]","[c]"
"In post","2022","Home Office","Redbridge and Waltham Forest","London","HEO","[c]","[c]","[c]","[c]"
"In post","2022","Home Office","Sandwell","Outside London","EO","5","5","[c]","[c]"
"In post","2022","Home Office","Sefton","Outside London","AA","165","140","18240","18240"
"In post","2022","Home Office","Sefton","Outside London","AO","505","450","21680","21680"
"In post","2022","Home Office","Sefton","Outside London","EO","480","450","25160","24890"
"In post","2022","Home Office","Sefton","Outside London","G6","5","5","[c]","[c]"
"In post","2022","Home Office","Sefton","Outside London","G7","45","45","54110","52070"
"In post","2022","Home Office","Sefton","Outside London","HEO","170","165","31180","30830"
"In post","2022","Home Office","Sefton","Outside London","SEO","85","85","38830","37460"
"In post","2022","Home Office","Sefton","Outside London","Unknown","[c]","[c]","[c]","[c]"
"In post","2022","Home Office","Sheffield","Outside London","AA","50","40","18240","18240"
"In post","2022","Home Office","Sheffield","Outside London","AO","850","755","21670","21680"
"In post","2022","Home Office","Sheffield","Outside London","EO","890","825","25280","24890"
"In post","2022","Home Office","Sheffield","Outside London","G6","65","65","65160","63490"
"In post","2022","Home Office","Sheffield","Outside London","G7","165","160","53460","52280"
"In post","2022","Home Office","Sheffield","Outside London","HEO","370","355","31170","30830"
"In post","2022","Home Office","Sheffield","Outside London","SCS level","5","5","[c]","[c]"
"In post","2022","Home Office","Sheffield","Outside London","SEO","245","235","38340","37460"
"In post","2022","Home Office","Sheffield","Outside London","Unknown","10","10","[c]","[c]"
"In post","2022","Home Office","Shropshire","Outside London","EO","[c]","[c]","[c]","[c]"
"In post","2022","Home Office","Shropshire","Outside London","G7","[c]","[c]","[c]","[c]"
"In post","2022","Home Office","Shropshire","Outside London","SEO","[c]","[c]","[c]","[c]"
"In post","2022","Home Office","Solihull","Outside London","AA","15","10","18240","18240"
"In post","2022","Home Office","Solihull","Outside London","AO","160","145","21680","21680"
"In post","2022","Home Office","Solihull","Outside London","EO","390","360","26000","25220"
"In post","2022","Home Office","Solihull","Outside London","G6","10","10","[c]","[c]"
"In post","2022","Home Office","Solihull","Outside London","G7","25","25","52130","52050"
"In post","2022","Home Office","Solihull","Outside London","HEO","155","150","31600","30980"
"In post","2022","Home Office","Solihull","Outside London","SCS level","[c]","[c]","[c]","[c]"
"In post","2022","Home Office","Solihull","Outside London","SEO","80","75","38450","37460"
"In post","2022","Home Office","Solihull","Outside London","Unknown","[c]","[c]","[c]","[c]"
"In post","2022","Home Office","Somerset CC","Outside London","AO","[c]","[c]","[c]","[c]"
"In post","2022","Home Office","Somerset CC","Outside London","G7","[c]","[c]","[c]","[c]"
"In post","2022","Home Office","South and West Derbyshire","Outside London","G6","[c]","[c]","[c]","[c]"
"In post","2022","Home Office","South and West Derbyshire","Outside London","G7","[c]","[c]","[c]","[c]"
"In post","2022","Home Office","South Ayrshire","Outside London","EO","10","5","[c]","[c]"
"In post","2022","Home Office","South Ayrshire","Outside London","HEO","[c]","[c]","[c]","[c]"
"In post","2022","Home Office","South Hampshire","Outside London","EO","[c]","[c]","[c]","[c]"
"In post","2022","Home Office","South Hampshire","Outside London","G7","[c]","[c]","[c]","[c]"
"In post","2022","Home Office","South Hampshire","Outside London","HEO","[c]","[c]","[c]","[c]"
"In post","2022","Home Office","South Hampshire","Outside London","SEO","[c]","[c]","[c]","[c]"
"In post","2022","Home Office","South Lanarkshire","Outside London","AO","[c]","[c]","[c]","[c]"
"In post","2022","Home Office","South Lanarkshire","Outside London","EO","10","10","24890","24880"
"In post","2022","Home Office","South Lanarkshire","Outside London","HEO","[c]","[c]","[c]","[c]"
"In post","2022","Home Office","South Lanarkshire","Outside London","SEO","[c]","[c]","[c]","[c]"
"In post","2022","Home Office","South Nottinghamshire","Outside London","G7","[c]","[c]","[c]","[c]"
"In post","2022","Home Office","South Nottinghamshire","Outside London","SEO","[c]","[c]","[c]","[c]"
"In post","2022","Home Office","South Teesside","Outside London","AO","20","20","21680","21680"
"In post","2022","Home Office","South Teesside","Outside London","EO","60","60","25690","25220"
"In post","2022","Home Office","South Teesside","Outside London","G7","[c]","[c]","[c]","[c]"
"In post","2022","Home Office","South Teesside","Outside London","HEO","15","15","31030","30820"
"In post","2022","Home Office","South Teesside","Outside London","SEO","[c]","[c]","[c]","[c]"
"In post","2022","Home Office","South West Wales","Outside London","AO","5","5","[c]","[c]"
"In post","2022","Home Office","South West Wales","Outside London","EO","35","30","27610","25260"
"In post","2022","Home Office","South West Wales","Outside London","HEO","5","5","[c]","[c]"
"In post","2022","Home Office","South West Wales","Outside London","SEO","[c]","[c]","[c]","[c]"
"In post","2022","Home Office","Southampton","Outside London","AO","5","5","[c]","[c]"
"In post","2022","Home Office","Southampton","Outside London","EO","65","60","25820","25310"
"In post","2022","Home Office","Southampton","Outside London","G6","[c]","[c]","[c]","[c]"
"In post","2022","Home Office","Southampton","Outside London","G7","[c]","[c]","[c]","[c]"
"In post","2022","Home Office","Southampton","Outside London","HEO","10","10","31470","30980"
"In post","2022","Home Office","Southampton","Outside London","SEO","5","5","[c]","[c]"
"In post","2022","Home Office","Staffordshire CC","Outside London","EO","[c]","[c]","[c]","[c]"
"In post","2022","Home Office","Staffordshire CC","Outside London","G7","[c]","[c]","[c]","[c]"
"In post","2022","Home Office","Staffordshire CC","Outside London","HEO","[c]","[c]","[c]","[c]"
"In post","2022","Home Office","Staffordshire CC","Outside London","SEO","[c]","[c]","[c]","[c]"
"In post","2022","Home Office","Stoke-on-Trent","Outside London","EO","10","10","[c]","[c]"
"In post","2022","Home Office","Stoke-on-Trent","Outside London","G6","[c]","[c]","[c]","[c]"
"In post","2022","Home Office","Stoke-on-Trent","Outside London","G7","[c]","[c]","[c]","[c]"
"In post","2022","Home Office","Stoke-on-Trent","Outside London","HEO","5","5","[c]","[c]"
"In post","2022","Home Office","Stoke-on-Trent","Outside London","SCS level","[c]","[c]","[c]","[c]"
"In post","2022","Home Office","Stoke-on-Trent","Outside London","SEO","5","5","[c]","[c]"
"In post","2022","Home Office","Suffolk CC","Outside London","AO","65","65","21680","21680"
"In post","2022","Home Office","Suffolk CC","Outside London","EO","145","140","25990","25490"
"In post","2022","Home Office","Suffolk CC","Outside London","G6","[c]","[c]","[c]","[c]"
"In post","2022","Home Office","Suffolk CC","Outside London","G7","5","5","[c]","[c]"
"In post","2022","Home Office","Suffolk CC","Outside London","HEO","35","35","31310","30830"
"In post","2022","Home Office","Suffolk CC","Outside London","SEO","10","10","[c]","[c]"
"In post","2022","Home Office","Sunderland","Outside London","EO","[c]","[c]","[c]","[c]"
"In post","2022","Home Office","Sunderland","Outside London","G6","[c]","[c]","[c]","[c]"
"In post","2022","Home Office","Swansea","Outside London","EO","10","10","25570","25310"
"In post","2022","Home Office","Swansea","Outside London","G6","[c]","[c]","[c]","[c]"
"In post","2022","Home Office","Swansea","Outside London","G7","[c]","[c]","[c]","[c]"
"In post","2022","Home Office","Swansea","Outside London","HEO","[c]","[c]","[c]","[c]"
"In post","2022","Home Office","Swansea","Outside London","SEO","[c]","[c]","[c]","[c]"
"In post","2022","Home Office","Swansea","Outside London","Unknown","[c]","[c]","[c]","[c]"
"In post","2022","Home Office","Swindon","Outside London","G6","[c]","[c]","[c]","[c]"
"In post","2022","Home Office","Thurrock","Outside London","AO","80","75","21680","21680"
"In post","2022","Home Office","Thurrock","Outside London","EO","145","140","25960","25310"
"In post","2022","Home Office","Thurrock","Outside London","G7","[c]","[c]","[c]","[c]"
"In post","2022","Home Office","Thurrock","Outside London","HEO","25","25","31400","30980"
"In post","2022","Home Office","Thurrock","Outside London","SEO","[c]","[c]","[c]","[c]"
"In post","2022","Home Office","Torbay","Outside London","SEO","[c]","[c]","[c]","[c]"
"In post","2022","Home Office","Tower Hamlets","London","G6","[c]","[c]","[c]","[c]"
"In post","2022","Home Office","Tyneside","Outside London","AA","[c]","[c]","[c]","[c]"
"In post","2022","Home Office","Tyneside","Outside London","AO","30","30","21680","21680"
"In post","2022","Home Office","Tyneside","Outside London","EO","245","235","25670","24890"
"In post","2022","Home Office","Tyneside","Outside London","G6","[c]","[c]","[c]","[c]"
"In post","2022","Home Office","Tyneside","Outside London","G7","10","10","52110","52070"
"In post","2022","Home Office","Tyneside","Outside London","HEO","65","60","31280","30830"
"In post","2022","Home Office","Tyneside","Outside London","SCS level","[c]","[c]","[c]","[c]"
"In post","2022","Home Office","Tyneside","Outside London","SEO","30","25","38210","37460"
"In post","2022","Home Office","Tyneside","Outside London","Unknown","[c]","[c]","[c]","[c]"
"In post","2022","Home Office","Wakefield","Outside London","EO","[c]","[c]","[c]","[c]"
"In post","2022","Home Office","Wakefield","Outside London","SEO","[c]","[c]","[c]","[c]"
"In post","2022","Home Office","Walsall","Outside London","EO","[c]","[c]","[c]","[c]"
"In post","2022","Home Office","Wandsworth","London","AO","[c]","[c]","[c]","[c]"
"In post","2022","Home Office","Wandsworth","London","EO","5","5","[c]","[c]"
"In post","2022","Home Office","Wandsworth","London","HEO","[c]","[c]","[c]","[c]"
"In post","2022","Home Office","Warrington","Outside London","AO","[c]","[c]","[c]","[c]"
"In post","2022","Home Office","Warrington","Outside London","EO","10","10","[c]","[c]"
"In post","2022","Home Office","Warrington","Outside London","G7","[c]","[c]","[c]","[c]"
"In post","2022","Home Office","Warrington","Outside London","HEO","[c]","[c]","[c]","[c]"
"In post","2022","Home Office","Warwickshire CC","Outside London","AO","45","45","21680","21680"
"In post","2022","Home Office","Warwickshire CC","Outside London","EO","30","30","25590","25040"
"In post","2022","Home Office","Warwickshire CC","Outside London","G7","[c]","[c]","[c]","[c]"
"In post","2022","Home Office","Warwickshire CC","Outside London","HEO","10","10","[c]","[c]"
"In post","2022","Home Office","Warwickshire CC","Outside London","SEO","5","5","[c]","[c]"
"In post","2022","Home Office","West Cumbria","Outside London","SEO","[c]","[c]","[c]","[c]"
"In post","2022","Home Office","West Essex","Outside London","AO","15","15","21680","21680"
"In post","2022","Home Office","West Essex","Outside London","EO","280","235","27620","26480"
"In post","2022","Home Office","West Essex","Outside London","G6","[c]","[c]","[c]","[c]"
"In post","2022","Home Office","West Essex","Outside London","G7","10","10","[c]","[c]"
"In post","2022","Home Office","West Essex","Outside London","HEO","80","75","31500","30830"
"In post","2022","Home Office","West Essex","Outside London","SCS level","[c]","[c]","[c]","[c]"
"In post","2022","Home Office","West Essex","Outside London","SEO","25","25","38240","37460"
"In post","2022","Home Office","West Essex","Outside London","Unknown","[c]","[c]","[c]","[c]"
"In post","2022","Home Office","West Kent","Outside London","G7","[c]","[c]","[c]","[c]"
"In post","2022","Home Office","West Kent","Outside London","SEO","[c]","[c]","[c]","[c]"
"In post","2022","Home Office","West Lothian","Outside London","EO","[c]","[c]","[c]","[c]"
"In post","2022","Home Office","West Surrey","Outside London","G7","[c]","[c]","[c]","[c]"
"In post","2022","Home Office","West Surrey","Outside London","SEO","[c]","[c]","[c]","[c]"
"In post","2022","Home Office","West Sussex (North East)","Outside London","AA","5","5","[c]","[c]"
"In post","2022","Home Office","West Sussex (North East)","Outside London","AO","60","55","22600","22610"
"In post","2022","Home Office","West Sussex (North East)","Outside London","EO","565","490","27720","26310"
"In post","2022","Home Office","West Sussex (North East)","Outside London","G6","[c]","[c]","[c]","[c]"
"In post","2022","Home Office","West Sussex (North East)","Outside London","G7","10","10","[c]","[c]"
"In post","2022","Home Office","West Sussex (North East)","Outside London","HEO","105","100","33140","32370"
"In post","2022","Home Office","West Sussex (North East)","Outside London","SEO","40","35","39940","39290"
"In post","2022","Home Office","West Sussex (North East)","Outside London","Unknown","[c]","[c]","[c]","[c]"
"In post","2022","Home Office","West Sussex (South West)","Outside London","G7","[c]","[c]","[c]","[c]"
"In post","2022","Home Office","West Sussex (South West)","Outside London","HEO","[c]","[c]","[c]","[c]"
"In post","2022","Home Office","West Sussex (South West)","Outside London","SEO","[c]","[c]","[c]","[c]"
"In post","2022","Home Office","Westminster","London","AA","45","40","22440","22460"
"In post","2022","Home Office","Westminster","London","AO","175","155","25630","25630"
"In post","2022","Home Office","Westminster","London","EO","475","460","29520","28910"
"In post","2022","Home Office","Westminster","London","G6","445","430","70230","68720"
"In post","2022","Home Office","Westminster","London","G7","1095","1075","58570","57460"
"In post","2022","Home Office","Westminster","London","HEO","770","760","35490","35070"
"In post","2022","Home Office","Westminster","London","SCS level","210","210","90770","83650"
"In post","2022","Home Office","Westminster","London","SEO","1000","980","42790","41970"
"In post","2022","Home Office","Westminster","London","Unknown","10","10","[c]","[c]"
"In post","2022","Home Office","Wiltshire","Outside London","SEO","[c]","[c]","[c]","[c]"
"In post","2022","Home Office","Wirral","Outside London","G7","[c]","[c]","[c]","[c]"
"In post","2022","Home Office","Wirral","Outside London","HEO","[c]","[c]","[c]","[c]"
"In post","2022","Home Office","Wolverhampton","Outside London","EO","[c]","[c]","[c]","[c]"
"In post","2022","Home Office","Wolverhampton","Outside London","G7","[c]","[c]","[c]","[c]"
"In post","2022","Home Office","Worcestershire CC","Outside London","AO","[c]","[c]","[c]","[c]"
"In post","2022","Home Office","Worcestershire CC","Outside London","EO","5","5","[c]","[c]"
"In post","2022","Home Office","Worcestershire CC","Outside London","G7","[c]","[c]","[c]","[c]"
"In post","2022","Home Office","Worcestershire CC","Outside London","HEO","[c]","[c]","[c]","[c]"
"In post","2022","Home Office","Worcestershire CC","Outside London","SEO","[c]","[c]","[c]","[c]"
"In post","2022","Home Office","York","Outside London","EO","[c]","[c]","[c]","[c]"
"In post","2022","Institute for Apprenticeships and Technical Education","Bristol, City of","Outside London","EO","[c]","[c]","[c]","[c]"
"In post","2022","Institute for Apprenticeships and Technical Education","Bristol, City of","Outside London","G7","[c]","[c]","[c]","[c]"
"In post","2022","Institute for Apprenticeships and Technical Education","Bristol, City of","Outside London","SEO","[c]","[c]","[c]","[c]"
"In post","2022","Institute for Apprenticeships and Technical Education","Coventry","Outside London","AO","[c]","[c]","[c]","[c]"
"In post","2022","Institute for Apprenticeships and Technical Education","Coventry","Outside London","EO","[c]","[c]","[c]","[c]"
"In post","2022","Institute for Apprenticeships and Technical Education","Coventry","Outside London","G6","10","10","62190","61440"
"In post","2022","Institute for Apprenticeships and Technical Education","Coventry","Outside London","G7","55","55","50550","49960"
"In post","2022","Institute for Apprenticeships and Technical Education","Coventry","Outside London","HEO","10","10","29870","29520"
"In post","2022","Institute for Apprenticeships and Technical Education","Coventry","Outside London","SCS level","[c]","[c]","[c]","[c]"
"In post","2022","Institute for Apprenticeships and Technical Education","Coventry","Outside London","SEO","35","35","36770","36570"
"In post","2022","Institute for Apprenticeships and Technical Education","Darlington","Outside London","AO","[c]","[c]","[c]","[c]"
"In post","2022","Institute for Apprenticeships and Technical Education","Darlington","Outside London","G6","[c]","[c]","[c]","[c]"
"In post","2022","Institute for Apprenticeships and Technical Education","Darlington","Outside London","G7","10","10","50040","49960"
"In post","2022","Institute for Apprenticeships and Technical Education","Darlington","Outside London","SEO","10","10","[c]","[c]"
"In post","2022","Institute for Apprenticeships and Technical Education","Manchester","Outside London","G7","5","5","[c]","[c]"
"In post","2022","Institute for Apprenticeships and Technical Education","Manchester","Outside London","HEO","[c]","[c]","[c]","[c]"
"In post","2022","Institute for Apprenticeships and Technical Education","Manchester","Outside London","SCS level","[c]","[c]","[c]","[c]"
"In post","2022","Institute for Apprenticeships and Technical Education","Manchester","Outside London","SEO","[c]","[c]","[c]","[c]"
"In post","2022","Institute for Apprenticeships and Technical Education","Sheffield","Outside London","G6","[c]","[c]","[c]","[c]"
"In post","2022","Institute for Apprenticeships and Technical Education","Sheffield","Outside London","G7","[c]","[c]","[c]","[c]"
"In post","2022","Institute for Apprenticeships and Technical Education","Sheffield","Outside London","HEO","[c]","[c]","[c]","[c]"
"In post","2022","Institute for Apprenticeships and Technical Education","Sheffield","Outside London","SEO","5","5","[c]","[c]"
"In post","2022","Institute for Apprenticeships and Technical Education","Westminster","London","AO","[c]","[c]","[c]","[c]"
"In post","2022","Institute for Apprenticeships and Technical Education","Westminster","London","EO","[c]","[c]","[c]","[c]"
"In post","2022","Institute for Apprenticeships and Technical Education","Westminster","London","G6","20","20","66550","65160"
"In post","2022","Institute for Apprenticeships and Technical Education","Westminster","London","G7","45","45","54550","53950"
"In post","2022","Institute for Apprenticeships and Technical Education","Westminster","London","HEO","5","5","[c]","[c]"
"In post","2022","Institute for Apprenticeships and Technical Education","Westminster","London","SCS level","10","10","94980","85180"
"In post","2022","Institute for Apprenticeships and Technical Education","Westminster","London","SEO","20","20","40850","40430"
"In post","2022","Intellectual Property Office","Monmouthshire and Newport","Outside London","AA","5","5","[c]","[c]"
"In post","2022","Intellectual Property Office","Monmouthshire and Newport","Outside London","AO","235","215","21660","21810"
"In post","2022","Intellectual Property Office","Monmouthshire and Newport","Outside London","EO","485","455","26140","24030"
"In post","2022","Intellectual Property Office","Monmouthshire and Newport","Outside London","G6","50","45","68110","67520"
"In post","2022","Intellectual Property Office","Monmouthshire and Newport","Outside London","G7","305","285","60000","60790"
"In post","2022","Intellectual Property Office","Monmouthshire and Newport","Outside London","HEO","195","185","32390","30800"
"In post","2022","Intellectual Property Office","Monmouthshire and Newport","Outside London","SCS level","20","20","78460","74550"
"In post","2022","Intellectual Property Office","Monmouthshire and Newport","Outside London","SEO","365","355","42730","41760"
"In post","2022","Intellectual Property Office","Westminster","London","AO","[c]","[c]","[c]","[c]"
"In post","2022","Intellectual Property Office","Westminster","London","EO","5","5","[c]","[c]"
"In post","2022","Intellectual Property Office","Westminster","London","G6","5","5","[c]","[c]"
"In post","2022","Intellectual Property Office","Westminster","London","G7","15","15","61520","60850"
"In post","2022","Intellectual Property Office","Westminster","London","HEO","10","10","34250","34570"
"In post","2022","Intellectual Property Office","Westminster","London","SCS level","[c]","[c]","[c]","[c]"
"In post","2022","Intellectual Property Office","Westminster","London","SEO","15","15","43270","43710"
"In post","2022","Legal Aid Agency","Barnsley, Doncaster and Rotherham","Outside London","HEO","[c]","[c]","[c]","[c]"
"In post","2022","Legal Aid Agency","Birmingham","Outside London","AO","60","55","21050","20970"
"In post","2022","Legal Aid Agency","Birmingham","Outside London","EO","30","30","25180","25120"
"In post","2022","Legal Aid Agency","Birmingham","Outside London","G7","5","5","[c]","[c]"
"In post","2022","Legal Aid Agency","Birmingham","Outside London","HEO","10","10","[c]","[c]"
"In post","2022","Legal Aid Agency","Birmingham","Outside London","SEO","10","10","[c]","[c]"
"In post","2022","Legal Aid Agency","Brighton and Hove","Outside London","AO","[c]","[c]","[c]","[c]"
"In post","2022","Legal Aid Agency","Brighton and Hove","Outside London","EO","[c]","[c]","[c]","[c]"
"In post","2022","Legal Aid Agency","Brighton and Hove","Outside London","G7","10","10","[c]","[c]"
"In post","2022","Legal Aid Agency","Brighton and Hove","Outside London","HEO","[c]","[c]","[c]","[c]"
"In post","2022","Legal Aid Agency","Brighton and Hove","Outside London","SEO","5","5","[c]","[c]"
"In post","2022","Legal Aid Agency","Bristol, City of","Outside London","AA","[c]","[c]","[c]","[c]"
"In post","2022","Legal Aid Agency","Bristol, City of","Outside London","AO","25","25","21050","20970"
"In post","2022","Legal Aid Agency","Bristol, City of","Outside London","EO","20","15","25510","25120"
"In post","2022","Legal Aid Agency","Bristol, City of","Outside London","G6","[c]","[c]","[c]","[c]"
"In post","2022","Legal Aid Agency","Bristol, City of","Outside London","G7","[c]","[c]","[c]","[c]"
"In post","2022","Legal Aid Agency","Bristol, City of","Outside London","HEO","[c]","[c]","[c]","[c]"
"In post","2022","Legal Aid Agency","Bristol, City of","Outside London","SEO","5","5","[c]","[c]"
"In post","2022","Legal Aid Agency","Cambridgeshire CC","Outside London","AO","[c]","[c]","[c]","[c]"
"In post","2022","Legal Aid Agency","Cambridgeshire CC","Outside London","EO","[c]","[c]","[c]","[c]"
"In post","2022","Legal Aid Agency","Cambridgeshire CC","Outside London","G7","[c]","[c]","[c]","[c]"
"In post","2022","Legal Aid Agency","Cambridgeshire CC","Outside London","HEO","[c]","[c]","[c]","[c]"
"In post","2022","Legal Aid Agency","Cambridgeshire CC","Outside London","SEO","10","10","[c]","[c]"
"In post","2022","Legal Aid Agency","Camden and City of London","London","HEO","[c]","[c]","[c]","[c]"
"In post","2022","Legal Aid Agency","Cardiff and Vale of Glamorgan","Outside London","AO","10","10","20970","20970"
"In post","2022","Legal Aid Agency","Cardiff and Vale of Glamorgan","Outside London","EO","10","10","25930","25120"
"In post","2022","Legal Aid Agency","Cardiff and Vale of Glamorgan","Outside London","G7","[c]","[c]","[c]","[c]"
"In post","2022","Legal Aid Agency","Cardiff and Vale of Glamorgan","Outside London","HEO","[c]","[c]","[c]","[c]"
"In post","2022","Legal Aid Agency","Cardiff and Vale of Glamorgan","Outside London","SCS level","[c]","[c]","[c]","[c]"
"In post","2022","Legal Aid Agency","Cardiff and Vale of Glamorgan","Outside London","SEO","10","10","[c]","[c]"
"In post","2022","Legal Aid Agency","Central Valleys","Outside London","G7","[c]","[c]","[c]","[c]"
"In post","2022","Legal Aid Agency","Central Valleys","Outside London","HEO","[c]","[c]","[c]","[c]"
"In post","2022","Legal Aid Agency","Central Valleys","Outside London","SEO","[c]","[c]","[c]","[c]"
"In post","2022","Legal Aid Agency","Darlington","Outside London","AO","[c]","[c]","[c]","[c]"
"In post","2022","Legal Aid Agency","Darlington","Outside London","G7","5","5","[c]","[c]"
"In post","2022","Legal Aid Agency","Darlington","Outside London","HEO","[c]","[c]","[c]","[c]"
"In post","2022","Legal Aid Agency","Darlington","Outside London","SEO","5","5","[c]","[c]"
"In post","2022","Legal Aid Agency","Durham","Outside London","HEO","[c]","[c]","[c]","[c]"
"In post","2022","Legal Aid Agency","Gloucestershire CC","Outside London","AO","[c]","[c]","[c]","[c]"
"In post","2022","Legal Aid Agency","Gloucestershire CC","Outside London","EO","[c]","[c]","[c]","[c]"
"In post","2022","Legal Aid Agency","Gloucestershire CC","Outside London","G6","[c]","[c]","[c]","[c]"
"In post","2022","Legal Aid Agency","Gloucestershire CC","Outside London","G7","[c]","[c]","[c]","[c]"
"In post","2022","Legal Aid Agency","Gloucestershire CC","Outside London","HEO","[c]","[c]","[c]","[c]"
"In post","2022","Legal Aid Agency","Gloucestershire CC","Outside London","SEO","5","5","[c]","[c]"
"In post","2022","Legal Aid Agency","Greater Manchester South West","Outside London","HEO","[c]","[c]","[c]","[c]"
"In post","2022","Legal Aid Agency","Leeds","Outside London","AO","20","15","21000","20970"
"In post","2022","Legal Aid Agency","Leeds","Outside London","EO","15","15","26080","26570"
"In post","2022","Legal Aid Agency","Leeds","Outside London","G6","[c]","[c]","[c]","[c]"
"In post","2022","Legal Aid Agency","Leeds","Outside London","G7","[c]","[c]","[c]","[c]"
"In post","2022","Legal Aid Agency","Leeds","Outside London","HEO","[c]","[c]","[c]","[c]"
"In post","2022","Legal Aid Agency","Leeds","Outside London","SEO","10","10","[c]","[c]"
"In post","2022","Legal Aid Agency","Liverpool","Outside London","AA","[c]","[c]","[c]","[c]"
"In post","2022","Legal Aid Agency","Liverpool","Outside London","AO","85","80","21080","20970"
"In post","2022","Legal Aid Agency","Liverpool","Outside London","EO","55","50","25390","25120"
"In post","2022","Legal Aid Agency","Liverpool","Outside London","G7","[c]","[c]","[c]","[c]"
"In post","2022","Legal Aid Agency","Liverpool","Outside London","HEO","25","25","31290","30450"
"In post","2022","Legal Aid Agency","Liverpool","Outside London","SEO","15","15","37750","36050"
"In post","2022","Legal Aid Agency","Manchester","Outside London","AA","[c]","[c]","[c]","[c]"
"In post","2022","Legal Aid Agency","Manchester","Outside London","AO","15","10","21120","20970"
"In post","2022","Legal Aid Agency","Manchester","Outside London","EO","25","25","25520","25120"
"In post","2022","Legal Aid Agency","Manchester","Outside London","G7","5","5","[c]","[c]"
"In post","2022","Legal Aid Agency","Manchester","Outside London","HEO","10","10","31530","31050"
"In post","2022","Legal Aid Agency","Manchester","Outside London","SCS level","[c]","[c]","[c]","[c]"
"In post","2022","Legal Aid Agency","Manchester","Outside London","SEO","10","10","[c]","[c]"
"In post","2022","Legal Aid Agency","Mid Kent","Outside London","HEO","[c]","[c]","[c]","[c]"
"In post","2022","Legal Aid Agency","Nottingham","Outside London","AO","85","75","20970","20970"
"In post","2022","Legal Aid Agency","Nottingham","Outside London","EO","55","50","25360","25120"
"In post","2022","Legal Aid Agency","Nottingham","Outside London","G6","[c]","[c]","[c]","[c]"
"In post","2022","Legal Aid Agency","Nottingham","Outside London","G7","[c]","[c]","[c]","[c]"
"In post","2022","Legal Aid Agency","Nottingham","Outside London","HEO","15","15","31160","30450"
"In post","2022","Legal Aid Agency","Nottingham","Outside London","SCS level","[c]","[c]","[c]","[c]"
"In post","2022","Legal Aid Agency","Nottingham","Outside London","SEO","10","10","[c]","[c]"
"In post","2022","Legal Aid Agency","Swansea","Outside London","AO","[c]","[c]","[c]","[c]"
"In post","2022","Legal Aid Agency","Swansea","Outside London","G7","[c]","[c]","[c]","[c]"
"In post","2022","Legal Aid Agency","Swansea","Outside London","HEO","[c]","[c]","[c]","[c]"
"In post","2022","Legal Aid Agency","Swansea","Outside London","SEO","[c]","[c]","[c]","[c]"
"In post","2022","Legal Aid Agency","Tyneside","Outside London","AA","20","15","19200","19200"
"In post","2022","Legal Aid Agency","Tyneside","Outside London","AO","85","75","21040","20970"
"In post","2022","Legal Aid Agency","Tyneside","Outside London","EO","85","80","25420","25120"
"In post","2022","Legal Aid Agency","Tyneside","Outside London","G6","[c]","[c]","[c]","[c]"
"In post","2022","Legal Aid Agency","Tyneside","Outside London","G7","[c]","[c]","[c]","[c]"
"In post","2022","Legal Aid Agency","Tyneside","Outside London","HEO","35","35","31180","30450"
"In post","2022","Legal Aid Agency","Tyneside","Outside London","SCS level","[c]","[c]","[c]","[c]"
"In post","2022","Legal Aid Agency","Tyneside","Outside London","SEO","15","15","37400","36050"
"In post","2022","Legal Aid Agency","Tyneside","Outside London","Unknown","[c]","[c]","[c]","[c]"
"In post","2022","Legal Aid Agency","Unknown","Unknown","AO","[c]","[c]","[c]","[c]"
"In post","2022","Legal Aid Agency","Westminster","London","AA","[c]","[c]","[c]","[c]"
"In post","2022","Legal Aid Agency","Westminster","London","AO","15","15","24230","24310"
"In post","2022","Legal Aid Agency","Westminster","London","EO","25","25","29410","30170"
"In post","2022","Legal Aid Agency","Westminster","London","G6","5","5","[c]","[c]"
"In post","2022","Legal Aid Agency","Westminster","London","G7","30","30","60470","57480"
"In post","2022","Legal Aid Agency","Westminster","London","HEO","20","20","36150","36420"
"In post","2022","Legal Aid Agency","Westminster","London","SCS level","5","5","[c]","[c]"
"In post","2022","Legal Aid Agency","Westminster","London","SEO","50","45","44070","42770"
"In post","2022","Maritime and Coastguard Agency","Aberdeen City and Aberdeenshire","Outside London","AO","15","15","24780","26840"
"In post","2022","Maritime and Coastguard Agency","Aberdeen City and Aberdeenshire","Outside London","EO","10","10","[c]","[c]"
"In post","2022","Maritime and Coastguard Agency","Aberdeen City and Aberdeenshire","Outside London","G7","[c]","[c]","[c]","[c]"
"In post","2022","Maritime and Coastguard Agency","Aberdeen City and Aberdeenshire","Outside London","HEO","10","10","34560","35380"
"In post","2022","Maritime and Coastguard Agency","Aberdeen City and Aberdeenshire","Outside London","SEO","15","15","48090","46540"
"In post","2022","Maritime and Coastguard Agency","Ards and North Down","Outside London","AO","10","10","25590","26840"
"In post","2022","Maritime and Coastguard Agency","Ards and North Down","Outside London","EO","10","10","[c]","[c]"
"In post","2022","Maritime and Coastguard Agency","Ards and North Down","Outside London","G7","5","5","[c]","[c]"
"In post","2022","Maritime and Coastguard Agency","Ards and North Down","Outside London","HEO","10","10","[c]","[c]"
"In post","2022","Maritime and Coastguard Agency","Ards and North Down","Outside London","SEO","5","5","[c]","[c]"
"In post","2022","Maritime and Coastguard Agency","Bath and North East Somerset, North Somerset and South Gloucestershire","Outside London","HEO","[c]","[c]","[c]","[c]"
"In post","2022","Maritime and Coastguard Agency","Bexley and Greenwich","London","EO","5","5","[c]","[c]"
"In post","2022","Maritime and Coastguard Agency","Bexley and Greenwich","London","SEO","[c]","[c]","[c]","[c]"
"In post","2022","Maritime and Coastguard Agency","Breckland and South Norfolk","Outside London","SEO","[c]","[c]","[c]","[c]"
"In post","2022","Maritime and Coastguard Agency","Bridgend and Neath Port Talbot","Outside London","SEO","[c]","[c]","[c]","[c]"
"In post","2022","Maritime and Coastguard Agency","Caithness and Sutherland, and Ross and Cromarty","Outside London","HEO","[c]","[c]","[c]","[c]"
"In post","2022","Maritime and Coastguard Agency","Cardiff and Vale of Glamorgan","Outside London","AO","15","15","22410","22840"
"In post","2022","Maritime and Coastguard Agency","Cardiff and Vale of Glamorgan","Outside London","EO","10","5","[c]","[c]"
"In post","2022","Maritime and Coastguard Agency","Cardiff and Vale of Glamorgan","Outside London","G7","[c]","[c]","[c]","[c]"
"In post","2022","Maritime and Coastguard Agency","Cardiff and Vale of Glamorgan","Outside London","HEO","[c]","[c]","[c]","[c]"
"In post","2022","Maritime and Coastguard Agency","Cardiff and Vale of Glamorgan","Outside London","SEO","5","5","[c]","[c]"
"In post","2022","Maritime and Coastguard Agency","Cornwall and Isles of Scilly","Outside London","AO","20","15","25450","26840"
"In post","2022","Maritime and Coastguard Agency","Cornwall and Isles of Scilly","Outside London","EO","[c]","[c]","[c]","[c]"
"In post","2022","Maritime and Coastguard Agency","Cornwall and Isles of Scilly","Outside London","HEO","10","10","35390","35730"
"In post","2022","Maritime and Coastguard Agency","Cornwall and Isles of Scilly","Outside London","SEO","[c]","[c]","[c]","[c]"
"In post","2022","Maritime and Coastguard Agency","Devon CC","Outside London","HEO","[c]","[c]","[c]","[c]"
"In post","2022","Maritime and Coastguard Agency","Devon CC","Outside London","SEO","[c]","[c]","[c]","[c]"
"In post","2022","Maritime and Coastguard Agency","Dorset","Outside London","HEO","[c]","[c]","[c]","[c]"
"In post","2022","Maritime and Coastguard Agency","Dorset","Outside London","SEO","[c]","[c]","[c]","[c]"
"In post","2022","Maritime and Coastguard Agency","Dumfries and Galloway","Outside London","HEO","[c]","[c]","[c]","[c]"
"In post","2022","Maritime and Coastguard Agency","East Kent","Outside London","AO","30","30","26660","26840"
"In post","2022","Maritime and Coastguard Agency","East Kent","Outside London","EO","5","5","[c]","[c]"
"In post","2022","Maritime and Coastguard Agency","East Kent","Outside London","HEO","10","10","35670","35730"
"In post","2022","Maritime and Coastguard Agency","East Kent","Outside London","SEO","[c]","[c]","[c]","[c]"
"In post","2022","Maritime and Coastguard Agency","East Riding of Yorkshire","Outside London","AO","25","25","24800","26840"
"In post","2022","Maritime and Coastguard Agency","East Riding of Yorkshire","Outside London","EO","10","10","29370","30620"
"In post","2022","Maritime and Coastguard Agency","East Riding of Yorkshire","Outside London","G7","10","10","[c]","[c]"
"In post","2022","Maritime and Coastguard Agency","East Riding of Yorkshire","Outside London","HEO","10","10","35670","35730"
"In post","2022","Maritime and Coastguard Agency","East Riding of Yorkshire","Outside London","SEO","15","15","52770","57040"
"In post","2022","Maritime and Coastguard Agency","East Sussex CC","Outside London","HEO","[c]","[c]","[c]","[c]"
"In post","2022","Maritime and Coastguard Agency","Essex Haven Gateway","Outside London","AO","[c]","[c]","[c]","[c]"
"In post","2022","Maritime and Coastguard Agency","Essex Haven Gateway","Outside London","EO","[c]","[c]","[c]","[c]"
"In post","2022","Maritime and Coastguard Agency","Essex Haven Gateway","Outside London","G7","[c]","[c]","[c]","[c]"
"In post","2022","Maritime and Coastguard Agency","Essex Haven Gateway","Outside London","HEO","5","5","[c]","[c]"
"In post","2022","Maritime and Coastguard Agency","Essex Haven Gateway","Outside London","SEO","5","5","[c]","[c]"
"In post","2022","Maritime and Coastguard Agency","Gloucestershire CC","Outside London","G7","[c]","[c]","[c]","[c]"
"In post","2022","Maritime and Coastguard Agency","Gwynedd","Outside London","HEO","[c]","[c]","[c]","[c]"
"In post","2022","Maritime and Coastguard Agency","Hartlepool and Stockton-on-Tees","Outside London","SEO","[c]","[c]","[c]","[c]"
"In post","2022","Maritime and Coastguard Agency","Inverclyde, East Renfrewshire, and Renfrewshire","Outside London","AO","5","5","[c]","[c]"
"In post","2022","Maritime and Coastguard Agency","Inverclyde, East Renfrewshire, and Renfrewshire","Outside London","EO","[c]","[c]","[c]","[c]"
"In post","2022","Maritime and Coastguard Agency","Inverclyde, East Renfrewshire, and Renfrewshire","Outside London","G6","[c]","[c]","[c]","[c]"
"In post","2022","Maritime and Coastguard Agency","Inverclyde, East Renfrewshire, and Renfrewshire","Outside London","G7","10","10","62860","60890"
"In post","2022","Maritime and Coastguard Agency","Inverclyde, East Renfrewshire, and Renfrewshire","Outside London","HEO","5","5","[c]","[c]"
"In post","2022","Maritime and Coastguard Agency","Inverclyde, East Renfrewshire, and Renfrewshire","Outside London","SEO","15","15","53630","57040"
"In post","2022","Maritime and Coastguard Agency","Inverness and Nairn, Moray, and Badenoch and Strathspey","Outside London","HEO","[c]","[c]","[c]","[c]"
"In post","2022","Maritime and Coastguard Agency","Inverness and Nairn, Moray, and Badenoch and Strathspey","Outside London","SEO","[c]","[c]","[c]","[c]"
"In post","2022","Maritime and Coastguard Agency","Isle of Anglesey","Outside London","AO","10","10","26420","26840"
"In post","2022","Maritime and Coastguard Agency","Isle of Anglesey","Outside London","EO","5","5","[c]","[c]"
"In post","2022","Maritime and Coastguard Agency","Isle of Anglesey","Outside London","HEO","5","5","[c]","[c]"
"In post","2022","Maritime and Coastguard Agency","Isle of Anglesey","Outside London","SEO","[c]","[c]","[c]","[c]"
"In post","2022","Maritime and Coastguard Agency","Isle of Wight","Outside London","HEO","[c]","[c]","[c]","[c]"
"In post","2022","Maritime and Coastguard Agency","Lincolnshire CC","Outside London","HEO","[c]","[c]","[c]","[c]"
"In post","2022","Maritime and Coastguard Agency","Lochaber, Skye and Lochalsh, Arran and Cumbrae, and Argyll and Bute","Outside London","HEO","[c]","[c]","[c]","[c]"
"In post","2022","Maritime and Coastguard Agency","Lochaber, Skye and Lochalsh, Arran and Cumbrae, and Argyll and Bute","Outside London","SEO","[c]","[c]","[c]","[c]"
"In post","2022","Maritime and Coastguard Agency","Na h-Eileanan Siar","Outside London","AO","5","5","[c]","[c]"
"In post","2022","Maritime and Coastguard Agency","Na h-Eileanan Siar","Outside London","EO","10","10","31970","31780"
"In post","2022","Maritime and Coastguard Agency","Na h-Eileanan Siar","Outside London","HEO","10","10","[c]","[c]"
"In post","2022","Maritime and Coastguard Agency","Na h-Eileanan Siar","Outside London","SEO","[c]","[c]","[c]","[c]"
"In post","2022","Maritime and Coastguard Agency","North and West Norfolk","Outside London","HEO","[c]","[c]","[c]","[c]"
"In post","2022","Maritime and Coastguard Agency","Northumberland","Outside London","HEO","[c]","[c]","[c]","[c]"
"In post","2022","Maritime and Coastguard Agency","Norwich and East Norfolk","Outside London","HEO","[c]","[c]","[c]","[c]"
"In post","2022","Maritime and Coastguard Agency","Norwich and East Norfolk","Outside London","SEO","[c]","[c]","[c]","[c]"
"In post","2022","Maritime and Coastguard Agency","Orkney Islands","Outside London","HEO","[c]","[c]","[c]","[c]"
"In post","2022","Maritime and Coastguard Agency","Orkney Islands","Outside London","SEO","[c]","[c]","[c]","[c]"
"In post","2022","Maritime and Coastguard Agency","Overseas","Overseas","G7","[c]","[c]","[c]","[c]"
"In post","2022","Maritime and Coastguard Agency","Plymouth","Outside London","AO","[c]","[c]","[c]","[c]"
"In post","2022","Maritime and Coastguard Agency","Plymouth","Outside London","EO","[c]","[c]","[c]","[c]"
"In post","2022","Maritime and Coastguard Agency","Plymouth","Outside London","G6","[c]","[c]","[c]","[c]"
"In post","2022","Maritime and Coastguard Agency","Plymouth","Outside London","G7","[c]","[c]","[c]","[c]"
"In post","2022","Maritime and Coastguard Agency","Plymouth","Outside London","HEO","[c]","[c]","[c]","[c]"
"In post","2022","Maritime and Coastguard Agency","Plymouth","Outside London","SEO","5","5","[c]","[c]"
"In post","2022","Maritime and Coastguard Agency","Sefton","Outside London","AO","[c]","[c]","[c]","[c]"
"In post","2022","Maritime and Coastguard Agency","Sefton","Outside London","EO","[c]","[c]","[c]","[c]"
"In post","2022","Maritime and Coastguard Agency","Sefton","Outside London","G7","[c]","[c]","[c]","[c]"
"In post","2022","Maritime and Coastguard Agency","Sefton","Outside London","HEO","5","5","[c]","[c]"
"In post","2022","Maritime and Coastguard Agency","Sefton","Outside London","SEO","10","10","[c]","[c]"
"In post","2022","Maritime and Coastguard Agency","Shetland Islands","Outside London","AO","15","10","27250","26840"
"In post","2022","Maritime and Coastguard Agency","Shetland Islands","Outside London","EO","[c]","[c]","[c]","[c]"
"In post","2022","Maritime and Coastguard Agency","Shetland Islands","Outside London","HEO","5","5","[c]","[c]"
"In post","2022","Maritime and Coastguard Agency","South Hampshire","Outside London","AO","50","50","26550","26840"
"In post","2022","Maritime and Coastguard Agency","South Hampshire","Outside London","EO","40","40","30920","31130"
"In post","2022","Maritime and Coastguard Agency","South Hampshire","Outside London","G7","5","5","[c]","[c]"
"In post","2022","Maritime and Coastguard Agency","South Hampshire","Outside London","HEO","40","40","34950","35730"
"In post","2022","Maritime and Coastguard Agency","South Hampshire","Outside London","SEO","20","20","43240","43650"
"In post","2022","Maritime and Coastguard Agency","South West Wales","Outside London","AO","10","10","26390","26840"
"In post","2022","Maritime and Coastguard Agency","South West Wales","Outside London","EO","10","10","31620","31580"
"In post","2022","Maritime and Coastguard Agency","South West Wales","Outside London","HEO","[c]","[c]","[c]","[c]"
"In post","2022","Maritime and Coastguard Agency","South West Wales","Outside London","SEO","[c]","[c]","[c]","[c]"
"In post","2022","Maritime and Coastguard Agency","Southampton","Outside London","AA","[c]","[c]","[c]","[c]"
"In post","2022","Maritime and Coastguard Agency","Southampton","Outside London","AO","60","50","21940","21840"
"In post","2022","Maritime and Coastguard Agency","Southampton","Outside London","EO","105","100","26800","26350"
"In post","2022","Maritime and Coastguard Agency","Southampton","Outside London","G6","20","20","70830","69200"
"In post","2022","Maritime and Coastguard Agency","Southampton","Outside London","G7","95","90","53610","51800"
"In post","2022","Maritime and Coastguard Agency","Southampton","Outside London","HEO","100","95","31870","31040"
"In post","2022","Maritime and Coastguard Agency","Southampton","Outside London","SCS level","5","5","[c]","[c]"
"In post","2022","Maritime and Coastguard Agency","Southampton","Outside London","SEO","135","135","41760","39760"
"In post","2022","Maritime and Coastguard Agency","Southend-on-Sea","Outside London","G7","[c]","[c]","[c]","[c]"
"In post","2022","Maritime and Coastguard Agency","Swansea","Outside London","AO","[c]","[c]","[c]","[c]"
"In post","2022","Maritime and Coastguard Agency","Swansea","Outside London","EO","[c]","[c]","[c]","[c]"
"In post","2022","Maritime and Coastguard Agency","Swansea","Outside London","G7","[c]","[c]","[c]","[c]"
"In post","2022","Maritime and Coastguard Agency","Swansea","Outside London","HEO","5","5","[c]","[c]"
"In post","2022","Maritime and Coastguard Agency","Swansea","Outside London","SEO","[c]","[c]","[c]","[c]"
"In post","2022","Maritime and Coastguard Agency","Torbay","Outside London","AO","[c]","[c]","[c]","[c]"
"In post","2022","Maritime and Coastguard Agency","Torbay","Outside London","HEO","[c]","[c]","[c]","[c]"
"In post","2022","Maritime and Coastguard Agency","Torbay","Outside London","SEO","[c]","[c]","[c]","[c]"
"In post","2022","Maritime and Coastguard Agency","Tyneside","Outside London","EO","[c]","[c]","[c]","[c]"
"In post","2022","Maritime and Coastguard Agency","Tyneside","Outside London","G7","[c]","[c]","[c]","[c]"
"In post","2022","Maritime and Coastguard Agency","Tyneside","Outside London","HEO","[c]","[c]","[c]","[c]"
"In post","2022","Maritime and Coastguard Agency","Tyneside","Outside London","SEO","[c]","[c]","[c]","[c]"
"In post","2022","Maritime and Coastguard Agency","West Cumbria","Outside London","HEO","[c]","[c]","[c]","[c]"
"In post","2022","Maritime and Coastguard Agency","West Surrey","Outside London","SEO","[c]","[c]","[c]","[c]"
"In post","2022","Maritime and Coastguard Agency","Westminster","London","SEO","[c]","[c]","[c]","[c]"
"In post","2022","Medicines and Healthcare Products Regulatory Agency","Bath and North East Somerset, North Somerset and South Gloucestershire","Outside London","G7","[c]","[c]","[c]","[c]"
"In post","2022","Medicines and Healthcare Products Regulatory Agency","Belfast","Outside London","G6","[c]","[c]","[c]","[c]"
"In post","2022","Medicines and Healthcare Products Regulatory Agency","Bexley and Greenwich","London","G7","[c]","[c]","[c]","[c]"
"In post","2022","Medicines and Healthcare Products Regulatory Agency","Bexley and Greenwich","London","SEO","[c]","[c]","[c]","[c]"
"In post","2022","Medicines and Healthcare Products Regulatory Agency","Bournemouth, Christchurch and Poole","Outside London","G7","[c]","[c]","[c]","[c]"
"In post","2022","Medicines and Healthcare Products Regulatory Agency","Bradford","Outside London","SEO","[c]","[c]","[c]","[c]"
"In post","2022","Medicines and Healthcare Products Regulatory Agency","Brighton and Hove","Outside London","G6","[c]","[c]","[c]","[c]"
"In post","2022","Medicines and Healthcare Products Regulatory Agency","Central Bedfordshire","Outside London","G6","[c]","[c]","[c]","[c]"
"In post","2022","Medicines and Healthcare Products Regulatory Agency","Cheshire West and Chester","Outside London","EO","[c]","[c]","[c]","[c]"
"In post","2022","Medicines and Healthcare Products Regulatory Agency","Cheshire West and Chester","Outside London","G6","[c]","[c]","[c]","[c]"
"In post","2022","Medicines and Healthcare Products Regulatory Agency","Cheshire West and Chester","Outside London","G7","[c]","[c]","[c]","[c]"
"In post","2022","Medicines and Healthcare Products Regulatory Agency","Cheshire West and Chester","Outside London","SCS level","[c]","[c]","[c]","[c]"
"In post","2022","Medicines and Healthcare Products Regulatory Agency","Croydon","London","G7","[c]","[c]","[c]","[c]"
"In post","2022","Medicines and Healthcare Products Regulatory Agency","Croydon","London","HEO","[c]","[c]","[c]","[c]"
"In post","2022","Medicines and Healthcare Products Regulatory Agency","Dorset","Outside London","G6","[c]","[c]","[c]","[c]"
"In post","2022","Medicines and Healthcare Products Regulatory Agency","Durham","Outside London","G7","[c]","[c]","[c]","[c]"
"In post","2022","Medicines and Healthcare Products Regulatory Agency","East Kent","Outside London","SEO","[c]","[c]","[c]","[c]"
"In post","2022","Medicines and Healthcare Products Regulatory Agency","East Surrey","Outside London","SEO","[c]","[c]","[c]","[c]"
"In post","2022","Medicines and Healthcare Products Regulatory Agency","Falkirk","Outside London","G6","[c]","[c]","[c]","[c]"
"In post","2022","Medicines and Healthcare Products Regulatory Agency","Flintshire and Wrexham","Outside London","G6","[c]","[c]","[c]","[c]"
"In post","2022","Medicines and Healthcare Products Regulatory Agency","Glasgow City","Outside London","G6","[c]","[c]","[c]","[c]"
"In post","2022","Medicines and Healthcare Products Regulatory Agency","Glasgow City","Outside London","G7","[c]","[c]","[c]","[c]"
"In post","2022","Medicines and Healthcare Products Regulatory Agency","Greater Manchester North East","Outside London","SEO","[c]","[c]","[c]","[c]"
"In post","2022","Medicines and Healthcare Products Regulatory Agency","Greater Manchester South West","Outside London","G7","[c]","[c]","[c]","[c]"
"In post","2022","Medicines and Healthcare Products Regulatory Agency","Haringey and Islington","London","G7","[c]","[c]","[c]","[c]"
"In post","2022","Medicines and Healthcare Products Regulatory Agency","Harrow and Hillingdon","London","G6","[c]","[c]","[c]","[c]"
"In post","2022","Medicines and Healthcare Products Regulatory Agency","Harrow and Hillingdon","London","SEO","[c]","[c]","[c]","[c]"
"In post","2022","Medicines and Healthcare Products Regulatory Agency","Heart of Essex","Outside London","G7","[c]","[c]","[c]","[c]"
"In post","2022","Medicines and Healthcare Products Regulatory Agency","Herefordshire, County of","Outside London","G6","[c]","[c]","[c]","[c]"
"In post","2022","Medicines and Healthcare Products Regulatory Agency","Herefordshire, County of","Outside London","G7","[c]","[c]","[c]","[c]"
"In post","2022","Medicines and Healthcare Products Regulatory Agency","Hertfordshire CC","Outside London","AA","[c]","[c]","[c]","[c]"
"In post","2022","Medicines and Healthcare Products Regulatory Agency","Hertfordshire CC","Outside London","AO","5","5","[c]","[c]"
"In post","2022","Medicines and Healthcare Products Regulatory Agency","Hertfordshire CC","Outside London","EO","40","35","28100","27510"
"In post","2022","Medicines and Healthcare Products Regulatory Agency","Hertfordshire CC","Outside London","G6","40","40","73080","74680"
"In post","2022","Medicines and Healthcare Products Regulatory Agency","Hertfordshire CC","Outside London","G7","65","65","54400","53860"
"In post","2022","Medicines and Healthcare Products Regulatory Agency","Hertfordshire CC","Outside London","HEO","60","55","33750","33090"
"In post","2022","Medicines and Healthcare Products Regulatory Agency","Hertfordshire CC","Outside London","SCS level","10","10","[c]","[c]"
"In post","2022","Medicines and Healthcare Products Regulatory Agency","Hertfordshire CC","Outside London","SEO","80","75","42020","41040"
"In post","2022","Medicines and Healthcare Products Regulatory Agency","Hounslow and Richmond upon Thames","London","G7","[c]","[c]","[c]","[c]"
"In post","2022","Medicines and Healthcare Products Regulatory Agency","Inverclyde, East Renfrewshire, and Renfrewshire","Outside London","G7","[c]","[c]","[c]","[c]"
"In post","2022","Medicines and Healthcare Products Regulatory Agency","Kensington & Chelsea and Hammersmith & Fulham","London","SCS level","[c]","[c]","[c]","[c]"
"In post","2022","Medicines and Healthcare Products Regulatory Agency","Kent Thames Gateway","Outside London","SEO","[c]","[c]","[c]","[c]"
"In post","2022","Medicines and Healthcare Products Regulatory Agency","Leeds","Outside London","G6","[c]","[c]","[c]","[c]"
"In post","2022","Medicines and Healthcare Products Regulatory Agency","Lewisham and Southwark","London","SCS level","[c]","[c]","[c]","[c]"
"In post","2022","Medicines and Healthcare Products Regulatory Agency","Manchester","Outside London","G7","[c]","[c]","[c]","[c]"
"In post","2022","Medicines and Healthcare Products Regulatory Agency","Merton, Kingston upon Thames and Sutton","London","G7","[c]","[c]","[c]","[c]"
"In post","2022","Medicines and Healthcare Products Regulatory Agency","Merton, Kingston upon Thames and Sutton","London","SEO","[c]","[c]","[c]","[c]"
"In post","2022","Medicines and Healthcare Products Regulatory Agency","Mid Kent","Outside London","G6","[c]","[c]","[c]","[c]"
"In post","2022","Medicines and Healthcare Products Regulatory Agency","Mid Kent","Outside London","SEO","[c]","[c]","[c]","[c]"
"In post","2022","Medicines and Healthcare Products Regulatory Agency","Mid Lancashire","Outside London","G6","[c]","[c]","[c]","[c]"
"In post","2022","Medicines and Healthcare Products Regulatory Agency","Monmouthshire and Newport","Outside London","G6","[c]","[c]","[c]","[c]"
"In post","2022","Medicines and Healthcare Products Regulatory Agency","Norwich and East Norfolk","Outside London","SEO","[c]","[c]","[c]","[c]"
"In post","2022","Medicines and Healthcare Products Regulatory Agency","Nottingham","Outside London","G7","[c]","[c]","[c]","[c]"
"In post","2022","Medicines and Healthcare Products Regulatory Agency","Oxfordshire CC","Outside London","G6","[c]","[c]","[c]","[c]"
"In post","2022","Medicines and Healthcare Products Regulatory Agency","Oxfordshire CC","Outside London","SEO","[c]","[c]","[c]","[c]"
"In post","2022","Medicines and Healthcare Products Regulatory Agency","Shropshire","Outside London","G6","[c]","[c]","[c]","[c]"
"In post","2022","Medicines and Healthcare Products Regulatory Agency","South and West Derbyshire","Outside London","G6","[c]","[c]","[c]","[c]"
"In post","2022","Medicines and Healthcare Products Regulatory Agency","South Nottinghamshire","Outside London","G6","[c]","[c]","[c]","[c]"
"In post","2022","Medicines and Healthcare Products Regulatory Agency","Swindon","Outside London","G7","[c]","[c]","[c]","[c]"
"In post","2022","Medicines and Healthcare Products Regulatory Agency","Torbay","Outside London","SEO","[c]","[c]","[c]","[c]"
"In post","2022","Medicines and Healthcare Products Regulatory Agency","Tower Hamlets","London","AA","[c]","[c]","[c]","[c]"
"In post","2022","Medicines and Healthcare Products Regulatory Agency","Tower Hamlets","London","AO","20","20","23810","23800"
"In post","2022","Medicines and Healthcare Products Regulatory Agency","Tower Hamlets","London","EO","120","115","27580","27400"
"In post","2022","Medicines and Healthcare Products Regulatory Agency","Tower Hamlets","London","G6","110","105","67470","66850"
"In post","2022","Medicines and Healthcare Products Regulatory Agency","Tower Hamlets","London","G7","145","140","54050","53630"
"In post","2022","Medicines and Healthcare Products Regulatory Agency","Tower Hamlets","London","HEO","120","115","33220","32960"
"In post","2022","Medicines and Healthcare Products Regulatory Agency","Tower Hamlets","London","SCS level","105","100","87730","84310"
"In post","2022","Medicines and Healthcare Products Regulatory Agency","Tower Hamlets","London","SEO","150","145","41380","40860"
"In post","2022","Medicines and Healthcare Products Regulatory Agency","Tyneside","Outside London","SEO","[c]","[c]","[c]","[c]"
"In post","2022","Medicines and Healthcare Products Regulatory Agency","West Cumbria","Outside London","G7","[c]","[c]","[c]","[c]"
"In post","2022","Medicines and Healthcare Products Regulatory Agency","West Essex","Outside London","SEO","[c]","[c]","[c]","[c]"
"In post","2022","Medicines and Healthcare Products Regulatory Agency","West Lothian","Outside London","G7","[c]","[c]","[c]","[c]"
"In post","2022","Medicines and Healthcare Products Regulatory Agency","West Sussex (North East)","Outside London","G7","[c]","[c]","[c]","[c]"
"In post","2022","Medicines and Healthcare Products Regulatory Agency","West Sussex (North East)","Outside London","HEO","[c]","[c]","[c]","[c]"
"In post","2022","Medicines and Healthcare Products Regulatory Agency","York","Outside London","SEO","[c]","[c]","[c]","[c]"
"In post","2022","Met Office","Aberdeen City and Aberdeenshire","Outside London","AO","[c]","[c]","[c]","[c]"
"In post","2022","Met Office","Aberdeen City and Aberdeenshire","Outside London","G7","[c]","[c]","[c]","[c]"
"In post","2022","Met Office","Aberdeen City and Aberdeenshire","Outside London","HEO","15","15","33130","32730"
"In post","2022","Met Office","Aberdeen City and Aberdeenshire","Outside London","SEO","20","15","38800","39650"
"In post","2022","Met Office","Antrim and Newtownabbey","Outside London","AO","[c]","[c]","[c]","[c]"
"In post","2022","Met Office","Antrim and Newtownabbey","Outside London","G7","[c]","[c]","[c]","[c]"
"In post","2022","Met Office","Antrim and Newtownabbey","Outside London","HEO","15","15","33420","32730"
"In post","2022","Met Office","Antrim and Newtownabbey","Outside London","SEO","[c]","[c]","[c]","[c]"
"In post","2022","Met Office","Bedford","Outside London","EO","[c]","[c]","[c]","[c]"
"In post","2022","Met Office","Bedford","Outside London","G7","[c]","[c]","[c]","[c]"
"In post","2022","Met Office","Bedford","Outside London","HEO","[c]","[c]","[c]","[c]"
"In post","2022","Met Office","Bedford","Outside London","SEO","[c]","[c]","[c]","[c]"
"In post","2022","Met Office","Berkshire","Outside London","EO","[c]","[c]","[c]","[c]"
"In post","2022","Met Office","Berkshire","Outside London","G6","[c]","[c]","[c]","[c]"
"In post","2022","Met Office","Berkshire","Outside London","G7","5","5","[c]","[c]"
"In post","2022","Met Office","Berkshire","Outside London","HEO","[c]","[c]","[c]","[c]"
"In post","2022","Met Office","Berkshire","Outside London","SEO","10","10","39180","39650"
"In post","2022","Met Office","Birmingham","Outside London","G7","[c]","[c]","[c]","[c]"
"In post","2022","Met Office","Birmingham","Outside London","SEO","[c]","[c]","[c]","[c]"
"In post","2022","Met Office","Cambridgeshire CC","Outside London","SEO","[c]","[c]","[c]","[c]"
"In post","2022","Met Office","Cardiff and Vale of Glamorgan","Outside London","HEO","[c]","[c]","[c]","[c]"
"In post","2022","Met Office","Cardiff and Vale of Glamorgan","Outside London","SEO","[c]","[c]","[c]","[c]"
"In post","2022","Met Office","Central Hampshire","Outside London","AO","[c]","[c]","[c]","[c]"
"In post","2022","Met Office","Central Hampshire","Outside London","HEO","[c]","[c]","[c]","[c]"
"In post","2022","Met Office","Central Hampshire","Outside London","SEO","[c]","[c]","[c]","[c]"
"In post","2022","Met Office","Chorley and West Lancashire","Outside London","EO","[c]","[c]","[c]","[c]"
"In post","2022","Met Office","Chorley and West Lancashire","Outside London","HEO","[c]","[c]","[c]","[c]"
"In post","2022","Met Office","Chorley and West Lancashire","Outside London","SEO","[c]","[c]","[c]","[c]"
"In post","2022","Met Office","City of Edinburgh","Outside London","EO","[c]","[c]","[c]","[c]"
"In post","2022","Met Office","City of Edinburgh","Outside London","G7","5","5","[c]","[c]"
"In post","2022","Met Office","City of Edinburgh","Outside London","HEO","5","5","[c]","[c]"
"In post","2022","Met Office","City of Edinburgh","Outside London","SEO","10","10","[c]","[c]"
"In post","2022","Met Office","Cornwall and Isles of Scilly","Outside London","EO","[c]","[c]","[c]","[c]"
"In post","2022","Met Office","Cornwall and Isles of Scilly","Outside London","HEO","[c]","[c]","[c]","[c]"
"In post","2022","Met Office","Devon CC","Outside London","AA","40","40","17550","17900"
"In post","2022","Met Office","Devon CC","Outside London","AO","35","35","21270","21080"
"In post","2022","Met Office","Devon CC","Outside London","EO","190","185","25830","25380"
"In post","2022","Met Office","Devon CC","Outside London","G6","160","150","61260","60490"
"In post","2022","Met Office","Devon CC","Outside London","G7","410","385","48400","47960"
"In post","2022","Met Office","Devon CC","Outside London","HEO","375","360","33720","33050"
"In post","2022","Met Office","Devon CC","Outside London","SCS level","10","10","102690","93080"
"In post","2022","Met Office","Devon CC","Outside London","SEO","550","510","40290","39650"
"In post","2022","Met Office","Dumfries and Galloway","Outside London","EO","[c]","[c]","[c]","[c]"
"In post","2022","Met Office","Dumfries and Galloway","Outside London","HEO","[c]","[c]","[c]","[c]"
"In post","2022","Met Office","Glasgow City","Outside London","HEO","[c]","[c]","[c]","[c]"
"In post","2022","Met Office","Glasgow City","Outside London","SEO","[c]","[c]","[c]","[c]"
"In post","2022","Met Office","Greater Manchester South West","Outside London","SEO","[c]","[c]","[c]","[c]"
"In post","2022","Met Office","Harrow and Hillingdon","London","AO","[c]","[c]","[c]","[c]"
"In post","2022","Met Office","Harrow and Hillingdon","London","G6","[c]","[c]","[c]","[c]"
"In post","2022","Met Office","Harrow and Hillingdon","London","G7","[c]","[c]","[c]","[c]"
"In post","2022","Met Office","Harrow and Hillingdon","London","HEO","10","10","32340","31260"
"In post","2022","Met Office","Harrow and Hillingdon","London","SEO","5","5","[c]","[c]"
"In post","2022","Met Office","Hertfordshire CC","Outside London","G7","[c]","[c]","[c]","[c]"
"In post","2022","Met Office","Hertfordshire CC","Outside London","SEO","5","5","[c]","[c]"
"In post","2022","Met Office","Inverness and Nairn, Moray, and Badenoch and Strathspey","Outside London","HEO","15","15","32550","32730"
"In post","2022","Met Office","Inverness and Nairn, Moray, and Badenoch and Strathspey","Outside London","SEO","[c]","[c]","[c]","[c]"
"In post","2022","Met Office","Isle of Anglesey","Outside London","AO","[c]","[c]","[c]","[c]"
"In post","2022","Met Office","Isle of Anglesey","Outside London","HEO","5","5","[c]","[c]"
"In post","2022","Met Office","Isle of Anglesey","Outside London","SEO","[c]","[c]","[c]","[c]"
"In post","2022","Met Office","Leeds","Outside London","SEO","[c]","[c]","[c]","[c]"
"In post","2022","Met Office","Lincolnshire CC","Outside London","AO","5","5","[c]","[c]"
"In post","2022","Met Office","Lincolnshire CC","Outside London","G7","[c]","[c]","[c]","[c]"
"In post","2022","Met Office","Lincolnshire CC","Outside London","HEO","15","15","32780","32730"
"In post","2022","Met Office","Lincolnshire CC","Outside London","SEO","10","10","40550","39890"
"In post","2022","Met Office","North and West Norfolk","Outside London","HEO","[c]","[c]","[c]","[c]"
"In post","2022","Met Office","North Hampshire","Outside London","AO","[c]","[c]","[c]","[c]"
"In post","2022","Met Office","North Hampshire","Outside London","G7","[c]","[c]","[c]","[c]"
"In post","2022","Met Office","North Hampshire","Outside London","HEO","5","5","[c]","[c]"
"In post","2022","Met Office","North Hampshire","Outside London","SEO","[c]","[c]","[c]","[c]"
"In post","2022","Met Office","North Yorkshire CC","Outside London","AO","[c]","[c]","[c]","[c]"
"In post","2022","Met Office","North Yorkshire CC","Outside London","EO","[c]","[c]","[c]","[c]"
"In post","2022","Met Office","North Yorkshire CC","Outside London","HEO","[c]","[c]","[c]","[c]"
"In post","2022","Met Office","North Yorkshire CC","Outside London","SEO","[c]","[c]","[c]","[c]"
"In post","2022","Met Office","Overseas","Overseas","AO","[c]","[c]","[c]","[c]"
"In post","2022","Met Office","Overseas","Overseas","G6","[c]","[c]","[c]","[c]"
"In post","2022","Met Office","Overseas","Overseas","G7","[c]","[c]","[c]","[c]"
"In post","2022","Met Office","Overseas","Overseas","HEO","10","10","[c]","[c]"
"In post","2022","Met Office","Overseas","Overseas","SEO","15","15","38860","39650"
"In post","2022","Met Office","Oxfordshire CC","Outside London","AO","[c]","[c]","[c]","[c]"
"In post","2022","Met Office","Oxfordshire CC","Outside London","HEO","20","15","32280","32730"
"In post","2022","Met Office","Oxfordshire CC","Outside London","SEO","5","5","[c]","[c]"
"In post","2022","Met Office","Shetland Islands","Outside London","EO","[c]","[c]","[c]","[c]"
"In post","2022","Met Office","Shetland Islands","Outside London","HEO","[c]","[c]","[c]","[c]"
"In post","2022","Met Office","Shropshire","Outside London","AO","[c]","[c]","[c]","[c]"
"In post","2022","Met Office","Shropshire","Outside London","HEO","5","5","[c]","[c]"
"In post","2022","Met Office","Shropshire","Outside London","SEO","[c]","[c]","[c]","[c]"
"In post","2022","Met Office","South Hampshire","Outside London","G7","[c]","[c]","[c]","[c]"
"In post","2022","Met Office","South Hampshire","Outside London","SEO","5","5","[c]","[c]"
"In post","2022","Met Office","South Nottinghamshire","Outside London","EO","[c]","[c]","[c]","[c]"
"In post","2022","Met Office","South Nottinghamshire","Outside London","HEO","5","5","[c]","[c]"
"In post","2022","Met Office","South Nottinghamshire","Outside London","SEO","[c]","[c]","[c]","[c]"
"In post","2022","Met Office","South West Wales","Outside London","HEO","[c]","[c]","[c]","[c]"
"In post","2022","Met Office","South West Wales","Outside London","SEO","[c]","[c]","[c]","[c]"
"In post","2022","Met Office","Southampton","Outside London","AA","[c]","[c]","[c]","[c]"
"In post","2022","Met Office","Southampton","Outside London","G7","[c]","[c]","[c]","[c]"
"In post","2022","Met Office","Southampton","Outside London","HEO","5","5","[c]","[c]"
"In post","2022","Met Office","Southampton","Outside London","SEO","[c]","[c]","[c]","[c]"
"In post","2022","Met Office","Suffolk CC","Outside London","AO","[c]","[c]","[c]","[c]"
"In post","2022","Met Office","Suffolk CC","Outside London","HEO","5","5","[c]","[c]"
"In post","2022","Met Office","Suffolk CC","Outside London","SEO","[c]","[c]","[c]","[c]"
"In post","2022","Met Office","West Sussex (North East)","Outside London","G7","[c]","[c]","[c]","[c]"
"In post","2022","Met Office","West Sussex (North East)","Outside London","HEO","[c]","[c]","[c]","[c]"
"In post","2022","Met Office","Westminster","London","G6","[c]","[c]","[c]","[c]"
"In post","2022","Met Office","Westminster","London","G7","[c]","[c]","[c]","[c]"
"In post","2022","Met Office","Westminster","London","HEO","[c]","[c]","[c]","[c]"
"In post","2022","Met Office","Westminster","London","SEO","[c]","[c]","[c]","[c]"
"In post","2022","Met Office","Wiltshire","Outside London","AO","[c]","[c]","[c]","[c]"
"In post","2022","Met Office","Wiltshire","Outside London","EO","[c]","[c]","[c]","[c]"
"In post","2022","Met Office","Wiltshire","Outside London","HEO","10","10","33330","32770"
"In post","2022","Met Office","Wiltshire","Outside London","SEO","[c]","[c]","[c]","[c]"
"In post","2022","Met Office","York","Outside London","SEO","[c]","[c]","[c]","[c]"
"In post","2022","Ministry of Defence (excl. agencies)","Aberdeen City and Aberdeenshire","Outside London","AA","[c]","[c]","[c]","[c]"
"In post","2022","Ministry of Defence (excl. agencies)","Aberdeen City and Aberdeenshire","Outside London","AO","85","80","39100","44070"
"In post","2022","Ministry of Defence (excl. agencies)","Aberdeen City and Aberdeenshire","Outside London","EO","10","10","44310","48920"
"In post","2022","Ministry of Defence (excl. agencies)","Aberdeen City and Aberdeenshire","Outside London","HEO","[c]","[c]","[c]","[c]"
"In post","2022","Ministry of Defence (excl. agencies)","Angus and Dundee City","Outside London","AA","10","10","19100","19050"
"In post","2022","Ministry of Defence (excl. agencies)","Angus and Dundee City","Outside London","AO","25","25","21880","21830"
"In post","2022","Ministry of Defence (excl. agencies)","Angus and Dundee City","Outside London","EO","[c]","[c]","[c]","[c]"
"In post","2022","Ministry of Defence (excl. agencies)","Angus and Dundee City","Outside London","G6","[c]","[c]","[c]","[c]"
"In post","2022","Ministry of Defence (excl. agencies)","Angus and Dundee City","Outside London","HEO","[c]","[c]","[c]","[c]"
"In post","2022","Ministry of Defence (excl. agencies)","Antrim and Newtownabbey","Outside London","AA","105","105","20190","20560"
"In post","2022","Ministry of Defence (excl. agencies)","Antrim and Newtownabbey","Outside London","AO","35","35","22970","22270"
"In post","2022","Ministry of Defence (excl. agencies)","Antrim and Newtownabbey","Outside London","EO","15","15","29310","27680"
"In post","2022","Ministry of Defence (excl. agencies)","Antrim and Newtownabbey","Outside London","G6","[c]","[c]","[c]","[c]"
"In post","2022","Ministry of Defence (excl. agencies)","Antrim and Newtownabbey","Outside London","HEO","10","10","[c]","[c]"
"In post","2022","Ministry of Defence (excl. agencies)","Antrim and Newtownabbey","Outside London","SCS level","[c]","[c]","[c]","[c]"
"In post","2022","Ministry of Defence (excl. agencies)","Antrim and Newtownabbey","Outside London","SEO","[c]","[c]","[c]","[c]"
"In post","2022","Ministry of Defence (excl. agencies)","Ards and North Down","Outside London","AA","100","100","20320","20560"
"In post","2022","Ministry of Defence (excl. agencies)","Ards and North Down","Outside London","AO","50","45","23160","22130"
"In post","2022","Ministry of Defence (excl. agencies)","Ards and North Down","Outside London","EO","15","15","29990","29550"
"In post","2022","Ministry of Defence (excl. agencies)","Ards and North Down","Outside London","G6","[c]","[c]","[c]","[c]"
"In post","2022","Ministry of Defence (excl. agencies)","Ards and North Down","Outside London","HEO","5","5","[c]","[c]"
"In post","2022","Ministry of Defence (excl. agencies)","Ards and North Down","Outside London","SEO","[c]","[c]","[c]","[c]"
"In post","2022","Ministry of Defence (excl. agencies)","Armagh City, Banbridge and Craigavon","Outside London","AA","[c]","[c]","[c]","[c]"
"In post","2022","Ministry of Defence (excl. agencies)","Armagh City, Banbridge and Craigavon","Outside London","AO","[c]","[c]","[c]","[c]"
"In post","2022","Ministry of Defence (excl. agencies)","Barking & Dagenham and Havering","London","AA","[c]","[c]","[c]","[c]"
"In post","2022","Ministry of Defence (excl. agencies)","Barnet","London","AA","[c]","[c]","[c]","[c]"
"In post","2022","Ministry of Defence (excl. agencies)","Barnet","London","AO","10","10","[c]","[c]"
"In post","2022","Ministry of Defence (excl. agencies)","Barnet","London","EO","[c]","[c]","[c]","[c]"
"In post","2022","Ministry of Defence (excl. agencies)","Barnet","London","Unknown","10","10","30450","29000"
"In post","2022","Ministry of Defence (excl. agencies)","Barnsley, Doncaster and Rotherham","Outside London","AA","[c]","[c]","[c]","[c]"
"In post","2022","Ministry of Defence (excl. agencies)","Barnsley, Doncaster and Rotherham","Outside London","AO","[c]","[c]","[c]","[c]"
"In post","2022","Ministry of Defence (excl. agencies)","Bath and North East Somerset, North Somerset and South Gloucestershire","Outside London","AA","65","65","20060","19810"
"In post","2022","Ministry of Defence (excl. agencies)","Bath and North East Somerset, North Somerset and South Gloucestershire","Outside London","AO","195","180","22770","21170"
"In post","2022","Ministry of Defence (excl. agencies)","Bath and North East Somerset, North Somerset and South Gloucestershire","Outside London","EO","265","255","27090","26670"
"In post","2022","Ministry of Defence (excl. agencies)","Bath and North East Somerset, North Somerset and South Gloucestershire","Outside London","G6","100","100","67260","64530"
"In post","2022","Ministry of Defence (excl. agencies)","Bath and North East Somerset, North Somerset and South Gloucestershire","Outside London","G7","280","275","55710","54540"
"In post","2022","Ministry of Defence (excl. agencies)","Bath and North East Somerset, North Somerset and South Gloucestershire","Outside London","HEO","545","530","33900","33300"
"In post","2022","Ministry of Defence (excl. agencies)","Bath and North East Somerset, North Somerset and South Gloucestershire","Outside London","SCS level","25","25","84380","83120"
"In post","2022","Ministry of Defence (excl. agencies)","Bath and North East Somerset, North Somerset and South Gloucestershire","Outside London","SEO","670","650","42160","40580"
"In post","2022","Ministry of Defence (excl. agencies)","Bath and North East Somerset, North Somerset and South Gloucestershire","Outside London","Unknown","5","5","[c]","[c]"
"In post","2022","Ministry of Defence (excl. agencies)","Bedford","Outside London","AO","[c]","[c]","[c]","[c]"
"In post","2022","Ministry of Defence (excl. agencies)","Belfast","Outside London","AA","30","30","19860","20560"
"In post","2022","Ministry of Defence (excl. agencies)","Belfast","Outside London","AO","15","15","22580","22580"
"In post","2022","Ministry of Defence (excl. agencies)","Belfast","Outside London","EO","[c]","[c]","[c]","[c]"
"In post","2022","Ministry of Defence (excl. agencies)","Belfast","Outside London","G6","[c]","[c]","[c]","[c]"
"In post","2022","Ministry of Defence (excl. agencies)","Berkshire","Outside London","AA","70","65","19310","19810"
"In post","2022","Ministry of Defence (excl. agencies)","Berkshire","Outside London","AO","575","570","31650","28750"
"In post","2022","Ministry of Defence (excl. agencies)","Berkshire","Outside London","EO","120","120","37010","43840"
"In post","2022","Ministry of Defence (excl. agencies)","Berkshire","Outside London","G6","5","5","[c]","[c]"
"In post","2022","Ministry of Defence (excl. agencies)","Berkshire","Outside London","G7","35","35","56930","54540"
"In post","2022","Ministry of Defence (excl. agencies)","Berkshire","Outside London","HEO","80","80","40750","35970"
"In post","2022","Ministry of Defence (excl. agencies)","Berkshire","Outside London","SCS level","[c]","[c]","[c]","[c]"
"In post","2022","Ministry of Defence (excl. agencies)","Berkshire","Outside London","SEO","100","100","44080","40620"
"In post","2022","Ministry of Defence (excl. agencies)","Berkshire","Outside London","Unknown","[c]","[c]","[c]","[c]"
"In post","2022","Ministry of Defence (excl. agencies)","Bexley and Greenwich","London","AA","5","5","[c]","[c]"
"In post","2022","Ministry of Defence (excl. agencies)","Bexley and Greenwich","London","AO","30","25","24510","24840"
"In post","2022","Ministry of Defence (excl. agencies)","Bexley and Greenwich","London","EO","15","15","30570","29250"
"In post","2022","Ministry of Defence (excl. agencies)","Bexley and Greenwich","London","G6","[c]","[c]","[c]","[c]"
"In post","2022","Ministry of Defence (excl. agencies)","Bexley and Greenwich","London","G7","[c]","[c]","[c]","[c]"
"In post","2022","Ministry of Defence (excl. agencies)","Bexley and Greenwich","London","HEO","25","25","38760","37940"
"In post","2022","Ministry of Defence (excl. agencies)","Bexley and Greenwich","London","SCS level","[c]","[c]","[c]","[c]"
"In post","2022","Ministry of Defence (excl. agencies)","Bexley and Greenwich","London","SEO","[c]","[c]","[c]","[c]"
"In post","2022","Ministry of Defence (excl. agencies)","Bexley and Greenwich","London","Unknown","25","25","30910","33950"
"In post","2022","Ministry of Defence (excl. agencies)","Birmingham","Outside London","AA","30","30","19890","19810"
"In post","2022","Ministry of Defence (excl. agencies)","Birmingham","Outside London","AO","30","30","21580","21380"
"In post","2022","Ministry of Defence (excl. agencies)","Birmingham","Outside London","EO","5","5","[c]","[c]"
"In post","2022","Ministry of Defence (excl. agencies)","Birmingham","Outside London","G6","[c]","[c]","[c]","[c]"
"In post","2022","Ministry of Defence (excl. agencies)","Birmingham","Outside London","G7","[c]","[c]","[c]","[c]"
"In post","2022","Ministry of Defence (excl. agencies)","Birmingham","Outside London","HEO","5","5","[c]","[c]"
"In post","2022","Ministry of Defence (excl. agencies)","Birmingham","Outside London","SEO","5","5","[c]","[c]"
"In post","2022","Ministry of Defence (excl. agencies)","Blackburn with Darwen","Outside London","AA","[c]","[c]","[c]","[c]"
"In post","2022","Ministry of Defence (excl. agencies)","Blackburn with Darwen","Outside London","AO","[c]","[c]","[c]","[c]"
"In post","2022","Ministry of Defence (excl. agencies)","Blackpool","Outside London","AO","[c]","[c]","[c]","[c]"
"In post","2022","Ministry of Defence (excl. agencies)","Bournemouth, Christchurch and Poole","Outside London","AA","30","30","19040","19030"
"In post","2022","Ministry of Defence (excl. agencies)","Bournemouth, Christchurch and Poole","Outside London","AO","40","40","21830","21170"
"In post","2022","Ministry of Defence (excl. agencies)","Bournemouth, Christchurch and Poole","Outside London","EO","15","15","26850","26670"
"In post","2022","Ministry of Defence (excl. agencies)","Bournemouth, Christchurch and Poole","Outside London","G6","[c]","[c]","[c]","[c]"
"In post","2022","Ministry of Defence (excl. agencies)","Bournemouth, Christchurch and Poole","Outside London","HEO","10","10","[c]","[c]"
"In post","2022","Ministry of Defence (excl. agencies)","Bournemouth, Christchurch and Poole","Outside London","SEO","[c]","[c]","[c]","[c]"
"In post","2022","Ministry of Defence (excl. agencies)","Breckland and South Norfolk","Outside London","AA","[c]","[c]","[c]","[c]"
"In post","2022","Ministry of Defence (excl. agencies)","Breckland and South Norfolk","Outside London","AO","[c]","[c]","[c]","[c]"
"In post","2022","Ministry of Defence (excl. agencies)","Breckland and South Norfolk","Outside London","EO","[c]","[c]","[c]","[c]"
"In post","2022","Ministry of Defence (excl. agencies)","Breckland and South Norfolk","Outside London","HEO","5","5","[c]","[c]"
"In post","2022","Ministry of Defence (excl. agencies)","Breckland and South Norfolk","Outside London","SEO","[c]","[c]","[c]","[c]"
"In post","2022","Ministry of Defence (excl. agencies)","Brent","London","AA","[c]","[c]","[c]","[c]"
"In post","2022","Ministry of Defence (excl. agencies)","Brent","London","AO","[c]","[c]","[c]","[c]"
"In post","2022","Ministry of Defence (excl. agencies)","Bridgend and Neath Port Talbot","Outside London","AA","[c]","[c]","[c]","[c]"
"In post","2022","Ministry of Defence (excl. agencies)","Bridgend and Neath Port Talbot","Outside London","AO","[c]","[c]","[c]","[c]"
"In post","2022","Ministry of Defence (excl. agencies)","Brighton and Hove","Outside London","AA","[c]","[c]","[c]","[c]"
"In post","2022","Ministry of Defence (excl. agencies)","Brighton and Hove","Outside London","AO","[c]","[c]","[c]","[c]"
"In post","2022","Ministry of Defence (excl. agencies)","Bristol, City of","Outside London","AA","15","15","18850","19050"
"In post","2022","Ministry of Defence (excl. agencies)","Bristol, City of","Outside London","AO","20","20","21660","21460"
"In post","2022","Ministry of Defence (excl. agencies)","Bristol, City of","Outside London","EO","5","5","[c]","[c]"
"In post","2022","Ministry of Defence (excl. agencies)","Bristol, City of","Outside London","HEO","[c]","[c]","[c]","[c]"
"In post","2022","Ministry of Defence (excl. agencies)","Buckinghamshire","Outside London","AA","20","20","20710","21810"
"In post","2022","Ministry of Defence (excl. agencies)","Buckinghamshire","Outside London","AO","140","135","22540","23170"
"In post","2022","Ministry of Defence (excl. agencies)","Buckinghamshire","Outside London","EO","190","185","28090","28670"
"In post","2022","Ministry of Defence (excl. agencies)","Buckinghamshire","Outside London","G6","20","15","74460","69220"
"In post","2022","Ministry of Defence (excl. agencies)","Buckinghamshire","Outside London","G7","50","50","57420","56540"
"In post","2022","Ministry of Defence (excl. agencies)","Buckinghamshire","Outside London","HEO","195","190","35520","35300"
"In post","2022","Ministry of Defence (excl. agencies)","Buckinghamshire","Outside London","SCS level","10","10","90860","86180"
"In post","2022","Ministry of Defence (excl. agencies)","Buckinghamshire","Outside London","SEO","120","115","43210","42580"
"In post","2022","Ministry of Defence (excl. agencies)","Caithness and Sutherland, and Ross and Cromarty","Outside London","AA","5","5","[c]","[c]"
"In post","2022","Ministry of Defence (excl. agencies)","Caithness and Sutherland, and Ross and Cromarty","Outside London","AO","10","10","36490","39070"
"In post","2022","Ministry of Defence (excl. agencies)","Caithness and Sutherland, and Ross and Cromarty","Outside London","EO","[c]","[c]","[c]","[c]"
"In post","2022","Ministry of Defence (excl. agencies)","Caithness and Sutherland, and Ross and Cromarty","Outside London","HEO","[c]","[c]","[c]","[c]"
"In post","2022","Ministry of Defence (excl. agencies)","Calderdale and Kirklees","Outside London","AA","[c]","[c]","[c]","[c]"
"In post","2022","Ministry of Defence (excl. agencies)","Calderdale and Kirklees","Outside London","AO","[c]","[c]","[c]","[c]"
"In post","2022","Ministry of Defence (excl. agencies)","Calderdale and Kirklees","Outside London","EO","[c]","[c]","[c]","[c]"
"In post","2022","Ministry of Defence (excl. agencies)","Cambridgeshire CC","Outside London","AA","20","20","19670","19810"
"In post","2022","Ministry of Defence (excl. agencies)","Cambridgeshire CC","Outside London","AO","225","215","26380","21830"
"In post","2022","Ministry of Defence (excl. agencies)","Cambridgeshire CC","Outside London","EO","280","270","28710","26670"
"In post","2022","Ministry of Defence (excl. agencies)","Cambridgeshire CC","Outside London","G6","20","20","71350","64220"
"In post","2022","Ministry of Defence (excl. agencies)","Cambridgeshire CC","Outside London","G7","70","70","56120","54540"
"In post","2022","Ministry of Defence (excl. agencies)","Cambridgeshire CC","Outside London","HEO","420","410","34750","33300"
"In post","2022","Ministry of Defence (excl. agencies)","Cambridgeshire CC","Outside London","SCS level","5","5","[c]","[c]"
"In post","2022","Ministry of Defence (excl. agencies)","Cambridgeshire CC","Outside London","SEO","240","235","42470","40580"
"In post","2022","Ministry of Defence (excl. agencies)","Cambridgeshire CC","Outside London","Unknown","[c]","[c]","[c]","[c]"
"In post","2022","Ministry of Defence (excl. agencies)","Camden and City of London","London","AA","30","30","23980","22050"
"In post","2022","Ministry of Defence (excl. agencies)","Camden and City of London","London","AO","50","50","32660","29370"
"In post","2022","Ministry of Defence (excl. agencies)","Camden and City of London","London","EO","15","15","37440","32190"
"In post","2022","Ministry of Defence (excl. agencies)","Camden and City of London","London","G6","[c]","[c]","[c]","[c]"
"In post","2022","Ministry of Defence (excl. agencies)","Camden and City of London","London","G7","5","5","[c]","[c]"
"In post","2022","Ministry of Defence (excl. agencies)","Camden and City of London","London","HEO","15","15","38800","37640"
"In post","2022","Ministry of Defence (excl. agencies)","Camden and City of London","London","SCS level","[c]","[c]","[c]","[c]"
"In post","2022","Ministry of Defence (excl. agencies)","Camden and City of London","London","SEO","20","20","45080","44500"
"In post","2022","Ministry of Defence (excl. agencies)","Cardiff and Vale of Glamorgan","Outside London","AA","60","55","19830","19810"
"In post","2022","Ministry of Defence (excl. agencies)","Cardiff and Vale of Glamorgan","Outside London","AO","80","75","21790","21380"
"In post","2022","Ministry of Defence (excl. agencies)","Cardiff and Vale of Glamorgan","Outside London","EO","70","70","28960","29670"
"In post","2022","Ministry of Defence (excl. agencies)","Cardiff and Vale of Glamorgan","Outside London","G6","[c]","[c]","[c]","[c]"
"In post","2022","Ministry of Defence (excl. agencies)","Cardiff and Vale of Glamorgan","Outside London","G7","[c]","[c]","[c]","[c]"
"In post","2022","Ministry of Defence (excl. agencies)","Cardiff and Vale of Glamorgan","Outside London","HEO","35","35","34780","33810"
"In post","2022","Ministry of Defence (excl. agencies)","Cardiff and Vale of Glamorgan","Outside London","SCS level","[c]","[c]","[c]","[c]"
"In post","2022","Ministry of Defence (excl. agencies)","Cardiff and Vale of Glamorgan","Outside London","SEO","5","5","[c]","[c]"
"In post","2022","Ministry of Defence (excl. agencies)","Causeway Coast and Glens","Outside London","AA","55","55","20440","20560"
"In post","2022","Ministry of Defence (excl. agencies)","Causeway Coast and Glens","Outside London","AO","5","5","[c]","[c]"
"In post","2022","Ministry of Defence (excl. agencies)","Causeway Coast and Glens","Outside London","EO","[c]","[c]","[c]","[c]"
"In post","2022","Ministry of Defence (excl. agencies)","Central Bedfordshire","Outside London","AA","45","45","19650","19810"
"In post","2022","Ministry of Defence (excl. agencies)","Central Bedfordshire","Outside London","AO","70","70","21360","21170"
"In post","2022","Ministry of Defence (excl. agencies)","Central Bedfordshire","Outside London","EO","80","80","28490","26670"
"In post","2022","Ministry of Defence (excl. agencies)","Central Bedfordshire","Outside London","G6","5","5","[c]","[c]"
"In post","2022","Ministry of Defence (excl. agencies)","Central Bedfordshire","Outside London","G7","[c]","[c]","[c]","[c]"
"In post","2022","Ministry of Defence (excl. agencies)","Central Bedfordshire","Outside London","HEO","75","75","36530","36300"
"In post","2022","Ministry of Defence (excl. agencies)","Central Bedfordshire","Outside London","SCS level","[c]","[c]","[c]","[c]"
"In post","2022","Ministry of Defence (excl. agencies)","Central Bedfordshire","Outside London","SEO","20","20","44470","43410"
"In post","2022","Ministry of Defence (excl. agencies)","Central Hampshire","Outside London","AA","135","130","19310","19050"
"In post","2022","Ministry of Defence (excl. agencies)","Central Hampshire","Outside London","AO","325","310","22370","21170"
"In post","2022","Ministry of Defence (excl. agencies)","Central Hampshire","Outside London","EO","425","415","27050","26670"
"In post","2022","Ministry of Defence (excl. agencies)","Central Hampshire","Outside London","G6","60","55","68950","64220"
"In post","2022","Ministry of Defence (excl. agencies)","Central Hampshire","Outside London","G7","160","155","55430","54540"
"In post","2022","Ministry of Defence (excl. agencies)","Central Hampshire","Outside London","HEO","555","540","33850","33300"
"In post","2022","Ministry of Defence (excl. agencies)","Central Hampshire","Outside London","SCS level","25","25","86060","79000"
"In post","2022","Ministry of Defence (excl. agencies)","Central Hampshire","Outside London","SEO","395","385","41360","40580"
"In post","2022","Ministry of Defence (excl. agencies)","Central Hampshire","Outside London","Unknown","10","10","42160","42240"
"In post","2022","Ministry of Defence (excl. agencies)","Central Valleys","Outside London","AA","[c]","[c]","[c]","[c]"
"In post","2022","Ministry of Defence (excl. agencies)","Central Valleys","Outside London","AO","[c]","[c]","[c]","[c]"
"In post","2022","Ministry of Defence (excl. agencies)","Cheshire East","Outside London","AA","10","10","20330","19810"
"In post","2022","Ministry of Defence (excl. agencies)","Cheshire East","Outside London","AO","175","155","21410","21170"
"In post","2022","Ministry of Defence (excl. agencies)","Cheshire East","Outside London","EO","60","60","26600","26670"
"In post","2022","Ministry of Defence (excl. agencies)","Cheshire East","Outside London","G6","5","5","[c]","[c]"
"In post","2022","Ministry of Defence (excl. agencies)","Cheshire East","Outside London","G7","10","10","[c]","[c]"
"In post","2022","Ministry of Defence (excl. agencies)","Cheshire East","Outside London","HEO","60","60","33270","33300"
"In post","2022","Ministry of Defence (excl. agencies)","Cheshire East","Outside London","SCS level","[c]","[c]","[c]","[c]"
"In post","2022","Ministry of Defence (excl. agencies)","Cheshire East","Outside London","SEO","35","35","40350","40580"
"In post","2022","Ministry of Defence (excl. agencies)","Cheshire West and Chester","Outside London","AO","10","10","21950","21410"
"In post","2022","Ministry of Defence (excl. agencies)","Cheshire West and Chester","Outside London","EO","[c]","[c]","[c]","[c]"
"In post","2022","Ministry of Defence (excl. agencies)","Cheshire West and Chester","Outside London","G6","[c]","[c]","[c]","[c]"
"In post","2022","Ministry of Defence (excl. agencies)","Cheshire West and Chester","Outside London","HEO","5","5","[c]","[c]"
"In post","2022","Ministry of Defence (excl. agencies)","Cheshire West and Chester","Outside London","SEO","[c]","[c]","[c]","[c]"
"In post","2022","Ministry of Defence (excl. agencies)","Chorley and West Lancashire","Outside London","AO","[c]","[c]","[c]","[c]"
"In post","2022","Ministry of Defence (excl. agencies)","City of Edinburgh","Outside London","AA","45","45","19630","19050"
"In post","2022","Ministry of Defence (excl. agencies)","City of Edinburgh","Outside London","AO","75","70","21580","21380"
"In post","2022","Ministry of Defence (excl. agencies)","City of Edinburgh","Outside London","EO","40","35","27880","26670"
"In post","2022","Ministry of Defence (excl. agencies)","City of Edinburgh","Outside London","G6","[c]","[c]","[c]","[c]"
"In post","2022","Ministry of Defence (excl. agencies)","City of Edinburgh","Outside London","G7","5","5","[c]","[c]"
"In post","2022","Ministry of Defence (excl. agencies)","City of Edinburgh","Outside London","HEO","40","40","34680","33300"
"In post","2022","Ministry of Defence (excl. agencies)","City of Edinburgh","Outside London","SCS level","[c]","[c]","[c]","[c]"
"In post","2022","Ministry of Defence (excl. agencies)","City of Edinburgh","Outside London","SEO","10","10","44090","43920"
"In post","2022","Ministry of Defence (excl. agencies)","Clackmannanshire and Fife","Outside London","AA","50","45","19720","19810"
"In post","2022","Ministry of Defence (excl. agencies)","Clackmannanshire and Fife","Outside London","AO","80","80","24380","21380"
"In post","2022","Ministry of Defence (excl. agencies)","Clackmannanshire and Fife","Outside London","EO","40","40","28150","26670"
"In post","2022","Ministry of Defence (excl. agencies)","Clackmannanshire and Fife","Outside London","G6","5","5","[c]","[c]"
"In post","2022","Ministry of Defence (excl. agencies)","Clackmannanshire and Fife","Outside London","G7","10","10","57120","54540"
"In post","2022","Ministry of Defence (excl. agencies)","Clackmannanshire and Fife","Outside London","HEO","75","70","33970","33300"
"In post","2022","Ministry of Defence (excl. agencies)","Clackmannanshire and Fife","Outside London","SCS level","[c]","[c]","[c]","[c]"
"In post","2022","Ministry of Defence (excl. agencies)","Clackmannanshire and Fife","Outside London","SEO","45","40","41710","40580"
"In post","2022","Ministry of Defence (excl. agencies)","Clackmannanshire and Fife","Outside London","Unknown","[c]","[c]","[c]","[c]"
"In post","2022","Ministry of Defence (excl. agencies)","Conwy and Denbighshire","Outside London","AA","10","10","[c]","[c]"
"In post","2022","Ministry of Defence (excl. agencies)","Conwy and Denbighshire","Outside London","AO","5","5","[c]","[c]"
"In post","2022","Ministry of Defence (excl. agencies)","Conwy and Denbighshire","Outside London","EO","[c]","[c]","[c]","[c]"
"In post","2022","Ministry of Defence (excl. agencies)","Conwy and Denbighshire","Outside London","HEO","[c]","[c]","[c]","[c]"
"In post","2022","Ministry of Defence (excl. agencies)","Cornwall and Isles of Scilly","Outside London","AA","95","90","19480","19810"
"In post","2022","Ministry of Defence (excl. agencies)","Cornwall and Isles of Scilly","Outside London","AO","180","170","21840","21380"
"In post","2022","Ministry of Defence (excl. agencies)","Cornwall and Isles of Scilly","Outside London","EO","85","80","27130","26670"
"In post","2022","Ministry of Defence (excl. agencies)","Cornwall and Isles of Scilly","Outside London","G6","5","5","[c]","[c]"
"In post","2022","Ministry of Defence (excl. agencies)","Cornwall and Isles of Scilly","Outside London","G7","[c]","[c]","[c]","[c]"
"In post","2022","Ministry of Defence (excl. agencies)","Cornwall and Isles of Scilly","Outside London","HEO","60","55","34430","33300"
"In post","2022","Ministry of Defence (excl. agencies)","Cornwall and Isles of Scilly","Outside London","SEO","5","5","[c]","[c]"
"In post","2022","Ministry of Defence (excl. agencies)","Coventry","Outside London","AA","5","5","[c]","[c]"
"In post","2022","Ministry of Defence (excl. agencies)","Coventry","Outside London","AO","5","5","[c]","[c]"
"In post","2022","Ministry of Defence (excl. agencies)","Coventry","Outside London","EO","[c]","[c]","[c]","[c]"
"In post","2022","Ministry of Defence (excl. agencies)","Croydon","London","AA","5","5","[c]","[c]"
"In post","2022","Ministry of Defence (excl. agencies)","Croydon","London","AO","5","5","[c]","[c]"
"In post","2022","Ministry of Defence (excl. agencies)","Croydon","London","EO","[c]","[c]","[c]","[c]"
"In post","2022","Ministry of Defence (excl. agencies)","Darlington","Outside London","AA","[c]","[c]","[c]","[c]"
"In post","2022","Ministry of Defence (excl. agencies)","Derby","Outside London","AA","[c]","[c]","[c]","[c]"
"In post","2022","Ministry of Defence (excl. agencies)","Derby","Outside London","AO","40","40","32410","33200"
"In post","2022","Ministry of Defence (excl. agencies)","Derby","Outside London","EO","5","5","[c]","[c]"
"In post","2022","Ministry of Defence (excl. agencies)","Derby","Outside London","HEO","[c]","[c]","[c]","[c]"
"In post","2022","Ministry of Defence (excl. agencies)","Derry City and Strabane","Outside London","AA","5","5","[c]","[c]"
"In post","2022","Ministry of Defence (excl. agencies)","Derry City and Strabane","Outside London","AO","[c]","[c]","[c]","[c]"
"In post","2022","Ministry of Defence (excl. agencies)","Devon CC","Outside London","AA","170","160","20570","19050"
"In post","2022","Ministry of Defence (excl. agencies)","Devon CC","Outside London","AO","100","95","22450","21830"
"In post","2022","Ministry of Defence (excl. agencies)","Devon CC","Outside London","EO","60","55","27400","26670"
"In post","2022","Ministry of Defence (excl. agencies)","Devon CC","Outside London","G6","5","5","[c]","[c]"
"In post","2022","Ministry of Defence (excl. agencies)","Devon CC","Outside London","G7","[c]","[c]","[c]","[c]"
"In post","2022","Ministry of Defence (excl. agencies)","Devon CC","Outside London","HEO","35","30","34960","33300"
"In post","2022","Ministry of Defence (excl. agencies)","Devon CC","Outside London","SEO","15","15","43100","43230"
"In post","2022","Ministry of Defence (excl. agencies)","Dorset","Outside London","AA","70","70","19750","19810"
"In post","2022","Ministry of Defence (excl. agencies)","Dorset","Outside London","AO","140","135","21750","21170"
"In post","2022","Ministry of Defence (excl. agencies)","Dorset","Outside London","EO","205","200","29310","26930"
"In post","2022","Ministry of Defence (excl. agencies)","Dorset","Outside London","G6","5","5","[c]","[c]"
"In post","2022","Ministry of Defence (excl. agencies)","Dorset","Outside London","G7","10","5","[c]","[c]"
"In post","2022","Ministry of Defence (excl. agencies)","Dorset","Outside London","HEO","105","100","36100","34320"
"In post","2022","Ministry of Defence (excl. agencies)","Dorset","Outside London","SCS level","[c]","[c]","[c]","[c]"
"In post","2022","Ministry of Defence (excl. agencies)","Dorset","Outside London","SEO","35","35","44740","44790"
"In post","2022","Ministry of Defence (excl. agencies)","Dorset","Outside London","Unknown","[c]","[c]","[c]","[c]"
"In post","2022","Ministry of Defence (excl. agencies)","Dudley","Outside London","AA","[c]","[c]","[c]","[c]"
"In post","2022","Ministry of Defence (excl. agencies)","Dudley","Outside London","AO","[c]","[c]","[c]","[c]"
"In post","2022","Ministry of Defence (excl. agencies)","Dumfries and Galloway","Outside London","AA","10","10","19580","19810"
"In post","2022","Ministry of Defence (excl. agencies)","Dumfries and Galloway","Outside London","AO","[c]","[c]","[c]","[c]"
"In post","2022","Ministry of Defence (excl. agencies)","Dumfries and Galloway","Outside London","EO","[c]","[c]","[c]","[c]"
"In post","2022","Ministry of Defence (excl. agencies)","Dumfries and Galloway","Outside London","HEO","[c]","[c]","[c]","[c]"
"In post","2022","Ministry of Defence (excl. agencies)","Durham","Outside London","AA","5","5","[c]","[c]"
"In post","2022","Ministry of Defence (excl. agencies)","Durham","Outside London","AO","5","5","[c]","[c]"
"In post","2022","Ministry of Defence (excl. agencies)","Durham","Outside London","EO","[c]","[c]","[c]","[c]"
"In post","2022","Ministry of Defence (excl. agencies)","Ealing","London","AO","5","5","[c]","[c]"
"In post","2022","Ministry of Defence (excl. agencies)","Ealing","London","EO","[c]","[c]","[c]","[c]"
"In post","2022","Ministry of Defence (excl. agencies)","Ealing","London","HEO","[c]","[c]","[c]","[c]"
"In post","2022","Ministry of Defence (excl. agencies)","East Ayrshire and North Ayrshire mainland","Outside London","AA","15","15","19970","19810"
"In post","2022","Ministry of Defence (excl. agencies)","East Ayrshire and North Ayrshire mainland","Outside London","AO","20","20","31570","39070"
"In post","2022","Ministry of Defence (excl. agencies)","East Ayrshire and North Ayrshire mainland","Outside London","EO","[c]","[c]","[c]","[c]"
"In post","2022","Ministry of Defence (excl. agencies)","East Ayrshire and North Ayrshire mainland","Outside London","HEO","5","5","[c]","[c]"
"In post","2022","Ministry of Defence (excl. agencies)","East Ayrshire and North Ayrshire mainland","Outside London","SEO","5","5","[c]","[c]"
"In post","2022","Ministry of Defence (excl. agencies)","East Cumbria","Outside London","AA","30","25","19900","19810"
"In post","2022","Ministry of Defence (excl. agencies)","East Cumbria","Outside London","AO","20","20","29080","22080"
"In post","2022","Ministry of Defence (excl. agencies)","East Cumbria","Outside London","EO","10","10","30290","26930"
"In post","2022","Ministry of Defence (excl. agencies)","East Cumbria","Outside London","HEO","5","5","[c]","[c]"
"In post","2022","Ministry of Defence (excl. agencies)","East Cumbria","Outside London","SEO","[c]","[c]","[c]","[c]"
"In post","2022","Ministry of Defence (excl. agencies)","East Derbyshire","Outside London","AA","[c]","[c]","[c]","[c]"
"In post","2022","Ministry of Defence (excl. agencies)","East Dunbartonshire, West Dunbartonshire, and Helensburgh and Lomond","Outside London","AA","335","310","20350","19810"
"In post","2022","Ministry of Defence (excl. agencies)","East Dunbartonshire, West Dunbartonshire, and Helensburgh and Lomond","Outside London","AO","725","710","31490","33200"
"In post","2022","Ministry of Defence (excl. agencies)","East Dunbartonshire, West Dunbartonshire, and Helensburgh and Lomond","Outside London","EO","145","145","35500","31530"
"In post","2022","Ministry of Defence (excl. agencies)","East Dunbartonshire, West Dunbartonshire, and Helensburgh and Lomond","Outside London","G6","10","10","75450","77590"
"In post","2022","Ministry of Defence (excl. agencies)","East Dunbartonshire, West Dunbartonshire, and Helensburgh and Lomond","Outside London","G7","25","25","62130","63480"
"In post","2022","Ministry of Defence (excl. agencies)","East Dunbartonshire, West Dunbartonshire, and Helensburgh and Lomond","Outside London","HEO","140","135","41200","37300"
"In post","2022","Ministry of Defence (excl. agencies)","East Dunbartonshire, West Dunbartonshire, and Helensburgh and Lomond","Outside London","SCS level","[c]","[c]","[c]","[c]"
"In post","2022","Ministry of Defence (excl. agencies)","East Dunbartonshire, West Dunbartonshire, and Helensburgh and Lomond","Outside London","SEO","80","80","47420","43720"
"In post","2022","Ministry of Defence (excl. agencies)","East Kent","Outside London","AA","35","30","20600","19810"
"In post","2022","Ministry of Defence (excl. agencies)","East Kent","Outside London","AO","30","30","21810","21830"
"In post","2022","Ministry of Defence (excl. agencies)","East Kent","Outside London","EO","25","25","27140","26670"
"In post","2022","Ministry of Defence (excl. agencies)","East Kent","Outside London","G6","[c]","[c]","[c]","[c]"
"In post","2022","Ministry of Defence (excl. agencies)","East Kent","Outside London","G7","[c]","[c]","[c]","[c]"
"In post","2022","Ministry of Defence (excl. agencies)","East Kent","Outside London","HEO","15","15","35420","33300"
"In post","2022","Ministry of Defence (excl. agencies)","East Kent","Outside London","SEO","5","5","[c]","[c]"
"In post","2022","Ministry of Defence (excl. agencies)","East Lothian and Midlothian","Outside London","AO","[c]","[c]","[c]","[c]"
"In post","2022","Ministry of Defence (excl. agencies)","East Merseyside","Outside London","AA","[c]","[c]","[c]","[c]"
"In post","2022","Ministry of Defence (excl. agencies)","East Merseyside","Outside London","AO","5","5","[c]","[c]"
"In post","2022","Ministry of Defence (excl. agencies)","East Merseyside","Outside London","EO","[c]","[c]","[c]","[c]"
"In post","2022","Ministry of Defence (excl. agencies)","East Riding of Yorkshire","Outside London","AA","30","25","19220","19050"
"In post","2022","Ministry of Defence (excl. agencies)","East Riding of Yorkshire","Outside London","AO","110","105","26600","21830"
"In post","2022","Ministry of Defence (excl. agencies)","East Riding of Yorkshire","Outside London","EO","295","285","27400","26670"
"In post","2022","Ministry of Defence (excl. agencies)","East Riding of Yorkshire","Outside London","HEO","35","35","35110","33300"
"In post","2022","Ministry of Defence (excl. agencies)","East Riding of Yorkshire","Outside London","SEO","[c]","[c]","[c]","[c]"
"In post","2022","Ministry of Defence (excl. agencies)","East Surrey","Outside London","AA","[c]","[c]","[c]","[c]"
"In post","2022","Ministry of Defence (excl. agencies)","East Surrey","Outside London","AO","5","5","[c]","[c]"
"In post","2022","Ministry of Defence (excl. agencies)","East Surrey","Outside London","EO","[c]","[c]","[c]","[c]"
"In post","2022","Ministry of Defence (excl. agencies)","East Surrey","Outside London","SEO","[c]","[c]","[c]","[c]"
"In post","2022","Ministry of Defence (excl. agencies)","East Sussex CC","Outside London","AA","10","10","[c]","[c]"
"In post","2022","Ministry of Defence (excl. agencies)","East Sussex CC","Outside London","AO","[c]","[c]","[c]","[c]"
"In post","2022","Ministry of Defence (excl. agencies)","East Sussex CC","Outside London","EO","[c]","[c]","[c]","[c]"
"In post","2022","Ministry of Defence (excl. agencies)","East Sussex CC","Outside London","HEO","[c]","[c]","[c]","[c]"
"In post","2022","Ministry of Defence (excl. agencies)","Essex Haven Gateway","Outside London","AA","35","35","21380","20890"
"In post","2022","Ministry of Defence (excl. agencies)","Essex Haven Gateway","Outside London","AO","80","75","26100","22330"
"In post","2022","Ministry of Defence (excl. agencies)","Essex Haven Gateway","Outside London","EO","70","70","30700","27570"
"In post","2022","Ministry of Defence (excl. agencies)","Essex Haven Gateway","Outside London","G6","[c]","[c]","[c]","[c]"
"In post","2022","Ministry of Defence (excl. agencies)","Essex Haven Gateway","Outside London","G7","5","5","[c]","[c]"
"In post","2022","Ministry of Defence (excl. agencies)","Essex Haven Gateway","Outside London","HEO","45","45","37270","33630"
"In post","2022","Ministry of Defence (excl. agencies)","Essex Haven Gateway","Outside London","SCS level","[c]","[c]","[c]","[c]"
"In post","2022","Ministry of Defence (excl. agencies)","Essex Haven Gateway","Outside London","SEO","10","10","45770","40580"
"In post","2022","Ministry of Defence (excl. agencies)","Falkirk","Outside London","AA","[c]","[c]","[c]","[c]"
"In post","2022","Ministry of Defence (excl. agencies)","Falkirk","Outside London","AO","[c]","[c]","[c]","[c]"
"In post","2022","Ministry of Defence (excl. agencies)","Fermanagh and Omagh","Outside London","AA","15","15","20380","20560"
"In post","2022","Ministry of Defence (excl. agencies)","Fermanagh and Omagh","Outside London","AO","[c]","[c]","[c]","[c]"
"In post","2022","Ministry of Defence (excl. agencies)","Flintshire and Wrexham","Outside London","AA","15","15","19870","19810"
"In post","2022","Ministry of Defence (excl. agencies)","Flintshire and Wrexham","Outside London","AO","10","10","21690","21380"
"In post","2022","Ministry of Defence (excl. agencies)","Flintshire and Wrexham","Outside London","EO","10","10","[c]","[c]"
"In post","2022","Ministry of Defence (excl. agencies)","Flintshire and Wrexham","Outside London","G6","[c]","[c]","[c]","[c]"
"In post","2022","Ministry of Defence (excl. agencies)","Flintshire and Wrexham","Outside London","G7","[c]","[c]","[c]","[c]"
"In post","2022","Ministry of Defence (excl. agencies)","Flintshire and Wrexham","Outside London","HEO","15","15","33560","33300"
"In post","2022","Ministry of Defence (excl. agencies)","Flintshire and Wrexham","Outside London","SCS level","[c]","[c]","[c]","[c]"
"In post","2022","Ministry of Defence (excl. agencies)","Flintshire and Wrexham","Outside London","SEO","10","10","[c]","[c]"
"In post","2022","Ministry of Defence (excl. agencies)","Flintshire and Wrexham","Outside London","Unknown","[c]","[c]","[c]","[c]"
"In post","2022","Ministry of Defence (excl. agencies)","Glasgow City","Outside London","AA","60","55","19710","19810"
"In post","2022","Ministry of Defence (excl. agencies)","Glasgow City","Outside London","AO","415","385","21620","21380"
"In post","2022","Ministry of Defence (excl. agencies)","Glasgow City","Outside London","EO","150","150","26940","26670"
"In post","2022","Ministry of Defence (excl. agencies)","Glasgow City","Outside London","G6","5","5","[c]","[c]"
"In post","2022","Ministry of Defence (excl. agencies)","Glasgow City","Outside London","G7","5","5","[c]","[c]"
"In post","2022","Ministry of Defence (excl. agencies)","Glasgow City","Outside London","HEO","120","120","33690","33300"
"In post","2022","Ministry of Defence (excl. agencies)","Glasgow City","Outside London","SEO","55","55","41450","40580"
"In post","2022","Ministry of Defence (excl. agencies)","Gloucestershire CC","Outside London","AA","30","30","19890","19810"
"In post","2022","Ministry of Defence (excl. agencies)","Gloucestershire CC","Outside London","AO","145","135","26080","21830"
"In post","2022","Ministry of Defence (excl. agencies)","Gloucestershire CC","Outside London","EO","80","75","29470","26670"
"In post","2022","Ministry of Defence (excl. agencies)","Gloucestershire CC","Outside London","G6","5","5","[c]","[c]"
"In post","2022","Ministry of Defence (excl. agencies)","Gloucestershire CC","Outside London","G7","10","10","58450","54540"
"In post","2022","Ministry of Defence (excl. agencies)","Gloucestershire CC","Outside London","HEO","50","50","34980","33300"
"In post","2022","Ministry of Defence (excl. agencies)","Gloucestershire CC","Outside London","SCS level","[c]","[c]","[c]","[c]"
"In post","2022","Ministry of Defence (excl. agencies)","Gloucestershire CC","Outside London","SEO","15","15","40640","40580"
"In post","2022","Ministry of Defence (excl. agencies)","Greater Manchester North East","Outside London","AA","10","10","[c]","[c]"
"In post","2022","Ministry of Defence (excl. agencies)","Greater Manchester North East","Outside London","AO","[c]","[c]","[c]","[c]"
"In post","2022","Ministry of Defence (excl. agencies)","Greater Manchester North West","Outside London","AA","[c]","[c]","[c]","[c]"
"In post","2022","Ministry of Defence (excl. agencies)","Greater Manchester North West","Outside London","AO","[c]","[c]","[c]","[c]"
"In post","2022","Ministry of Defence (excl. agencies)","Greater Manchester South East","Outside London","AO","[c]","[c]","[c]","[c]"
"In post","2022","Ministry of Defence (excl. agencies)","Greater Manchester South West","Outside London","AA","5","5","[c]","[c]"
"In post","2022","Ministry of Defence (excl. agencies)","Greater Manchester South West","Outside London","AO","10","10","[c]","[c]"
"In post","2022","Ministry of Defence (excl. agencies)","Gwent Valleys","Outside London","AA","[c]","[c]","[c]","[c]"
"In post","2022","Ministry of Defence (excl. agencies)","Gwent Valleys","Outside London","AO","5","5","[c]","[c]"
"In post","2022","Ministry of Defence (excl. agencies)","Gwent Valleys","Outside London","SEO","[c]","[c]","[c]","[c]"
"In post","2022","Ministry of Defence (excl. agencies)","Gwynedd","Outside London","AA","[c]","[c]","[c]","[c]"
"In post","2022","Ministry of Defence (excl. agencies)","Gwynedd","Outside London","EO","[c]","[c]","[c]","[c]"
"In post","2022","Ministry of Defence (excl. agencies)","Hackney and Newham","London","AA","[c]","[c]","[c]","[c]"
"In post","2022","Ministry of Defence (excl. agencies)","Hackney and Newham","London","AO","5","5","[c]","[c]"
"In post","2022","Ministry of Defence (excl. agencies)","Hackney and Newham","London","EO","[c]","[c]","[c]","[c]"
"In post","2022","Ministry of Defence (excl. agencies)","Haringey and Islington","London","AA","5","5","[c]","[c]"
"In post","2022","Ministry of Defence (excl. agencies)","Haringey and Islington","London","AO","5","5","[c]","[c]"
"In post","2022","Ministry of Defence (excl. agencies)","Harrow and Hillingdon","London","AA","25","25","22620","23150"
"In post","2022","Ministry of Defence (excl. agencies)","Harrow and Hillingdon","London","AO","55","50","26820","25890"
"In post","2022","Ministry of Defence (excl. agencies)","Harrow and Hillingdon","London","EO","30","30","32020","31000"
"In post","2022","Ministry of Defence (excl. agencies)","Harrow and Hillingdon","London","G6","5","5","[c]","[c]"
"In post","2022","Ministry of Defence (excl. agencies)","Harrow and Hillingdon","London","G7","5","5","[c]","[c]"
"In post","2022","Ministry of Defence (excl. agencies)","Harrow and Hillingdon","London","HEO","25","25","38070","37890"
"In post","2022","Ministry of Defence (excl. agencies)","Harrow and Hillingdon","London","SCS level","[c]","[c]","[c]","[c]"
"In post","2022","Ministry of Defence (excl. agencies)","Harrow and Hillingdon","London","SEO","10","10","45400","44220"
"In post","2022","Ministry of Defence (excl. agencies)","Hartlepool and Stockton-on-Tees","Outside London","AA","[c]","[c]","[c]","[c]"
"In post","2022","Ministry of Defence (excl. agencies)","Hartlepool and Stockton-on-Tees","Outside London","AO","[c]","[c]","[c]","[c]"
"In post","2022","Ministry of Defence (excl. agencies)","Heart of Essex","Outside London","AA","[c]","[c]","[c]","[c]"
"In post","2022","Ministry of Defence (excl. agencies)","Heart of Essex","Outside London","AO","5","5","[c]","[c]"
"In post","2022","Ministry of Defence (excl. agencies)","Heart of Essex","Outside London","HEO","[c]","[c]","[c]","[c]"
"In post","2022","Ministry of Defence (excl. agencies)","Herefordshire, County of","Outside London","AA","30","30","18940","19010"
"In post","2022","Ministry of Defence (excl. agencies)","Herefordshire, County of","Outside London","AO","175","170","25880","21380"
"In post","2022","Ministry of Defence (excl. agencies)","Herefordshire, County of","Outside London","EO","70","70","28490","26670"
"In post","2022","Ministry of Defence (excl. agencies)","Herefordshire, County of","Outside London","G6","[c]","[c]","[c]","[c]"
"In post","2022","Ministry of Defence (excl. agencies)","Herefordshire, County of","Outside London","G7","[c]","[c]","[c]","[c]"
"In post","2022","Ministry of Defence (excl. agencies)","Herefordshire, County of","Outside London","HEO","30","30","34420","33300"
"In post","2022","Ministry of Defence (excl. agencies)","Herefordshire, County of","Outside London","SEO","5","5","[c]","[c]"
"In post","2022","Ministry of Defence (excl. agencies)","Hertfordshire CC","Outside London","AA","25","25","22780","22900"
"In post","2022","Ministry of Defence (excl. agencies)","Hertfordshire CC","Outside London","AO","35","35","25540","25640"
"In post","2022","Ministry of Defence (excl. agencies)","Hertfordshire CC","Outside London","EO","75","75","30960","30750"
"In post","2022","Ministry of Defence (excl. agencies)","Hertfordshire CC","Outside London","G6","20","20","69520","68500"
"In post","2022","Ministry of Defence (excl. agencies)","Hertfordshire CC","Outside London","G7","55","55","59890","59730"
"In post","2022","Ministry of Defence (excl. agencies)","Hertfordshire CC","Outside London","HEO","120","120","37130","37000"
"In post","2022","Ministry of Defence (excl. agencies)","Hertfordshire CC","Outside London","SCS level","10","10","81060","77020"
"In post","2022","Ministry of Defence (excl. agencies)","Hertfordshire CC","Outside London","SEO","105","105","45080","44500"
"In post","2022","Ministry of Defence (excl. agencies)","Hounslow and Richmond upon Thames","London","AA","15","15","21500","21400"
"In post","2022","Ministry of Defence (excl. agencies)","Hounslow and Richmond upon Thames","London","AO","40","35","24370","24360"
"In post","2022","Ministry of Defence (excl. agencies)","Hounslow and Richmond upon Thames","London","EO","135","130","29580","29250"
"In post","2022","Ministry of Defence (excl. agencies)","Hounslow and Richmond upon Thames","London","G6","[c]","[c]","[c]","[c]"
"In post","2022","Ministry of Defence (excl. agencies)","Hounslow and Richmond upon Thames","London","G7","5","5","[c]","[c]"
"In post","2022","Ministry of Defence (excl. agencies)","Hounslow and Richmond upon Thames","London","HEO","75","70","37080","36140"
"In post","2022","Ministry of Defence (excl. agencies)","Hounslow and Richmond upon Thames","London","SEO","25","25","44690","43700"
"In post","2022","Ministry of Defence (excl. agencies)","Inverclyde, East Renfrewshire, and Renfrewshire","Outside London","AA","[c]","[c]","[c]","[c]"
"In post","2022","Ministry of Defence (excl. agencies)","Inverclyde, East Renfrewshire, and Renfrewshire","Outside London","AO","5","5","[c]","[c]"
"In post","2022","Ministry of Defence (excl. agencies)","Inverclyde, East Renfrewshire, and Renfrewshire","Outside London","HEO","[c]","[c]","[c]","[c]"
"In post","2022","Ministry of Defence (excl. agencies)","Inverness and Nairn, Moray, and Badenoch and Strathspey","Outside London","AA","80","80","19750","19810"
"In post","2022","Ministry of Defence (excl. agencies)","Inverness and Nairn, Moray, and Badenoch and Strathspey","Outside London","AO","130","125","21450","21170"
"In post","2022","Ministry of Defence (excl. agencies)","Inverness and Nairn, Moray, and Badenoch and Strathspey","Outside London","EO","35","35","27020","26670"
"In post","2022","Ministry of Defence (excl. agencies)","Inverness and Nairn, Moray, and Badenoch and Strathspey","Outside London","G6","5","5","[c]","[c]"
"In post","2022","Ministry of Defence (excl. agencies)","Inverness and Nairn, Moray, and Badenoch and Strathspey","Outside London","G7","5","5","[c]","[c]"
"In post","2022","Ministry of Defence (excl. agencies)","Inverness and Nairn, Moray, and Badenoch and Strathspey","Outside London","HEO","30","30","35130","33300"
"In post","2022","Ministry of Defence (excl. agencies)","Inverness and Nairn, Moray, and Badenoch and Strathspey","Outside London","SEO","10","10","42240","41530"
"In post","2022","Ministry of Defence (excl. agencies)","Isle of Anglesey","Outside London","AA","10","10","[c]","[c]"
"In post","2022","Ministry of Defence (excl. agencies)","Isle of Anglesey","Outside London","AO","35","30","21560","21380"
"In post","2022","Ministry of Defence (excl. agencies)","Isle of Anglesey","Outside London","EO","20","20","25380","26670"
"In post","2022","Ministry of Defence (excl. agencies)","Isle of Anglesey","Outside London","G6","[c]","[c]","[c]","[c]"
"In post","2022","Ministry of Defence (excl. agencies)","Isle of Anglesey","Outside London","G7","[c]","[c]","[c]","[c]"
"In post","2022","Ministry of Defence (excl. agencies)","Isle of Anglesey","Outside London","HEO","15","15","35040","33300"
"In post","2022","Ministry of Defence (excl. agencies)","Isle of Anglesey","Outside London","SEO","[c]","[c]","[c]","[c]"
"In post","2022","Ministry of Defence (excl. agencies)","Isle of Wight","Outside London","AA","[c]","[c]","[c]","[c]"
"In post","2022","Ministry of Defence (excl. agencies)","Kensington & Chelsea and Hammersmith & Fulham","London","AA","[c]","[c]","[c]","[c]"
"In post","2022","Ministry of Defence (excl. agencies)","Kensington & Chelsea and Hammersmith & Fulham","London","AO","5","5","[c]","[c]"
"In post","2022","Ministry of Defence (excl. agencies)","Kensington & Chelsea and Hammersmith & Fulham","London","EO","[c]","[c]","[c]","[c]"
"In post","2022","Ministry of Defence (excl. agencies)","Kensington & Chelsea and Hammersmith & Fulham","London","G6","[c]","[c]","[c]","[c]"
"In post","2022","Ministry of Defence (excl. agencies)","Kensington & Chelsea and Hammersmith & Fulham","London","HEO","10","5","[c]","[c]"
"In post","2022","Ministry of Defence (excl. agencies)","Kensington & Chelsea and Hammersmith & Fulham","London","SEO","5","5","[c]","[c]"
"In post","2022","Ministry of Defence (excl. agencies)","Kingston upon Hull, City of","Outside London","AA","[c]","[c]","[c]","[c]"
"In post","2022","Ministry of Defence (excl. agencies)","Kingston upon Hull, City of","Outside London","AO","10","10","21610","21380"
"In post","2022","Ministry of Defence (excl. agencies)","Kingston upon Hull, City of","Outside London","EO","[c]","[c]","[c]","[c]"
"In post","2022","Ministry of Defence (excl. agencies)","Lambeth","London","AA","[c]","[c]","[c]","[c]"
"In post","2022","Ministry of Defence (excl. agencies)","Lambeth","London","AO","[c]","[c]","[c]","[c]"
"In post","2022","Ministry of Defence (excl. agencies)","Lancaster and Wyre","Outside London","AA","35","30","19760","19810"
"In post","2022","Ministry of Defence (excl. agencies)","Lancaster and Wyre","Outside London","AO","125","110","21580","21280"
"In post","2022","Ministry of Defence (excl. agencies)","Lancaster and Wyre","Outside London","EO","175","160","26980","26670"
"In post","2022","Ministry of Defence (excl. agencies)","Lancaster and Wyre","Outside London","G6","20","20","73080","74070"
"In post","2022","Ministry of Defence (excl. agencies)","Lancaster and Wyre","Outside London","G7","10","10","[c]","[c]"
"In post","2022","Ministry of Defence (excl. agencies)","Lancaster and Wyre","Outside London","HEO","40","40","33440","33300"
"In post","2022","Ministry of Defence (excl. agencies)","Lancaster and Wyre","Outside London","SCS level","5","5","[c]","[c]"
"In post","2022","Ministry of Defence (excl. agencies)","Lancaster and Wyre","Outside London","SEO","25","25","41180","40580"
"In post","2022","Ministry of Defence (excl. agencies)","Leeds","Outside London","AA","10","10","[c]","[c]"
"In post","2022","Ministry of Defence (excl. agencies)","Leeds","Outside London","AO","20","20","21480","21380"
"In post","2022","Ministry of Defence (excl. agencies)","Leeds","Outside London","EO","[c]","[c]","[c]","[c]"
"In post","2022","Ministry of Defence (excl. agencies)","Leeds","Outside London","SEO","[c]","[c]","[c]","[c]"
"In post","2022","Ministry of Defence (excl. agencies)","Leicester","Outside London","AA","[c]","[c]","[c]","[c]"
"In post","2022","Ministry of Defence (excl. agencies)","Leicester","Outside London","AO","[c]","[c]","[c]","[c]"
"In post","2022","Ministry of Defence (excl. agencies)","Leicester","Outside London","EO","[c]","[c]","[c]","[c]"
"In post","2022","Ministry of Defence (excl. agencies)","Leicestershire CC and Rutland","Outside London","AA","65","60","19100","19010"
"In post","2022","Ministry of Defence (excl. agencies)","Leicestershire CC and Rutland","Outside London","AO","45","45","21490","21170"
"In post","2022","Ministry of Defence (excl. agencies)","Leicestershire CC and Rutland","Outside London","EO","35","35","27720","26670"
"In post","2022","Ministry of Defence (excl. agencies)","Leicestershire CC and Rutland","Outside London","G6","[c]","[c]","[c]","[c]"
"In post","2022","Ministry of Defence (excl. agencies)","Leicestershire CC and Rutland","Outside London","G7","[c]","[c]","[c]","[c]"
"In post","2022","Ministry of Defence (excl. agencies)","Leicestershire CC and Rutland","Outside London","HEO","25","20","34940","33300"
"In post","2022","Ministry of Defence (excl. agencies)","Leicestershire CC and Rutland","Outside London","SEO","[c]","[c]","[c]","[c]"
"In post","2022","Ministry of Defence (excl. agencies)","Lewisham and Southwark","London","AA","[c]","[c]","[c]","[c]"
"In post","2022","Ministry of Defence (excl. agencies)","Lewisham and Southwark","London","AO","15","15","23850","24140"
"In post","2022","Ministry of Defence (excl. agencies)","Lewisham and Southwark","London","EO","[c]","[c]","[c]","[c]"
"In post","2022","Ministry of Defence (excl. agencies)","Lincolnshire CC","Outside London","AA","180","170","19580","19810"
"In post","2022","Ministry of Defence (excl. agencies)","Lincolnshire CC","Outside London","AO","375","360","21370","21170"
"In post","2022","Ministry of Defence (excl. agencies)","Lincolnshire CC","Outside London","EO","185","180","27510","26670"
"In post","2022","Ministry of Defence (excl. agencies)","Lincolnshire CC","Outside London","G6","10","10","81300","89050"
"In post","2022","Ministry of Defence (excl. agencies)","Lincolnshire CC","Outside London","G7","15","15","62150","61080"
"In post","2022","Ministry of Defence (excl. agencies)","Lincolnshire CC","Outside London","HEO","125","120","35020","33300"
"In post","2022","Ministry of Defence (excl. agencies)","Lincolnshire CC","Outside London","SCS level","[c]","[c]","[c]","[c]"
"In post","2022","Ministry of Defence (excl. agencies)","Lincolnshire CC","Outside London","SEO","50","50","44350","44430"
"In post","2022","Ministry of Defence (excl. agencies)","Lisburn and Castlereagh","Outside London","AA","90","85","20130","20560"
"In post","2022","Ministry of Defence (excl. agencies)","Lisburn and Castlereagh","Outside London","AO","100","95","22770","22580"
"In post","2022","Ministry of Defence (excl. agencies)","Lisburn and Castlereagh","Outside London","EO","50","50","28600","27420"
"In post","2022","Ministry of Defence (excl. agencies)","Lisburn and Castlereagh","Outside London","G6","[c]","[c]","[c]","[c]"
"In post","2022","Ministry of Defence (excl. agencies)","Lisburn and Castlereagh","Outside London","G7","5","5","[c]","[c]"
"In post","2022","Ministry of Defence (excl. agencies)","Lisburn and Castlereagh","Outside London","HEO","45","40","35450","34380"
"In post","2022","Ministry of Defence (excl. agencies)","Lisburn and Castlereagh","Outside London","SEO","25","25","42140","41330"
"In post","2022","Ministry of Defence (excl. agencies)","Lisburn and Castlereagh","Outside London","Unknown","[c]","[c]","[c]","[c]"
"In post","2022","Ministry of Defence (excl. agencies)","Liverpool","Outside London","AA","35","35","19690","19810"
"In post","2022","Ministry of Defence (excl. agencies)","Liverpool","Outside London","AO","120","105","21800","21830"
"In post","2022","Ministry of Defence (excl. agencies)","Liverpool","Outside London","EO","75","70","26890","26670"
"In post","2022","Ministry of Defence (excl. agencies)","Liverpool","Outside London","G6","[c]","[c]","[c]","[c]"
"In post","2022","Ministry of Defence (excl. agencies)","Liverpool","Outside London","G7","10","10","54630","54540"
"In post","2022","Ministry of Defence (excl. agencies)","Liverpool","Outside London","HEO","55","50","33470","33300"
"In post","2022","Ministry of Defence (excl. agencies)","Liverpool","Outside London","SEO","25","25","40660","40580"
"In post","2022","Ministry of Defence (excl. agencies)","Lochaber, Skye and Lochalsh, Arran and Cumbrae, and Argyll and Bute","Outside London","AA","10","10","19830","19810"
"In post","2022","Ministry of Defence (excl. agencies)","Lochaber, Skye and Lochalsh, Arran and Cumbrae, and Argyll and Bute","Outside London","AO","[c]","[c]","[c]","[c]"
"In post","2022","Ministry of Defence (excl. agencies)","Lochaber, Skye and Lochalsh, Arran and Cumbrae, and Argyll and Bute","Outside London","EO","[c]","[c]","[c]","[c]"
"In post","2022","Ministry of Defence (excl. agencies)","Luton","Outside London","AA","[c]","[c]","[c]","[c]"
"In post","2022","Ministry of Defence (excl. agencies)","Manchester","Outside London","AA","10","10","[c]","[c]"
"In post","2022","Ministry of Defence (excl. agencies)","Manchester","Outside London","AO","10","10","21410","21270"
"In post","2022","Ministry of Defence (excl. agencies)","Manchester","Outside London","EO","15","15","26900","26670"
"In post","2022","Ministry of Defence (excl. agencies)","Manchester","Outside London","G6","[c]","[c]","[c]","[c]"
"In post","2022","Ministry of Defence (excl. agencies)","Manchester","Outside London","G7","[c]","[c]","[c]","[c]"
"In post","2022","Ministry of Defence (excl. agencies)","Manchester","Outside London","HEO","15","15","34350","33300"
"In post","2022","Ministry of Defence (excl. agencies)","Manchester","Outside London","SEO","15","15","44510","44430"
"In post","2022","Ministry of Defence (excl. agencies)","Medway","Outside London","AA","15","15","19740","19810"
"In post","2022","Ministry of Defence (excl. agencies)","Medway","Outside London","AO","40","35","21800","21800"
"In post","2022","Ministry of Defence (excl. agencies)","Medway","Outside London","EO","25","20","27250","26670"
"In post","2022","Ministry of Defence (excl. agencies)","Medway","Outside London","G6","[c]","[c]","[c]","[c]"
"In post","2022","Ministry of Defence (excl. agencies)","Medway","Outside London","G7","[c]","[c]","[c]","[c]"
"In post","2022","Ministry of Defence (excl. agencies)","Medway","Outside London","HEO","15","15","34520","33300"
"In post","2022","Ministry of Defence (excl. agencies)","Medway","Outside London","SEO","5","5","[c]","[c]"
"In post","2022","Ministry of Defence (excl. agencies)","Merton, Kingston upon Thames and Sutton","London","AA","[c]","[c]","[c]","[c]"
"In post","2022","Ministry of Defence (excl. agencies)","Merton, Kingston upon Thames and Sutton","London","AO","[c]","[c]","[c]","[c]"
"In post","2022","Ministry of Defence (excl. agencies)","Merton, Kingston upon Thames and Sutton","London","EO","[c]","[c]","[c]","[c]"
"In post","2022","Ministry of Defence (excl. agencies)","Mid Kent","Outside London","AA","[c]","[c]","[c]","[c]"
"In post","2022","Ministry of Defence (excl. agencies)","Mid Kent","Outside London","AO","5","5","[c]","[c]"
"In post","2022","Ministry of Defence (excl. agencies)","Mid Kent","Outside London","EO","[c]","[c]","[c]","[c]"
"In post","2022","Ministry of Defence (excl. agencies)","Mid Kent","Outside London","G6","[c]","[c]","[c]","[c]"
"In post","2022","Ministry of Defence (excl. agencies)","Mid Kent","Outside London","HEO","[c]","[c]","[c]","[c]"
"In post","2022","Ministry of Defence (excl. agencies)","Mid Lancashire","Outside London","AA","30","25","20050","19810"
"In post","2022","Ministry of Defence (excl. agencies)","Mid Lancashire","Outside London","AO","45","45","21630","21380"
"In post","2022","Ministry of Defence (excl. agencies)","Mid Lancashire","Outside London","EO","20","15","26940","26800"
"In post","2022","Ministry of Defence (excl. agencies)","Mid Lancashire","Outside London","G6","[c]","[c]","[c]","[c]"
"In post","2022","Ministry of Defence (excl. agencies)","Mid Lancashire","Outside London","G7","[c]","[c]","[c]","[c]"
"In post","2022","Ministry of Defence (excl. agencies)","Mid Lancashire","Outside London","HEO","25","25","34420","33300"
"In post","2022","Ministry of Defence (excl. agencies)","Mid Lancashire","Outside London","SEO","10","10","[c]","[c]"
"In post","2022","Ministry of Defence (excl. agencies)","Milton Keynes","Outside London","AA","[c]","[c]","[c]","[c]"
"In post","2022","Ministry of Defence (excl. agencies)","Milton Keynes","Outside London","AO","[c]","[c]","[c]","[c]"
"In post","2022","Ministry of Defence (excl. agencies)","Monmouthshire and Newport","Outside London","AA","10","10","[c]","[c]"
"In post","2022","Ministry of Defence (excl. agencies)","Monmouthshire and Newport","Outside London","AO","10","10","21850","21830"
"In post","2022","Ministry of Defence (excl. agencies)","Monmouthshire and Newport","Outside London","EO","5","5","[c]","[c]"
"In post","2022","Ministry of Defence (excl. agencies)","Monmouthshire and Newport","Outside London","HEO","[c]","[c]","[c]","[c]"
"In post","2022","Ministry of Defence (excl. agencies)","Newry, Mourne and Down","Outside London","AA","55","55","20410","20560"
"In post","2022","Ministry of Defence (excl. agencies)","Newry, Mourne and Down","Outside London","AO","10","10","22070","22020"
"In post","2022","Ministry of Defence (excl. agencies)","Newry, Mourne and Down","Outside London","EO","5","5","[c]","[c]"
"In post","2022","Ministry of Defence (excl. agencies)","Newry, Mourne and Down","Outside London","HEO","[c]","[c]","[c]","[c]"
"In post","2022","Ministry of Defence (excl. agencies)","North and North East Lincolnshire","Outside London","AA","[c]","[c]","[c]","[c]"
"In post","2022","Ministry of Defence (excl. agencies)","North and North East Lincolnshire","Outside London","AO","[c]","[c]","[c]","[c]"
"In post","2022","Ministry of Defence (excl. agencies)","North and West Norfolk","Outside London","AA","90","90","19470","19050"
"In post","2022","Ministry of Defence (excl. agencies)","North and West Norfolk","Outside London","AO","155","145","26120","21380"
"In post","2022","Ministry of Defence (excl. agencies)","North and West Norfolk","Outside London","EO","30","30","29500","26670"
"In post","2022","Ministry of Defence (excl. agencies)","North and West Norfolk","Outside London","G6","[c]","[c]","[c]","[c]"
"In post","2022","Ministry of Defence (excl. agencies)","North and West Norfolk","Outside London","G7","[c]","[c]","[c]","[c]"
"In post","2022","Ministry of Defence (excl. agencies)","North and West Norfolk","Outside London","HEO","25","25","34730","33000"
"In post","2022","Ministry of Defence (excl. agencies)","North and West Norfolk","Outside London","SEO","[c]","[c]","[c]","[c]"
"In post","2022","Ministry of Defence (excl. agencies)","North Hampshire","Outside London","AA","60","60","19800","19810"
"In post","2022","Ministry of Defence (excl. agencies)","North Hampshire","Outside London","AO","130","120","23160","21380"
"In post","2022","Ministry of Defence (excl. agencies)","North Hampshire","Outside London","EO","85","85","27710","26670"
"In post","2022","Ministry of Defence (excl. agencies)","North Hampshire","Outside London","G6","15","15","73800","77140"
"In post","2022","Ministry of Defence (excl. agencies)","North Hampshire","Outside London","G7","15","15","58720","54540"
"In post","2022","Ministry of Defence (excl. agencies)","North Hampshire","Outside London","HEO","155","150","34620","33300"
"In post","2022","Ministry of Defence (excl. agencies)","North Hampshire","Outside London","SCS level","[c]","[c]","[c]","[c]"
"In post","2022","Ministry of Defence (excl. agencies)","North Hampshire","Outside London","SEO","40","40","43320","40580"
"In post","2022","Ministry of Defence (excl. agencies)","North Lanarkshire","Outside London","AA","[c]","[c]","[c]","[c]"
"In post","2022","Ministry of Defence (excl. agencies)","North Lanarkshire","Outside London","AO","[c]","[c]","[c]","[c]"
"In post","2022","Ministry of Defence (excl. agencies)","North Nottinghamshire","Outside London","AA","10","10","[c]","[c]"
"In post","2022","Ministry of Defence (excl. agencies)","North Nottinghamshire","Outside London","AO","10","10","21050","20770"
"In post","2022","Ministry of Defence (excl. agencies)","North Nottinghamshire","Outside London","EO","[c]","[c]","[c]","[c]"
"In post","2022","Ministry of Defence (excl. agencies)","North Nottinghamshire","Outside London","G7","[c]","[c]","[c]","[c]"
"In post","2022","Ministry of Defence (excl. agencies)","North Nottinghamshire","Outside London","HEO","[c]","[c]","[c]","[c]"
"In post","2022","Ministry of Defence (excl. agencies)","North Nottinghamshire","Outside London","SEO","10","10","48220","48170"
"In post","2022","Ministry of Defence (excl. agencies)","North Yorkshire CC","Outside London","AA","220","210","19480","19810"
"In post","2022","Ministry of Defence (excl. agencies)","North Yorkshire CC","Outside London","AO","470","450","25510","21830"
"In post","2022","Ministry of Defence (excl. agencies)","North Yorkshire CC","Outside London","EO","235","230","29200","26940"
"In post","2022","Ministry of Defence (excl. agencies)","North Yorkshire CC","Outside London","G6","20","15","85260","89050"
"In post","2022","Ministry of Defence (excl. agencies)","North Yorkshire CC","Outside London","G7","35","30","59820","54540"
"In post","2022","Ministry of Defence (excl. agencies)","North Yorkshire CC","Outside London","HEO","170","165","35290","33300"
"In post","2022","Ministry of Defence (excl. agencies)","North Yorkshire CC","Outside London","SCS level","[c]","[c]","[c]","[c]"
"In post","2022","Ministry of Defence (excl. agencies)","North Yorkshire CC","Outside London","SEO","70","70","41460","40580"
"In post","2022","Ministry of Defence (excl. agencies)","Northumberland","Outside London","AA","20","20","19280","19810"
"In post","2022","Ministry of Defence (excl. agencies)","Northumberland","Outside London","AO","40","35","21590","21300"
"In post","2022","Ministry of Defence (excl. agencies)","Northumberland","Outside London","EO","20","20","27280","26670"
"In post","2022","Ministry of Defence (excl. agencies)","Northumberland","Outside London","G6","[c]","[c]","[c]","[c]"
"In post","2022","Ministry of Defence (excl. agencies)","Northumberland","Outside London","G7","[c]","[c]","[c]","[c]"
"In post","2022","Ministry of Defence (excl. agencies)","Northumberland","Outside London","HEO","20","15","36010","36460"
"In post","2022","Ministry of Defence (excl. agencies)","Northumberland","Outside London","SEO","[c]","[c]","[c]","[c]"
"In post","2022","Ministry of Defence (excl. agencies)","Norwich and East Norfolk","Outside London","AA","[c]","[c]","[c]","[c]"
"In post","2022","Ministry of Defence (excl. agencies)","Norwich and East Norfolk","Outside London","AO","5","5","[c]","[c]"
"In post","2022","Ministry of Defence (excl. agencies)","Norwich and East Norfolk","Outside London","HEO","[c]","[c]","[c]","[c]"
"In post","2022","Ministry of Defence (excl. agencies)","Nottingham","Outside London","AA","[c]","[c]","[c]","[c]"
"In post","2022","Ministry of Defence (excl. agencies)","Nottingham","Outside London","AO","5","5","[c]","[c]"
"In post","2022","Ministry of Defence (excl. agencies)","Nottingham","Outside London","EO","[c]","[c]","[c]","[c]"
"In post","2022","Ministry of Defence (excl. agencies)","Orkney Islands","Outside London","AA","[c]","[c]","[c]","[c]"
"In post","2022","Ministry of Defence (excl. agencies)","Overseas","Overseas","AA","[c]","[c]","[c]","[c]"
"In post","2022","Ministry of Defence (excl. agencies)","Overseas","Overseas","AO","30","30","21750","21170"
"In post","2022","Ministry of Defence (excl. agencies)","Overseas","Overseas","EO","100","100","28200","26670"
"In post","2022","Ministry of Defence (excl. agencies)","Overseas","Overseas","G6","40","35","76390","77370"
"In post","2022","Ministry of Defence (excl. agencies)","Overseas","Overseas","G7","65","65","60510","58340"
"In post","2022","Ministry of Defence (excl. agencies)","Overseas","Overseas","HEO","330","330","39000","38690"
"In post","2022","Ministry of Defence (excl. agencies)","Overseas","Overseas","SCS level","10","10","[c]","[c]"
"In post","2022","Ministry of Defence (excl. agencies)","Overseas","Overseas","SEO","105","105","45130","42080"
"In post","2022","Ministry of Defence (excl. agencies)","Overseas","Overseas","Unknown","15","15","43940","27720"
"In post","2022","Ministry of Defence (excl. agencies)","Oxfordshire CC","Outside London","AA","130","130","19760","19810"
"In post","2022","Ministry of Defence (excl. agencies)","Oxfordshire CC","Outside London","AO","205","195","22890","21170"
"In post","2022","Ministry of Defence (excl. agencies)","Oxfordshire CC","Outside London","EO","135","130","27880","26670"
"In post","2022","Ministry of Defence (excl. agencies)","Oxfordshire CC","Outside London","G6","25","20","77460","82170"
"In post","2022","Ministry of Defence (excl. agencies)","Oxfordshire CC","Outside London","G7","25","25","57780","54540"
"In post","2022","Ministry of Defence (excl. agencies)","Oxfordshire CC","Outside London","HEO","185","185","34370","33300"
"In post","2022","Ministry of Defence (excl. agencies)","Oxfordshire CC","Outside London","SCS level","5","5","[c]","[c]"
"In post","2022","Ministry of Defence (excl. agencies)","Oxfordshire CC","Outside London","SEO","90","90","42850","40580"
"In post","2022","Ministry of Defence (excl. agencies)","Oxfordshire CC","Outside London","Unknown","[c]","[c]","[c]","[c]"
"In post","2022","Ministry of Defence (excl. agencies)","Perth and Kinross, and Stirling","Outside London","AA","25","25","18880","19010"
"In post","2022","Ministry of Defence (excl. agencies)","Perth and Kinross, and Stirling","Outside London","AO","20","20","21600","21380"
"In post","2022","Ministry of Defence (excl. agencies)","Perth and Kinross, and Stirling","Outside London","EO","15","15","28370","26670"
"In post","2022","Ministry of Defence (excl. agencies)","Perth and Kinross, and Stirling","Outside London","G7","15","15","50610","48900"
"In post","2022","Ministry of Defence (excl. agencies)","Perth and Kinross, and Stirling","Outside London","HEO","25","25","40570","41410"
"In post","2022","Ministry of Defence (excl. agencies)","Perth and Kinross, and Stirling","Outside London","SEO","[c]","[c]","[c]","[c]"
"In post","2022","Ministry of Defence (excl. agencies)","Perth and Kinross, and Stirling","Outside London","Unknown","[c]","[c]","[c]","[c]"
"In post","2022","Ministry of Defence (excl. agencies)","Peterborough","Outside London","AA","35","35","19300","19810"
"In post","2022","Ministry of Defence (excl. agencies)","Peterborough","Outside London","AO","70","65","21420","21170"
"In post","2022","Ministry of Defence (excl. agencies)","Peterborough","Outside London","EO","25","25","29160","26670"
"In post","2022","Ministry of Defence (excl. agencies)","Peterborough","Outside London","G6","[c]","[c]","[c]","[c]"
"In post","2022","Ministry of Defence (excl. agencies)","Peterborough","Outside London","G7","[c]","[c]","[c]","[c]"
"In post","2022","Ministry of Defence (excl. agencies)","Peterborough","Outside London","HEO","20","20","34720","33300"
"In post","2022","Ministry of Defence (excl. agencies)","Peterborough","Outside London","SEO","5","5","[c]","[c]"
"In post","2022","Ministry of Defence (excl. agencies)","Plymouth","Outside London","AA","175","165","20440","19810"
"In post","2022","Ministry of Defence (excl. agencies)","Plymouth","Outside London","AO","270","260","28610","24390"
"In post","2022","Ministry of Defence (excl. agencies)","Plymouth","Outside London","EO","115","115","30410","26670"
"In post","2022","Ministry of Defence (excl. agencies)","Plymouth","Outside London","G6","15","15","79390","77590"
"In post","2022","Ministry of Defence (excl. agencies)","Plymouth","Outside London","G7","40","35","58930","54540"
"In post","2022","Ministry of Defence (excl. agencies)","Plymouth","Outside London","HEO","125","115","36370","33300"
"In post","2022","Ministry of Defence (excl. agencies)","Plymouth","Outside London","SEO","70","70","44500","41620"
"In post","2022","Ministry of Defence (excl. agencies)","Portsmouth","Outside London","AA","200","195","20020","19810"
"In post","2022","Ministry of Defence (excl. agencies)","Portsmouth","Outside London","AO","405","390","27850","22330"
"In post","2022","Ministry of Defence (excl. agencies)","Portsmouth","Outside London","EO","300","295","28710","26670"
"In post","2022","Ministry of Defence (excl. agencies)","Portsmouth","Outside London","G6","35","35","70490","64550"
"In post","2022","Ministry of Defence (excl. agencies)","Portsmouth","Outside London","G7","115","110","56060","54540"
"In post","2022","Ministry of Defence (excl. agencies)","Portsmouth","Outside London","HEO","380","370","34390","33300"
"In post","2022","Ministry of Defence (excl. agencies)","Portsmouth","Outside London","SCS level","15","15","90190","90000"
"In post","2022","Ministry of Defence (excl. agencies)","Portsmouth","Outside London","SEO","250","245","42500","40580"
"In post","2022","Ministry of Defence (excl. agencies)","Portsmouth","Outside London","Unknown","[c]","[c]","[c]","[c]"
"In post","2022","Ministry of Defence (excl. agencies)","Powys","Outside London","AA","50","45","19430","19680"
"In post","2022","Ministry of Defence (excl. agencies)","Powys","Outside London","AO","100","95","21330","21170"
"In post","2022","Ministry of Defence (excl. agencies)","Powys","Outside London","EO","40","35","27010","26670"
"In post","2022","Ministry of Defence (excl. agencies)","Powys","Outside London","G6","[c]","[c]","[c]","[c]"
"In post","2022","Ministry of Defence (excl. agencies)","Powys","Outside London","G7","[c]","[c]","[c]","[c]"
"In post","2022","Ministry of Defence (excl. agencies)","Powys","Outside London","HEO","30","30","34230","33300"
"In post","2022","Ministry of Defence (excl. agencies)","Powys","Outside London","SEO","10","10","42040","40780"
"In post","2022","Ministry of Defence (excl. agencies)","Redbridge and Waltham Forest","London","AA","[c]","[c]","[c]","[c]"
"In post","2022","Ministry of Defence (excl. agencies)","Redbridge and Waltham Forest","London","AO","[c]","[c]","[c]","[c]"
"In post","2022","Ministry of Defence (excl. agencies)","Sandwell","Outside London","AA","[c]","[c]","[c]","[c]"
"In post","2022","Ministry of Defence (excl. agencies)","Sandwell","Outside London","AO","5","5","[c]","[c]"
"In post","2022","Ministry of Defence (excl. agencies)","Sefton","Outside London","AA","10","10","19680","19810"
"In post","2022","Ministry of Defence (excl. agencies)","Sefton","Outside London","AO","10","10","21670","21830"
"In post","2022","Ministry of Defence (excl. agencies)","Sefton","Outside London","G7","[c]","[c]","[c]","[c]"
"In post","2022","Ministry of Defence (excl. agencies)","Sefton","Outside London","HEO","[c]","[c]","[c]","[c]"
"In post","2022","Ministry of Defence (excl. agencies)","Sheffield","Outside London","AA","[c]","[c]","[c]","[c]"
"In post","2022","Ministry of Defence (excl. agencies)","Sheffield","Outside London","AO","10","10","21870","21830"
"In post","2022","Ministry of Defence (excl. agencies)","Sheffield","Outside London","EO","[c]","[c]","[c]","[c]"
"In post","2022","Ministry of Defence (excl. agencies)","Shropshire","Outside London","AA","50","50","19540","19810"
"In post","2022","Ministry of Defence (excl. agencies)","Shropshire","Outside London","AO","125","115","21690","21380"
"In post","2022","Ministry of Defence (excl. agencies)","Shropshire","Outside London","EO","235","230","28970","29350"
"In post","2022","Ministry of Defence (excl. agencies)","Shropshire","Outside London","G6","5","5","[c]","[c]"
"In post","2022","Ministry of Defence (excl. agencies)","Shropshire","Outside London","G7","[c]","[c]","[c]","[c]"
"In post","2022","Ministry of Defence (excl. agencies)","Shropshire","Outside London","HEO","110","105","35080","34320"
"In post","2022","Ministry of Defence (excl. agencies)","Shropshire","Outside London","SEO","20","20","44440","42880"
"In post","2022","Ministry of Defence (excl. agencies)","Somerset CC","Outside London","AA","95","90","20000","19810"
"In post","2022","Ministry of Defence (excl. agencies)","Somerset CC","Outside London","AO","105","100","21770","21330"
"In post","2022","Ministry of Defence (excl. agencies)","Somerset CC","Outside London","EO","45","45","26450","26670"
"In post","2022","Ministry of Defence (excl. agencies)","Somerset CC","Outside London","G6","5","5","[c]","[c]"
"In post","2022","Ministry of Defence (excl. agencies)","Somerset CC","Outside London","G7","[c]","[c]","[c]","[c]"
"In post","2022","Ministry of Defence (excl. agencies)","Somerset CC","Outside London","HEO","30","30","35380","33540"
"In post","2022","Ministry of Defence (excl. agencies)","Somerset CC","Outside London","SEO","10","10","41990","40980"
"In post","2022","Ministry of Defence (excl. agencies)","South Ayrshire","Outside London","AA","10","10","19370","19810"
"In post","2022","Ministry of Defence (excl. agencies)","South Ayrshire","Outside London","AO","5","5","[c]","[c]"
"In post","2022","Ministry of Defence (excl. agencies)","South Ayrshire","Outside London","EO","[c]","[c]","[c]","[c]"
"In post","2022","Ministry of Defence (excl. agencies)","South Ayrshire","Outside London","HEO","[c]","[c]","[c]","[c]"
"In post","2022","Ministry of Defence (excl. agencies)","South Ayrshire","Outside London","SEO","[c]","[c]","[c]","[c]"
"In post","2022","Ministry of Defence (excl. agencies)","South Hampshire","Outside London","AA","90","85","20050","19810"
"In post","2022","Ministry of Defence (excl. agencies)","South Hampshire","Outside London","AO","90","85","23960","21600"
"In post","2022","Ministry of Defence (excl. agencies)","South Hampshire","Outside London","EO","175","175","30570","32350"
"In post","2022","Ministry of Defence (excl. agencies)","South Hampshire","Outside London","G6","5","5","[c]","[c]"
"In post","2022","Ministry of Defence (excl. agencies)","South Hampshire","Outside London","G7","20","20","58520","54550"
"In post","2022","Ministry of Defence (excl. agencies)","South Hampshire","Outside London","HEO","120","115","35310","33300"
"In post","2022","Ministry of Defence (excl. agencies)","South Hampshire","Outside London","SCS level","[c]","[c]","[c]","[c]"
"In post","2022","Ministry of Defence (excl. agencies)","South Hampshire","Outside London","SEO","60","55","44470","40580"
"In post","2022","Ministry of Defence (excl. agencies)","South Hampshire","Outside London","Unknown","[c]","[c]","[c]","[c]"
"In post","2022","Ministry of Defence (excl. agencies)","South Lanarkshire","Outside London","AA","[c]","[c]","[c]","[c]"
"In post","2022","Ministry of Defence (excl. agencies)","South Lanarkshire","Outside London","AO","[c]","[c]","[c]","[c]"
"In post","2022","Ministry of Defence (excl. agencies)","South Nottinghamshire","Outside London","AA","30","25","18890","19010"
"In post","2022","Ministry of Defence (excl. agencies)","South Nottinghamshire","Outside London","AO","100","95","21620","21170"
"In post","2022","Ministry of Defence (excl. agencies)","South Nottinghamshire","Outside London","EO","40","40","28290","26670"
"In post","2022","Ministry of Defence (excl. agencies)","South Nottinghamshire","Outside London","G6","[c]","[c]","[c]","[c]"
"In post","2022","Ministry of Defence (excl. agencies)","South Nottinghamshire","Outside London","G7","10","10","[c]","[c]"
"In post","2022","Ministry of Defence (excl. agencies)","South Nottinghamshire","Outside London","HEO","45","45","35170","34170"
"In post","2022","Ministry of Defence (excl. agencies)","South Nottinghamshire","Outside London","SCS level","5","5","[c]","[c]"
"In post","2022","Ministry of Defence (excl. agencies)","South Nottinghamshire","Outside London","SEO","40","35","44220","45840"
"In post","2022","Ministry of Defence (excl. agencies)","South Teesside","Outside London","AA","[c]","[c]","[c]","[c]"
"In post","2022","Ministry of Defence (excl. agencies)","South Teesside","Outside London","AO","[c]","[c]","[c]","[c]"
"In post","2022","Ministry of Defence (excl. agencies)","South West Wales","Outside London","AA","30","30","19500","19810"
"In post","2022","Ministry of Defence (excl. agencies)","South West Wales","Outside London","AO","10","10","21480","21170"
"In post","2022","Ministry of Defence (excl. agencies)","South West Wales","Outside London","EO","10","10","27530","26670"
"In post","2022","Ministry of Defence (excl. agencies)","South West Wales","Outside London","HEO","5","5","[c]","[c]"
"In post","2022","Ministry of Defence (excl. agencies)","Southampton","Outside London","AA","[c]","[c]","[c]","[c]"
"In post","2022","Ministry of Defence (excl. agencies)","Southampton","Outside London","AO","[c]","[c]","[c]","[c]"
"In post","2022","Ministry of Defence (excl. agencies)","Southend-on-Sea","Outside London","AA","[c]","[c]","[c]","[c]"
"In post","2022","Ministry of Defence (excl. agencies)","Southend-on-Sea","Outside London","AO","10","10","22950","22880"
"In post","2022","Ministry of Defence (excl. agencies)","Southend-on-Sea","Outside London","EO","[c]","[c]","[c]","[c]"
"In post","2022","Ministry of Defence (excl. agencies)","Southend-on-Sea","Outside London","HEO","[c]","[c]","[c]","[c]"
"In post","2022","Ministry of Defence (excl. agencies)","Southend-on-Sea","Outside London","SEO","[c]","[c]","[c]","[c]"
"In post","2022","Ministry of Defence (excl. agencies)","Staffordshire CC","Outside London","AA","50","50","19540","19810"
"In post","2022","Ministry of Defence (excl. agencies)","Staffordshire CC","Outside London","AO","130","120","21410","21170"
"In post","2022","Ministry of Defence (excl. agencies)","Staffordshire CC","Outside London","EO","195","190","26920","26670"
"In post","2022","Ministry of Defence (excl. agencies)","Staffordshire CC","Outside London","G6","35","30","71240","64220"
"In post","2022","Ministry of Defence (excl. agencies)","Staffordshire CC","Outside London","G7","95","95","55730","54540"
"In post","2022","Ministry of Defence (excl. agencies)","Staffordshire CC","Outside London","HEO","225","215","33670","33300"
"In post","2022","Ministry of Defence (excl. agencies)","Staffordshire CC","Outside London","SCS level","10","10","[c]","[c]"
"In post","2022","Ministry of Defence (excl. agencies)","Staffordshire CC","Outside London","SEO","205","200","41220","40580"
"In post","2022","Ministry of Defence (excl. agencies)","Stoke-on-Trent","Outside London","AA","[c]","[c]","[c]","[c]"
"In post","2022","Ministry of Defence (excl. agencies)","Stoke-on-Trent","Outside London","AO","5","5","[c]","[c]"
"In post","2022","Ministry of Defence (excl. agencies)","Suffolk CC","Outside London","AA","135","130","19220","19050"
"In post","2022","Ministry of Defence (excl. agencies)","Suffolk CC","Outside London","AO","285","270","22380","21380"
"In post","2022","Ministry of Defence (excl. agencies)","Suffolk CC","Outside London","EO","145","145","28140","26930"
"In post","2022","Ministry of Defence (excl. agencies)","Suffolk CC","Outside London","G6","5","5","[c]","[c]"
"In post","2022","Ministry of Defence (excl. agencies)","Suffolk CC","Outside London","G7","10","10","[c]","[c]"
"In post","2022","Ministry of Defence (excl. agencies)","Suffolk CC","Outside London","HEO","90","90","34370","33300"
"In post","2022","Ministry of Defence (excl. agencies)","Suffolk CC","Outside London","SCS level","[c]","[c]","[c]","[c]"
"In post","2022","Ministry of Defence (excl. agencies)","Suffolk CC","Outside London","SEO","25","25","41520","40580"
"In post","2022","Ministry of Defence (excl. agencies)","Suffolk CC","Outside London","Unknown","[c]","[c]","[c]","[c]"
"In post","2022","Ministry of Defence (excl. agencies)","Sunderland","Outside London","AO","[c]","[c]","[c]","[c]"
"In post","2022","Ministry of Defence (excl. agencies)","Sunderland","Outside London","EO","[c]","[c]","[c]","[c]"
"In post","2022","Ministry of Defence (excl. agencies)","Swansea","Outside London","AA","[c]","[c]","[c]","[c]"
"In post","2022","Ministry of Defence (excl. agencies)","Swansea","Outside London","AO","10","10","[c]","[c]"
"In post","2022","Ministry of Defence (excl. agencies)","Swansea","Outside London","HEO","[c]","[c]","[c]","[c]"
"In post","2022","Ministry of Defence (excl. agencies)","Swindon","Outside London","AA","5","5","[c]","[c]"
"In post","2022","Ministry of Defence (excl. agencies)","Swindon","Outside London","AO","[c]","[c]","[c]","[c]"
"In post","2022","Ministry of Defence (excl. agencies)","Telford and Wrekin","Outside London","AA","45","45","20280","19810"
"In post","2022","Ministry of Defence (excl. agencies)","Telford and Wrekin","Outside London","AO","60","60","25430","21830"
"In post","2022","Ministry of Defence (excl. agencies)","Telford and Wrekin","Outside London","EO","35","35","27390","26670"
"In post","2022","Ministry of Defence (excl. agencies)","Telford and Wrekin","Outside London","G6","5","5","[c]","[c]"
"In post","2022","Ministry of Defence (excl. agencies)","Telford and Wrekin","Outside London","G7","10","10","53610","54540"
"In post","2022","Ministry of Defence (excl. agencies)","Telford and Wrekin","Outside London","HEO","55","55","34420","33300"
"In post","2022","Ministry of Defence (excl. agencies)","Telford and Wrekin","Outside London","SCS level","[c]","[c]","[c]","[c]"
"In post","2022","Ministry of Defence (excl. agencies)","Telford and Wrekin","Outside London","SEO","30","25","42320","40580"
"In post","2022","Ministry of Defence (excl. agencies)","Torbay","Outside London","AA","[c]","[c]","[c]","[c]"
"In post","2022","Ministry of Defence (excl. agencies)","Tower Hamlets","London","AA","5","5","[c]","[c]"
"In post","2022","Ministry of Defence (excl. agencies)","Tower Hamlets","London","AO","5","5","[c]","[c]"
"In post","2022","Ministry of Defence (excl. agencies)","Tower Hamlets","London","EO","[c]","[c]","[c]","[c]"
"In post","2022","Ministry of Defence (excl. agencies)","Tower Hamlets","London","HEO","10","10","[c]","[c]"
"In post","2022","Ministry of Defence (excl. agencies)","Tower Hamlets","London","SEO","[c]","[c]","[c]","[c]"
"In post","2022","Ministry of Defence (excl. agencies)","Tyneside","Outside London","AA","25","25","18830","19050"
"In post","2022","Ministry of Defence (excl. agencies)","Tyneside","Outside London","AO","40","40","21640","21380"
"In post","2022","Ministry of Defence (excl. agencies)","Tyneside","Outside London","EO","5","5","[c]","[c]"
"In post","2022","Ministry of Defence (excl. agencies)","Tyneside","Outside London","HEO","5","5","[c]","[c]"
"In post","2022","Ministry of Defence (excl. agencies)","Tyneside","Outside London","SEO","[c]","[c]","[c]","[c]"
"In post","2022","Ministry of Defence (excl. agencies)","Unknown","Unknown","AA","5","5","[c]","[c]"
"In post","2022","Ministry of Defence (excl. agencies)","Unknown","Unknown","AO","25","20","22100","21380"
"In post","2022","Ministry of Defence (excl. agencies)","Unknown","Unknown","EO","35","30","27320","26670"
"In post","2022","Ministry of Defence (excl. agencies)","Unknown","Unknown","G6","10","5","[c]","[c]"
"In post","2022","Ministry of Defence (excl. agencies)","Unknown","Unknown","G7","5","5","[c]","[c]"
"In post","2022","Ministry of Defence (excl. agencies)","Unknown","Unknown","HEO","55","55","37400","35390"
"In post","2022","Ministry of Defence (excl. agencies)","Unknown","Unknown","SCS level","[c]","[c]","[c]","[c]"
"In post","2022","Ministry of Defence (excl. agencies)","Unknown","Unknown","SEO","15","15","43790","43090"
"In post","2022","Ministry of Defence (excl. agencies)","Unknown","Unknown","Unknown","75","75","28640","27370"
"In post","2022","Ministry of Defence (excl. agencies)","Wakefield","Outside London","AA","[c]","[c]","[c]","[c]"
"In post","2022","Ministry of Defence (excl. agencies)","Wakefield","Outside London","AO","5","5","[c]","[c]"
"In post","2022","Ministry of Defence (excl. agencies)","Wakefield","Outside London","HEO","[c]","[c]","[c]","[c]"
"In post","2022","Ministry of Defence (excl. agencies)","Walsall","Outside London","AA","[c]","[c]","[c]","[c]"
"In post","2022","Ministry of Defence (excl. agencies)","Walsall","Outside London","AO","[c]","[c]","[c]","[c]"
"In post","2022","Ministry of Defence (excl. agencies)","Wandsworth","London","AA","15","15","21100","21400"
"In post","2022","Ministry of Defence (excl. agencies)","Wandsworth","London","AO","5","5","[c]","[c]"
"In post","2022","Ministry of Defence (excl. agencies)","Wandsworth","London","EO","5","5","[c]","[c]"
"In post","2022","Ministry of Defence (excl. agencies)","Wandsworth","London","G6","[c]","[c]","[c]","[c]"
"In post","2022","Ministry of Defence (excl. agencies)","Wandsworth","London","G7","[c]","[c]","[c]","[c]"
"In post","2022","Ministry of Defence (excl. agencies)","Wandsworth","London","SEO","[c]","[c]","[c]","[c]"
"In post","2022","Ministry of Defence (excl. agencies)","Warrington","Outside London","AA","[c]","[c]","[c]","[c]"
"In post","2022","Ministry of Defence (excl. agencies)","Warrington","Outside London","AO","5","5","[c]","[c]"
"In post","2022","Ministry of Defence (excl. agencies)","Warrington","Outside London","EO","[c]","[c]","[c]","[c]"
"In post","2022","Ministry of Defence (excl. agencies)","Warrington","Outside London","Unknown","[c]","[c]","[c]","[c]"
"In post","2022","Ministry of Defence (excl. agencies)","Warwickshire CC","Outside London","AA","55","50","19620","19810"
"In post","2022","Ministry of Defence (excl. agencies)","Warwickshire CC","Outside London","AO","35","35","23450","21380"
"In post","2022","Ministry of Defence (excl. agencies)","Warwickshire CC","Outside London","EO","20","20","29220","27320"
"In post","2022","Ministry of Defence (excl. agencies)","Warwickshire CC","Outside London","G6","[c]","[c]","[c]","[c]"
"In post","2022","Ministry of Defence (excl. agencies)","Warwickshire CC","Outside London","G7","[c]","[c]","[c]","[c]"
"In post","2022","Ministry of Defence (excl. agencies)","Warwickshire CC","Outside London","HEO","10","10","36150","39030"
"In post","2022","Ministry of Defence (excl. agencies)","Warwickshire CC","Outside London","SEO","[c]","[c]","[c]","[c]"
"In post","2022","Ministry of Defence (excl. agencies)","West Cumbria","Outside London","AA","[c]","[c]","[c]","[c]"
"In post","2022","Ministry of Defence (excl. agencies)","West Cumbria","Outside London","AO","45","45","29170","24610"
"In post","2022","Ministry of Defence (excl. agencies)","West Cumbria","Outside London","EO","5","5","[c]","[c]"
"In post","2022","Ministry of Defence (excl. agencies)","West Cumbria","Outside London","G7","[c]","[c]","[c]","[c]"
"In post","2022","Ministry of Defence (excl. agencies)","West Cumbria","Outside London","HEO","[c]","[c]","[c]","[c]"
"In post","2022","Ministry of Defence (excl. agencies)","West Cumbria","Outside London","SEO","5","5","[c]","[c]"
"In post","2022","Ministry of Defence (excl. agencies)","West Essex","Outside London","AA","25","25","19770","20480"
"In post","2022","Ministry of Defence (excl. agencies)","West Essex","Outside London","AO","10","10","22410","22220"
"In post","2022","Ministry of Defence (excl. agencies)","West Essex","Outside London","EO","5","5","[c]","[c]"
"In post","2022","Ministry of Defence (excl. agencies)","West Essex","Outside London","G6","[c]","[c]","[c]","[c]"
"In post","2022","Ministry of Defence (excl. agencies)","West Essex","Outside London","G7","[c]","[c]","[c]","[c]"
"In post","2022","Ministry of Defence (excl. agencies)","West Essex","Outside London","HEO","[c]","[c]","[c]","[c]"
"In post","2022","Ministry of Defence (excl. agencies)","West Kent","Outside London","AA","[c]","[c]","[c]","[c]"
"In post","2022","Ministry of Defence (excl. agencies)","West Kent","Outside London","AO","25","25","37940","41570"
"In post","2022","Ministry of Defence (excl. agencies)","West Kent","Outside London","EO","[c]","[c]","[c]","[c]"
"In post","2022","Ministry of Defence (excl. agencies)","West Kent","Outside London","HEO","[c]","[c]","[c]","[c]"
"In post","2022","Ministry of Defence (excl. agencies)","West Lothian","Outside London","AA","[c]","[c]","[c]","[c]"
"In post","2022","Ministry of Defence (excl. agencies)","West Lothian","Outside London","AO","[c]","[c]","[c]","[c]"
"In post","2022","Ministry of Defence (excl. agencies)","West Northamptonshire","Outside London","AA","[c]","[c]","[c]","[c]"
"In post","2022","Ministry of Defence (excl. agencies)","West Northamptonshire","Outside London","AO","25","20","29150","22750"
"In post","2022","Ministry of Defence (excl. agencies)","West Northamptonshire","Outside London","EO","20","20","29920","29200"
"In post","2022","Ministry of Defence (excl. agencies)","West Northamptonshire","Outside London","HEO","10","10","33820","33300"
"In post","2022","Ministry of Defence (excl. agencies)","West Northamptonshire","Outside London","SEO","[c]","[c]","[c]","[c]"
"In post","2022","Ministry of Defence (excl. agencies)","West Surrey","Outside London","AA","70","65","19310","19050"
"In post","2022","Ministry of Defence (excl. agencies)","West Surrey","Outside London","AO","55","55","22090","21380"
"In post","2022","Ministry of Defence (excl. agencies)","West Surrey","Outside London","EO","45","45","28380","26670"
"In post","2022","Ministry of Defence (excl. agencies)","West Surrey","Outside London","G6","[c]","[c]","[c]","[c]"
"In post","2022","Ministry of Defence (excl. agencies)","West Surrey","Outside London","G7","[c]","[c]","[c]","[c]"
"In post","2022","Ministry of Defence (excl. agencies)","West Surrey","Outside London","HEO","35","35","35290","33300"
"In post","2022","Ministry of Defence (excl. agencies)","West Surrey","Outside London","SCS level","[c]","[c]","[c]","[c]"
"In post","2022","Ministry of Defence (excl. agencies)","West Surrey","Outside London","SEO","[c]","[c]","[c]","[c]"
"In post","2022","Ministry of Defence (excl. agencies)","West Sussex (South West)","Outside London","AA","[c]","[c]","[c]","[c]"
"In post","2022","Ministry of Defence (excl. agencies)","West Sussex (South West)","Outside London","AO","10","10","21700","21170"
"In post","2022","Ministry of Defence (excl. agencies)","West Sussex (South West)","Outside London","EO","5","5","[c]","[c]"
"In post","2022","Ministry of Defence (excl. agencies)","West Sussex (South West)","Outside London","G6","[c]","[c]","[c]","[c]"
"In post","2022","Ministry of Defence (excl. agencies)","West Sussex (South West)","Outside London","G7","[c]","[c]","[c]","[c]"
"In post","2022","Ministry of Defence (excl. agencies)","West Sussex (South West)","Outside London","HEO","[c]","[c]","[c]","[c]"
"In post","2022","Ministry of Defence (excl. agencies)","Westminster","London","AA","115","115","21920","22900"
"In post","2022","Ministry of Defence (excl. agencies)","Westminster","London","AO","280","270","26830","25640"
"In post","2022","Ministry of Defence (excl. agencies)","Westminster","London","EO","310","305","30730","30370"
"In post","2022","Ministry of Defence (excl. agencies)","Westminster","London","G6","210","205","69780","69440"
"In post","2022","Ministry of Defence (excl. agencies)","Westminster","London","G7","475","465","59450","59340"
"In post","2022","Ministry of Defence (excl. agencies)","Westminster","London","HEO","560","550","37540","37340"
"In post","2022","Ministry of Defence (excl. agencies)","Westminster","London","SCS level","170","165","89990","80640"
"In post","2022","Ministry of Defence (excl. agencies)","Westminster","London","SEO","870","855","45150","45090"
"In post","2022","Ministry of Defence (excl. agencies)","Westminster","London","Unknown","[c]","[c]","[c]","[c]"
"In post","2022","Ministry of Defence (excl. agencies)","Wiltshire","Outside London","AA","175","175","20020","19810"
"In post","2022","Ministry of Defence (excl. agencies)","Wiltshire","Outside London","AO","530","500","23360","21380"
"In post","2022","Ministry of Defence (excl. agencies)","Wiltshire","Outside London","EO","655","625","27760","26670"
"In post","2022","Ministry of Defence (excl. agencies)","Wiltshire","Outside London","G6","95","90","70810","65040"
"In post","2022","Ministry of Defence (excl. agencies)","Wiltshire","Outside London","G7","240","235","56670","54540"
"In post","2022","Ministry of Defence (excl. agencies)","Wiltshire","Outside London","HEO","805","775","34100","33300"
"In post","2022","Ministry of Defence (excl. agencies)","Wiltshire","Outside London","SCS level","20","20","91780","79980"
"In post","2022","Ministry of Defence (excl. agencies)","Wiltshire","Outside London","SEO","615","595","41780","40580"
"In post","2022","Ministry of Defence (excl. agencies)","Wiltshire","Outside London","Unknown","10","10","[c]","[c]"
"In post","2022","Ministry of Defence (excl. agencies)","Wirral","Outside London","AO","10","5","[c]","[c]"
"In post","2022","Ministry of Defence (excl. agencies)","Wolverhampton","Outside London","AA","[c]","[c]","[c]","[c]"
"In post","2022","Ministry of Defence (excl. agencies)","Wolverhampton","Outside London","AO","5","5","[c]","[c]"
"In post","2022","Ministry of Defence (excl. agencies)","Wolverhampton","Outside London","EO","[c]","[c]","[c]","[c]"
"In post","2022","Ministry of Defence (excl. agencies)","Worcestershire CC","Outside London","AA","5","5","[c]","[c]"
"In post","2022","Ministry of Defence (excl. agencies)","Worcestershire CC","Outside London","AO","15","15","21560","21380"
"In post","2022","Ministry of Defence (excl. agencies)","Worcestershire CC","Outside London","EO","[c]","[c]","[c]","[c]"
"In post","2022","Ministry of Defence (excl. agencies)","Worcestershire CC","Outside London","HEO","[c]","[c]","[c]","[c]"
"In post","2022","Ministry of Defence (excl. agencies)","York","Outside London","AA","25","25","19190","19050"
"In post","2022","Ministry of Defence (excl. agencies)","York","Outside London","AO","75","70","22590","21380"
"In post","2022","Ministry of Defence (excl. agencies)","York","Outside London","EO","30","30","28170","26670"
"In post","2022","Ministry of Defence (excl. agencies)","York","Outside London","G6","[c]","[c]","[c]","[c]"
"In post","2022","Ministry of Defence (excl. agencies)","York","Outside London","G7","5","5","[c]","[c]"
"In post","2022","Ministry of Defence (excl. agencies)","York","Outside London","HEO","45","45","34380","33300"
"In post","2022","Ministry of Defence (excl. agencies)","York","Outside London","SEO","15","10","41370","40580"
"In post","2022","Ministry of Justice (excl. agencies)","Aberdeen City and Aberdeenshire","Outside London","EO","[c]","[c]","[c]","[c]"
"In post","2022","Ministry of Justice (excl. agencies)","Barking & Dagenham and Havering","London","G7","[c]","[c]","[c]","[c]"
"In post","2022","Ministry of Justice (excl. agencies)","Barnsley, Doncaster and Rotherham","Outside London","EO","[c]","[c]","[c]","[c]"
"In post","2022","Ministry of Justice (excl. agencies)","Barnsley, Doncaster and Rotherham","Outside London","G7","[c]","[c]","[c]","[c]"
"In post","2022","Ministry of Justice (excl. agencies)","Barnsley, Doncaster and Rotherham","Outside London","HEO","5","5","[c]","[c]"
"In post","2022","Ministry of Justice (excl. agencies)","Barnsley, Doncaster and Rotherham","Outside London","SEO","10","10","42140","41100"
"In post","2022","Ministry of Justice (excl. agencies)","Bath and North East Somerset, North Somerset and South Gloucestershire","Outside London","EO","[c]","[c]","[c]","[c]"
"In post","2022","Ministry of Justice (excl. agencies)","Bath and North East Somerset, North Somerset and South Gloucestershire","Outside London","G6","[c]","[c]","[c]","[c]"
"In post","2022","Ministry of Justice (excl. agencies)","Bath and North East Somerset, North Somerset and South Gloucestershire","Outside London","G7","[c]","[c]","[c]","[c]"
"In post","2022","Ministry of Justice (excl. agencies)","Bath and North East Somerset, North Somerset and South Gloucestershire","Outside London","HEO","10","10","[c]","[c]"
"In post","2022","Ministry of Justice (excl. agencies)","Bath and North East Somerset, North Somerset and South Gloucestershire","Outside London","SEO","10","10","42060","41100"
"In post","2022","Ministry of Justice (excl. agencies)","Bedford","Outside London","EO","[c]","[c]","[c]","[c]"
"In post","2022","Ministry of Justice (excl. agencies)","Bedford","Outside London","HEO","[c]","[c]","[c]","[c]"
"In post","2022","Ministry of Justice (excl. agencies)","Bedford","Outside London","SCS level","[c]","[c]","[c]","[c]"
"In post","2022","Ministry of Justice (excl. agencies)","Bedford","Outside London","SEO","[c]","[c]","[c]","[c]"
"In post","2022","Ministry of Justice (excl. agencies)","Berkshire","Outside London","G7","[c]","[c]","[c]","[c]"
"In post","2022","Ministry of Justice (excl. agencies)","Berkshire","Outside London","HEO","[c]","[c]","[c]","[c]"
"In post","2022","Ministry of Justice (excl. agencies)","Berkshire","Outside London","SEO","[c]","[c]","[c]","[c]"
"In post","2022","Ministry of Justice (excl. agencies)","Bexley and Greenwich","London","AO","[c]","[c]","[c]","[c]"
"In post","2022","Ministry of Justice (excl. agencies)","Bexley and Greenwich","London","EO","[c]","[c]","[c]","[c]"
"In post","2022","Ministry of Justice (excl. agencies)","Bexley and Greenwich","London","G7","[c]","[c]","[c]","[c]"
"In post","2022","Ministry of Justice (excl. agencies)","Bexley and Greenwich","London","HEO","[c]","[c]","[c]","[c]"
"In post","2022","Ministry of Justice (excl. agencies)","Bexley and Greenwich","London","SEO","[c]","[c]","[c]","[c]"
"In post","2022","Ministry of Justice (excl. agencies)","Birmingham","Outside London","AA","[c]","[c]","[c]","[c]"
"In post","2022","Ministry of Justice (excl. agencies)","Birmingham","Outside London","AO","5","5","[c]","[c]"
"In post","2022","Ministry of Justice (excl. agencies)","Birmingham","Outside London","EO","20","20","25440","25120"
"In post","2022","Ministry of Justice (excl. agencies)","Birmingham","Outside London","G6","10","10","67540","66970"
"In post","2022","Ministry of Justice (excl. agencies)","Birmingham","Outside London","G7","50","50","55610","54420"
"In post","2022","Ministry of Justice (excl. agencies)","Birmingham","Outside London","HEO","35","35","31590","30940"
"In post","2022","Ministry of Justice (excl. agencies)","Birmingham","Outside London","SCS level","[c]","[c]","[c]","[c]"
"In post","2022","Ministry of Justice (excl. agencies)","Birmingham","Outside London","SEO","45","45","38860","36860"
"In post","2022","Ministry of Justice (excl. agencies)","Birmingham","Outside London","Unknown","[c]","[c]","[c]","[c]"
"In post","2022","Ministry of Justice (excl. agencies)","Blackburn with Darwen","Outside London","HEO","[c]","[c]","[c]","[c]"
"In post","2022","Ministry of Justice (excl. agencies)","Blackburn with Darwen","Outside London","SEO","[c]","[c]","[c]","[c]"
"In post","2022","Ministry of Justice (excl. agencies)","Blackpool","Outside London","HEO","[c]","[c]","[c]","[c]"
"In post","2022","Ministry of Justice (excl. agencies)","Blackpool","Outside London","SEO","[c]","[c]","[c]","[c]"
"In post","2022","Ministry of Justice (excl. agencies)","Bournemouth, Christchurch and Poole","Outside London","G7","[c]","[c]","[c]","[c]"
"In post","2022","Ministry of Justice (excl. agencies)","Bournemouth, Christchurch and Poole","Outside London","HEO","[c]","[c]","[c]","[c]"
"In post","2022","Ministry of Justice (excl. agencies)","Bradford","Outside London","SEO","[c]","[c]","[c]","[c]"
"In post","2022","Ministry of Justice (excl. agencies)","Breckland and South Norfolk","Outside London","G6","[c]","[c]","[c]","[c]"
"In post","2022","Ministry of Justice (excl. agencies)","Breckland and South Norfolk","Outside London","G7","[c]","[c]","[c]","[c]"
"In post","2022","Ministry of Justice (excl. agencies)","Breckland and South Norfolk","Outside London","SEO","[c]","[c]","[c]","[c]"
"In post","2022","Ministry of Justice (excl. agencies)","Bridgend and Neath Port Talbot","Outside London","G7","[c]","[c]","[c]","[c]"
"In post","2022","Ministry of Justice (excl. agencies)","Bridgend and Neath Port Talbot","Outside London","SEO","[c]","[c]","[c]","[c]"
"In post","2022","Ministry of Justice (excl. agencies)","Brighton and Hove","Outside London","G6","[c]","[c]","[c]","[c]"
"In post","2022","Ministry of Justice (excl. agencies)","Brighton and Hove","Outside London","G7","5","5","[c]","[c]"
"In post","2022","Ministry of Justice (excl. agencies)","Bristol, City of","Outside London","AO","[c]","[c]","[c]","[c]"
"In post","2022","Ministry of Justice (excl. agencies)","Bristol, City of","Outside London","EO","[c]","[c]","[c]","[c]"
"In post","2022","Ministry of Justice (excl. agencies)","Bristol, City of","Outside London","G6","[c]","[c]","[c]","[c]"
"In post","2022","Ministry of Justice (excl. agencies)","Bristol, City of","Outside London","G7","10","10","53580","52640"
"In post","2022","Ministry of Justice (excl. agencies)","Bristol, City of","Outside London","HEO","5","5","[c]","[c]"
"In post","2022","Ministry of Justice (excl. agencies)","Bristol, City of","Outside London","SEO","10","10","[c]","[c]"
"In post","2022","Ministry of Justice (excl. agencies)","Bristol, City of","Outside London","Unknown","[c]","[c]","[c]","[c]"
"In post","2022","Ministry of Justice (excl. agencies)","Buckinghamshire","Outside London","AO","[c]","[c]","[c]","[c]"
"In post","2022","Ministry of Justice (excl. agencies)","Buckinghamshire","Outside London","EO","[c]","[c]","[c]","[c]"
"In post","2022","Ministry of Justice (excl. agencies)","Buckinghamshire","Outside London","G7","[c]","[c]","[c]","[c]"
"In post","2022","Ministry of Justice (excl. agencies)","Buckinghamshire","Outside London","HEO","[c]","[c]","[c]","[c]"
"In post","2022","Ministry of Justice (excl. agencies)","Buckinghamshire","Outside London","SEO","[c]","[c]","[c]","[c]"
"In post","2022","Ministry of Justice (excl. agencies)","Calderdale and Kirklees","Outside London","G7","[c]","[c]","[c]","[c]"
"In post","2022","Ministry of Justice (excl. agencies)","Cambridgeshire CC","Outside London","AO","[c]","[c]","[c]","[c]"
"In post","2022","Ministry of Justice (excl. agencies)","Cambridgeshire CC","Outside London","EO","[c]","[c]","[c]","[c]"
"In post","2022","Ministry of Justice (excl. agencies)","Cambridgeshire CC","Outside London","G6","[c]","[c]","[c]","[c]"
"In post","2022","Ministry of Justice (excl. agencies)","Cambridgeshire CC","Outside London","G7","[c]","[c]","[c]","[c]"
"In post","2022","Ministry of Justice (excl. agencies)","Cambridgeshire CC","Outside London","HEO","[c]","[c]","[c]","[c]"
"In post","2022","Ministry of Justice (excl. agencies)","Cambridgeshire CC","Outside London","SEO","5","5","[c]","[c]"
"In post","2022","Ministry of Justice (excl. agencies)","Camden and City of London","London","AO","20","20","24190","24310"
"In post","2022","Ministry of Justice (excl. agencies)","Camden and City of London","London","EO","25","20","28560","28310"
"In post","2022","Ministry of Justice (excl. agencies)","Camden and City of London","London","G6","5","5","[c]","[c]"
"In post","2022","Ministry of Justice (excl. agencies)","Camden and City of London","London","G7","25","25","57610","57540"
"In post","2022","Ministry of Justice (excl. agencies)","Camden and City of London","London","HEO","30","30","35350","34490"
"In post","2022","Ministry of Justice (excl. agencies)","Camden and City of London","London","SCS level","[c]","[c]","[c]","[c]"
"In post","2022","Ministry of Justice (excl. agencies)","Camden and City of London","London","SEO","10","10","43880","43630"
"In post","2022","Ministry of Justice (excl. agencies)","Cardiff and Vale of Glamorgan","Outside London","AA","[c]","[c]","[c]","[c]"
"In post","2022","Ministry of Justice (excl. agencies)","Cardiff and Vale of Glamorgan","Outside London","AO","[c]","[c]","[c]","[c]"
"In post","2022","Ministry of Justice (excl. agencies)","Cardiff and Vale of Glamorgan","Outside London","EO","5","5","[c]","[c]"
"In post","2022","Ministry of Justice (excl. agencies)","Cardiff and Vale of Glamorgan","Outside London","G6","[c]","[c]","[c]","[c]"
"In post","2022","Ministry of Justice (excl. agencies)","Cardiff and Vale of Glamorgan","Outside London","G7","15","15","54190","50430"
"In post","2022","Ministry of Justice (excl. agencies)","Cardiff and Vale of Glamorgan","Outside London","HEO","10","10","[c]","[c]"
"In post","2022","Ministry of Justice (excl. agencies)","Cardiff and Vale of Glamorgan","Outside London","SCS level","5","5","[c]","[c]"
"In post","2022","Ministry of Justice (excl. agencies)","Cardiff and Vale of Glamorgan","Outside London","SEO","20","20","38680","38550"
"In post","2022","Ministry of Justice (excl. agencies)","Cardiff and Vale of Glamorgan","Outside London","Unknown","[c]","[c]","[c]","[c]"
"In post","2022","Ministry of Justice (excl. agencies)","Central Hampshire","Outside London","EO","[c]","[c]","[c]","[c]"
"In post","2022","Ministry of Justice (excl. agencies)","Central Hampshire","Outside London","G6","[c]","[c]","[c]","[c]"
"In post","2022","Ministry of Justice (excl. agencies)","Central Hampshire","Outside London","G7","[c]","[c]","[c]","[c]"
"In post","2022","Ministry of Justice (excl. agencies)","Central Hampshire","Outside London","HEO","[c]","[c]","[c]","[c]"
"In post","2022","Ministry of Justice (excl. agencies)","Central Hampshire","Outside London","SEO","[c]","[c]","[c]","[c]"
"In post","2022","Ministry of Justice (excl. agencies)","Central Valleys","Outside London","SEO","[c]","[c]","[c]","[c]"
"In post","2022","Ministry of Justice (excl. agencies)","Cheshire East","Outside London","HEO","[c]","[c]","[c]","[c]"
"In post","2022","Ministry of Justice (excl. agencies)","Cheshire East","Outside London","SEO","[c]","[c]","[c]","[c]"
"In post","2022","Ministry of Justice (excl. agencies)","Cheshire West and Chester","Outside London","EO","[c]","[c]","[c]","[c]"
"In post","2022","Ministry of Justice (excl. agencies)","Cheshire West and Chester","Outside London","SEO","[c]","[c]","[c]","[c]"
"In post","2022","Ministry of Justice (excl. agencies)","Chorley and West Lancashire","Outside London","AO","5","5","[c]","[c]"
"In post","2022","Ministry of Justice (excl. agencies)","Chorley and West Lancashire","Outside London","EO","5","5","[c]","[c]"
"In post","2022","Ministry of Justice (excl. agencies)","Chorley and West Lancashire","Outside London","G7","[c]","[c]","[c]","[c]"
"In post","2022","Ministry of Justice (excl. agencies)","Chorley and West Lancashire","Outside London","HEO","5","5","[c]","[c]"
"In post","2022","Ministry of Justice (excl. agencies)","Chorley and West Lancashire","Outside London","SEO","10","10","42610","41380"
"In post","2022","Ministry of Justice (excl. agencies)","City of Edinburgh","Outside London","EO","[c]","[c]","[c]","[c]"
"In post","2022","Ministry of Justice (excl. agencies)","City of Edinburgh","Outside London","G6","[c]","[c]","[c]","[c]"
"In post","2022","Ministry of Justice (excl. agencies)","Cornwall and Isles of Scilly","Outside London","SEO","[c]","[c]","[c]","[c]"
"In post","2022","Ministry of Justice (excl. agencies)","Coventry","Outside London","G7","[c]","[c]","[c]","[c]"
"In post","2022","Ministry of Justice (excl. agencies)","Coventry","Outside London","SEO","[c]","[c]","[c]","[c]"
"In post","2022","Ministry of Justice (excl. agencies)","Croydon","London","EO","[c]","[c]","[c]","[c]"
"In post","2022","Ministry of Justice (excl. agencies)","Croydon","London","G6","5","5","[c]","[c]"
"In post","2022","Ministry of Justice (excl. agencies)","Croydon","London","G7","15","15","60790","63500"
"In post","2022","Ministry of Justice (excl. agencies)","Croydon","London","HEO","20","20","35190","34260"
"In post","2022","Ministry of Justice (excl. agencies)","Croydon","London","SCS level","[c]","[c]","[c]","[c]"
"In post","2022","Ministry of Justice (excl. agencies)","Croydon","London","SEO","20","20","45270","47590"
"In post","2022","Ministry of Justice (excl. agencies)","Darlington","Outside London","EO","[c]","[c]","[c]","[c]"
"In post","2022","Ministry of Justice (excl. agencies)","Darlington","Outside London","SEO","[c]","[c]","[c]","[c]"
"In post","2022","Ministry of Justice (excl. agencies)","Derby","Outside London","SEO","[c]","[c]","[c]","[c]"
"In post","2022","Ministry of Justice (excl. agencies)","Devon CC","Outside London","AO","[c]","[c]","[c]","[c]"
"In post","2022","Ministry of Justice (excl. agencies)","Devon CC","Outside London","EO","[c]","[c]","[c]","[c]"
"In post","2022","Ministry of Justice (excl. agencies)","Devon CC","Outside London","G6","[c]","[c]","[c]","[c]"
"In post","2022","Ministry of Justice (excl. agencies)","Devon CC","Outside London","G7","[c]","[c]","[c]","[c]"
"In post","2022","Ministry of Justice (excl. agencies)","Devon CC","Outside London","HEO","10","10","[c]","[c]"
"In post","2022","Ministry of Justice (excl. agencies)","Devon CC","Outside London","SEO","10","10","42590","41100"
"In post","2022","Ministry of Justice (excl. agencies)","Dorset","Outside London","EO","5","5","[c]","[c]"
"In post","2022","Ministry of Justice (excl. agencies)","Dorset","Outside London","G7","[c]","[c]","[c]","[c]"
"In post","2022","Ministry of Justice (excl. agencies)","Dorset","Outside London","HEO","5","5","[c]","[c]"
"In post","2022","Ministry of Justice (excl. agencies)","Dorset","Outside London","SEO","5","5","[c]","[c]"
"In post","2022","Ministry of Justice (excl. agencies)","Dudley","Outside London","SEO","[c]","[c]","[c]","[c]"
"In post","2022","Ministry of Justice (excl. agencies)","Durham","Outside London","AO","[c]","[c]","[c]","[c]"
"In post","2022","Ministry of Justice (excl. agencies)","Durham","Outside London","EO","10","10","[c]","[c]"
"In post","2022","Ministry of Justice (excl. agencies)","Durham","Outside London","G6","[c]","[c]","[c]","[c]"
"In post","2022","Ministry of Justice (excl. agencies)","Durham","Outside London","G7","10","10","[c]","[c]"
"In post","2022","Ministry of Justice (excl. agencies)","Durham","Outside London","HEO","20","20","31670","31180"
"In post","2022","Ministry of Justice (excl. agencies)","Durham","Outside London","SEO","10","10","[c]","[c]"
"In post","2022","Ministry of Justice (excl. agencies)","East Cumbria","Outside London","G7","[c]","[c]","[c]","[c]"
"In post","2022","Ministry of Justice (excl. agencies)","East Cumbria","Outside London","SEO","[c]","[c]","[c]","[c]"
"In post","2022","Ministry of Justice (excl. agencies)","East Kent","Outside London","G7","[c]","[c]","[c]","[c]"
"In post","2022","Ministry of Justice (excl. agencies)","East Lancashire","Outside London","G7","[c]","[c]","[c]","[c]"
"In post","2022","Ministry of Justice (excl. agencies)","East Merseyside","Outside London","EO","[c]","[c]","[c]","[c]"
"In post","2022","Ministry of Justice (excl. agencies)","East Merseyside","Outside London","G7","[c]","[c]","[c]","[c]"
"In post","2022","Ministry of Justice (excl. agencies)","East Merseyside","Outside London","SEO","5","5","[c]","[c]"
"In post","2022","Ministry of Justice (excl. agencies)","East Riding of Yorkshire","Outside London","EO","[c]","[c]","[c]","[c]"
"In post","2022","Ministry of Justice (excl. agencies)","East Riding of Yorkshire","Outside London","G6","[c]","[c]","[c]","[c]"
"In post","2022","Ministry of Justice (excl. agencies)","East Riding of Yorkshire","Outside London","HEO","5","5","[c]","[c]"
"In post","2022","Ministry of Justice (excl. agencies)","East Riding of Yorkshire","Outside London","SEO","10","10","[c]","[c]"
"In post","2022","Ministry of Justice (excl. agencies)","East Riding of Yorkshire","Outside London","Unknown","[c]","[c]","[c]","[c]"
"In post","2022","Ministry of Justice (excl. agencies)","East Surrey","Outside London","G7","[c]","[c]","[c]","[c]"
"In post","2022","Ministry of Justice (excl. agencies)","East Surrey","Outside London","HEO","[c]","[c]","[c]","[c]"
"In post","2022","Ministry of Justice (excl. agencies)","East Surrey","Outside London","SEO","[c]","[c]","[c]","[c]"
"In post","2022","Ministry of Justice (excl. agencies)","East Sussex CC","Outside London","EO","[c]","[c]","[c]","[c]"
"In post","2022","Ministry of Justice (excl. agencies)","East Sussex CC","Outside London","G6","[c]","[c]","[c]","[c]"
"In post","2022","Ministry of Justice (excl. agencies)","East Sussex CC","Outside London","HEO","[c]","[c]","[c]","[c]"
"In post","2022","Ministry of Justice (excl. agencies)","East Sussex CC","Outside London","SEO","[c]","[c]","[c]","[c]"
"In post","2022","Ministry of Justice (excl. agencies)","Flintshire and Wrexham","Outside London","HEO","[c]","[c]","[c]","[c]"
"In post","2022","Ministry of Justice (excl. agencies)","Flintshire and Wrexham","Outside London","SEO","[c]","[c]","[c]","[c]"
"In post","2022","Ministry of Justice (excl. agencies)","Glasgow City","Outside London","AO","[c]","[c]","[c]","[c]"
"In post","2022","Ministry of Justice (excl. agencies)","Glasgow City","Outside London","EO","10","10","25150","25120"
"In post","2022","Ministry of Justice (excl. agencies)","Glasgow City","Outside London","G6","[c]","[c]","[c]","[c]"
"In post","2022","Ministry of Justice (excl. agencies)","Glasgow City","Outside London","G7","15","15","52920","50430"
"In post","2022","Ministry of Justice (excl. agencies)","Glasgow City","Outside London","HEO","10","10","[c]","[c]"
"In post","2022","Ministry of Justice (excl. agencies)","Glasgow City","Outside London","SEO","10","10","38090","37590"
"In post","2022","Ministry of Justice (excl. agencies)","Gloucestershire CC","Outside London","AO","[c]","[c]","[c]","[c]"
"In post","2022","Ministry of Justice (excl. agencies)","Gloucestershire CC","Outside London","EO","[c]","[c]","[c]","[c]"
"In post","2022","Ministry of Justice (excl. agencies)","Gloucestershire CC","Outside London","G7","[c]","[c]","[c]","[c]"
"In post","2022","Ministry of Justice (excl. agencies)","Gloucestershire CC","Outside London","HEO","[c]","[c]","[c]","[c]"
"In post","2022","Ministry of Justice (excl. agencies)","Gloucestershire CC","Outside London","SEO","[c]","[c]","[c]","[c]"
"In post","2022","Ministry of Justice (excl. agencies)","Greater Manchester North East","Outside London","G7","[c]","[c]","[c]","[c]"
"In post","2022","Ministry of Justice (excl. agencies)","Greater Manchester North East","Outside London","HEO","[c]","[c]","[c]","[c]"
"In post","2022","Ministry of Justice (excl. agencies)","Greater Manchester North East","Outside London","SEO","[c]","[c]","[c]","[c]"
"In post","2022","Ministry of Justice (excl. agencies)","Greater Manchester North West","Outside London","EO","[c]","[c]","[c]","[c]"
"In post","2022","Ministry of Justice (excl. agencies)","Greater Manchester North West","Outside London","HEO","[c]","[c]","[c]","[c]"
"In post","2022","Ministry of Justice (excl. agencies)","Greater Manchester North West","Outside London","SEO","[c]","[c]","[c]","[c]"
"In post","2022","Ministry of Justice (excl. agencies)","Greater Manchester South East","Outside London","G6","[c]","[c]","[c]","[c]"
"In post","2022","Ministry of Justice (excl. agencies)","Greater Manchester South East","Outside London","Unknown","[c]","[c]","[c]","[c]"
"In post","2022","Ministry of Justice (excl. agencies)","Greater Manchester South West","Outside London","EO","[c]","[c]","[c]","[c]"
"In post","2022","Ministry of Justice (excl. agencies)","Greater Manchester South West","Outside London","G6","[c]","[c]","[c]","[c]"
"In post","2022","Ministry of Justice (excl. agencies)","Greater Manchester South West","Outside London","G7","[c]","[c]","[c]","[c]"
"In post","2022","Ministry of Justice (excl. agencies)","Greater Manchester South West","Outside London","HEO","[c]","[c]","[c]","[c]"
"In post","2022","Ministry of Justice (excl. agencies)","Greater Manchester South West","Outside London","SEO","[c]","[c]","[c]","[c]"
"In post","2022","Ministry of Justice (excl. agencies)","Greater Manchester South West","Outside London","Unknown","[c]","[c]","[c]","[c]"
"In post","2022","Ministry of Justice (excl. agencies)","Gwent Valleys","Outside London","G7","[c]","[c]","[c]","[c]"
"In post","2022","Ministry of Justice (excl. agencies)","Gwynedd","Outside London","SEO","[c]","[c]","[c]","[c]"
"In post","2022","Ministry of Justice (excl. agencies)","Hackney and Newham","London","HEO","[c]","[c]","[c]","[c]"
"In post","2022","Ministry of Justice (excl. agencies)","Haringey and Islington","London","AO","[c]","[c]","[c]","[c]"
"In post","2022","Ministry of Justice (excl. agencies)","Haringey and Islington","London","EO","[c]","[c]","[c]","[c]"
"In post","2022","Ministry of Justice (excl. agencies)","Haringey and Islington","London","HEO","10","10","[c]","[c]"
"In post","2022","Ministry of Justice (excl. agencies)","Haringey and Islington","London","SEO","5","5","[c]","[c]"
"In post","2022","Ministry of Justice (excl. agencies)","Harrow and Hillingdon","London","G7","[c]","[c]","[c]","[c]"
"In post","2022","Ministry of Justice (excl. agencies)","Harrow and Hillingdon","London","HEO","[c]","[c]","[c]","[c]"
"In post","2022","Ministry of Justice (excl. agencies)","Hartlepool and Stockton-on-Tees","Outside London","EO","[c]","[c]","[c]","[c]"
"In post","2022","Ministry of Justice (excl. agencies)","Hartlepool and Stockton-on-Tees","Outside London","G7","[c]","[c]","[c]","[c]"
"In post","2022","Ministry of Justice (excl. agencies)","Hartlepool and Stockton-on-Tees","Outside London","HEO","5","5","[c]","[c]"
"In post","2022","Ministry of Justice (excl. agencies)","Hartlepool and Stockton-on-Tees","Outside London","SEO","[c]","[c]","[c]","[c]"
"In post","2022","Ministry of Justice (excl. agencies)","Heart of Essex","Outside London","AO","[c]","[c]","[c]","[c]"
"In post","2022","Ministry of Justice (excl. agencies)","Heart of Essex","Outside London","EO","[c]","[c]","[c]","[c]"
"In post","2022","Ministry of Justice (excl. agencies)","Heart of Essex","Outside London","G6","[c]","[c]","[c]","[c]"
"In post","2022","Ministry of Justice (excl. agencies)","Heart of Essex","Outside London","HEO","5","5","[c]","[c]"
"In post","2022","Ministry of Justice (excl. agencies)","Heart of Essex","Outside London","SCS level","[c]","[c]","[c]","[c]"
"In post","2022","Ministry of Justice (excl. agencies)","Heart of Essex","Outside London","SEO","[c]","[c]","[c]","[c]"
"In post","2022","Ministry of Justice (excl. agencies)","Herefordshire, County of","Outside London","SEO","[c]","[c]","[c]","[c]"
"In post","2022","Ministry of Justice (excl. agencies)","Hertfordshire CC","Outside London","EO","[c]","[c]","[c]","[c]"
"In post","2022","Ministry of Justice (excl. agencies)","Hertfordshire CC","Outside London","HEO","[c]","[c]","[c]","[c]"
"In post","2022","Ministry of Justice (excl. agencies)","Hertfordshire CC","Outside London","SEO","[c]","[c]","[c]","[c]"
"In post","2022","Ministry of Justice (excl. agencies)","Hounslow and Richmond upon Thames","London","AO","[c]","[c]","[c]","[c]"
"In post","2022","Ministry of Justice (excl. agencies)","Hounslow and Richmond upon Thames","London","EO","[c]","[c]","[c]","[c]"
"In post","2022","Ministry of Justice (excl. agencies)","Hounslow and Richmond upon Thames","London","G7","[c]","[c]","[c]","[c]"
"In post","2022","Ministry of Justice (excl. agencies)","Hounslow and Richmond upon Thames","London","HEO","[c]","[c]","[c]","[c]"
"In post","2022","Ministry of Justice (excl. agencies)","Hounslow and Richmond upon Thames","London","SEO","5","5","[c]","[c]"
"In post","2022","Ministry of Justice (excl. agencies)","Inverness and Nairn, Moray, and Badenoch and Strathspey","Outside London","HEO","[c]","[c]","[c]","[c]"
"In post","2022","Ministry of Justice (excl. agencies)","Isle of Wight","Outside London","G7","[c]","[c]","[c]","[c]"
"In post","2022","Ministry of Justice (excl. agencies)","Isle of Wight","Outside London","HEO","[c]","[c]","[c]","[c]"
"In post","2022","Ministry of Justice (excl. agencies)","Isle of Wight","Outside London","SEO","5","5","[c]","[c]"
"In post","2022","Ministry of Justice (excl. agencies)","Kensington & Chelsea and Hammersmith & Fulham","London","AA","[c]","[c]","[c]","[c]"
"In post","2022","Ministry of Justice (excl. agencies)","Kensington & Chelsea and Hammersmith & Fulham","London","G7","[c]","[c]","[c]","[c]"
"In post","2022","Ministry of Justice (excl. agencies)","Kensington & Chelsea and Hammersmith & Fulham","London","HEO","[c]","[c]","[c]","[c]"
"In post","2022","Ministry of Justice (excl. agencies)","Kensington & Chelsea and Hammersmith & Fulham","London","SEO","[c]","[c]","[c]","[c]"
"In post","2022","Ministry of Justice (excl. agencies)","Kent Thames Gateway","Outside London","AO","[c]","[c]","[c]","[c]"
"In post","2022","Ministry of Justice (excl. agencies)","Kent Thames Gateway","Outside London","EO","5","5","[c]","[c]"
"In post","2022","Ministry of Justice (excl. agencies)","Kent Thames Gateway","Outside London","G7","[c]","[c]","[c]","[c]"
"In post","2022","Ministry of Justice (excl. agencies)","Kent Thames Gateway","Outside London","HEO","10","10","32020","31740"
"In post","2022","Ministry of Justice (excl. agencies)","Kent Thames Gateway","Outside London","SEO","10","10","42830","41100"
"In post","2022","Ministry of Justice (excl. agencies)","Kingston upon Hull, City of","Outside London","AO","[c]","[c]","[c]","[c]"
"In post","2022","Ministry of Justice (excl. agencies)","Kingston upon Hull, City of","Outside London","G6","[c]","[c]","[c]","[c]"
"In post","2022","Ministry of Justice (excl. agencies)","Kingston upon Hull, City of","Outside London","G7","[c]","[c]","[c]","[c]"
"In post","2022","Ministry of Justice (excl. agencies)","Kingston upon Hull, City of","Outside London","HEO","[c]","[c]","[c]","[c]"
"In post","2022","Ministry of Justice (excl. agencies)","Kingston upon Hull, City of","Outside London","SEO","[c]","[c]","[c]","[c]"
"In post","2022","Ministry of Justice (excl. agencies)","Lambeth","London","HEO","[c]","[c]","[c]","[c]"
"In post","2022","Ministry of Justice (excl. agencies)","Lancaster and Wyre","Outside London","EO","[c]","[c]","[c]","[c]"
"In post","2022","Ministry of Justice (excl. agencies)","Lancaster and Wyre","Outside London","G7","[c]","[c]","[c]","[c]"
"In post","2022","Ministry of Justice (excl. agencies)","Lancaster and Wyre","Outside London","HEO","[c]","[c]","[c]","[c]"
"In post","2022","Ministry of Justice (excl. agencies)","Lancaster and Wyre","Outside London","SEO","[c]","[c]","[c]","[c]"
"In post","2022","Ministry of Justice (excl. agencies)","Leeds","Outside London","AO","[c]","[c]","[c]","[c]"
"In post","2022","Ministry of Justice (excl. agencies)","Leeds","Outside London","EO","55","50","25300","25120"
"In post","2022","Ministry of Justice (excl. agencies)","Leeds","Outside London","G6","10","10","62860","61190"
"In post","2022","Ministry of Justice (excl. agencies)","Leeds","Outside London","G7","55","55","52890","50430"
"In post","2022","Ministry of Justice (excl. agencies)","Leeds","Outside London","HEO","105","105","30940","30450"
"In post","2022","Ministry of Justice (excl. agencies)","Leeds","Outside London","SCS level","[c]","[c]","[c]","[c]"
"In post","2022","Ministry of Justice (excl. agencies)","Leeds","Outside London","SEO","135","130","37640","36050"
"In post","2022","Ministry of Justice (excl. agencies)","Leicester","Outside London","AO","[c]","[c]","[c]","[c]"
"In post","2022","Ministry of Justice (excl. agencies)","Leicester","Outside London","G7","[c]","[c]","[c]","[c]"
"In post","2022","Ministry of Justice (excl. agencies)","Leicester","Outside London","HEO","[c]","[c]","[c]","[c]"
"In post","2022","Ministry of Justice (excl. agencies)","Leicester","Outside London","SCS level","[c]","[c]","[c]","[c]"
"In post","2022","Ministry of Justice (excl. agencies)","Leicester","Outside London","SEO","10","10","[c]","[c]"
"In post","2022","Ministry of Justice (excl. agencies)","Leicestershire CC and Rutland","Outside London","AO","25","20","20980","20970"
"In post","2022","Ministry of Justice (excl. agencies)","Leicestershire CC and Rutland","Outside London","EO","15","10","25740","25120"
"In post","2022","Ministry of Justice (excl. agencies)","Leicestershire CC and Rutland","Outside London","G7","[c]","[c]","[c]","[c]"
"In post","2022","Ministry of Justice (excl. agencies)","Leicestershire CC and Rutland","Outside London","HEO","10","10","[c]","[c]"
"In post","2022","Ministry of Justice (excl. agencies)","Leicestershire CC and Rutland","Outside London","SEO","10","10","[c]","[c]"
"In post","2022","Ministry of Justice (excl. agencies)","Lewisham and Southwark","London","EO","[c]","[c]","[c]","[c]"
"In post","2022","Ministry of Justice (excl. agencies)","Lewisham and Southwark","London","G7","[c]","[c]","[c]","[c]"
"In post","2022","Ministry of Justice (excl. agencies)","Lewisham and Southwark","London","HEO","[c]","[c]","[c]","[c]"
"In post","2022","Ministry of Justice (excl. agencies)","Lewisham and Southwark","London","SEO","[c]","[c]","[c]","[c]"
"In post","2022","Ministry of Justice (excl. agencies)","Lewisham and Southwark","London","Unknown","[c]","[c]","[c]","[c]"
"In post","2022","Ministry of Justice (excl. agencies)","Lincolnshire CC","Outside London","EO","[c]","[c]","[c]","[c]"
"In post","2022","Ministry of Justice (excl. agencies)","Lincolnshire CC","Outside London","G7","[c]","[c]","[c]","[c]"
"In post","2022","Ministry of Justice (excl. agencies)","Lincolnshire CC","Outside London","HEO","10","10","31600","31830"
"In post","2022","Ministry of Justice (excl. agencies)","Lincolnshire CC","Outside London","SEO","[c]","[c]","[c]","[c]"
"In post","2022","Ministry of Justice (excl. agencies)","Liverpool","Outside London","EO","10","10","[c]","[c]"
"In post","2022","Ministry of Justice (excl. agencies)","Liverpool","Outside London","G6","[c]","[c]","[c]","[c]"
"In post","2022","Ministry of Justice (excl. agencies)","Liverpool","Outside London","G7","10","10","55470","52640"
"In post","2022","Ministry of Justice (excl. agencies)","Liverpool","Outside London","HEO","15","15","31590","30450"
"In post","2022","Ministry of Justice (excl. agencies)","Liverpool","Outside London","SEO","20","15","37750","36050"
"In post","2022","Ministry of Justice (excl. agencies)","Luton","Outside London","G7","[c]","[c]","[c]","[c]"
"In post","2022","Ministry of Justice (excl. agencies)","Luton","Outside London","HEO","[c]","[c]","[c]","[c]"
"In post","2022","Ministry of Justice (excl. agencies)","Manchester","Outside London","AO","5","5","[c]","[c]"
"In post","2022","Ministry of Justice (excl. agencies)","Manchester","Outside London","EO","20","20","25350","25120"
"In post","2022","Ministry of Justice (excl. agencies)","Manchester","Outside London","G6","10","10","[c]","[c]"
"In post","2022","Ministry of Justice (excl. agencies)","Manchester","Outside London","G7","15","15","53990","53430"
"In post","2022","Ministry of Justice (excl. agencies)","Manchester","Outside London","HEO","20","20","31380","30450"
"In post","2022","Ministry of Justice (excl. agencies)","Manchester","Outside London","SCS level","[c]","[c]","[c]","[c]"
"In post","2022","Ministry of Justice (excl. agencies)","Manchester","Outside London","SEO","25","25","39030","38510"
"In post","2022","Ministry of Justice (excl. agencies)","Medway","Outside London","AO","[c]","[c]","[c]","[c]"
"In post","2022","Ministry of Justice (excl. agencies)","Medway","Outside London","EO","[c]","[c]","[c]","[c]"
"In post","2022","Ministry of Justice (excl. agencies)","Medway","Outside London","G7","[c]","[c]","[c]","[c]"
"In post","2022","Ministry of Justice (excl. agencies)","Medway","Outside London","HEO","10","10","31670","31380"
"In post","2022","Ministry of Justice (excl. agencies)","Medway","Outside London","SEO","5","5","[c]","[c]"
"In post","2022","Ministry of Justice (excl. agencies)","Mid Kent","Outside London","AO","[c]","[c]","[c]","[c]"
"In post","2022","Ministry of Justice (excl. agencies)","Mid Kent","Outside London","EO","[c]","[c]","[c]","[c]"
"In post","2022","Ministry of Justice (excl. agencies)","Mid Kent","Outside London","G7","[c]","[c]","[c]","[c]"
"In post","2022","Ministry of Justice (excl. agencies)","Mid Kent","Outside London","HEO","[c]","[c]","[c]","[c]"
"In post","2022","Ministry of Justice (excl. agencies)","Mid Kent","Outside London","SEO","[c]","[c]","[c]","[c]"
"In post","2022","Ministry of Justice (excl. agencies)","Mid Kent","Outside London","Unknown","[c]","[c]","[c]","[c]"
"In post","2022","Ministry of Justice (excl. agencies)","Mid Lancashire","Outside London","EO","[c]","[c]","[c]","[c]"
"In post","2022","Ministry of Justice (excl. agencies)","Mid Lancashire","Outside London","G7","5","5","[c]","[c]"
"In post","2022","Ministry of Justice (excl. agencies)","Mid Lancashire","Outside London","HEO","5","5","[c]","[c]"
"In post","2022","Ministry of Justice (excl. agencies)","Mid Lancashire","Outside London","SEO","10","10","41220","41100"
"In post","2022","Ministry of Justice (excl. agencies)","Milton Keynes","Outside London","EO","[c]","[c]","[c]","[c]"
"In post","2022","Ministry of Justice (excl. agencies)","Milton Keynes","Outside London","G7","[c]","[c]","[c]","[c]"
"In post","2022","Ministry of Justice (excl. agencies)","Milton Keynes","Outside London","HEO","[c]","[c]","[c]","[c]"
"In post","2022","Ministry of Justice (excl. agencies)","Milton Keynes","Outside London","SEO","[c]","[c]","[c]","[c]"
"In post","2022","Ministry of Justice (excl. agencies)","Monmouthshire and Newport","Outside London","AO","[c]","[c]","[c]","[c]"
"In post","2022","Ministry of Justice (excl. agencies)","Monmouthshire and Newport","Outside London","EO","10","5","[c]","[c]"
"In post","2022","Ministry of Justice (excl. agencies)","Monmouthshire and Newport","Outside London","G6","[c]","[c]","[c]","[c]"
"In post","2022","Ministry of Justice (excl. agencies)","Monmouthshire and Newport","Outside London","G7","5","5","[c]","[c]"
"In post","2022","Ministry of Justice (excl. agencies)","Monmouthshire and Newport","Outside London","HEO","40","40","31630","31530"
"In post","2022","Ministry of Justice (excl. agencies)","Monmouthshire and Newport","Outside London","SEO","10","10","40020","40510"
"In post","2022","Ministry of Justice (excl. agencies)","North and North East Lincolnshire","Outside London","G6","[c]","[c]","[c]","[c]"
"In post","2022","Ministry of Justice (excl. agencies)","North and West Norfolk","Outside London","AO","[c]","[c]","[c]","[c]"
"In post","2022","Ministry of Justice (excl. agencies)","North and West Norfolk","Outside London","EO","[c]","[c]","[c]","[c]"
"In post","2022","Ministry of Justice (excl. agencies)","North and West Norfolk","Outside London","G7","[c]","[c]","[c]","[c]"
"In post","2022","Ministry of Justice (excl. agencies)","North Hampshire","Outside London","EO","[c]","[c]","[c]","[c]"
"In post","2022","Ministry of Justice (excl. agencies)","North Hampshire","Outside London","SEO","[c]","[c]","[c]","[c]"
"In post","2022","Ministry of Justice (excl. agencies)","North Northamptonshire","Outside London","EO","[c]","[c]","[c]","[c]"
"In post","2022","Ministry of Justice (excl. agencies)","North Northamptonshire","Outside London","G7","[c]","[c]","[c]","[c]"
"In post","2022","Ministry of Justice (excl. agencies)","North Nottinghamshire","Outside London","EO","[c]","[c]","[c]","[c]"
"In post","2022","Ministry of Justice (excl. agencies)","North Nottinghamshire","Outside London","G7","[c]","[c]","[c]","[c]"
"In post","2022","Ministry of Justice (excl. agencies)","North Nottinghamshire","Outside London","HEO","5","5","[c]","[c]"
"In post","2022","Ministry of Justice (excl. agencies)","North Nottinghamshire","Outside London","SEO","[c]","[c]","[c]","[c]"
"In post","2022","Ministry of Justice (excl. agencies)","North Yorkshire CC","Outside London","G7","[c]","[c]","[c]","[c]"
"In post","2022","Ministry of Justice (excl. agencies)","North Yorkshire CC","Outside London","SEO","[c]","[c]","[c]","[c]"
"In post","2022","Ministry of Justice (excl. agencies)","Northumberland","Outside London","SEO","[c]","[c]","[c]","[c]"
"In post","2022","Ministry of Justice (excl. agencies)","Norwich and East Norfolk","Outside London","EO","[c]","[c]","[c]","[c]"
"In post","2022","Ministry of Justice (excl. agencies)","Norwich and East Norfolk","Outside London","G7","[c]","[c]","[c]","[c]"
"In post","2022","Ministry of Justice (excl. agencies)","Norwich and East Norfolk","Outside London","HEO","[c]","[c]","[c]","[c]"
"In post","2022","Ministry of Justice (excl. agencies)","Norwich and East Norfolk","Outside London","SCS level","[c]","[c]","[c]","[c]"
"In post","2022","Ministry of Justice (excl. agencies)","Norwich and East Norfolk","Outside London","SEO","[c]","[c]","[c]","[c]"
"In post","2022","Ministry of Justice (excl. agencies)","Nottingham","Outside London","AA","[c]","[c]","[c]","[c]"
"In post","2022","Ministry of Justice (excl. agencies)","Nottingham","Outside London","EO","10","10","25360","25120"
"In post","2022","Ministry of Justice (excl. agencies)","Nottingham","Outside London","G6","[c]","[c]","[c]","[c]"
"In post","2022","Ministry of Justice (excl. agencies)","Nottingham","Outside London","G7","25","25","55050","53760"
"In post","2022","Ministry of Justice (excl. agencies)","Nottingham","Outside London","HEO","15","15","30910","30450"
"In post","2022","Ministry of Justice (excl. agencies)","Nottingham","Outside London","SEO","20","20","39750","40540"
"In post","2022","Ministry of Justice (excl. agencies)","Oxfordshire CC","Outside London","AO","[c]","[c]","[c]","[c]"
"In post","2022","Ministry of Justice (excl. agencies)","Oxfordshire CC","Outside London","EO","[c]","[c]","[c]","[c]"
"In post","2022","Ministry of Justice (excl. agencies)","Oxfordshire CC","Outside London","G7","[c]","[c]","[c]","[c]"
"In post","2022","Ministry of Justice (excl. agencies)","Oxfordshire CC","Outside London","HEO","[c]","[c]","[c]","[c]"
"In post","2022","Ministry of Justice (excl. agencies)","Oxfordshire CC","Outside London","SEO","[c]","[c]","[c]","[c]"
"In post","2022","Ministry of Justice (excl. agencies)","Peterborough","Outside London","EO","[c]","[c]","[c]","[c]"
"In post","2022","Ministry of Justice (excl. agencies)","Peterborough","Outside London","G7","[c]","[c]","[c]","[c]"
"In post","2022","Ministry of Justice (excl. agencies)","Peterborough","Outside London","HEO","[c]","[c]","[c]","[c]"
"In post","2022","Ministry of Justice (excl. agencies)","Peterborough","Outside London","SEO","5","5","[c]","[c]"
"In post","2022","Ministry of Justice (excl. agencies)","Plymouth","Outside London","EO","[c]","[c]","[c]","[c]"
"In post","2022","Ministry of Justice (excl. agencies)","Plymouth","Outside London","G6","[c]","[c]","[c]","[c]"
"In post","2022","Ministry of Justice (excl. agencies)","Plymouth","Outside London","G7","[c]","[c]","[c]","[c]"
"In post","2022","Ministry of Justice (excl. agencies)","Plymouth","Outside London","HEO","[c]","[c]","[c]","[c]"
"In post","2022","Ministry of Justice (excl. agencies)","Plymouth","Outside London","SEO","[c]","[c]","[c]","[c]"
"In post","2022","Ministry of Justice (excl. agencies)","Portsmouth","Outside London","HEO","[c]","[c]","[c]","[c]"
"In post","2022","Ministry of Justice (excl. agencies)","Portsmouth","Outside London","SEO","[c]","[c]","[c]","[c]"
"In post","2022","Ministry of Justice (excl. agencies)","Redbridge and Waltham Forest","London","SEO","[c]","[c]","[c]","[c]"
"In post","2022","Ministry of Justice (excl. agencies)","Sefton","Outside London","G7","[c]","[c]","[c]","[c]"
"In post","2022","Ministry of Justice (excl. agencies)","Sefton","Outside London","SEO","[c]","[c]","[c]","[c]"
"In post","2022","Ministry of Justice (excl. agencies)","Sheffield","Outside London","EO","[c]","[c]","[c]","[c]"
"In post","2022","Ministry of Justice (excl. agencies)","Sheffield","Outside London","G6","10","10","[c]","[c]"
"In post","2022","Ministry of Justice (excl. agencies)","Sheffield","Outside London","G7","65","65","56600","56870"
"In post","2022","Ministry of Justice (excl. agencies)","Sheffield","Outside London","HEO","10","10","30670","30450"
"In post","2022","Ministry of Justice (excl. agencies)","Sheffield","Outside London","SCS level","[c]","[c]","[c]","[c]"
"In post","2022","Ministry of Justice (excl. agencies)","Sheffield","Outside London","SEO","25","25","40540","40390"
"In post","2022","Ministry of Justice (excl. agencies)","Shropshire","Outside London","AO","5","5","[c]","[c]"
"In post","2022","Ministry of Justice (excl. agencies)","Shropshire","Outside London","EO","[c]","[c]","[c]","[c]"
"In post","2022","Ministry of Justice (excl. agencies)","Shropshire","Outside London","G7","[c]","[c]","[c]","[c]"
"In post","2022","Ministry of Justice (excl. agencies)","Shropshire","Outside London","HEO","5","5","[c]","[c]"
"In post","2022","Ministry of Justice (excl. agencies)","Shropshire","Outside London","SEO","[c]","[c]","[c]","[c]"
"In post","2022","Ministry of Justice (excl. agencies)","Somerset CC","Outside London","HEO","[c]","[c]","[c]","[c]"
"In post","2022","Ministry of Justice (excl. agencies)","Somerset CC","Outside London","SEO","[c]","[c]","[c]","[c]"
"In post","2022","Ministry of Justice (excl. agencies)","South and West Derbyshire","Outside London","G7","[c]","[c]","[c]","[c]"
"In post","2022","Ministry of Justice (excl. agencies)","South and West Derbyshire","Outside London","HEO","5","5","[c]","[c]"
"In post","2022","Ministry of Justice (excl. agencies)","South and West Derbyshire","Outside London","SEO","5","5","[c]","[c]"
"In post","2022","Ministry of Justice (excl. agencies)","South Hampshire","Outside London","EO","[c]","[c]","[c]","[c]"
"In post","2022","Ministry of Justice (excl. agencies)","South Hampshire","Outside London","HEO","[c]","[c]","[c]","[c]"
"In post","2022","Ministry of Justice (excl. agencies)","South Nottinghamshire","Outside London","EO","[c]","[c]","[c]","[c]"
"In post","2022","Ministry of Justice (excl. agencies)","South Nottinghamshire","Outside London","HEO","[c]","[c]","[c]","[c]"
"In post","2022","Ministry of Justice (excl. agencies)","South Nottinghamshire","Outside London","SEO","[c]","[c]","[c]","[c]"
"In post","2022","Ministry of Justice (excl. agencies)","South Teesside","Outside London","G6","[c]","[c]","[c]","[c]"
"In post","2022","Ministry of Justice (excl. agencies)","South Teesside","Outside London","G7","[c]","[c]","[c]","[c]"
"In post","2022","Ministry of Justice (excl. agencies)","South West Wales","Outside London","G6","[c]","[c]","[c]","[c]"
"In post","2022","Ministry of Justice (excl. agencies)","South West Wales","Outside London","G7","[c]","[c]","[c]","[c]"
"In post","2022","Ministry of Justice (excl. agencies)","South West Wales","Outside London","HEO","[c]","[c]","[c]","[c]"
"In post","2022","Ministry of Justice (excl. agencies)","South West Wales","Outside London","Unknown","[c]","[c]","[c]","[c]"
"In post","2022","Ministry of Justice (excl. agencies)","Southampton","Outside London","SEO","[c]","[c]","[c]","[c]"
"In post","2022","Ministry of Justice (excl. agencies)","Southend-on-Sea","Outside London","EO","[c]","[c]","[c]","[c]"
"In post","2022","Ministry of Justice (excl. agencies)","Staffordshire CC","Outside London","AA","5","5","[c]","[c]"
"In post","2022","Ministry of Justice (excl. agencies)","Staffordshire CC","Outside London","AO","70","65","20980","20970"
"In post","2022","Ministry of Justice (excl. agencies)","Staffordshire CC","Outside London","EO","45","45","25770","25770"
"In post","2022","Ministry of Justice (excl. agencies)","Staffordshire CC","Outside London","G6","[c]","[c]","[c]","[c]"
"In post","2022","Ministry of Justice (excl. agencies)","Staffordshire CC","Outside London","G7","10","10","[c]","[c]"
"In post","2022","Ministry of Justice (excl. agencies)","Staffordshire CC","Outside London","HEO","20","15","31070","30450"
"In post","2022","Ministry of Justice (excl. agencies)","Staffordshire CC","Outside London","SCS level","[c]","[c]","[c]","[c]"
"In post","2022","Ministry of Justice (excl. agencies)","Staffordshire CC","Outside London","SEO","25","25","39780","41020"
"In post","2022","Ministry of Justice (excl. agencies)","Stoke-on-Trent","Outside London","EO","[c]","[c]","[c]","[c]"
"In post","2022","Ministry of Justice (excl. agencies)","Stoke-on-Trent","Outside London","SEO","[c]","[c]","[c]","[c]"
"In post","2022","Ministry of Justice (excl. agencies)","Suffolk CC","Outside London","AO","[c]","[c]","[c]","[c]"
"In post","2022","Ministry of Justice (excl. agencies)","Suffolk CC","Outside London","EO","[c]","[c]","[c]","[c]"
"In post","2022","Ministry of Justice (excl. agencies)","Suffolk CC","Outside London","G6","[c]","[c]","[c]","[c]"
"In post","2022","Ministry of Justice (excl. agencies)","Suffolk CC","Outside London","G7","[c]","[c]","[c]","[c]"
"In post","2022","Ministry of Justice (excl. agencies)","Suffolk CC","Outside London","HEO","15","15","31440","31350"
"In post","2022","Ministry of Justice (excl. agencies)","Suffolk CC","Outside London","SEO","10","10","[c]","[c]"
"In post","2022","Ministry of Justice (excl. agencies)","Sunderland","Outside London","SEO","[c]","[c]","[c]","[c]"
"In post","2022","Ministry of Justice (excl. agencies)","Swansea","Outside London","AA","[c]","[c]","[c]","[c]"
"In post","2022","Ministry of Justice (excl. agencies)","Swansea","Outside London","AO","[c]","[c]","[c]","[c]"
"In post","2022","Ministry of Justice (excl. agencies)","Swansea","Outside London","EO","[c]","[c]","[c]","[c]"
"In post","2022","Ministry of Justice (excl. agencies)","Swansea","Outside London","G6","[c]","[c]","[c]","[c]"
"In post","2022","Ministry of Justice (excl. agencies)","Swansea","Outside London","G7","[c]","[c]","[c]","[c]"
"In post","2022","Ministry of Justice (excl. agencies)","Swansea","Outside London","HEO","[c]","[c]","[c]","[c]"
"In post","2022","Ministry of Justice (excl. agencies)","Swansea","Outside London","SEO","5","5","[c]","[c]"
"In post","2022","Ministry of Justice (excl. agencies)","Swindon","Outside London","G6","[c]","[c]","[c]","[c]"
"In post","2022","Ministry of Justice (excl. agencies)","Swindon","Outside London","HEO","[c]","[c]","[c]","[c]"
"In post","2022","Ministry of Justice (excl. agencies)","Telford and Wrekin","Outside London","SEO","[c]","[c]","[c]","[c]"
"In post","2022","Ministry of Justice (excl. agencies)","Tower Hamlets","London","AA","[c]","[c]","[c]","[c]"
"In post","2022","Ministry of Justice (excl. agencies)","Tower Hamlets","London","AO","30","30","23920","23720"
"In post","2022","Ministry of Justice (excl. agencies)","Tower Hamlets","London","EO","125","125","28890","28310"
"In post","2022","Ministry of Justice (excl. agencies)","Tower Hamlets","London","G6","85","85","69470","68790"
"In post","2022","Ministry of Justice (excl. agencies)","Tower Hamlets","London","G7","305","295","58740","59050"
"In post","2022","Ministry of Justice (excl. agencies)","Tower Hamlets","London","HEO","270","265","34930","34260"
"In post","2022","Ministry of Justice (excl. agencies)","Tower Hamlets","London","SCS level","30","30","88710","86010"
"In post","2022","Ministry of Justice (excl. agencies)","Tower Hamlets","London","SEO","335","330","43360","41750"
"In post","2022","Ministry of Justice (excl. agencies)","Tyneside","Outside London","EO","5","5","[c]","[c]"
"In post","2022","Ministry of Justice (excl. agencies)","Tyneside","Outside London","G6","[c]","[c]","[c]","[c]"
"In post","2022","Ministry of Justice (excl. agencies)","Tyneside","Outside London","G7","15","15","51660","50430"
"In post","2022","Ministry of Justice (excl. agencies)","Tyneside","Outside London","HEO","15","15","31740","31270"
"In post","2022","Ministry of Justice (excl. agencies)","Tyneside","Outside London","SEO","15","15","37460","36050"
"In post","2022","Ministry of Justice (excl. agencies)","Unknown","Unknown","AA","[c]","[c]","[c]","[c]"
"In post","2022","Ministry of Justice (excl. agencies)","Unknown","Unknown","AO","[c]","[c]","[c]","[c]"
"In post","2022","Ministry of Justice (excl. agencies)","Unknown","Unknown","EO","[c]","[c]","[c]","[c]"
"In post","2022","Ministry of Justice (excl. agencies)","Unknown","Unknown","G7","[c]","[c]","[c]","[c]"
"In post","2022","Ministry of Justice (excl. agencies)","Unknown","Unknown","HEO","[c]","[c]","[c]","[c]"
"In post","2022","Ministry of Justice (excl. agencies)","Unknown","Unknown","SEO","[c]","[c]","[c]","[c]"
"In post","2022","Ministry of Justice (excl. agencies)","Wakefield","Outside London","AO","[c]","[c]","[c]","[c]"
"In post","2022","Ministry of Justice (excl. agencies)","Wakefield","Outside London","EO","[c]","[c]","[c]","[c]"
"In post","2022","Ministry of Justice (excl. agencies)","Wakefield","Outside London","G6","[c]","[c]","[c]","[c]"
"In post","2022","Ministry of Justice (excl. agencies)","Wakefield","Outside London","G7","[c]","[c]","[c]","[c]"
"In post","2022","Ministry of Justice (excl. agencies)","Wakefield","Outside London","HEO","15","15","31300","30450"
"In post","2022","Ministry of Justice (excl. agencies)","Wakefield","Outside London","SEO","[c]","[c]","[c]","[c]"
"In post","2022","Ministry of Justice (excl. agencies)","Wakefield","Outside London","Unknown","[c]","[c]","[c]","[c]"
"In post","2022","Ministry of Justice (excl. agencies)","Walsall","Outside London","HEO","[c]","[c]","[c]","[c]"
"In post","2022","Ministry of Justice (excl. agencies)","Wandsworth","London","EO","[c]","[c]","[c]","[c]"
"In post","2022","Ministry of Justice (excl. agencies)","Wandsworth","London","HEO","[c]","[c]","[c]","[c]"
"In post","2022","Ministry of Justice (excl. agencies)","Wandsworth","London","SEO","[c]","[c]","[c]","[c]"
"In post","2022","Ministry of Justice (excl. agencies)","Warrington","Outside London","EO","5","5","[c]","[c]"
"In post","2022","Ministry of Justice (excl. agencies)","Warrington","Outside London","G6","[c]","[c]","[c]","[c]"
"In post","2022","Ministry of Justice (excl. agencies)","Warrington","Outside London","G7","[c]","[c]","[c]","[c]"
"In post","2022","Ministry of Justice (excl. agencies)","Warrington","Outside London","HEO","10","10","[c]","[c]"
"In post","2022","Ministry of Justice (excl. agencies)","Warrington","Outside London","SEO","[c]","[c]","[c]","[c]"
"In post","2022","Ministry of Justice (excl. agencies)","Warwickshire CC","Outside London","AA","[c]","[c]","[c]","[c]"
"In post","2022","Ministry of Justice (excl. agencies)","Warwickshire CC","Outside London","AO","20","20","21330","21490"
"In post","2022","Ministry of Justice (excl. agencies)","Warwickshire CC","Outside London","EO","15","15","26210","26680"
"In post","2022","Ministry of Justice (excl. agencies)","Warwickshire CC","Outside London","G6","[c]","[c]","[c]","[c]"
"In post","2022","Ministry of Justice (excl. agencies)","Warwickshire CC","Outside London","G7","5","5","[c]","[c]"
"In post","2022","Ministry of Justice (excl. agencies)","Warwickshire CC","Outside London","HEO","35","35","31830","31740"
"In post","2022","Ministry of Justice (excl. agencies)","Warwickshire CC","Outside London","SCS level","[c]","[c]","[c]","[c]"
"In post","2022","Ministry of Justice (excl. agencies)","Warwickshire CC","Outside London","SEO","25","25","40290","41100"
"In post","2022","Ministry of Justice (excl. agencies)","Warwickshire CC","Outside London","Unknown","[c]","[c]","[c]","[c]"
"In post","2022","Ministry of Justice (excl. agencies)","West Cumbria","Outside London","EO","[c]","[c]","[c]","[c]"
"In post","2022","Ministry of Justice (excl. agencies)","West Cumbria","Outside London","HEO","[c]","[c]","[c]","[c]"
"In post","2022","Ministry of Justice (excl. agencies)","West Cumbria","Outside London","SEO","[c]","[c]","[c]","[c]"
"In post","2022","Ministry of Justice (excl. agencies)","West Kent","Outside London","EO","[c]","[c]","[c]","[c]"
"In post","2022","Ministry of Justice (excl. agencies)","West Northamptonshire","Outside London","EO","[c]","[c]","[c]","[c]"
"In post","2022","Ministry of Justice (excl. agencies)","West Northamptonshire","Outside London","G7","[c]","[c]","[c]","[c]"
"In post","2022","Ministry of Justice (excl. agencies)","West Northamptonshire","Outside London","HEO","[c]","[c]","[c]","[c]"
"In post","2022","Ministry of Justice (excl. agencies)","West Northamptonshire","Outside London","SEO","[c]","[c]","[c]","[c]"
"In post","2022","Ministry of Justice (excl. agencies)","West Surrey","Outside London","AO","[c]","[c]","[c]","[c]"
"In post","2022","Ministry of Justice (excl. agencies)","West Surrey","Outside London","EO","[c]","[c]","[c]","[c]"
"In post","2022","Ministry of Justice (excl. agencies)","West Surrey","Outside London","G6","[c]","[c]","[c]","[c]"
"In post","2022","Ministry of Justice (excl. agencies)","West Surrey","Outside London","HEO","5","5","[c]","[c]"
"In post","2022","Ministry of Justice (excl. agencies)","West Surrey","Outside London","SEO","5","5","[c]","[c]"
"In post","2022","Ministry of Justice (excl. agencies)","West Sussex (South West)","Outside London","G6","[c]","[c]","[c]","[c]"
"In post","2022","Ministry of Justice (excl. agencies)","West Sussex (South West)","Outside London","HEO","[c]","[c]","[c]","[c]"
"In post","2022","Ministry of Justice (excl. agencies)","West Sussex (South West)","Outside London","SEO","[c]","[c]","[c]","[c]"
"In post","2022","Ministry of Justice (excl. agencies)","Westminster","London","AA","5","5","[c]","[c]"
"In post","2022","Ministry of Justice (excl. agencies)","Westminster","London","AO","50","50","23820","23720"
"In post","2022","Ministry of Justice (excl. agencies)","Westminster","London","EO","285","280","28760","28310"
"In post","2022","Ministry of Justice (excl. agencies)","Westminster","London","G6","145","145","67850","66230"
"In post","2022","Ministry of Justice (excl. agencies)","Westminster","London","G7","595","575","58680","56970"
"In post","2022","Ministry of Justice (excl. agencies)","Westminster","London","HEO","500","490","34870","34260"
"In post","2022","Ministry of Justice (excl. agencies)","Westminster","London","SCS level","105","105","86500","79620"
"In post","2022","Ministry of Justice (excl. agencies)","Westminster","London","SEO","620","610","42990","41750"
"In post","2022","Ministry of Justice (excl. agencies)","Westminster","London","Unknown","[c]","[c]","[c]","[c]"
"In post","2022","Ministry of Justice (excl. agencies)","Wiltshire","Outside London","G7","[c]","[c]","[c]","[c]"
"In post","2022","Ministry of Justice (excl. agencies)","Wiltshire","Outside London","HEO","[c]","[c]","[c]","[c]"
"In post","2022","Ministry of Justice (excl. agencies)","Wiltshire","Outside London","SEO","[c]","[c]","[c]","[c]"
"In post","2022","Ministry of Justice (excl. agencies)","Wirral","Outside London","HEO","[c]","[c]","[c]","[c]"
"In post","2022","Ministry of Justice (excl. agencies)","Worcestershire CC","Outside London","AO","[c]","[c]","[c]","[c]"
"In post","2022","Ministry of Justice (excl. agencies)","Worcestershire CC","Outside London","EO","[c]","[c]","[c]","[c]"
"In post","2022","Ministry of Justice (excl. agencies)","Worcestershire CC","Outside London","G7","[c]","[c]","[c]","[c]"
"In post","2022","Ministry of Justice (excl. agencies)","Worcestershire CC","Outside London","HEO","5","5","[c]","[c]"
"In post","2022","Ministry of Justice (excl. agencies)","Worcestershire CC","Outside London","SEO","10","10","40960","41100"
"In post","2022","Ministry of Justice (excl. agencies)","York","Outside London","EO","[c]","[c]","[c]","[c]"
"In post","2022","Ministry of Justice (excl. agencies)","York","Outside London","G7","5","5","[c]","[c]"
"In post","2022","Ministry of Justice (excl. agencies)","York","Outside London","HEO","[c]","[c]","[c]","[c]"
"In post","2022","Ministry of Justice (excl. agencies)","York","Outside London","SEO","[c]","[c]","[c]","[c]"
"In post","2022","National Crime Agency","Barnsley, Doncaster and Rotherham","Outside London","SEO","[c]","[c]","[c]","[c]"
"In post","2022","National Crime Agency","Bath and North East Somerset, North Somerset and South Gloucestershire","Outside London","AO","30","25","22380","21050"
"In post","2022","National Crime Agency","Bath and North East Somerset, North Somerset and South Gloucestershire","Outside London","EO","190","185","32170","32770"
"In post","2022","National Crime Agency","Bath and North East Somerset, North Somerset and South Gloucestershire","Outside London","G6","[c]","[c]","[c]","[c]"
"In post","2022","National Crime Agency","Bath and North East Somerset, North Somerset and South Gloucestershire","Outside London","G7","15","15","57110","55740"
"In post","2022","National Crime Agency","Bath and North East Somerset, North Somerset and South Gloucestershire","Outside London","HEO","110","105","39610","38540"
"In post","2022","National Crime Agency","Bath and North East Somerset, North Somerset and South Gloucestershire","Outside London","SCS level","[c]","[c]","[c]","[c]"
"In post","2022","National Crime Agency","Bath and North East Somerset, North Somerset and South Gloucestershire","Outside London","SEO","55","55","46340","45480"
"In post","2022","National Crime Agency","Bedford","Outside London","AO","5","5","[c]","[c]"
"In post","2022","National Crime Agency","Bedford","Outside London","EO","10","5","[c]","[c]"
"In post","2022","National Crime Agency","Bedford","Outside London","G7","[c]","[c]","[c]","[c]"
"In post","2022","National Crime Agency","Bedford","Outside London","HEO","15","10","38360","37170"
"In post","2022","National Crime Agency","Bedford","Outside London","SEO","[c]","[c]","[c]","[c]"
"In post","2022","National Crime Agency","Belfast","Outside London","AO","[c]","[c]","[c]","[c]"
"In post","2022","National Crime Agency","Belfast","Outside London","EO","50","50","33010","33100"
"In post","2022","National Crime Agency","Belfast","Outside London","G6","[c]","[c]","[c]","[c]"
"In post","2022","National Crime Agency","Belfast","Outside London","G7","10","10","[c]","[c]"
"In post","2022","National Crime Agency","Belfast","Outside London","HEO","45","45","41160","41810"
"In post","2022","National Crime Agency","Belfast","Outside London","SEO","15","15","46610","45480"
"In post","2022","National Crime Agency","Berkshire","Outside London","AO","[c]","[c]","[c]","[c]"
"In post","2022","National Crime Agency","Berkshire","Outside London","EO","70","70","37320","37560"
"In post","2022","National Crime Agency","Berkshire","Outside London","G7","[c]","[c]","[c]","[c]"
"In post","2022","National Crime Agency","Berkshire","Outside London","HEO","30","30","45350","45140"
"In post","2022","National Crime Agency","Berkshire","Outside London","SEO","5","5","[c]","[c]"
"In post","2022","National Crime Agency","Birmingham","Outside London","AO","25","20","22480","21050"
"In post","2022","National Crime Agency","Birmingham","Outside London","EO","200","195","33180","33080"
"In post","2022","National Crime Agency","Birmingham","Outside London","G6","[c]","[c]","[c]","[c]"
"In post","2022","National Crime Agency","Birmingham","Outside London","G7","20","20","60040","60990"
"In post","2022","National Crime Agency","Birmingham","Outside London","HEO","125","120","40260","40210"
"In post","2022","National Crime Agency","Birmingham","Outside London","SCS level","[c]","[c]","[c]","[c]"
"In post","2022","National Crime Agency","Birmingham","Outside London","SEO","55","55","46480","45480"
"In post","2022","National Crime Agency","Bridgend and Neath Port Talbot","Outside London","AO","[c]","[c]","[c]","[c]"
"In post","2022","National Crime Agency","Bridgend and Neath Port Talbot","Outside London","EO","35","35","34460","34140"
"In post","2022","National Crime Agency","Bridgend and Neath Port Talbot","Outside London","G6","[c]","[c]","[c]","[c]"
"In post","2022","National Crime Agency","Bridgend and Neath Port Talbot","Outside London","G7","[c]","[c]","[c]","[c]"
"In post","2022","National Crime Agency","Bridgend and Neath Port Talbot","Outside London","HEO","20","20","42690","43710"
"In post","2022","National Crime Agency","Bridgend and Neath Port Talbot","Outside London","SEO","[c]","[c]","[c]","[c]"
"In post","2022","National Crime Agency","Bromley","London","EO","[c]","[c]","[c]","[c]"
"In post","2022","National Crime Agency","Bromley","London","HEO","[c]","[c]","[c]","[c]"
"In post","2022","National Crime Agency","Bromley","London","SEO","[c]","[c]","[c]","[c]"
"In post","2022","National Crime Agency","Buckinghamshire","Outside London","G7","[c]","[c]","[c]","[c]"
"In post","2022","National Crime Agency","Buckinghamshire","Outside London","SEO","[c]","[c]","[c]","[c]"
"In post","2022","National Crime Agency","Cardiff and Vale of Glamorgan","Outside London","HEO","[c]","[c]","[c]","[c]"
"In post","2022","National Crime Agency","Cardiff and Vale of Glamorgan","Outside London","SEO","[c]","[c]","[c]","[c]"
"In post","2022","National Crime Agency","Central Hampshire","Outside London","AO","[c]","[c]","[c]","[c]"
"In post","2022","National Crime Agency","Central Hampshire","Outside London","EO","40","40","34710","35090"
"In post","2022","National Crime Agency","Central Hampshire","Outside London","HEO","20","20","41530","41220"
"In post","2022","National Crime Agency","Central Hampshire","Outside London","SEO","10","10","[c]","[c]"
"In post","2022","National Crime Agency","Cheshire West and Chester","Outside London","HEO","[c]","[c]","[c]","[c]"
"In post","2022","National Crime Agency","Chorley and West Lancashire","Outside London","AO","[c]","[c]","[c]","[c]"
"In post","2022","National Crime Agency","Chorley and West Lancashire","Outside London","EO","45","45","34200","34040"
"In post","2022","National Crime Agency","Chorley and West Lancashire","Outside London","G7","[c]","[c]","[c]","[c]"
"In post","2022","National Crime Agency","Chorley and West Lancashire","Outside London","HEO","15","15","41000","40210"
"In post","2022","National Crime Agency","Chorley and West Lancashire","Outside London","SEO","[c]","[c]","[c]","[c]"
"In post","2022","National Crime Agency","Clackmannanshire and Fife","Outside London","AO","[c]","[c]","[c]","[c]"
"In post","2022","National Crime Agency","Coventry","Outside London","AO","[c]","[c]","[c]","[c]"
"In post","2022","National Crime Agency","Coventry","Outside London","EO","25","25","37610","37550"
"In post","2022","National Crime Agency","Coventry","Outside London","HEO","5","5","[c]","[c]"
"In post","2022","National Crime Agency","Coventry","Outside London","SEO","[c]","[c]","[c]","[c]"
"In post","2022","National Crime Agency","Darlington","Outside London","HEO","[c]","[c]","[c]","[c]"
"In post","2022","National Crime Agency","Derby","Outside London","SEO","[c]","[c]","[c]","[c]"
"In post","2022","National Crime Agency","Devon CC","Outside London","AO","[c]","[c]","[c]","[c]"
"In post","2022","National Crime Agency","Devon CC","Outside London","EO","25","25","33560","32770"
"In post","2022","National Crime Agency","Devon CC","Outside London","G6","[c]","[c]","[c]","[c]"
"In post","2022","National Crime Agency","Devon CC","Outside London","G7","[c]","[c]","[c]","[c]"
"In post","2022","National Crime Agency","Devon CC","Outside London","HEO","15","15","40890","40210"
"In post","2022","National Crime Agency","Devon CC","Outside London","SEO","5","5","[c]","[c]"
"In post","2022","National Crime Agency","Dorset","Outside London","EO","[c]","[c]","[c]","[c]"
"In post","2022","National Crime Agency","Dudley","Outside London","HEO","[c]","[c]","[c]","[c]"
"In post","2022","National Crime Agency","Durham","Outside London","G7","[c]","[c]","[c]","[c]"
"In post","2022","National Crime Agency","Durham","Outside London","HEO","[c]","[c]","[c]","[c]"
"In post","2022","National Crime Agency","Durham","Outside London","SEO","[c]","[c]","[c]","[c]"
"In post","2022","National Crime Agency","East Cumbria","Outside London","EO","[c]","[c]","[c]","[c]"
"In post","2022","National Crime Agency","East Cumbria","Outside London","HEO","[c]","[c]","[c]","[c]"
"In post","2022","National Crime Agency","East Kent","Outside London","AO","5","5","[c]","[c]"
"In post","2022","National Crime Agency","East Kent","Outside London","EO","40","40","34190","34540"
"In post","2022","National Crime Agency","East Kent","Outside London","G6","[c]","[c]","[c]","[c]"
"In post","2022","National Crime Agency","East Kent","Outside London","G7","[c]","[c]","[c]","[c]"
"In post","2022","National Crime Agency","East Kent","Outside London","HEO","20","15","42080","43610"
"In post","2022","National Crime Agency","East Kent","Outside London","SEO","5","5","[c]","[c]"
"In post","2022","National Crime Agency","East Surrey","Outside London","HEO","[c]","[c]","[c]","[c]"
"In post","2022","National Crime Agency","East Sussex CC","Outside London","EO","[c]","[c]","[c]","[c]"
"In post","2022","National Crime Agency","Gloucestershire CC","Outside London","EO","[c]","[c]","[c]","[c]"
"In post","2022","National Crime Agency","Gloucestershire CC","Outside London","HEO","5","5","[c]","[c]"
"In post","2022","National Crime Agency","Greater Manchester South East","Outside London","EO","[c]","[c]","[c]","[c]"
"In post","2022","National Crime Agency","Greater Manchester South East","Outside London","HEO","[c]","[c]","[c]","[c]"
"In post","2022","National Crime Agency","Heart of Essex","Outside London","EO","25","25","33450","32770"
"In post","2022","National Crime Agency","Heart of Essex","Outside London","HEO","10","10","[c]","[c]"
"In post","2022","National Crime Agency","Heart of Essex","Outside London","SEO","[c]","[c]","[c]","[c]"
"In post","2022","National Crime Agency","Herefordshire, County of","Outside London","SEO","[c]","[c]","[c]","[c]"
"In post","2022","National Crime Agency","Hertfordshire CC","Outside London","AO","[c]","[c]","[c]","[c]"
"In post","2022","National Crime Agency","Hertfordshire CC","Outside London","EO","45","45","35540","36410"
"In post","2022","National Crime Agency","Hertfordshire CC","Outside London","G6","[c]","[c]","[c]","[c]"
"In post","2022","National Crime Agency","Hertfordshire CC","Outside London","G7","[c]","[c]","[c]","[c]"
"In post","2022","National Crime Agency","Hertfordshire CC","Outside London","HEO","25","25","43790","43710"
"In post","2022","National Crime Agency","Hertfordshire CC","Outside London","SEO","10","10","[c]","[c]"
"In post","2022","National Crime Agency","Hounslow and Richmond upon Thames","London","SEO","[c]","[c]","[c]","[c]"
"In post","2022","National Crime Agency","Inverclyde, East Renfrewshire, and Renfrewshire","Outside London","AO","[c]","[c]","[c]","[c]"
"In post","2022","National Crime Agency","Inverclyde, East Renfrewshire, and Renfrewshire","Outside London","EO","30","30","34140","34140"
"In post","2022","National Crime Agency","Inverclyde, East Renfrewshire, and Renfrewshire","Outside London","G7","[c]","[c]","[c]","[c]"
"In post","2022","National Crime Agency","Inverclyde, East Renfrewshire, and Renfrewshire","Outside London","HEO","20","20","40620","40210"
"In post","2022","National Crime Agency","Inverclyde, East Renfrewshire, and Renfrewshire","Outside London","SEO","5","5","[c]","[c]"
"In post","2022","National Crime Agency","Lambeth","London","AO","90","85","26090","24470"
"In post","2022","National Crime Agency","Lambeth","London","EO","560","550","36000","36200"
"In post","2022","National Crime Agency","Lambeth","London","G6","60","60","74820","74010"
"In post","2022","National Crime Agency","Lambeth","London","G7","130","125","63030","60960"
"In post","2022","National Crime Agency","Lambeth","London","HEO","410","400","43450","43630"
"In post","2022","National Crime Agency","Lambeth","London","SCS level","30","30","104940","95000"
"In post","2022","National Crime Agency","Lambeth","London","SEO","245","240","50100","48900"
"In post","2022","National Crime Agency","Leicestershire CC and Rutland","Outside London","AO","10","10","21810","21050"
"In post","2022","National Crime Agency","Leicestershire CC and Rutland","Outside London","EO","20","20","31050","29260"
"In post","2022","National Crime Agency","Leicestershire CC and Rutland","Outside London","G7","5","5","[c]","[c]"
"In post","2022","National Crime Agency","Leicestershire CC and Rutland","Outside London","HEO","45","40","40390","39390"
"In post","2022","National Crime Agency","Leicestershire CC and Rutland","Outside London","SEO","10","10","47160","47280"
"In post","2022","National Crime Agency","Lincolnshire CC","Outside London","EO","5","5","[c]","[c]"
"In post","2022","National Crime Agency","Lincolnshire CC","Outside London","G7","[c]","[c]","[c]","[c]"
"In post","2022","National Crime Agency","Lincolnshire CC","Outside London","HEO","[c]","[c]","[c]","[c]"
"In post","2022","National Crime Agency","Lincolnshire CC","Outside London","SEO","[c]","[c]","[c]","[c]"
"In post","2022","National Crime Agency","Liverpool","Outside London","EO","10","10","[c]","[c]"
"In post","2022","National Crime Agency","Liverpool","Outside London","HEO","[c]","[c]","[c]","[c]"
"In post","2022","National Crime Agency","Liverpool","Outside London","SEO","[c]","[c]","[c]","[c]"
"In post","2022","National Crime Agency","Manchester","Outside London","HEO","[c]","[c]","[c]","[c]"
"In post","2022","National Crime Agency","Medway","Outside London","AO","10","10","26530","24470"
"In post","2022","National Crime Agency","Medway","Outside London","EO","50","50","38450","39000"
"In post","2022","National Crime Agency","Medway","Outside London","G7","5","5","[c]","[c]"
"In post","2022","National Crime Agency","Medway","Outside London","HEO","50","50","45750","45890"
"In post","2022","National Crime Agency","Medway","Outside London","SEO","10","10","51090","50760"
"In post","2022","National Crime Agency","Merton, Kingston upon Thames and Sutton","London","AO","[c]","[c]","[c]","[c]"
"In post","2022","National Crime Agency","Merton, Kingston upon Thames and Sutton","London","EO","55","55","38830","39390"
"In post","2022","National Crime Agency","Merton, Kingston upon Thames and Sutton","London","HEO","25","25","45040","46810"
"In post","2022","National Crime Agency","Merton, Kingston upon Thames and Sutton","London","SEO","10","10","52240","52310"
"In post","2022","National Crime Agency","Mid Lancashire","Outside London","G7","[c]","[c]","[c]","[c]"
"In post","2022","National Crime Agency","Mid Lancashire","Outside London","HEO","[c]","[c]","[c]","[c]"
"In post","2022","National Crime Agency","Mid Lancashire","Outside London","SEO","[c]","[c]","[c]","[c]"
"In post","2022","National Crime Agency","Monmouthshire and Newport","Outside London","EO","[c]","[c]","[c]","[c]"
"In post","2022","National Crime Agency","North Northamptonshire","Outside London","SEO","[c]","[c]","[c]","[c]"
"In post","2022","National Crime Agency","North Yorkshire CC","Outside London","EO","[c]","[c]","[c]","[c]"
"In post","2022","National Crime Agency","North Yorkshire CC","Outside London","HEO","10","10","43340","43450"
"In post","2022","National Crime Agency","North Yorkshire CC","Outside London","SEO","[c]","[c]","[c]","[c]"
"In post","2022","National Crime Agency","Northumberland","Outside London","EO","[c]","[c]","[c]","[c]"
"In post","2022","National Crime Agency","Norwich and East Norfolk","Outside London","EO","[c]","[c]","[c]","[c]"
"In post","2022","National Crime Agency","Norwich and East Norfolk","Outside London","HEO","[c]","[c]","[c]","[c]"
"In post","2022","National Crime Agency","Nottingham","Outside London","EO","30","30","33910","34140"
"In post","2022","National Crime Agency","Nottingham","Outside London","G7","[c]","[c]","[c]","[c]"
"In post","2022","National Crime Agency","Nottingham","Outside London","HEO","15","15","41340","40210"
"In post","2022","National Crime Agency","Nottingham","Outside London","SEO","5","5","[c]","[c]"
"In post","2022","National Crime Agency","Overseas","Overseas","EO","[c]","[c]","[c]","[c]"
"In post","2022","National Crime Agency","Overseas","Overseas","G6","[c]","[c]","[c]","[c]"
"In post","2022","National Crime Agency","Overseas","Overseas","G7","15","15","79140","76970"
"In post","2022","National Crime Agency","Overseas","Overseas","HEO","30","30","50670","49030"
"In post","2022","National Crime Agency","Overseas","Overseas","SEO","80","80","64460","63110"
"In post","2022","National Crime Agency","Redbridge and Waltham Forest","London","EO","[c]","[c]","[c]","[c]"
"In post","2022","National Crime Agency","Sheffield","Outside London","AO","[c]","[c]","[c]","[c]"
"In post","2022","National Crime Agency","Sheffield","Outside London","EO","60","60","33430","32970"
"In post","2022","National Crime Agency","Sheffield","Outside London","G7","[c]","[c]","[c]","[c]"
"In post","2022","National Crime Agency","Sheffield","Outside London","HEO","20","20","39850","40210"
"In post","2022","National Crime Agency","Sheffield","Outside London","SEO","5","5","[c]","[c]"
"In post","2022","National Crime Agency","Shropshire","Outside London","HEO","[c]","[c]","[c]","[c]"
"In post","2022","National Crime Agency","South Nottinghamshire","Outside London","AO","[c]","[c]","[c]","[c]"
"In post","2022","National Crime Agency","South Nottinghamshire","Outside London","EO","15","15","34740","34140"
"In post","2022","National Crime Agency","South Nottinghamshire","Outside London","G6","[c]","[c]","[c]","[c]"
"In post","2022","National Crime Agency","South Nottinghamshire","Outside London","G7","[c]","[c]","[c]","[c]"
"In post","2022","National Crime Agency","South Nottinghamshire","Outside London","HEO","10","10","[c]","[c]"
"In post","2022","National Crime Agency","South Nottinghamshire","Outside London","SEO","[c]","[c]","[c]","[c]"
"In post","2022","National Crime Agency","Staffordshire CC","Outside London","AO","[c]","[c]","[c]","[c]"
"In post","2022","National Crime Agency","Staffordshire CC","Outside London","EO","20","20","31550","30640"
"In post","2022","National Crime Agency","Staffordshire CC","Outside London","G7","[c]","[c]","[c]","[c]"
"In post","2022","National Crime Agency","Staffordshire CC","Outside London","HEO","15","15","40270","39170"
"In post","2022","National Crime Agency","Staffordshire CC","Outside London","SEO","5","5","[c]","[c]"
"In post","2022","National Crime Agency","Suffolk CC","Outside London","AO","[c]","[c]","[c]","[c]"
"In post","2022","National Crime Agency","Suffolk CC","Outside London","EO","5","5","[c]","[c]"
"In post","2022","National Crime Agency","Suffolk CC","Outside London","G7","[c]","[c]","[c]","[c]"
"In post","2022","National Crime Agency","Suffolk CC","Outside London","HEO","[c]","[c]","[c]","[c]"
"In post","2022","National Crime Agency","Suffolk CC","Outside London","SEO","5","5","[c]","[c]"
"In post","2022","National Crime Agency","Sunderland","Outside London","AO","[c]","[c]","[c]","[c]"
"In post","2022","National Crime Agency","Sunderland","Outside London","EO","55","55","34010","33800"
"In post","2022","National Crime Agency","Sunderland","Outside London","G7","[c]","[c]","[c]","[c]"
"In post","2022","National Crime Agency","Sunderland","Outside London","HEO","25","25","41360","40210"
"In post","2022","National Crime Agency","Sunderland","Outside London","SEO","10","10","46560","45480"
"In post","2022","National Crime Agency","Swindon","Outside London","AO","[c]","[c]","[c]","[c]"
"In post","2022","National Crime Agency","Swindon","Outside London","HEO","[c]","[c]","[c]","[c]"
"In post","2022","National Crime Agency","Unknown","Unknown","EO","[c]","[c]","[c]","[c]"
"In post","2022","National Crime Agency","Unknown","Unknown","G6","[c]","[c]","[c]","[c]"
"In post","2022","National Crime Agency","Unknown","Unknown","G7","[c]","[c]","[c]","[c]"
"In post","2022","National Crime Agency","Unknown","Unknown","HEO","30","30","44880","44310"
"In post","2022","National Crime Agency","Unknown","Unknown","SEO","10","10","[c]","[c]"
"In post","2022","National Crime Agency","Wakefield","Outside London","AO","[c]","[c]","[c]","[c]"
"In post","2022","National Crime Agency","Wakefield","Outside London","EO","80","80","34410","34160"
"In post","2022","National Crime Agency","Wakefield","Outside London","G6","[c]","[c]","[c]","[c]"
"In post","2022","National Crime Agency","Wakefield","Outside London","G7","5","5","[c]","[c]"
"In post","2022","National Crime Agency","Wakefield","Outside London","HEO","60","55","41370","41030"
"In post","2022","National Crime Agency","Wakefield","Outside London","SEO","15","15","46520","45480"
"In post","2022","National Crime Agency","Warrington","Outside London","AO","55","50","22020","21050"
"In post","2022","National Crime Agency","Warrington","Outside London","EO","620","605","32500","32770"
"In post","2022","National Crime Agency","Warrington","Outside London","G6","10","10","[c]","[c]"
"In post","2022","National Crime Agency","Warrington","Outside London","G7","50","50","58140","55740"
"In post","2022","National Crime Agency","Warrington","Outside London","HEO","345","335","39740","40210"
"In post","2022","National Crime Agency","Warrington","Outside London","SCS level","[c]","[c]","[c]","[c]"
"In post","2022","National Crime Agency","Warrington","Outside London","SEO","145","145","46060","45480"
"In post","2022","National Crime Agency","Warwickshire CC","Outside London","SEO","[c]","[c]","[c]","[c]"
"In post","2022","National Crime Agency","West Kent","Outside London","EO","[c]","[c]","[c]","[c]"
"In post","2022","National Crime Agency","West Kent","Outside London","HEO","[c]","[c]","[c]","[c]"
"In post","2022","National Crime Agency","West Surrey","Outside London","EO","[c]","[c]","[c]","[c]"
"In post","2022","National Crime Agency","West Surrey","Outside London","SEO","[c]","[c]","[c]","[c]"
"In post","2022","National Crime Agency","West Sussex (North East)","Outside London","AO","[c]","[c]","[c]","[c]"
"In post","2022","National Crime Agency","West Sussex (North East)","Outside London","EO","40","35","37970","37750"
"In post","2022","National Crime Agency","West Sussex (North East)","Outside London","G7","[c]","[c]","[c]","[c]"
"In post","2022","National Crime Agency","West Sussex (North East)","Outside London","HEO","25","25","45380","46230"
"In post","2022","National Crime Agency","West Sussex (North East)","Outside London","SEO","5","5","[c]","[c]"
"In post","2022","National Crime Agency","West Sussex (South West)","Outside London","SEO","[c]","[c]","[c]","[c]"
"In post","2022","National Infrastructure Commission","Camden and City of London","London","EO","[c]","[c]","[c]","[c]"
"In post","2022","National Infrastructure Commission","Camden and City of London","London","G6","5","5","[c]","[c]"
"In post","2022","National Infrastructure Commission","Camden and City of London","London","G7","20","20","54530","53000"
"In post","2022","National Infrastructure Commission","Camden and City of London","London","HEO","10","10","34530","34710"
"In post","2022","National Infrastructure Commission","Camden and City of London","London","SCS level","5","5","[c]","[c]"
"In post","2022","National Infrastructure Commission","Camden and City of London","London","SEO","[c]","[c]","[c]","[c]"
"In post","2022","National Records of Scotland","City of Edinburgh","Outside London","AA","105","100","23210","23230"
"In post","2022","National Records of Scotland","City of Edinburgh","Outside London","AO","25","25","25720","25930"
"In post","2022","National Records of Scotland","City of Edinburgh","Outside London","EO","70","70","29200","28990"
"In post","2022","National Records of Scotland","City of Edinburgh","Outside London","G6","25","20","73880","75340"
"In post","2022","National Records of Scotland","City of Edinburgh","Outside London","G7","35","30","58030","57190"
"In post","2022","National Records of Scotland","City of Edinburgh","Outside London","HEO","100","95","35940","36130"
"In post","2022","National Records of Scotland","City of Edinburgh","Outside London","SCS level","[c]","[c]","[c]","[c]"
"In post","2022","National Records of Scotland","City of Edinburgh","Outside London","SEO","80","75","44690","43660"
"In post","2022","National Records of Scotland","Dumfries and Galloway","Outside London","AA","10","10","23010","23230"
"In post","2022","National Records of Scotland","Dumfries and Galloway","Outside London","AO","[c]","[c]","[c]","[c]"
"In post","2022","National Records of Scotland","Dumfries and Galloway","Outside London","HEO","[c]","[c]","[c]","[c]"
"In post","2022","National Records of Scotland","East Ayrshire and North Ayrshire mainland","Outside London","HEO","[c]","[c]","[c]","[c]"
"In post","2022","National Records of Scotland","East Lothian and Midlothian","Outside London","SEO","[c]","[c]","[c]","[c]"
"In post","2022","National Savings and Investments","Durham","Outside London","EO","[c]","[c]","[c]","[c]"
"In post","2022","National Savings and Investments","Durham","Outside London","G6","[c]","[c]","[c]","[c]"
"In post","2022","National Savings and Investments","Durham","Outside London","G7","10","10","[c]","[c]"
"In post","2022","National Savings and Investments","Durham","Outside London","HEO","[c]","[c]","[c]","[c]"
"In post","2022","National Savings and Investments","Durham","Outside London","SEO","[c]","[c]","[c]","[c]"
"In post","2022","National Savings and Investments","Glasgow City","Outside London","EO","[c]","[c]","[c]","[c]"
"In post","2022","National Savings and Investments","Glasgow City","Outside London","G6","[c]","[c]","[c]","[c]"
"In post","2022","National Savings and Investments","Glasgow City","Outside London","G7","[c]","[c]","[c]","[c]"
"In post","2022","National Savings and Investments","Glasgow City","Outside London","HEO","[c]","[c]","[c]","[c]"
"In post","2022","National Savings and Investments","Glasgow City","Outside London","SEO","5","5","[c]","[c]"
"In post","2022","National Savings and Investments","Mid Lancashire","Outside London","EO","[c]","[c]","[c]","[c]"
"In post","2022","National Savings and Investments","Mid Lancashire","Outside London","G6","[c]","[c]","[c]","[c]"
"In post","2022","National Savings and Investments","Mid Lancashire","Outside London","G7","[c]","[c]","[c]","[c]"
"In post","2022","National Savings and Investments","Mid Lancashire","Outside London","HEO","[c]","[c]","[c]","[c]"
"In post","2022","National Savings and Investments","Mid Lancashire","Outside London","SEO","10","10","[c]","[c]"
"In post","2022","National Savings and Investments","Westminster","London","AO","5","5","[c]","[c]"
"In post","2022","National Savings and Investments","Westminster","London","EO","10","10","30390","31210"
"In post","2022","National Savings and Investments","Westminster","London","G6","10","10","73520","74710"
"In post","2022","National Savings and Investments","Westminster","London","G7","45","45","54540","54100"
"In post","2022","National Savings and Investments","Westminster","London","HEO","30","25","36570","34640"
"In post","2022","National Savings and Investments","Westminster","London","SCS level","15","15","108880","104500"
"In post","2022","National Savings and Investments","Westminster","London","SEO","25","25","45750","45500"
"In post","2022","Northern Ireland Office","Belfast","Outside London","AO","5","5","[c]","[c]"
"In post","2022","Northern Ireland Office","Belfast","Outside London","EO","5","5","[c]","[c]"
"In post","2022","Northern Ireland Office","Belfast","Outside London","G7","20","20","54050","52030"
"In post","2022","Northern Ireland Office","Belfast","Outside London","HEO","20","20","30820","30450"
"In post","2022","Northern Ireland Office","Belfast","Outside London","SCS level","5","5","[c]","[c]"
"In post","2022","Northern Ireland Office","Belfast","Outside London","SEO","35","35","38300","36720"
"In post","2022","Northern Ireland Office","Westminster","London","AO","[c]","[c]","[c]","[c]"
"In post","2022","Northern Ireland Office","Westminster","London","EO","10","10","[c]","[c]"
"In post","2022","Northern Ireland Office","Westminster","London","G6","5","5","[c]","[c]"
"In post","2022","Northern Ireland Office","Westminster","London","G7","25","25","55740","54850"
"In post","2022","Northern Ireland Office","Westminster","London","HEO","10","10","34360","34260"
"In post","2022","Northern Ireland Office","Westminster","London","SCS level","10","10","90890","79850"
"In post","2022","Northern Ireland Office","Westminster","London","SEO","20","20","42840","41750"
"In post","2022","Office for Budget Responsibility","Westminster","London","AO","[c]","[c]","[c]","[c]"
"In post","2022","Office for Budget Responsibility","Westminster","London","EO","[c]","[c]","[c]","[c]"
"In post","2022","Office for Budget Responsibility","Westminster","London","G6","10","5","[c]","[c]"
"In post","2022","Office for Budget Responsibility","Westminster","London","G7","15","15","55460","54690"
"In post","2022","Office for Budget Responsibility","Westminster","London","HEO","10","10","36320","35610"
"In post","2022","Office for Budget Responsibility","Westminster","London","SCS level","[c]","[c]","[c]","[c]"
"In post","2022","Office for Standards in Education, Children's Services and Skills","Barking & Dagenham and Havering","London","EO","[c]","[c]","[c]","[c]"
"In post","2022","Office for Standards in Education, Children's Services and Skills","Barking & Dagenham and Havering","London","G7","[c]","[c]","[c]","[c]"
"In post","2022","Office for Standards in Education, Children's Services and Skills","Barking & Dagenham and Havering","London","SEO","[c]","[c]","[c]","[c]"
"In post","2022","Office for Standards in Education, Children's Services and Skills","Barnet","London","G7","[c]","[c]","[c]","[c]"
"In post","2022","Office for Standards in Education, Children's Services and Skills","Barnet","London","HEO","[c]","[c]","[c]","[c]"
"In post","2022","Office for Standards in Education, Children's Services and Skills","Barnet","London","SEO","[c]","[c]","[c]","[c]"
"In post","2022","Office for Standards in Education, Children's Services and Skills","Barnsley, Doncaster and Rotherham","Outside London","G7","[c]","[c]","[c]","[c]"
"In post","2022","Office for Standards in Education, Children's Services and Skills","Barnsley, Doncaster and Rotherham","Outside London","SEO","10","10","[c]","[c]"
"In post","2022","Office for Standards in Education, Children's Services and Skills","Bath and North East Somerset, North Somerset and South Gloucestershire","Outside London","G6","[c]","[c]","[c]","[c]"
"In post","2022","Office for Standards in Education, Children's Services and Skills","Bath and North East Somerset, North Somerset and South Gloucestershire","Outside London","G7","[c]","[c]","[c]","[c]"
"In post","2022","Office for Standards in Education, Children's Services and Skills","Bath and North East Somerset, North Somerset and South Gloucestershire","Outside London","SEO","[c]","[c]","[c]","[c]"
"In post","2022","Office for Standards in Education, Children's Services and Skills","Bedford","Outside London","G6","[c]","[c]","[c]","[c]"
"In post","2022","Office for Standards in Education, Children's Services and Skills","Bedford","Outside London","SEO","[c]","[c]","[c]","[c]"
"In post","2022","Office for Standards in Education, Children's Services and Skills","Berkshire","Outside London","G7","10","10","[c]","[c]"
"In post","2022","Office for Standards in Education, Children's Services and Skills","Berkshire","Outside London","SEO","[c]","[c]","[c]","[c]"
"In post","2022","Office for Standards in Education, Children's Services and Skills","Bexley and Greenwich","London","AO","[c]","[c]","[c]","[c]"
"In post","2022","Office for Standards in Education, Children's Services and Skills","Bexley and Greenwich","London","G6","[c]","[c]","[c]","[c]"
"In post","2022","Office for Standards in Education, Children's Services and Skills","Bexley and Greenwich","London","SEO","5","5","[c]","[c]"
"In post","2022","Office for Standards in Education, Children's Services and Skills","Birmingham","Outside London","AO","10","10","21760","21410"
"In post","2022","Office for Standards in Education, Children's Services and Skills","Birmingham","Outside London","EO","10","10","25930","25750"
"In post","2022","Office for Standards in Education, Children's Services and Skills","Birmingham","Outside London","G6","[c]","[c]","[c]","[c]"
"In post","2022","Office for Standards in Education, Children's Services and Skills","Birmingham","Outside London","G7","5","5","[c]","[c]"
"In post","2022","Office for Standards in Education, Children's Services and Skills","Birmingham","Outside London","HEO","10","10","31890","32010"
"In post","2022","Office for Standards in Education, Children's Services and Skills","Birmingham","Outside London","SCS level","[c]","[c]","[c]","[c]"
"In post","2022","Office for Standards in Education, Children's Services and Skills","Birmingham","Outside London","SEO","15","15","44930","39850"
"In post","2022","Office for Standards in Education, Children's Services and Skills","Blackburn with Darwen","Outside London","G7","[c]","[c]","[c]","[c]"
"In post","2022","Office for Standards in Education, Children's Services and Skills","Blackpool","Outside London","SEO","[c]","[c]","[c]","[c]"
"In post","2022","Office for Standards in Education, Children's Services and Skills","Bournemouth, Christchurch and Poole","Outside London","G7","[c]","[c]","[c]","[c]"
"In post","2022","Office for Standards in Education, Children's Services and Skills","Bournemouth, Christchurch and Poole","Outside London","SEO","[c]","[c]","[c]","[c]"
"In post","2022","Office for Standards in Education, Children's Services and Skills","Bradford","Outside London","G7","[c]","[c]","[c]","[c]"
"In post","2022","Office for Standards in Education, Children's Services and Skills","Bradford","Outside London","SEO","[c]","[c]","[c]","[c]"
"In post","2022","Office for Standards in Education, Children's Services and Skills","Breckland and South Norfolk","Outside London","G7","5","5","[c]","[c]"
"In post","2022","Office for Standards in Education, Children's Services and Skills","Breckland and South Norfolk","Outside London","SEO","5","5","[c]","[c]"
"In post","2022","Office for Standards in Education, Children's Services and Skills","Brighton and Hove","Outside London","AO","[c]","[c]","[c]","[c]"
"In post","2022","Office for Standards in Education, Children's Services and Skills","Brighton and Hove","Outside London","G6","[c]","[c]","[c]","[c]"
"In post","2022","Office for Standards in Education, Children's Services and Skills","Brighton and Hove","Outside London","G7","5","5","[c]","[c]"
"In post","2022","Office for Standards in Education, Children's Services and Skills","Brighton and Hove","Outside London","SEO","[c]","[c]","[c]","[c]"
"In post","2022","Office for Standards in Education, Children's Services and Skills","Bristol, City of","Outside London","AO","30","25","21380","21410"
"In post","2022","Office for Standards in Education, Children's Services and Skills","Bristol, City of","Outside London","EO","50","45","25840","25880"
"In post","2022","Office for Standards in Education, Children's Services and Skills","Bristol, City of","Outside London","G6","10","10","75040","74280"
"In post","2022","Office for Standards in Education, Children's Services and Skills","Bristol, City of","Outside London","G7","25","25","59850","59810"
"In post","2022","Office for Standards in Education, Children's Services and Skills","Bristol, City of","Outside London","HEO","50","45","31990","32010"
"In post","2022","Office for Standards in Education, Children's Services and Skills","Bristol, City of","Outside London","SCS level","[c]","[c]","[c]","[c]"
"In post","2022","Office for Standards in Education, Children's Services and Skills","Bristol, City of","Outside London","SEO","45","40","40300","39850"
"In post","2022","Office for Standards in Education, Children's Services and Skills","Bromley","London","G7","[c]","[c]","[c]","[c]"
"In post","2022","Office for Standards in Education, Children's Services and Skills","Bromley","London","SEO","[c]","[c]","[c]","[c]"
"In post","2022","Office for Standards in Education, Children's Services and Skills","Buckinghamshire","Outside London","G6","[c]","[c]","[c]","[c]"
"In post","2022","Office for Standards in Education, Children's Services and Skills","Buckinghamshire","Outside London","G7","[c]","[c]","[c]","[c]"
"In post","2022","Office for Standards in Education, Children's Services and Skills","Buckinghamshire","Outside London","SEO","[c]","[c]","[c]","[c]"
"In post","2022","Office for Standards in Education, Children's Services and Skills","Calderdale and Kirklees","Outside London","G6","[c]","[c]","[c]","[c]"
"In post","2022","Office for Standards in Education, Children's Services and Skills","Calderdale and Kirklees","Outside London","G7","5","5","[c]","[c]"
"In post","2022","Office for Standards in Education, Children's Services and Skills","Calderdale and Kirklees","Outside London","SEO","5","5","[c]","[c]"
"In post","2022","Office for Standards in Education, Children's Services and Skills","Cambridgeshire CC","Outside London","EO","[c]","[c]","[c]","[c]"
"In post","2022","Office for Standards in Education, Children's Services and Skills","Cambridgeshire CC","Outside London","G6","[c]","[c]","[c]","[c]"
"In post","2022","Office for Standards in Education, Children's Services and Skills","Cambridgeshire CC","Outside London","G7","5","5","[c]","[c]"
"In post","2022","Office for Standards in Education, Children's Services and Skills","Cambridgeshire CC","Outside London","HEO","[c]","[c]","[c]","[c]"
"In post","2022","Office for Standards in Education, Children's Services and Skills","Cambridgeshire CC","Outside London","SEO","10","10","[c]","[c]"
"In post","2022","Office for Standards in Education, Children's Services and Skills","Cardiff and Vale of Glamorgan","Outside London","G7","[c]","[c]","[c]","[c]"
"In post","2022","Office for Standards in Education, Children's Services and Skills","Cardiff and Vale of Glamorgan","Outside London","SEO","[c]","[c]","[c]","[c]"
"In post","2022","Office for Standards in Education, Children's Services and Skills","Central Bedfordshire","Outside London","G7","[c]","[c]","[c]","[c]"
"In post","2022","Office for Standards in Education, Children's Services and Skills","Central Bedfordshire","Outside London","SEO","[c]","[c]","[c]","[c]"
"In post","2022","Office for Standards in Education, Children's Services and Skills","Central Hampshire","Outside London","G6","[c]","[c]","[c]","[c]"
"In post","2022","Office for Standards in Education, Children's Services and Skills","Central Hampshire","Outside London","G7","5","5","[c]","[c]"
"In post","2022","Office for Standards in Education, Children's Services and Skills","Central Hampshire","Outside London","SEO","10","10","[c]","[c]"
"In post","2022","Office for Standards in Education, Children's Services and Skills","Central Valleys","Outside London","G7","[c]","[c]","[c]","[c]"
"In post","2022","Office for Standards in Education, Children's Services and Skills","Cheshire East","Outside London","G7","10","10","[c]","[c]"
"In post","2022","Office for Standards in Education, Children's Services and Skills","Cheshire East","Outside London","SEO","[c]","[c]","[c]","[c]"
"In post","2022","Office for Standards in Education, Children's Services and Skills","Cheshire West and Chester","Outside London","G7","[c]","[c]","[c]","[c]"
"In post","2022","Office for Standards in Education, Children's Services and Skills","Chorley and West Lancashire","Outside London","AO","[c]","[c]","[c]","[c]"
"In post","2022","Office for Standards in Education, Children's Services and Skills","Chorley and West Lancashire","Outside London","G7","5","5","[c]","[c]"
"In post","2022","Office for Standards in Education, Children's Services and Skills","Chorley and West Lancashire","Outside London","SEO","[c]","[c]","[c]","[c]"
"In post","2022","Office for Standards in Education, Children's Services and Skills","Conwy and Denbighshire","Outside London","SEO","[c]","[c]","[c]","[c]"
"In post","2022","Office for Standards in Education, Children's Services and Skills","Cornwall and Isles of Scilly","Outside London","G7","5","5","[c]","[c]"
"In post","2022","Office for Standards in Education, Children's Services and Skills","Cornwall and Isles of Scilly","Outside London","SEO","5","5","[c]","[c]"
"In post","2022","Office for Standards in Education, Children's Services and Skills","Coventry","Outside London","G6","[c]","[c]","[c]","[c]"
"In post","2022","Office for Standards in Education, Children's Services and Skills","Coventry","Outside London","G7","[c]","[c]","[c]","[c]"
"In post","2022","Office for Standards in Education, Children's Services and Skills","Coventry","Outside London","HEO","[c]","[c]","[c]","[c]"
"In post","2022","Office for Standards in Education, Children's Services and Skills","Coventry","Outside London","SEO","5","5","[c]","[c]"
"In post","2022","Office for Standards in Education, Children's Services and Skills","Croydon","London","EO","[c]","[c]","[c]","[c]"
"In post","2022","Office for Standards in Education, Children's Services and Skills","Croydon","London","G7","[c]","[c]","[c]","[c]"
"In post","2022","Office for Standards in Education, Children's Services and Skills","Croydon","London","SEO","[c]","[c]","[c]","[c]"
"In post","2022","Office for Standards in Education, Children's Services and Skills","Darlington","Outside London","G7","[c]","[c]","[c]","[c]"
"In post","2022","Office for Standards in Education, Children's Services and Skills","Darlington","Outside London","SEO","[c]","[c]","[c]","[c]"
"In post","2022","Office for Standards in Education, Children's Services and Skills","Derby","Outside London","AO","[c]","[c]","[c]","[c]"
"In post","2022","Office for Standards in Education, Children's Services and Skills","Derby","Outside London","G7","[c]","[c]","[c]","[c]"
"In post","2022","Office for Standards in Education, Children's Services and Skills","Derby","Outside London","SEO","[c]","[c]","[c]","[c]"
"In post","2022","Office for Standards in Education, Children's Services and Skills","Devon CC","Outside London","AO","[c]","[c]","[c]","[c]"
"In post","2022","Office for Standards in Education, Children's Services and Skills","Devon CC","Outside London","G6","[c]","[c]","[c]","[c]"
"In post","2022","Office for Standards in Education, Children's Services and Skills","Devon CC","Outside London","G7","15","15","73040","75500"
"In post","2022","Office for Standards in Education, Children's Services and Skills","Devon CC","Outside London","HEO","[c]","[c]","[c]","[c]"
"In post","2022","Office for Standards in Education, Children's Services and Skills","Devon CC","Outside London","SEO","[c]","[c]","[c]","[c]"
"In post","2022","Office for Standards in Education, Children's Services and Skills","Dorset","Outside London","G6","[c]","[c]","[c]","[c]"
"In post","2022","Office for Standards in Education, Children's Services and Skills","Dorset","Outside London","G7","[c]","[c]","[c]","[c]"
"In post","2022","Office for Standards in Education, Children's Services and Skills","Dorset","Outside London","SCS level","[c]","[c]","[c]","[c]"
"In post","2022","Office for Standards in Education, Children's Services and Skills","Dorset","Outside London","SEO","5","5","[c]","[c]"
"In post","2022","Office for Standards in Education, Children's Services and Skills","Dudley","Outside London","G6","[c]","[c]","[c]","[c]"
"In post","2022","Office for Standards in Education, Children's Services and Skills","Dudley","Outside London","SEO","[c]","[c]","[c]","[c]"
"In post","2022","Office for Standards in Education, Children's Services and Skills","Durham","Outside London","G6","[c]","[c]","[c]","[c]"
"In post","2022","Office for Standards in Education, Children's Services and Skills","Durham","Outside London","G7","5","5","[c]","[c]"
"In post","2022","Office for Standards in Education, Children's Services and Skills","Durham","Outside London","SEO","5","5","[c]","[c]"
"In post","2022","Office for Standards in Education, Children's Services and Skills","Ealing","London","G6","[c]","[c]","[c]","[c]"
"In post","2022","Office for Standards in Education, Children's Services and Skills","Ealing","London","G7","[c]","[c]","[c]","[c]"
"In post","2022","Office for Standards in Education, Children's Services and Skills","Ealing","London","SEO","[c]","[c]","[c]","[c]"
"In post","2022","Office for Standards in Education, Children's Services and Skills","East Cumbria","Outside London","G7","5","5","[c]","[c]"
"In post","2022","Office for Standards in Education, Children's Services and Skills","East Cumbria","Outside London","SEO","5","5","[c]","[c]"
"In post","2022","Office for Standards in Education, Children's Services and Skills","East Derbyshire","Outside London","AO","[c]","[c]","[c]","[c]"
"In post","2022","Office for Standards in Education, Children's Services and Skills","East Derbyshire","Outside London","G6","[c]","[c]","[c]","[c]"
"In post","2022","Office for Standards in Education, Children's Services and Skills","East Derbyshire","Outside London","SEO","[c]","[c]","[c]","[c]"
"In post","2022","Office for Standards in Education, Children's Services and Skills","East Kent","Outside London","G6","[c]","[c]","[c]","[c]"
"In post","2022","Office for Standards in Education, Children's Services and Skills","East Kent","Outside London","G7","[c]","[c]","[c]","[c]"
"In post","2022","Office for Standards in Education, Children's Services and Skills","East Kent","Outside London","SEO","[c]","[c]","[c]","[c]"
"In post","2022","Office for Standards in Education, Children's Services and Skills","East Lancashire","Outside London","G7","[c]","[c]","[c]","[c]"
"In post","2022","Office for Standards in Education, Children's Services and Skills","East Lancashire","Outside London","SEO","[c]","[c]","[c]","[c]"
"In post","2022","Office for Standards in Education, Children's Services and Skills","East Merseyside","Outside London","G6","[c]","[c]","[c]","[c]"
"In post","2022","Office for Standards in Education, Children's Services and Skills","East Merseyside","Outside London","G7","5","5","[c]","[c]"
"In post","2022","Office for Standards in Education, Children's Services and Skills","East Merseyside","Outside London","SCS level","[c]","[c]","[c]","[c]"
"In post","2022","Office for Standards in Education, Children's Services and Skills","East Merseyside","Outside London","SEO","[c]","[c]","[c]","[c]"
"In post","2022","Office for Standards in Education, Children's Services and Skills","East Riding of Yorkshire","Outside London","G7","[c]","[c]","[c]","[c]"
"In post","2022","Office for Standards in Education, Children's Services and Skills","East Riding of Yorkshire","Outside London","SEO","[c]","[c]","[c]","[c]"
"In post","2022","Office for Standards in Education, Children's Services and Skills","East Surrey","Outside London","G7","[c]","[c]","[c]","[c]"
"In post","2022","Office for Standards in Education, Children's Services and Skills","East Surrey","Outside London","SEO","[c]","[c]","[c]","[c]"
"In post","2022","Office for Standards in Education, Children's Services and Skills","East Sussex CC","Outside London","G6","[c]","[c]","[c]","[c]"
"In post","2022","Office for Standards in Education, Children's Services and Skills","East Sussex CC","Outside London","G7","[c]","[c]","[c]","[c]"
"In post","2022","Office for Standards in Education, Children's Services and Skills","East Sussex CC","Outside London","SEO","5","5","[c]","[c]"
"In post","2022","Office for Standards in Education, Children's Services and Skills","Enfield","London","G7","[c]","[c]","[c]","[c]"
"In post","2022","Office for Standards in Education, Children's Services and Skills","Essex Haven Gateway","Outside London","AO","[c]","[c]","[c]","[c]"
"In post","2022","Office for Standards in Education, Children's Services and Skills","Essex Haven Gateway","Outside London","EO","[c]","[c]","[c]","[c]"
"In post","2022","Office for Standards in Education, Children's Services and Skills","Essex Haven Gateway","Outside London","G6","[c]","[c]","[c]","[c]"
"In post","2022","Office for Standards in Education, Children's Services and Skills","Essex Haven Gateway","Outside London","G7","[c]","[c]","[c]","[c]"
"In post","2022","Office for Standards in Education, Children's Services and Skills","Essex Haven Gateway","Outside London","SEO","[c]","[c]","[c]","[c]"
"In post","2022","Office for Standards in Education, Children's Services and Skills","Essex Thames Gateway","Outside London","G7","[c]","[c]","[c]","[c]"
"In post","2022","Office for Standards in Education, Children's Services and Skills","Essex Thames Gateway","Outside London","SEO","[c]","[c]","[c]","[c]"
"In post","2022","Office for Standards in Education, Children's Services and Skills","Flintshire and Wrexham","Outside London","G6","[c]","[c]","[c]","[c]"
"In post","2022","Office for Standards in Education, Children's Services and Skills","Flintshire and Wrexham","Outside London","SEO","[c]","[c]","[c]","[c]"
"In post","2022","Office for Standards in Education, Children's Services and Skills","Glasgow City","Outside London","AO","[c]","[c]","[c]","[c]"
"In post","2022","Office for Standards in Education, Children's Services and Skills","Gloucestershire CC","Outside London","G6","[c]","[c]","[c]","[c]"
"In post","2022","Office for Standards in Education, Children's Services and Skills","Gloucestershire CC","Outside London","G7","[c]","[c]","[c]","[c]"
"In post","2022","Office for Standards in Education, Children's Services and Skills","Gloucestershire CC","Outside London","SEO","[c]","[c]","[c]","[c]"
"In post","2022","Office for Standards in Education, Children's Services and Skills","Greater Manchester North East","Outside London","AO","[c]","[c]","[c]","[c]"
"In post","2022","Office for Standards in Education, Children's Services and Skills","Greater Manchester North East","Outside London","G6","[c]","[c]","[c]","[c]"
"In post","2022","Office for Standards in Education, Children's Services and Skills","Greater Manchester North East","Outside London","G7","5","5","[c]","[c]"
"In post","2022","Office for Standards in Education, Children's Services and Skills","Greater Manchester North East","Outside London","HEO","[c]","[c]","[c]","[c]"
"In post","2022","Office for Standards in Education, Children's Services and Skills","Greater Manchester North East","Outside London","SEO","5","5","[c]","[c]"
"In post","2022","Office for Standards in Education, Children's Services and Skills","Greater Manchester North West","Outside London","AO","[c]","[c]","[c]","[c]"
"In post","2022","Office for Standards in Education, Children's Services and Skills","Greater Manchester North West","Outside London","G6","[c]","[c]","[c]","[c]"
"In post","2022","Office for Standards in Education, Children's Services and Skills","Greater Manchester North West","Outside London","G7","[c]","[c]","[c]","[c]"
"In post","2022","Office for Standards in Education, Children's Services and Skills","Greater Manchester North West","Outside London","SEO","10","10","[c]","[c]"
"In post","2022","Office for Standards in Education, Children's Services and Skills","Greater Manchester South East","Outside London","G7","[c]","[c]","[c]","[c]"
"In post","2022","Office for Standards in Education, Children's Services and Skills","Greater Manchester South East","Outside London","HEO","[c]","[c]","[c]","[c]"
"In post","2022","Office for Standards in Education, Children's Services and Skills","Greater Manchester South East","Outside London","SEO","5","5","[c]","[c]"
"In post","2022","Office for Standards in Education, Children's Services and Skills","Greater Manchester South West","Outside London","G7","5","5","[c]","[c]"
"In post","2022","Office for Standards in Education, Children's Services and Skills","Greater Manchester South West","Outside London","SEO","[c]","[c]","[c]","[c]"
"In post","2022","Office for Standards in Education, Children's Services and Skills","Gwent Valleys","Outside London","EO","[c]","[c]","[c]","[c]"
"In post","2022","Office for Standards in Education, Children's Services and Skills","Gwent Valleys","Outside London","G7","[c]","[c]","[c]","[c]"
"In post","2022","Office for Standards in Education, Children's Services and Skills","Hackney and Newham","London","G7","[c]","[c]","[c]","[c]"
"In post","2022","Office for Standards in Education, Children's Services and Skills","Hackney and Newham","London","SEO","[c]","[c]","[c]","[c]"
"In post","2022","Office for Standards in Education, Children's Services and Skills","Haringey and Islington","London","G7","[c]","[c]","[c]","[c]"
"In post","2022","Office for Standards in Education, Children's Services and Skills","Haringey and Islington","London","SEO","[c]","[c]","[c]","[c]"
"In post","2022","Office for Standards in Education, Children's Services and Skills","Harrow and Hillingdon","London","G6","[c]","[c]","[c]","[c]"
"In post","2022","Office for Standards in Education, Children's Services and Skills","Harrow and Hillingdon","London","G7","[c]","[c]","[c]","[c]"
"In post","2022","Office for Standards in Education, Children's Services and Skills","Harrow and Hillingdon","London","SEO","[c]","[c]","[c]","[c]"
"In post","2022","Office for Standards in Education, Children's Services and Skills","Hartlepool and Stockton-on-Tees","Outside London","SEO","[c]","[c]","[c]","[c]"
"In post","2022","Office for Standards in Education, Children's Services and Skills","Herefordshire, County of","Outside London","G6","[c]","[c]","[c]","[c]"
"In post","2022","Office for Standards in Education, Children's Services and Skills","Herefordshire, County of","Outside London","G7","[c]","[c]","[c]","[c]"
"In post","2022","Office for Standards in Education, Children's Services and Skills","Herefordshire, County of","Outside London","SCS level","[c]","[c]","[c]","[c]"
"In post","2022","Office for Standards in Education, Children's Services and Skills","Hertfordshire CC","Outside London","G6","[c]","[c]","[c]","[c]"
"In post","2022","Office for Standards in Education, Children's Services and Skills","Hertfordshire CC","Outside London","G7","10","10","74500","75500"
"In post","2022","Office for Standards in Education, Children's Services and Skills","Hertfordshire CC","Outside London","SCS level","[c]","[c]","[c]","[c]"
"In post","2022","Office for Standards in Education, Children's Services and Skills","Hertfordshire CC","Outside London","SEO","10","10","50000","51360"
"In post","2022","Office for Standards in Education, Children's Services and Skills","Hounslow and Richmond upon Thames","London","G7","[c]","[c]","[c]","[c]"
"In post","2022","Office for Standards in Education, Children's Services and Skills","Isle of Wight","Outside London","AO","[c]","[c]","[c]","[c]"
"In post","2022","Office for Standards in Education, Children's Services and Skills","Isle of Wight","Outside London","SEO","[c]","[c]","[c]","[c]"
"In post","2022","Office for Standards in Education, Children's Services and Skills","Kent Thames Gateway","Outside London","G7","[c]","[c]","[c]","[c]"
"In post","2022","Office for Standards in Education, Children's Services and Skills","Kent Thames Gateway","Outside London","SCS level","[c]","[c]","[c]","[c]"
"In post","2022","Office for Standards in Education, Children's Services and Skills","Kingston upon Hull, City of","Outside London","G6","[c]","[c]","[c]","[c]"
"In post","2022","Office for Standards in Education, Children's Services and Skills","Lambeth","London","G6","[c]","[c]","[c]","[c]"
"In post","2022","Office for Standards in Education, Children's Services and Skills","Lambeth","London","SEO","[c]","[c]","[c]","[c]"
"In post","2022","Office for Standards in Education, Children's Services and Skills","Lancaster and Wyre","Outside London","SEO","[c]","[c]","[c]","[c]"
"In post","2022","Office for Standards in Education, Children's Services and Skills","Leeds","Outside London","G6","[c]","[c]","[c]","[c]"
"In post","2022","Office for Standards in Education, Children's Services and Skills","Leeds","Outside London","G7","5","5","[c]","[c]"
"In post","2022","Office for Standards in Education, Children's Services and Skills","Leeds","Outside London","SEO","[c]","[c]","[c]","[c]"
"In post","2022","Office for Standards in Education, Children's Services and Skills","Leicester","Outside London","SEO","[c]","[c]","[c]","[c]"
"In post","2022","Office for Standards in Education, Children's Services and Skills","Leicestershire CC and Rutland","Outside London","AO","[c]","[c]","[c]","[c]"
"In post","2022","Office for Standards in Education, Children's Services and Skills","Leicestershire CC and Rutland","Outside London","G6","[c]","[c]","[c]","[c]"
"In post","2022","Office for Standards in Education, Children's Services and Skills","Leicestershire CC and Rutland","Outside London","G7","5","5","[c]","[c]"
"In post","2022","Office for Standards in Education, Children's Services and Skills","Leicestershire CC and Rutland","Outside London","HEO","[c]","[c]","[c]","[c]"
"In post","2022","Office for Standards in Education, Children's Services and Skills","Leicestershire CC and Rutland","Outside London","SEO","10","5","[c]","[c]"
"In post","2022","Office for Standards in Education, Children's Services and Skills","Lewisham and Southwark","London","G6","[c]","[c]","[c]","[c]"
"In post","2022","Office for Standards in Education, Children's Services and Skills","Lewisham and Southwark","London","G7","[c]","[c]","[c]","[c]"
"In post","2022","Office for Standards in Education, Children's Services and Skills","Lewisham and Southwark","London","SEO","5","5","[c]","[c]"
"In post","2022","Office for Standards in Education, Children's Services and Skills","Lincolnshire CC","Outside London","G6","[c]","[c]","[c]","[c]"
"In post","2022","Office for Standards in Education, Children's Services and Skills","Lincolnshire CC","Outside London","G7","[c]","[c]","[c]","[c]"
"In post","2022","Office for Standards in Education, Children's Services and Skills","Lincolnshire CC","Outside London","SEO","10","10","[c]","[c]"
"In post","2022","Office for Standards in Education, Children's Services and Skills","Liverpool","Outside London","G7","[c]","[c]","[c]","[c]"
"In post","2022","Office for Standards in Education, Children's Services and Skills","Liverpool","Outside London","SEO","[c]","[c]","[c]","[c]"
"In post","2022","Office for Standards in Education, Children's Services and Skills","Luton","Outside London","G7","[c]","[c]","[c]","[c]"
"In post","2022","Office for Standards in Education, Children's Services and Skills","Manchester","Outside London","AA","[c]","[c]","[c]","[c]"
"In post","2022","Office for Standards in Education, Children's Services and Skills","Manchester","Outside London","AO","110","100","21390","21410"
"In post","2022","Office for Standards in Education, Children's Services and Skills","Manchester","Outside London","EO","75","75","25830","25880"
"In post","2022","Office for Standards in Education, Children's Services and Skills","Manchester","Outside London","G6","10","10","74280","74280"
"In post","2022","Office for Standards in Education, Children's Services and Skills","Manchester","Outside London","G7","35","35","60520","59810"
"In post","2022","Office for Standards in Education, Children's Services and Skills","Manchester","Outside London","HEO","60","60","31920","32010"
"In post","2022","Office for Standards in Education, Children's Services and Skills","Manchester","Outside London","SCS level","5","5","[c]","[c]"
"In post","2022","Office for Standards in Education, Children's Services and Skills","Manchester","Outside London","SEO","55","55","39980","39850"
"In post","2022","Office for Standards in Education, Children's Services and Skills","Medway","Outside London","G7","[c]","[c]","[c]","[c]"
"In post","2022","Office for Standards in Education, Children's Services and Skills","Medway","Outside London","SEO","[c]","[c]","[c]","[c]"
"In post","2022","Office for Standards in Education, Children's Services and Skills","Merton, Kingston upon Thames and Sutton","London","G7","[c]","[c]","[c]","[c]"
"In post","2022","Office for Standards in Education, Children's Services and Skills","Merton, Kingston upon Thames and Sutton","London","SEO","[c]","[c]","[c]","[c]"
"In post","2022","Office for Standards in Education, Children's Services and Skills","Mid Kent","Outside London","G7","[c]","[c]","[c]","[c]"
"In post","2022","Office for Standards in Education, Children's Services and Skills","Mid Kent","Outside London","SEO","[c]","[c]","[c]","[c]"
"In post","2022","Office for Standards in Education, Children's Services and Skills","Mid Lancashire","Outside London","G6","[c]","[c]","[c]","[c]"
"In post","2022","Office for Standards in Education, Children's Services and Skills","Mid Lancashire","Outside London","G7","[c]","[c]","[c]","[c]"
"In post","2022","Office for Standards in Education, Children's Services and Skills","Mid Lancashire","Outside London","SEO","[c]","[c]","[c]","[c]"
"In post","2022","Office for Standards in Education, Children's Services and Skills","Milton Keynes","Outside London","G7","[c]","[c]","[c]","[c]"
"In post","2022","Office for Standards in Education, Children's Services and Skills","Milton Keynes","Outside London","SCS level","[c]","[c]","[c]","[c]"
"In post","2022","Office for Standards in Education, Children's Services and Skills","Milton Keynes","Outside London","SEO","[c]","[c]","[c]","[c]"
"In post","2022","Office for Standards in Education, Children's Services and Skills","Monmouthshire and Newport","Outside London","G6","[c]","[c]","[c]","[c]"
"In post","2022","Office for Standards in Education, Children's Services and Skills","Monmouthshire and Newport","Outside London","G7","[c]","[c]","[c]","[c]"
"In post","2022","Office for Standards in Education, Children's Services and Skills","North and North East Lincolnshire","Outside London","G7","[c]","[c]","[c]","[c]"
"In post","2022","Office for Standards in Education, Children's Services and Skills","North Hampshire","Outside London","G7","[c]","[c]","[c]","[c]"
"In post","2022","Office for Standards in Education, Children's Services and Skills","North Hampshire","Outside London","SEO","5","5","[c]","[c]"
"In post","2022","Office for Standards in Education, Children's Services and Skills","North Northamptonshire","Outside London","G6","[c]","[c]","[c]","[c]"
"In post","2022","Office for Standards in Education, Children's Services and Skills","North Northamptonshire","Outside London","SEO","[c]","[c]","[c]","[c]"
"In post","2022","Office for Standards in Education, Children's Services and Skills","North Nottinghamshire","Outside London","G6","[c]","[c]","[c]","[c]"
"In post","2022","Office for Standards in Education, Children's Services and Skills","North Nottinghamshire","Outside London","G7","5","5","[c]","[c]"
"In post","2022","Office for Standards in Education, Children's Services and Skills","North Nottinghamshire","Outside London","SEO","10","10","[c]","[c]"
"In post","2022","Office for Standards in Education, Children's Services and Skills","North Yorkshire CC","Outside London","AO","[c]","[c]","[c]","[c]"
"In post","2022","Office for Standards in Education, Children's Services and Skills","North Yorkshire CC","Outside London","G6","[c]","[c]","[c]","[c]"
"In post","2022","Office for Standards in Education, Children's Services and Skills","North Yorkshire CC","Outside London","G7","15","15","73100","75500"
"In post","2022","Office for Standards in Education, Children's Services and Skills","North Yorkshire CC","Outside London","SCS level","[c]","[c]","[c]","[c]"
"In post","2022","Office for Standards in Education, Children's Services and Skills","North Yorkshire CC","Outside London","SEO","[c]","[c]","[c]","[c]"
"In post","2022","Office for Standards in Education, Children's Services and Skills","Northumberland","Outside London","G6","[c]","[c]","[c]","[c]"
"In post","2022","Office for Standards in Education, Children's Services and Skills","Northumberland","Outside London","G7","[c]","[c]","[c]","[c]"
"In post","2022","Office for Standards in Education, Children's Services and Skills","Northumberland","Outside London","SEO","[c]","[c]","[c]","[c]"
"In post","2022","Office for Standards in Education, Children's Services and Skills","Norwich and East Norfolk","Outside London","G6","[c]","[c]","[c]","[c]"
"In post","2022","Office for Standards in Education, Children's Services and Skills","Norwich and East Norfolk","Outside London","SEO","[c]","[c]","[c]","[c]"
"In post","2022","Office for Standards in Education, Children's Services and Skills","Nottingham","Outside London","AO","25","20","21390","21410"
"In post","2022","Office for Standards in Education, Children's Services and Skills","Nottingham","Outside London","EO","20","20","26090","25880"
"In post","2022","Office for Standards in Education, Children's Services and Skills","Nottingham","Outside London","G6","[c]","[c]","[c]","[c]"
"In post","2022","Office for Standards in Education, Children's Services and Skills","Nottingham","Outside London","G7","10","10","[c]","[c]"
"In post","2022","Office for Standards in Education, Children's Services and Skills","Nottingham","Outside London","HEO","15","15","31960","32010"
"In post","2022","Office for Standards in Education, Children's Services and Skills","Nottingham","Outside London","SEO","20","20","42170","39850"
"In post","2022","Office for Standards in Education, Children's Services and Skills","Oxfordshire CC","Outside London","G6","[c]","[c]","[c]","[c]"
"In post","2022","Office for Standards in Education, Children's Services and Skills","Oxfordshire CC","Outside London","G7","[c]","[c]","[c]","[c]"
"In post","2022","Office for Standards in Education, Children's Services and Skills","Oxfordshire CC","Outside London","SEO","[c]","[c]","[c]","[c]"
"In post","2022","Office for Standards in Education, Children's Services and Skills","Peterborough","Outside London","SEO","[c]","[c]","[c]","[c]"
"In post","2022","Office for Standards in Education, Children's Services and Skills","Plymouth","Outside London","G7","5","5","[c]","[c]"
"In post","2022","Office for Standards in Education, Children's Services and Skills","Portsmouth","Outside London","G7","[c]","[c]","[c]","[c]"
"In post","2022","Office for Standards in Education, Children's Services and Skills","Portsmouth","Outside London","SEO","[c]","[c]","[c]","[c]"
"In post","2022","Office for Standards in Education, Children's Services and Skills","Powys","Outside London","G6","[c]","[c]","[c]","[c]"
"In post","2022","Office for Standards in Education, Children's Services and Skills","Powys","Outside London","SEO","[c]","[c]","[c]","[c]"
"In post","2022","Office for Standards in Education, Children's Services and Skills","Redbridge and Waltham Forest","London","G7","[c]","[c]","[c]","[c]"
"In post","2022","Office for Standards in Education, Children's Services and Skills","Redbridge and Waltham Forest","London","SEO","[c]","[c]","[c]","[c]"
"In post","2022","Office for Standards in Education, Children's Services and Skills","Sandwell","Outside London","G7","[c]","[c]","[c]","[c]"
"In post","2022","Office for Standards in Education, Children's Services and Skills","Sefton","Outside London","G6","[c]","[c]","[c]","[c]"
"In post","2022","Office for Standards in Education, Children's Services and Skills","Sefton","Outside London","G7","[c]","[c]","[c]","[c]"
"In post","2022","Office for Standards in Education, Children's Services and Skills","Sefton","Outside London","SEO","5","5","[c]","[c]"
"In post","2022","Office for Standards in Education, Children's Services and Skills","Sheffield","Outside London","G7","10","10","[c]","[c]"
"In post","2022","Office for Standards in Education, Children's Services and Skills","Sheffield","Outside London","HEO","[c]","[c]","[c]","[c]"
"In post","2022","Office for Standards in Education, Children's Services and Skills","Sheffield","Outside London","SEO","[c]","[c]","[c]","[c]"
"In post","2022","Office for Standards in Education, Children's Services and Skills","Shropshire","Outside London","G6","[c]","[c]","[c]","[c]"
"In post","2022","Office for Standards in Education, Children's Services and Skills","Shropshire","Outside London","G7","10","10","[c]","[c]"
"In post","2022","Office for Standards in Education, Children's Services and Skills","Solihull","Outside London","G7","[c]","[c]","[c]","[c]"
"In post","2022","Office for Standards in Education, Children's Services and Skills","Solihull","Outside London","SEO","[c]","[c]","[c]","[c]"
"In post","2022","Office for Standards in Education, Children's Services and Skills","Somerset CC","Outside London","G6","[c]","[c]","[c]","[c]"
"In post","2022","Office for Standards in Education, Children's Services and Skills","Somerset CC","Outside London","G7","10","10","[c]","[c]"
"In post","2022","Office for Standards in Education, Children's Services and Skills","Somerset CC","Outside London","SEO","[c]","[c]","[c]","[c]"
"In post","2022","Office for Standards in Education, Children's Services and Skills","South and West Derbyshire","Outside London","G6","[c]","[c]","[c]","[c]"
"In post","2022","Office for Standards in Education, Children's Services and Skills","South and West Derbyshire","Outside London","G7","10","10","72830","75500"
"In post","2022","Office for Standards in Education, Children's Services and Skills","South and West Derbyshire","Outside London","HEO","[c]","[c]","[c]","[c]"
"In post","2022","Office for Standards in Education, Children's Services and Skills","South and West Derbyshire","Outside London","SCS level","[c]","[c]","[c]","[c]"
"In post","2022","Office for Standards in Education, Children's Services and Skills","South and West Derbyshire","Outside London","SEO","5","5","[c]","[c]"
"In post","2022","Office for Standards in Education, Children's Services and Skills","South Hampshire","Outside London","G7","5","5","[c]","[c]"
"In post","2022","Office for Standards in Education, Children's Services and Skills","South Hampshire","Outside London","SEO","[c]","[c]","[c]","[c]"
"In post","2022","Office for Standards in Education, Children's Services and Skills","South Nottinghamshire","Outside London","AO","[c]","[c]","[c]","[c]"
"In post","2022","Office for Standards in Education, Children's Services and Skills","South Nottinghamshire","Outside London","G6","[c]","[c]","[c]","[c]"
"In post","2022","Office for Standards in Education, Children's Services and Skills","South Nottinghamshire","Outside London","G7","5","5","[c]","[c]"
"In post","2022","Office for Standards in Education, Children's Services and Skills","South Nottinghamshire","Outside London","HEO","[c]","[c]","[c]","[c]"
"In post","2022","Office for Standards in Education, Children's Services and Skills","South Nottinghamshire","Outside London","SEO","10","10","47770","51360"
"In post","2022","Office for Standards in Education, Children's Services and Skills","South Teesside","Outside London","SEO","[c]","[c]","[c]","[c]"
"In post","2022","Office for Standards in Education, Children's Services and Skills","South West Wales","Outside London","G6","[c]","[c]","[c]","[c]"
"In post","2022","Office for Standards in Education, Children's Services and Skills","South West Wales","Outside London","SEO","[c]","[c]","[c]","[c]"
"In post","2022","Office for Standards in Education, Children's Services and Skills","Southampton","Outside London","G6","[c]","[c]","[c]","[c]"
"In post","2022","Office for Standards in Education, Children's Services and Skills","Southend-on-Sea","Outside London","G7","[c]","[c]","[c]","[c]"
"In post","2022","Office for Standards in Education, Children's Services and Skills","Staffordshire CC","Outside London","G6","[c]","[c]","[c]","[c]"
"In post","2022","Office for Standards in Education, Children's Services and Skills","Staffordshire CC","Outside London","G7","[c]","[c]","[c]","[c]"
"In post","2022","Office for Standards in Education, Children's Services and Skills","Staffordshire CC","Outside London","HEO","[c]","[c]","[c]","[c]"
"In post","2022","Office for Standards in Education, Children's Services and Skills","Staffordshire CC","Outside London","SCS level","[c]","[c]","[c]","[c]"
"In post","2022","Office for Standards in Education, Children's Services and Skills","Staffordshire CC","Outside London","SEO","5","5","[c]","[c]"
"In post","2022","Office for Standards in Education, Children's Services and Skills","Stoke-on-Trent","Outside London","G7","[c]","[c]","[c]","[c]"
"In post","2022","Office for Standards in Education, Children's Services and Skills","Suffolk CC","Outside London","AO","[c]","[c]","[c]","[c]"
"In post","2022","Office for Standards in Education, Children's Services and Skills","Suffolk CC","Outside London","G7","5","5","[c]","[c]"
"In post","2022","Office for Standards in Education, Children's Services and Skills","Suffolk CC","Outside London","SEO","5","5","[c]","[c]"
"In post","2022","Office for Standards in Education, Children's Services and Skills","Sunderland","Outside London","G7","[c]","[c]","[c]","[c]"
"In post","2022","Office for Standards in Education, Children's Services and Skills","Sunderland","Outside London","SEO","[c]","[c]","[c]","[c]"
"In post","2022","Office for Standards in Education, Children's Services and Skills","Swansea","Outside London","G7","[c]","[c]","[c]","[c]"
"In post","2022","Office for Standards in Education, Children's Services and Skills","Telford and Wrekin","Outside London","G7","[c]","[c]","[c]","[c]"
"In post","2022","Office for Standards in Education, Children's Services and Skills","Telford and Wrekin","Outside London","SEO","[c]","[c]","[c]","[c]"
"In post","2022","Office for Standards in Education, Children's Services and Skills","Thurrock","Outside London","SEO","[c]","[c]","[c]","[c]"
"In post","2022","Office for Standards in Education, Children's Services and Skills","Torbay","Outside London","G6","[c]","[c]","[c]","[c]"
"In post","2022","Office for Standards in Education, Children's Services and Skills","Torbay","Outside London","HEO","[c]","[c]","[c]","[c]"
"In post","2022","Office for Standards in Education, Children's Services and Skills","Tyneside","Outside London","G6","[c]","[c]","[c]","[c]"
"In post","2022","Office for Standards in Education, Children's Services and Skills","Tyneside","Outside London","G7","[c]","[c]","[c]","[c]"
"In post","2022","Office for Standards in Education, Children's Services and Skills","Tyneside","Outside London","SCS level","[c]","[c]","[c]","[c]"
"In post","2022","Office for Standards in Education, Children's Services and Skills","Tyneside","Outside London","SEO","5","5","[c]","[c]"
"In post","2022","Office for Standards in Education, Children's Services and Skills","Wakefield","Outside London","G6","[c]","[c]","[c]","[c]"
"In post","2022","Office for Standards in Education, Children's Services and Skills","Wakefield","Outside London","G7","[c]","[c]","[c]","[c]"
"In post","2022","Office for Standards in Education, Children's Services and Skills","Wakefield","Outside London","SCS level","[c]","[c]","[c]","[c]"
"In post","2022","Office for Standards in Education, Children's Services and Skills","Wakefield","Outside London","SEO","[c]","[c]","[c]","[c]"
"In post","2022","Office for Standards in Education, Children's Services and Skills","Walsall","Outside London","G7","[c]","[c]","[c]","[c]"
"In post","2022","Office for Standards in Education, Children's Services and Skills","Walsall","Outside London","HEO","[c]","[c]","[c]","[c]"
"In post","2022","Office for Standards in Education, Children's Services and Skills","Walsall","Outside London","SEO","[c]","[c]","[c]","[c]"
"In post","2022","Office for Standards in Education, Children's Services and Skills","Wandsworth","London","G7","[c]","[c]","[c]","[c]"
"In post","2022","Office for Standards in Education, Children's Services and Skills","Wandsworth","London","SEO","[c]","[c]","[c]","[c]"
"In post","2022","Office for Standards in Education, Children's Services and Skills","Warwickshire CC","Outside London","G6","[c]","[c]","[c]","[c]"
"In post","2022","Office for Standards in Education, Children's Services and Skills","Warwickshire CC","Outside London","G7","[c]","[c]","[c]","[c]"
"In post","2022","Office for Standards in Education, Children's Services and Skills","Warwickshire CC","Outside London","SCS level","[c]","[c]","[c]","[c]"
"In post","2022","Office for Standards in Education, Children's Services and Skills","Warwickshire CC","Outside London","SEO","5","5","[c]","[c]"
"In post","2022","Office for Standards in Education, Children's Services and Skills","West Cumbria","Outside London","G7","[c]","[c]","[c]","[c]"
"In post","2022","Office for Standards in Education, Children's Services and Skills","West Essex","Outside London","G7","[c]","[c]","[c]","[c]"
"In post","2022","Office for Standards in Education, Children's Services and Skills","West Essex","Outside London","SEO","5","5","[c]","[c]"
"In post","2022","Office for Standards in Education, Children's Services and Skills","West Kent","Outside London","G7","[c]","[c]","[c]","[c]"
"In post","2022","Office for Standards in Education, Children's Services and Skills","West Kent","Outside London","SEO","[c]","[c]","[c]","[c]"
"In post","2022","Office for Standards in Education, Children's Services and Skills","West Northamptonshire","Outside London","G7","[c]","[c]","[c]","[c]"
"In post","2022","Office for Standards in Education, Children's Services and Skills","West Northamptonshire","Outside London","SEO","5","5","[c]","[c]"
"In post","2022","Office for Standards in Education, Children's Services and Skills","West Surrey","Outside London","G6","[c]","[c]","[c]","[c]"
"In post","2022","Office for Standards in Education, Children's Services and Skills","West Surrey","Outside London","G7","[c]","[c]","[c]","[c]"
"In post","2022","Office for Standards in Education, Children's Services and Skills","West Surrey","Outside London","SEO","[c]","[c]","[c]","[c]"
"In post","2022","Office for Standards in Education, Children's Services and Skills","West Sussex (North East)","Outside London","G6","[c]","[c]","[c]","[c]"
"In post","2022","Office for Standards in Education, Children's Services and Skills","West Sussex (North East)","Outside London","G7","[c]","[c]","[c]","[c]"
"In post","2022","Office for Standards in Education, Children's Services and Skills","West Sussex (North East)","Outside London","SEO","[c]","[c]","[c]","[c]"
"In post","2022","Office for Standards in Education, Children's Services and Skills","West Sussex (South West)","Outside London","AO","[c]","[c]","[c]","[c]"
"In post","2022","Office for Standards in Education, Children's Services and Skills","West Sussex (South West)","Outside London","SEO","5","5","[c]","[c]"
"In post","2022","Office for Standards in Education, Children's Services and Skills","Westminster","London","AA","[c]","[c]","[c]","[c]"
"In post","2022","Office for Standards in Education, Children's Services and Skills","Westminster","London","AO","5","5","[c]","[c]"
"In post","2022","Office for Standards in Education, Children's Services and Skills","Westminster","London","EO","30","30","28820","28880"
"In post","2022","Office for Standards in Education, Children's Services and Skills","Westminster","London","G6","15","15","74440","74280"
"In post","2022","Office for Standards in Education, Children's Services and Skills","Westminster","London","G7","35","35","63160","62810"
"In post","2022","Office for Standards in Education, Children's Services and Skills","Westminster","London","HEO","40","40","35080","35010"
"In post","2022","Office for Standards in Education, Children's Services and Skills","Westminster","London","SCS level","10","10","112880","104500"
"In post","2022","Office for Standards in Education, Children's Services and Skills","Westminster","London","SEO","50","45","42940","42850"
"In post","2022","Office for Standards in Education, Children's Services and Skills","Wiltshire","Outside London","G6","[c]","[c]","[c]","[c]"
"In post","2022","Office for Standards in Education, Children's Services and Skills","Wiltshire","Outside London","G7","[c]","[c]","[c]","[c]"
"In post","2022","Office for Standards in Education, Children's Services and Skills","Wiltshire","Outside London","HEO","[c]","[c]","[c]","[c]"
"In post","2022","Office for Standards in Education, Children's Services and Skills","Wiltshire","Outside London","SEO","5","5","[c]","[c]"
"In post","2022","Office for Standards in Education, Children's Services and Skills","Wirral","Outside London","G6","[c]","[c]","[c]","[c]"
"In post","2022","Office for Standards in Education, Children's Services and Skills","Wirral","Outside London","G7","[c]","[c]","[c]","[c]"
"In post","2022","Office for Standards in Education, Children's Services and Skills","Wirral","Outside London","SCS level","[c]","[c]","[c]","[c]"
"In post","2022","Office for Standards in Education, Children's Services and Skills","Wirral","Outside London","SEO","[c]","[c]","[c]","[c]"
"In post","2022","Office for Standards in Education, Children's Services and Skills","Wolverhampton","Outside London","G7","[c]","[c]","[c]","[c]"
"In post","2022","Office for Standards in Education, Children's Services and Skills","Wolverhampton","Outside London","SEO","[c]","[c]","[c]","[c]"
"In post","2022","Office for Standards in Education, Children's Services and Skills","Worcestershire CC","Outside London","G6","5","5","[c]","[c]"
"In post","2022","Office for Standards in Education, Children's Services and Skills","Worcestershire CC","Outside London","G7","5","5","[c]","[c]"
"In post","2022","Office for Standards in Education, Children's Services and Skills","Worcestershire CC","Outside London","SEO","5","5","[c]","[c]"
"In post","2022","Office for Standards in Education, Children's Services and Skills","York","Outside London","EO","[c]","[c]","[c]","[c]"
"In post","2022","Office for Standards in Education, Children's Services and Skills","York","Outside London","G7","10","5","[c]","[c]"
"In post","2022","Office for Standards in Education, Children's Services and Skills","York","Outside London","HEO","[c]","[c]","[c]","[c]"
"In post","2022","Office for Standards in Education, Children's Services and Skills","York","Outside London","SEO","[c]","[c]","[c]","[c]"
"In post","2022","Office of Gas and Electricity Markets","Barking & Dagenham and Havering","London","SEO","[c]","[c]","[c]","[c]"
"In post","2022","Office of Gas and Electricity Markets","Birmingham","Outside London","G6","[c]","[c]","[c]","[c]"
"In post","2022","Office of Gas and Electricity Markets","Cardiff and Vale of Glamorgan","Outside London","EO","[c]","[c]","[c]","[c]"
"In post","2022","Office of Gas and Electricity Markets","Cardiff and Vale of Glamorgan","Outside London","G6","[c]","[c]","[c]","[c]"
"In post","2022","Office of Gas and Electricity Markets","Cardiff and Vale of Glamorgan","Outside London","G7","5","5","[c]","[c]"
"In post","2022","Office of Gas and Electricity Markets","Cardiff and Vale of Glamorgan","Outside London","HEO","[c]","[c]","[c]","[c]"
"In post","2022","Office of Gas and Electricity Markets","Cardiff and Vale of Glamorgan","Outside London","SCS level","[c]","[c]","[c]","[c]"
"In post","2022","Office of Gas and Electricity Markets","Cardiff and Vale of Glamorgan","Outside London","SEO","[c]","[c]","[c]","[c]"
"In post","2022","Office of Gas and Electricity Markets","Clackmannanshire and Fife","Outside London","EO","[c]","[c]","[c]","[c]"
"In post","2022","Office of Gas and Electricity Markets","Coventry","Outside London","G6","[c]","[c]","[c]","[c]"
"In post","2022","Office of Gas and Electricity Markets","Durham","Outside London","G7","[c]","[c]","[c]","[c]"
"In post","2022","Office of Gas and Electricity Markets","Glasgow City","Outside London","AO","35","30","19150","18280"
"In post","2022","Office of Gas and Electricity Markets","Glasgow City","Outside London","EO","190","185","24520","23700"
"In post","2022","Office of Gas and Electricity Markets","Glasgow City","Outside London","G6","25","20","69280","69600"
"In post","2022","Office of Gas and Electricity Markets","Glasgow City","Outside London","G7","135","130","51780","50180"
"In post","2022","Office of Gas and Electricity Markets","Glasgow City","Outside London","HEO","130","125","32050","31720"
"In post","2022","Office of Gas and Electricity Markets","Glasgow City","Outside London","SCS level","5","5","[c]","[c]"
"In post","2022","Office of Gas and Electricity Markets","Glasgow City","Outside London","SEO","65","60","38530","38000"
"In post","2022","Office of Gas and Electricity Markets","Haringey and Islington","London","SEO","[c]","[c]","[c]","[c]"
"In post","2022","Office of Gas and Electricity Markets","Harrow and Hillingdon","London","SEO","[c]","[c]","[c]","[c]"
"In post","2022","Office of Gas and Electricity Markets","Leicestershire CC and Rutland","Outside London","G7","[c]","[c]","[c]","[c]"
"In post","2022","Office of Gas and Electricity Markets","Lincolnshire CC","Outside London","G7","[c]","[c]","[c]","[c]"
"In post","2022","Office of Gas and Electricity Markets","Luton","Outside London","G7","[c]","[c]","[c]","[c]"
"In post","2022","Office of Gas and Electricity Markets","Mid Lancashire","Outside London","G6","[c]","[c]","[c]","[c]"
"In post","2022","Office of Gas and Electricity Markets","South Lanarkshire","Outside London","G7","[c]","[c]","[c]","[c]"
"In post","2022","Office of Gas and Electricity Markets","Tower Hamlets","London","AO","25","25","21160","19750"
"In post","2022","Office of Gas and Electricity Markets","Tower Hamlets","London","EO","155","155","27950","26750"
"In post","2022","Office of Gas and Electricity Markets","Tower Hamlets","London","G6","65","60","75600","76480"
"In post","2022","Office of Gas and Electricity Markets","Tower Hamlets","London","G7","235","230","57410","56510"
"In post","2022","Office of Gas and Electricity Markets","Tower Hamlets","London","HEO","145","140","35280","34850"
"In post","2022","Office of Gas and Electricity Markets","Tower Hamlets","London","SCS level","50","45","99850","91560"
"In post","2022","Office of Gas and Electricity Markets","Tower Hamlets","London","SEO","70","70","42660","42000"
"In post","2022","Office of Gas and Electricity Markets","Warwickshire CC","Outside London","G7","[c]","[c]","[c]","[c]"
"In post","2022","Office of Qualifications and Examinations Regulation","Birmingham","Outside London","SEO","[c]","[c]","[c]","[c]"
"In post","2022","Office of Qualifications and Examinations Regulation","Brighton and Hove","Outside London","SCS level","[c]","[c]","[c]","[c]"
"In post","2022","Office of Qualifications and Examinations Regulation","Coventry","Outside London","AA","[c]","[c]","[c]","[c]"
"In post","2022","Office of Qualifications and Examinations Regulation","Coventry","Outside London","EO","25","25","23790","23250"
"In post","2022","Office of Qualifications and Examinations Regulation","Coventry","Outside London","G6","25","25","65090","63950"
"In post","2022","Office of Qualifications and Examinations Regulation","Coventry","Outside London","G7","80","75","49070","47880"
"In post","2022","Office of Qualifications and Examinations Regulation","Coventry","Outside London","HEO","65","60","32430","31620"
"In post","2022","Office of Qualifications and Examinations Regulation","Coventry","Outside London","SCS level","15","15","95630","85100"
"In post","2022","Office of Qualifications and Examinations Regulation","Coventry","Outside London","SEO","65","60","39470","38760"
"In post","2022","Office of Qualifications and Examinations Regulation","Greater Manchester South East","Outside London","SEO","[c]","[c]","[c]","[c]"
"In post","2022","Office of Qualifications and Examinations Regulation","Hertfordshire CC","Outside London","SCS level","[c]","[c]","[c]","[c]"
"In post","2022","Office of Qualifications and Examinations Regulation","Solihull","Outside London","SEO","[c]","[c]","[c]","[c]"
"In post","2022","Office of Qualifications and Examinations Regulation","Staffordshire CC","Outside London","G7","[c]","[c]","[c]","[c]"
"In post","2022","Office of Qualifications and Examinations Regulation","Tyneside","Outside London","SEO","[c]","[c]","[c]","[c]"
"In post","2022","Office of Qualifications and Examinations Regulation","Warwickshire CC","Outside London","G7","[c]","[c]","[c]","[c]"
"In post","2022","Office of Qualifications and Examinations Regulation","Warwickshire CC","Outside London","SEO","[c]","[c]","[c]","[c]"
"In post","2022","Office of Rail and Road","Birmingham","Outside London","EO","[c]","[c]","[c]","[c]"
"In post","2022","Office of Rail and Road","Birmingham","Outside London","G6","[c]","[c]","[c]","[c]"
"In post","2022","Office of Rail and Road","Birmingham","Outside London","G7","20","15","56200","51890"
"In post","2022","Office of Rail and Road","Birmingham","Outside London","HEO","[c]","[c]","[c]","[c]"
"In post","2022","Office of Rail and Road","Birmingham","Outside London","SCS level","[c]","[c]","[c]","[c]"
"In post","2022","Office of Rail and Road","Birmingham","Outside London","SEO","[c]","[c]","[c]","[c]"
"In post","2022","Office of Rail and Road","Bristol, City of","Outside London","AO","[c]","[c]","[c]","[c]"
"In post","2022","Office of Rail and Road","Bristol, City of","Outside London","G6","[c]","[c]","[c]","[c]"
"In post","2022","Office of Rail and Road","Bristol, City of","Outside London","G7","15","15","55360","51610"
"In post","2022","Office of Rail and Road","Bristol, City of","Outside London","HEO","[c]","[c]","[c]","[c]"
"In post","2022","Office of Rail and Road","Bristol, City of","Outside London","SEO","[c]","[c]","[c]","[c]"
"In post","2022","Office of Rail and Road","Glasgow City","Outside London","EO","[c]","[c]","[c]","[c]"
"In post","2022","Office of Rail and Road","Glasgow City","Outside London","G6","[c]","[c]","[c]","[c]"
"In post","2022","Office of Rail and Road","Glasgow City","Outside London","G7","15","15","55600","55000"
"In post","2022","Office of Rail and Road","Glasgow City","Outside London","HEO","[c]","[c]","[c]","[c]"
"In post","2022","Office of Rail and Road","Glasgow City","Outside London","SCS level","[c]","[c]","[c]","[c]"
"In post","2022","Office of Rail and Road","Glasgow City","Outside London","SEO","5","5","[c]","[c]"
"In post","2022","Office of Rail and Road","Manchester","Outside London","AO","[c]","[c]","[c]","[c]"
"In post","2022","Office of Rail and Road","Manchester","Outside London","EO","[c]","[c]","[c]","[c]"
"In post","2022","Office of Rail and Road","Manchester","Outside London","G6","[c]","[c]","[c]","[c]"
"In post","2022","Office of Rail and Road","Manchester","Outside London","G7","20","15","57980","60010"
"In post","2022","Office of Rail and Road","Manchester","Outside London","HEO","[c]","[c]","[c]","[c]"
"In post","2022","Office of Rail and Road","Manchester","Outside London","SEO","10","10","[c]","[c]"
"In post","2022","Office of Rail and Road","Tower Hamlets","London","AO","15","15","24090","23510"
"In post","2022","Office of Rail and Road","Tower Hamlets","London","EO","20","20","31230","29920"
"In post","2022","Office of Rail and Road","Tower Hamlets","London","G6","25","25","74650","74070"
"In post","2022","Office of Rail and Road","Tower Hamlets","London","G7","80","75","61010","60650"
"In post","2022","Office of Rail and Road","Tower Hamlets","London","HEO","25","25","35920","34650"
"In post","2022","Office of Rail and Road","Tower Hamlets","London","SCS level","15","15","109000","95620"
"In post","2022","Office of Rail and Road","Tower Hamlets","London","SEO","35","35","45130","43510"
"In post","2022","Office of Rail and Road","York","Outside London","AO","[c]","[c]","[c]","[c]"
"In post","2022","Office of Rail and Road","York","Outside London","EO","[c]","[c]","[c]","[c]"
"In post","2022","Office of Rail and Road","York","Outside London","G6","[c]","[c]","[c]","[c]"
"In post","2022","Office of Rail and Road","York","Outside London","G7","10","10","59750","60010"
"In post","2022","Office of Rail and Road","York","Outside London","HEO","[c]","[c]","[c]","[c]"
"In post","2022","Office of Rail and Road","York","Outside London","SCS level","[c]","[c]","[c]","[c]"
"In post","2022","Office of Rail and Road","York","Outside London","SEO","5","5","[c]","[c]"
"In post","2022","Office of the Public Guardian","Birmingham","Outside London","AA","[c]","[c]","[c]","[c]"
"In post","2022","Office of the Public Guardian","Birmingham","Outside London","AO","665","595","21020","20970"
"In post","2022","Office of the Public Guardian","Birmingham","Outside London","EO","235","225","25180","25120"
"In post","2022","Office of the Public Guardian","Birmingham","Outside London","G6","[c]","[c]","[c]","[c]"
"In post","2022","Office of the Public Guardian","Birmingham","Outside London","G7","10","10","50950","50430"
"In post","2022","Office of the Public Guardian","Birmingham","Outside London","HEO","70","65","30670","30450"
"In post","2022","Office of the Public Guardian","Birmingham","Outside London","SCS level","[c]","[c]","[c]","[c]"
"In post","2022","Office of the Public Guardian","Birmingham","Outside London","SEO","30","30","37120","36050"
"In post","2022","Office of the Public Guardian","Haringey and Islington","London","HEO","[c]","[c]","[c]","[c]"
"In post","2022","Office of the Public Guardian","Nottingham","Outside London","AA","[c]","[c]","[c]","[c]"
"In post","2022","Office of the Public Guardian","Nottingham","Outside London","AO","195","175","20980","20970"
"In post","2022","Office of the Public Guardian","Nottingham","Outside London","EO","145","135","25190","25120"
"In post","2022","Office of the Public Guardian","Nottingham","Outside London","G6","[c]","[c]","[c]","[c]"
"In post","2022","Office of the Public Guardian","Nottingham","Outside London","G7","[c]","[c]","[c]","[c]"
"In post","2022","Office of the Public Guardian","Nottingham","Outside London","HEO","45","40","30510","30450"
"In post","2022","Office of the Public Guardian","Nottingham","Outside London","SEO","15","15","37030","36050"
"In post","2022","Office of the Public Guardian","Tower Hamlets","London","G7","[c]","[c]","[c]","[c]"
"In post","2022","Office of the Public Guardian","Unknown","Unknown","AO","[c]","[c]","[c]","[c]"
"In post","2022","Office of the Public Guardian","Unknown","Unknown","EO","[c]","[c]","[c]","[c]"
"In post","2022","Office of the Public Guardian","Westminster","London","AO","[c]","[c]","[c]","[c]"
"In post","2022","Office of the Public Guardian","Westminster","London","EO","[c]","[c]","[c]","[c]"
"In post","2022","Office of the Public Guardian","Westminster","London","G7","[c]","[c]","[c]","[c]"
"In post","2022","Office of the Public Guardian","Westminster","London","HEO","[c]","[c]","[c]","[c]"
"In post","2022","Office of the Scottish Charity Regulator","Angus and Dundee City","Outside London","AA","[c]","[c]","[c]","[c]"
"In post","2022","Office of the Scottish Charity Regulator","Angus and Dundee City","Outside London","AO","5","5","[c]","[c]"
"In post","2022","Office of the Scottish Charity Regulator","Angus and Dundee City","Outside London","EO","10","10","[c]","[c]"
"In post","2022","Office of the Scottish Charity Regulator","Angus and Dundee City","Outside London","G6","[c]","[c]","[c]","[c]"
"In post","2022","Office of the Scottish Charity Regulator","Angus and Dundee City","Outside London","G7","[c]","[c]","[c]","[c]"
"In post","2022","Office of the Scottish Charity Regulator","Angus and Dundee City","Outside London","HEO","5","5","[c]","[c]"
"In post","2022","Office of the Scottish Charity Regulator","Angus and Dundee City","Outside London","SCS level","[c]","[c]","[c]","[c]"
"In post","2022","Office of the Scottish Charity Regulator","Angus and Dundee City","Outside London","SEO","10","10","45920","47490"
"In post","2022","Office of the Scottish Charity Regulator","City of Edinburgh","Outside London","AO","[c]","[c]","[c]","[c]"
"In post","2022","Office of the Scottish Charity Regulator","City of Edinburgh","Outside London","EO","[c]","[c]","[c]","[c]"
"In post","2022","Office of the Secretary of State for Scotland (incl. Office of the Advocate General for Scotland)","City of Edinburgh","Outside London","AA","5","5","[c]","[c]"
"In post","2022","Office of the Secretary of State for Scotland (incl. Office of the Advocate General for Scotland)","City of Edinburgh","Outside London","AO","5","5","[c]","[c]"
"In post","2022","Office of the Secretary of State for Scotland (incl. Office of the Advocate General for Scotland)","City of Edinburgh","Outside London","EO","5","5","[c]","[c]"
"In post","2022","Office of the Secretary of State for Scotland (incl. Office of the Advocate General for Scotland)","City of Edinburgh","Outside London","G6","10","10","71010","75340"
"In post","2022","Office of the Secretary of State for Scotland (incl. Office of the Advocate General for Scotland)","City of Edinburgh","Outside London","G7","25","25","57320","59000"
"In post","2022","Office of the Secretary of State for Scotland (incl. Office of the Advocate General for Scotland)","City of Edinburgh","Outside London","HEO","10","10","[c]","[c]"
"In post","2022","Office of the Secretary of State for Scotland (incl. Office of the Advocate General for Scotland)","City of Edinburgh","Outside London","SCS level","[c]","[c]","[c]","[c]"
"In post","2022","Office of the Secretary of State for Scotland (incl. Office of the Advocate General for Scotland)","City of Edinburgh","Outside London","SEO","10","10","45610","47490"
"In post","2022","Office of the Secretary of State for Scotland (incl. Office of the Advocate General for Scotland)","Westminster","London","AO","[c]","[c]","[c]","[c]"
"In post","2022","Office of the Secretary of State for Scotland (incl. Office of the Advocate General for Scotland)","Westminster","London","EO","5","5","[c]","[c]"
"In post","2022","Office of the Secretary of State for Scotland (incl. Office of the Advocate General for Scotland)","Westminster","London","G6","[c]","[c]","[c]","[c]"
"In post","2022","Office of the Secretary of State for Scotland (incl. Office of the Advocate General for Scotland)","Westminster","London","G7","5","5","[c]","[c]"
"In post","2022","Office of the Secretary of State for Scotland (incl. Office of the Advocate General for Scotland)","Westminster","London","HEO","10","10","[c]","[c]"
"In post","2022","Office of the Secretary of State for Scotland (incl. Office of the Advocate General for Scotland)","Westminster","London","SCS level","5","5","[c]","[c]"
"In post","2022","Office of the Secretary of State for Scotland (incl. Office of the Advocate General for Scotland)","Westminster","London","SEO","5","5","[c]","[c]"
"In post","2022","Office of the Secretary of State for Wales","Cardiff and Vale of Glamorgan","Outside London","AA","[c]","[c]","[c]","[c]"
"In post","2022","Office of the Secretary of State for Wales","Cardiff and Vale of Glamorgan","Outside London","AO","[c]","[c]","[c]","[c]"
"In post","2022","Office of the Secretary of State for Wales","Cardiff and Vale of Glamorgan","Outside London","EO","5","5","[c]","[c]"
"In post","2022","Office of the Secretary of State for Wales","Cardiff and Vale of Glamorgan","Outside London","G6","[c]","[c]","[c]","[c]"
"In post","2022","Office of the Secretary of State for Wales","Cardiff and Vale of Glamorgan","Outside London","G7","5","5","[c]","[c]"
"In post","2022","Office of the Secretary of State for Wales","Cardiff and Vale of Glamorgan","Outside London","HEO","[c]","[c]","[c]","[c]"
"In post","2022","Office of the Secretary of State for Wales","Cardiff and Vale of Glamorgan","Outside London","SCS level","[c]","[c]","[c]","[c]"
"In post","2022","Office of the Secretary of State for Wales","Cardiff and Vale of Glamorgan","Outside London","SEO","[c]","[c]","[c]","[c]"
"In post","2022","Office of the Secretary of State for Wales","Westminster","London","EO","5","5","[c]","[c]"
"In post","2022","Office of the Secretary of State for Wales","Westminster","London","G6","[c]","[c]","[c]","[c]"
"In post","2022","Office of the Secretary of State for Wales","Westminster","London","G7","[c]","[c]","[c]","[c]"
"In post","2022","Office of the Secretary of State for Wales","Westminster","London","HEO","[c]","[c]","[c]","[c]"
"In post","2022","Office of the Secretary of State for Wales","Westminster","London","SCS level","5","5","[c]","[c]"
"In post","2022","Office of the Secretary of State for Wales","Westminster","London","SEO","5","5","[c]","[c]"
"In post","2022","Planning Inspectorate","Barnet","London","G6","[c]","[c]","[c]","[c]"
"In post","2022","Planning Inspectorate","Barnsley, Doncaster and Rotherham","Outside London","G7","[c]","[c]","[c]","[c]"
"In post","2022","Planning Inspectorate","Bath and North East Somerset, North Somerset and South Gloucestershire","Outside London","G6","[c]","[c]","[c]","[c]"
"In post","2022","Planning Inspectorate","Bath and North East Somerset, North Somerset and South Gloucestershire","Outside London","G7","[c]","[c]","[c]","[c]"
"In post","2022","Planning Inspectorate","Bedford","Outside London","G7","[c]","[c]","[c]","[c]"
"In post","2022","Planning Inspectorate","Belfast","Outside London","G7","[c]","[c]","[c]","[c]"
"In post","2022","Planning Inspectorate","Berkshire","Outside London","G6","[c]","[c]","[c]","[c]"
"In post","2022","Planning Inspectorate","Birmingham","Outside London","G6","[c]","[c]","[c]","[c]"
"In post","2022","Planning Inspectorate","Birmingham","Outside London","G7","[c]","[c]","[c]","[c]"
"In post","2022","Planning Inspectorate","Bournemouth, Christchurch and Poole","Outside London","G6","[c]","[c]","[c]","[c]"
"In post","2022","Planning Inspectorate","Bournemouth, Christchurch and Poole","Outside London","G7","[c]","[c]","[c]","[c]"
"In post","2022","Planning Inspectorate","Bradford","Outside London","G6","[c]","[c]","[c]","[c]"
"In post","2022","Planning Inspectorate","Bradford","Outside London","G7","[c]","[c]","[c]","[c]"
"In post","2022","Planning Inspectorate","Breckland and South Norfolk","Outside London","G6","[c]","[c]","[c]","[c]"
"In post","2022","Planning Inspectorate","Brighton and Hove","Outside London","G6","[c]","[c]","[c]","[c]"
"In post","2022","Planning Inspectorate","Brighton and Hove","Outside London","G7","[c]","[c]","[c]","[c]"
"In post","2022","Planning Inspectorate","Bristol, City of","Outside London","AA","5","5","[c]","[c]"
"In post","2022","Planning Inspectorate","Bristol, City of","Outside London","AO","145","130","21620","21520"
"In post","2022","Planning Inspectorate","Bristol, City of","Outside London","EO","90","85","26740","26050"
"In post","2022","Planning Inspectorate","Bristol, City of","Outside London","G6","10","10","67980","66760"
"In post","2022","Planning Inspectorate","Bristol, City of","Outside London","G7","30","25","52900","54940"
"In post","2022","Planning Inspectorate","Bristol, City of","Outside London","HEO","80","75","33080","32780"
"In post","2022","Planning Inspectorate","Bristol, City of","Outside London","SCS level","[c]","[c]","[c]","[c]"
"In post","2022","Planning Inspectorate","Bristol, City of","Outside London","SEO","60","55","41060","40720"
"In post","2022","Planning Inspectorate","Bristol, City of","Outside London","Unknown","[c]","[c]","[c]","[c]"
"In post","2022","Planning Inspectorate","Bromley","London","G6","[c]","[c]","[c]","[c]"
"In post","2022","Planning Inspectorate","Bromley","London","G7","[c]","[c]","[c]","[c]"
"In post","2022","Planning Inspectorate","Buckinghamshire","Outside London","G6","[c]","[c]","[c]","[c]"
"In post","2022","Planning Inspectorate","Calderdale and Kirklees","Outside London","G6","[c]","[c]","[c]","[c]"
"In post","2022","Planning Inspectorate","Calderdale and Kirklees","Outside London","G7","[c]","[c]","[c]","[c]"
"In post","2022","Planning Inspectorate","Cambridgeshire CC","Outside London","G6","5","5","[c]","[c]"
"In post","2022","Planning Inspectorate","Cambridgeshire CC","Outside London","G7","[c]","[c]","[c]","[c]"
"In post","2022","Planning Inspectorate","Cardiff and Vale of Glamorgan","Outside London","G6","[c]","[c]","[c]","[c]"
"In post","2022","Planning Inspectorate","Cardiff and Vale of Glamorgan","Outside London","G7","[c]","[c]","[c]","[c]"
"In post","2022","Planning Inspectorate","Cardiff and Vale of Glamorgan","Outside London","HEO","[c]","[c]","[c]","[c]"
"In post","2022","Planning Inspectorate","Central Bedfordshire","Outside London","G7","[c]","[c]","[c]","[c]"
"In post","2022","Planning Inspectorate","Central Hampshire","Outside London","G6","[c]","[c]","[c]","[c]"
"In post","2022","Planning Inspectorate","Central Hampshire","Outside London","G7","[c]","[c]","[c]","[c]"
"In post","2022","Planning Inspectorate","Cheshire East","Outside London","G6","[c]","[c]","[c]","[c]"
"In post","2022","Planning Inspectorate","Cheshire East","Outside London","G7","[c]","[c]","[c]","[c]"
"In post","2022","Planning Inspectorate","Cheshire West and Chester","Outside London","G6","[c]","[c]","[c]","[c]"
"In post","2022","Planning Inspectorate","Cheshire West and Chester","Outside London","G7","[c]","[c]","[c]","[c]"
"In post","2022","Planning Inspectorate","Chorley and West Lancashire","Outside London","G6","[c]","[c]","[c]","[c]"
"In post","2022","Planning Inspectorate","Conwy and Denbighshire","Outside London","G6","[c]","[c]","[c]","[c]"
"In post","2022","Planning Inspectorate","Conwy and Denbighshire","Outside London","G7","[c]","[c]","[c]","[c]"
"In post","2022","Planning Inspectorate","Cornwall and Isles of Scilly","Outside London","G6","[c]","[c]","[c]","[c]"
"In post","2022","Planning Inspectorate","Cornwall and Isles of Scilly","Outside London","G7","[c]","[c]","[c]","[c]"
"In post","2022","Planning Inspectorate","Croydon","London","G6","[c]","[c]","[c]","[c]"
"In post","2022","Planning Inspectorate","Darlington","Outside London","G7","[c]","[c]","[c]","[c]"
"In post","2022","Planning Inspectorate","Derby","Outside London","G7","[c]","[c]","[c]","[c]"
"In post","2022","Planning Inspectorate","Devon CC","Outside London","G6","10","5","[c]","[c]"
"In post","2022","Planning Inspectorate","Devon CC","Outside London","G7","5","5","[c]","[c]"
"In post","2022","Planning Inspectorate","Dorset","Outside London","G6","[c]","[c]","[c]","[c]"
"In post","2022","Planning Inspectorate","Dorset","Outside London","G7","[c]","[c]","[c]","[c]"
"In post","2022","Planning Inspectorate","Dudley","Outside London","G7","[c]","[c]","[c]","[c]"
"In post","2022","Planning Inspectorate","Dumfries and Galloway","Outside London","G6","[c]","[c]","[c]","[c]"
"In post","2022","Planning Inspectorate","Durham","Outside London","G6","[c]","[c]","[c]","[c]"
"In post","2022","Planning Inspectorate","Durham","Outside London","G7","[c]","[c]","[c]","[c]"
"In post","2022","Planning Inspectorate","Ealing","London","G6","[c]","[c]","[c]","[c]"
"In post","2022","Planning Inspectorate","East Cumbria","Outside London","G6","[c]","[c]","[c]","[c]"
"In post","2022","Planning Inspectorate","East Cumbria","Outside London","G7","[c]","[c]","[c]","[c]"
"In post","2022","Planning Inspectorate","East Cumbria","Outside London","HEO","[c]","[c]","[c]","[c]"
"In post","2022","Planning Inspectorate","East Derbyshire","Outside London","G6","[c]","[c]","[c]","[c]"
"In post","2022","Planning Inspectorate","East Derbyshire","Outside London","G7","[c]","[c]","[c]","[c]"
"In post","2022","Planning Inspectorate","East Kent","Outside London","G6","[c]","[c]","[c]","[c]"
"In post","2022","Planning Inspectorate","East Kent","Outside London","G7","[c]","[c]","[c]","[c]"
"In post","2022","Planning Inspectorate","East Lancashire","Outside London","G6","[c]","[c]","[c]","[c]"
"In post","2022","Planning Inspectorate","East Merseyside","Outside London","G6","[c]","[c]","[c]","[c]"
"In post","2022","Planning Inspectorate","East Riding of Yorkshire","Outside London","G6","[c]","[c]","[c]","[c]"
"In post","2022","Planning Inspectorate","East Riding of Yorkshire","Outside London","G7","[c]","[c]","[c]","[c]"
"In post","2022","Planning Inspectorate","East Riding of Yorkshire","Outside London","HEO","[c]","[c]","[c]","[c]"
"In post","2022","Planning Inspectorate","East Surrey","Outside London","G6","[c]","[c]","[c]","[c]"
"In post","2022","Planning Inspectorate","East Surrey","Outside London","G7","[c]","[c]","[c]","[c]"
"In post","2022","Planning Inspectorate","East Sussex CC","Outside London","G6","[c]","[c]","[c]","[c]"
"In post","2022","Planning Inspectorate","East Sussex CC","Outside London","G7","[c]","[c]","[c]","[c]"
"In post","2022","Planning Inspectorate","Enfield","London","G6","[c]","[c]","[c]","[c]"
"In post","2022","Planning Inspectorate","Enfield","London","HEO","[c]","[c]","[c]","[c]"
"In post","2022","Planning Inspectorate","Essex Haven Gateway","Outside London","G6","[c]","[c]","[c]","[c]"
"In post","2022","Planning Inspectorate","Essex Haven Gateway","Outside London","G7","[c]","[c]","[c]","[c]"
"In post","2022","Planning Inspectorate","Essex Thames Gateway","Outside London","HEO","[c]","[c]","[c]","[c]"
"In post","2022","Planning Inspectorate","Gloucestershire CC","Outside London","G6","5","5","[c]","[c]"
"In post","2022","Planning Inspectorate","Greater Manchester North East","Outside London","G6","[c]","[c]","[c]","[c]"
"In post","2022","Planning Inspectorate","Greater Manchester North East","Outside London","G7","[c]","[c]","[c]","[c]"
"In post","2022","Planning Inspectorate","Greater Manchester North West","Outside London","G7","[c]","[c]","[c]","[c]"
"In post","2022","Planning Inspectorate","Greater Manchester South East","Outside London","G6","[c]","[c]","[c]","[c]"
"In post","2022","Planning Inspectorate","Greater Manchester South East","Outside London","G7","[c]","[c]","[c]","[c]"
"In post","2022","Planning Inspectorate","Greater Manchester South East","Outside London","HEO","[c]","[c]","[c]","[c]"
"In post","2022","Planning Inspectorate","Greater Manchester South West","Outside London","G6","[c]","[c]","[c]","[c]"
"In post","2022","Planning Inspectorate","Gwent Valleys","Outside London","G6","[c]","[c]","[c]","[c]"
"In post","2022","Planning Inspectorate","Haringey and Islington","London","G6","[c]","[c]","[c]","[c]"
"In post","2022","Planning Inspectorate","Haringey and Islington","London","G7","[c]","[c]","[c]","[c]"
"In post","2022","Planning Inspectorate","Harrow and Hillingdon","London","G6","[c]","[c]","[c]","[c]"
"In post","2022","Planning Inspectorate","Hartlepool and Stockton-on-Tees","Outside London","G6","[c]","[c]","[c]","[c]"
"In post","2022","Planning Inspectorate","Heart of Essex","Outside London","G6","[c]","[c]","[c]","[c]"
"In post","2022","Planning Inspectorate","Heart of Essex","Outside London","G7","[c]","[c]","[c]","[c]"
"In post","2022","Planning Inspectorate","Herefordshire, County of","Outside London","G6","[c]","[c]","[c]","[c]"
"In post","2022","Planning Inspectorate","Herefordshire, County of","Outside London","G7","[c]","[c]","[c]","[c]"
"In post","2022","Planning Inspectorate","Hertfordshire CC","Outside London","G6","[c]","[c]","[c]","[c]"
"In post","2022","Planning Inspectorate","Hertfordshire CC","Outside London","G7","[c]","[c]","[c]","[c]"
"In post","2022","Planning Inspectorate","Hounslow and Richmond upon Thames","London","G7","[c]","[c]","[c]","[c]"
"In post","2022","Planning Inspectorate","Isle of Anglesey","Outside London","G6","[c]","[c]","[c]","[c]"
"In post","2022","Planning Inspectorate","Lambeth","London","G6","[c]","[c]","[c]","[c]"
"In post","2022","Planning Inspectorate","Lambeth","London","HEO","[c]","[c]","[c]","[c]"
"In post","2022","Planning Inspectorate","Lancaster and Wyre","Outside London","G6","[c]","[c]","[c]","[c]"
"In post","2022","Planning Inspectorate","Lancaster and Wyre","Outside London","G7","[c]","[c]","[c]","[c]"
"In post","2022","Planning Inspectorate","Leeds","Outside London","G6","[c]","[c]","[c]","[c]"
"In post","2022","Planning Inspectorate","Leeds","Outside London","G7","[c]","[c]","[c]","[c]"
"In post","2022","Planning Inspectorate","Leicester","Outside London","G6","[c]","[c]","[c]","[c]"
"In post","2022","Planning Inspectorate","Leicestershire CC and Rutland","Outside London","G6","5","5","[c]","[c]"
"In post","2022","Planning Inspectorate","Leicestershire CC and Rutland","Outside London","G7","[c]","[c]","[c]","[c]"
"In post","2022","Planning Inspectorate","Leicestershire CC and Rutland","Outside London","HEO","[c]","[c]","[c]","[c]"
"In post","2022","Planning Inspectorate","Lewisham and Southwark","London","G6","[c]","[c]","[c]","[c]"
"In post","2022","Planning Inspectorate","Lincolnshire CC","Outside London","G6","5","5","[c]","[c]"
"In post","2022","Planning Inspectorate","Lincolnshire CC","Outside London","G7","5","5","[c]","[c]"
"In post","2022","Planning Inspectorate","Lisburn and Castlereagh","Outside London","HEO","[c]","[c]","[c]","[c]"
"In post","2022","Planning Inspectorate","Liverpool","Outside London","G7","[c]","[c]","[c]","[c]"
"In post","2022","Planning Inspectorate","Lochaber, Skye and Lochalsh, Arran and Cumbrae, and Argyll and Bute","Outside London","G6","[c]","[c]","[c]","[c]"
"In post","2022","Planning Inspectorate","Manchester","Outside London","G6","[c]","[c]","[c]","[c]"
"In post","2022","Planning Inspectorate","Merton, Kingston upon Thames and Sutton","London","G7","[c]","[c]","[c]","[c]"
"In post","2022","Planning Inspectorate","Mid Kent","Outside London","G6","[c]","[c]","[c]","[c]"
"In post","2022","Planning Inspectorate","Mid Kent","Outside London","G7","[c]","[c]","[c]","[c]"
"In post","2022","Planning Inspectorate","Mid Lancashire","Outside London","G6","[c]","[c]","[c]","[c]"
"In post","2022","Planning Inspectorate","Milton Keynes","Outside London","G7","[c]","[c]","[c]","[c]"
"In post","2022","Planning Inspectorate","Monmouthshire and Newport","Outside London","G6","[c]","[c]","[c]","[c]"
"In post","2022","Planning Inspectorate","North and West Norfolk","Outside London","G7","[c]","[c]","[c]","[c]"
"In post","2022","Planning Inspectorate","North Hampshire","Outside London","G6","[c]","[c]","[c]","[c]"
"In post","2022","Planning Inspectorate","North Hampshire","Outside London","HEO","[c]","[c]","[c]","[c]"
"In post","2022","Planning Inspectorate","North Nottinghamshire","Outside London","G6","5","5","[c]","[c]"
"In post","2022","Planning Inspectorate","North Nottinghamshire","Outside London","G7","[c]","[c]","[c]","[c]"
"In post","2022","Planning Inspectorate","North Yorkshire CC","Outside London","G6","10","10","67360","71610"
"In post","2022","Planning Inspectorate","North Yorkshire CC","Outside London","G7","[c]","[c]","[c]","[c]"
"In post","2022","Planning Inspectorate","Northumberland","Outside London","G6","[c]","[c]","[c]","[c]"
"In post","2022","Planning Inspectorate","Northumberland","Outside London","G7","[c]","[c]","[c]","[c]"
"In post","2022","Planning Inspectorate","Northumberland","Outside London","HEO","[c]","[c]","[c]","[c]"
"In post","2022","Planning Inspectorate","Norwich and East Norfolk","Outside London","G6","[c]","[c]","[c]","[c]"
"In post","2022","Planning Inspectorate","Nottingham","Outside London","G7","[c]","[c]","[c]","[c]"
"In post","2022","Planning Inspectorate","Oxfordshire CC","Outside London","G6","[c]","[c]","[c]","[c]"
"In post","2022","Planning Inspectorate","Oxfordshire CC","Outside London","G7","[c]","[c]","[c]","[c]"
"In post","2022","Planning Inspectorate","Peterborough","Outside London","G7","[c]","[c]","[c]","[c]"
"In post","2022","Planning Inspectorate","Plymouth","Outside London","G7","[c]","[c]","[c]","[c]"
"In post","2022","Planning Inspectorate","Powys","Outside London","G6","[c]","[c]","[c]","[c]"
"In post","2022","Planning Inspectorate","Redbridge and Waltham Forest","London","G6","[c]","[c]","[c]","[c]"
"In post","2022","Planning Inspectorate","Redbridge and Waltham Forest","London","HEO","[c]","[c]","[c]","[c]"
"In post","2022","Planning Inspectorate","Sefton","Outside London","G7","[c]","[c]","[c]","[c]"
"In post","2022","Planning Inspectorate","Sheffield","Outside London","G6","[c]","[c]","[c]","[c]"
"In post","2022","Planning Inspectorate","Sheffield","Outside London","G7","[c]","[c]","[c]","[c]"
"In post","2022","Planning Inspectorate","Sheffield","Outside London","HEO","[c]","[c]","[c]","[c]"
"In post","2022","Planning Inspectorate","Shropshire","Outside London","G6","[c]","[c]","[c]","[c]"
"In post","2022","Planning Inspectorate","Shropshire","Outside London","G7","[c]","[c]","[c]","[c]"
"In post","2022","Planning Inspectorate","Somerset CC","Outside London","G6","[c]","[c]","[c]","[c]"
"In post","2022","Planning Inspectorate","Somerset CC","Outside London","G7","[c]","[c]","[c]","[c]"
"In post","2022","Planning Inspectorate","South and West Derbyshire","Outside London","G6","[c]","[c]","[c]","[c]"
"In post","2022","Planning Inspectorate","South and West Derbyshire","Outside London","G7","5","5","[c]","[c]"
"In post","2022","Planning Inspectorate","South Hampshire","Outside London","G7","[c]","[c]","[c]","[c]"
"In post","2022","Planning Inspectorate","South Nottinghamshire","Outside London","G6","[c]","[c]","[c]","[c]"
"In post","2022","Planning Inspectorate","South West Wales","Outside London","G6","[c]","[c]","[c]","[c]"
"In post","2022","Planning Inspectorate","South West Wales","Outside London","G7","5","5","[c]","[c]"
"In post","2022","Planning Inspectorate","Staffordshire CC","Outside London","G6","5","5","[c]","[c]"
"In post","2022","Planning Inspectorate","Stoke-on-Trent","Outside London","G6","[c]","[c]","[c]","[c]"
"In post","2022","Planning Inspectorate","Suffolk CC","Outside London","G6","[c]","[c]","[c]","[c]"
"In post","2022","Planning Inspectorate","Sunderland","Outside London","G6","[c]","[c]","[c]","[c]"
"In post","2022","Planning Inspectorate","Swansea","Outside London","G6","[c]","[c]","[c]","[c]"
"In post","2022","Planning Inspectorate","Telford and Wrekin","Outside London","G6","[c]","[c]","[c]","[c]"
"In post","2022","Planning Inspectorate","Torbay","Outside London","G6","[c]","[c]","[c]","[c]"
"In post","2022","Planning Inspectorate","Tower Hamlets","London","G6","[c]","[c]","[c]","[c]"
"In post","2022","Planning Inspectorate","Tyneside","Outside London","G6","10","10","62010","58810"
"In post","2022","Planning Inspectorate","Tyneside","Outside London","G7","10","10","46330","47660"
"In post","2022","Planning Inspectorate","Tyneside","Outside London","HEO","[c]","[c]","[c]","[c]"
"In post","2022","Planning Inspectorate","Wakefield","Outside London","G6","[c]","[c]","[c]","[c]"
"In post","2022","Planning Inspectorate","Walsall","Outside London","G6","[c]","[c]","[c]","[c]"
"In post","2022","Planning Inspectorate","Walsall","Outside London","G7","[c]","[c]","[c]","[c]"
"In post","2022","Planning Inspectorate","Warwickshire CC","Outside London","G6","[c]","[c]","[c]","[c]"
"In post","2022","Planning Inspectorate","West Cumbria","Outside London","G6","[c]","[c]","[c]","[c]"
"In post","2022","Planning Inspectorate","West Kent","Outside London","G6","[c]","[c]","[c]","[c]"
"In post","2022","Planning Inspectorate","West Northamptonshire","Outside London","G6","[c]","[c]","[c]","[c]"
"In post","2022","Planning Inspectorate","West Northamptonshire","Outside London","G7","[c]","[c]","[c]","[c]"
"In post","2022","Planning Inspectorate","West Surrey","Outside London","G6","[c]","[c]","[c]","[c]"
"In post","2022","Planning Inspectorate","West Surrey","Outside London","G7","[c]","[c]","[c]","[c]"
"In post","2022","Planning Inspectorate","West Sussex (North East)","Outside London","G7","[c]","[c]","[c]","[c]"
"In post","2022","Planning Inspectorate","Wiltshire","Outside London","G6","[c]","[c]","[c]","[c]"
"In post","2022","Planning Inspectorate","Wiltshire","Outside London","G7","[c]","[c]","[c]","[c]"
"In post","2022","Planning Inspectorate","Wolverhampton","Outside London","G6","[c]","[c]","[c]","[c]"
"In post","2022","Planning Inspectorate","Worcestershire CC","Outside London","G6","[c]","[c]","[c]","[c]"
"In post","2022","Planning Inspectorate","Worcestershire CC","Outside London","G7","5","5","[c]","[c]"
"In post","2022","Planning Inspectorate","York","Outside London","G6","[c]","[c]","[c]","[c]"
"In post","2022","Planning Inspectorate","York","Outside London","G7","[c]","[c]","[c]","[c]"
"In post","2022","Queen Elizabeth II Centre","Westminster","London","AO","[c]","[c]","[c]","[c]"
"In post","2022","Queen Elizabeth II Centre","Westminster","London","EO","10","10","29780","29330"
"In post","2022","Queen Elizabeth II Centre","Westminster","London","G6","[c]","[c]","[c]","[c]"
"In post","2022","Queen Elizabeth II Centre","Westminster","London","HEO","20","20","37550","37730"
"In post","2022","Queen Elizabeth II Centre","Westminster","London","SCS level","[c]","[c]","[c]","[c]"
"In post","2022","Queen Elizabeth II Centre","Westminster","London","SEO","5","5","[c]","[c]"
"In post","2022","Registers of Scotland","City of Edinburgh","Outside London","AA","[c]","[c]","[c]","[c]"
"In post","2022","Registers of Scotland","City of Edinburgh","Outside London","AO","315","300","24840","25050"
"In post","2022","Registers of Scotland","City of Edinburgh","Outside London","EO","290","280","30670","30840"
"In post","2022","Registers of Scotland","City of Edinburgh","Outside London","G6","15","15","74510","74420"
"In post","2022","Registers of Scotland","City of Edinburgh","Outside London","G7","40","40","58670","62000"
"In post","2022","Registers of Scotland","City of Edinburgh","Outside London","HEO","215","205","37230","37710"
"In post","2022","Registers of Scotland","City of Edinburgh","Outside London","SCS level","[c]","[c]","[c]","[c]"
"In post","2022","Registers of Scotland","City of Edinburgh","Outside London","SEO","115","115","46850","47490"
"In post","2022","Registers of Scotland","Glasgow City","Outside London","AA","[c]","[c]","[c]","[c]"
"In post","2022","Registers of Scotland","Glasgow City","Outside London","AO","55","50","24370","25050"
"In post","2022","Registers of Scotland","Glasgow City","Outside London","EO","60","55","30840","30840"
"In post","2022","Registers of Scotland","Glasgow City","Outside London","G6","[c]","[c]","[c]","[c]"
"In post","2022","Registers of Scotland","Glasgow City","Outside London","G7","5","5","[c]","[c]"
"In post","2022","Registers of Scotland","Glasgow City","Outside London","HEO","50","50","37410","37710"
"In post","2022","Registers of Scotland","Glasgow City","Outside London","SEO","20","20","46210","47490"
"In post","2022","Revenue Scotland","City of Edinburgh","Outside London","AO","10","10","24810","24400"
"In post","2022","Revenue Scotland","City of Edinburgh","Outside London","EO","15","15","28560","27940"
"In post","2022","Revenue Scotland","City of Edinburgh","Outside London","G6","5","5","[c]","[c]"
"In post","2022","Revenue Scotland","City of Edinburgh","Outside London","G7","10","10","[c]","[c]"
"In post","2022","Revenue Scotland","City of Edinburgh","Outside London","HEO","20","20","34490","34600"
"In post","2022","Revenue Scotland","City of Edinburgh","Outside London","SCS level","[c]","[c]","[c]","[c]"
"In post","2022","Revenue Scotland","City of Edinburgh","Outside London","SEO","15","15","44460","47490"
"In post","2022","Royal Fleet Auxiliary","Unknown","Unknown","Unknown","1760","1760","37450","34160"
"In post","2022","Rural Payments Agency","Bath and North East Somerset, North Somerset and South Gloucestershire","Outside London","SEO","[c]","[c]","[c]","[c]"
"In post","2022","Rural Payments Agency","Berkshire","Outside London","AO","75","70","21300","21300"
"In post","2022","Rural Payments Agency","Berkshire","Outside London","EO","35","30","25650","25450"
"In post","2022","Rural Payments Agency","Berkshire","Outside London","G6","5","5","[c]","[c]"
"In post","2022","Rural Payments Agency","Berkshire","Outside London","G7","10","10","[c]","[c]"
"In post","2022","Rural Payments Agency","Berkshire","Outside London","HEO","30","30","30850","31110"
"In post","2022","Rural Payments Agency","Berkshire","Outside London","SCS level","[c]","[c]","[c]","[c]"
"In post","2022","Rural Payments Agency","Berkshire","Outside London","SEO","25","20","37910","37870"
"In post","2022","Rural Payments Agency","Bradford","Outside London","EO","[c]","[c]","[c]","[c]"
"In post","2022","Rural Payments Agency","Bradford","Outside London","G7","[c]","[c]","[c]","[c]"
"In post","2022","Rural Payments Agency","Bristol, City of","Outside London","AO","25","20","21300","21300"
"In post","2022","Rural Payments Agency","Bristol, City of","Outside London","EO","15","15","25530","25010"
"In post","2022","Rural Payments Agency","Bristol, City of","Outside London","G6","[c]","[c]","[c]","[c]"
"In post","2022","Rural Payments Agency","Bristol, City of","Outside London","G7","[c]","[c]","[c]","[c]"
"In post","2022","Rural Payments Agency","Bristol, City of","Outside London","HEO","10","10","[c]","[c]"
"In post","2022","Rural Payments Agency","Bristol, City of","Outside London","SEO","5","5","[c]","[c]"
"In post","2022","Rural Payments Agency","Cambridgeshire CC","Outside London","AO","25","25","21300","21300"
"In post","2022","Rural Payments Agency","Cambridgeshire CC","Outside London","EO","15","10","25660","25880"
"In post","2022","Rural Payments Agency","Cambridgeshire CC","Outside London","G7","[c]","[c]","[c]","[c]"
"In post","2022","Rural Payments Agency","Cambridgeshire CC","Outside London","HEO","5","5","[c]","[c]"
"In post","2022","Rural Payments Agency","Cambridgeshire CC","Outside London","SEO","[c]","[c]","[c]","[c]"
"In post","2022","Rural Payments Agency","Central Hampshire","Outside London","EO","[c]","[c]","[c]","[c]"
"In post","2022","Rural Payments Agency","Cheshire East","Outside London","AO","70","65","21300","21300"
"In post","2022","Rural Payments Agency","Cheshire East","Outside London","EO","35","30","25380","25190"
"In post","2022","Rural Payments Agency","Cheshire East","Outside London","G6","[c]","[c]","[c]","[c]"
"In post","2022","Rural Payments Agency","Cheshire East","Outside London","G7","[c]","[c]","[c]","[c]"
"In post","2022","Rural Payments Agency","Cheshire East","Outside London","HEO","10","10","30360","30040"
"In post","2022","Rural Payments Agency","Cheshire East","Outside London","SEO","[c]","[c]","[c]","[c]"
"In post","2022","Rural Payments Agency","Cornwall and Isles of Scilly","Outside London","EO","[c]","[c]","[c]","[c]"
"In post","2022","Rural Payments Agency","Cornwall and Isles of Scilly","Outside London","SEO","[c]","[c]","[c]","[c]"
"In post","2022","Rural Payments Agency","Devon CC","Outside London","AO","80","75","21300","21300"
"In post","2022","Rural Payments Agency","Devon CC","Outside London","EO","65","55","25820","25880"
"In post","2022","Rural Payments Agency","Devon CC","Outside London","G6","[c]","[c]","[c]","[c]"
"In post","2022","Rural Payments Agency","Devon CC","Outside London","G7","5","5","[c]","[c]"
"In post","2022","Rural Payments Agency","Devon CC","Outside London","HEO","30","30","30450","30320"
"In post","2022","Rural Payments Agency","Devon CC","Outside London","SCS level","[c]","[c]","[c]","[c]"
"In post","2022","Rural Payments Agency","Devon CC","Outside London","SEO","20","20","37330","37230"
"In post","2022","Rural Payments Agency","East Cumbria","Outside London","AO","140","120","21300","21300"
"In post","2022","Rural Payments Agency","East Cumbria","Outside London","EO","85","75","25510","25190"
"In post","2022","Rural Payments Agency","East Cumbria","Outside London","G6","[c]","[c]","[c]","[c]"
"In post","2022","Rural Payments Agency","East Cumbria","Outside London","G7","10","10","48430","47960"
"In post","2022","Rural Payments Agency","East Cumbria","Outside London","HEO","40","35","30010","29860"
"In post","2022","Rural Payments Agency","East Cumbria","Outside London","SCS level","[c]","[c]","[c]","[c]"
"In post","2022","Rural Payments Agency","East Cumbria","Outside London","SEO","30","30","36650","35900"
"In post","2022","Rural Payments Agency","East Derbyshire","Outside London","EO","[c]","[c]","[c]","[c]"
"In post","2022","Rural Payments Agency","East Derbyshire","Outside London","HEO","[c]","[c]","[c]","[c]"
"In post","2022","Rural Payments Agency","East Riding of Yorkshire","Outside London","EO","[c]","[c]","[c]","[c]"
"In post","2022","Rural Payments Agency","East Riding of Yorkshire","Outside London","HEO","[c]","[c]","[c]","[c]"
"In post","2022","Rural Payments Agency","East Sussex CC","Outside London","EO","[c]","[c]","[c]","[c]"
"In post","2022","Rural Payments Agency","Gwynedd","Outside London","AO","5","5","[c]","[c]"
"In post","2022","Rural Payments Agency","Gwynedd","Outside London","EO","[c]","[c]","[c]","[c]"
"In post","2022","Rural Payments Agency","Hartlepool and Stockton-on-Tees","Outside London","G7","[c]","[c]","[c]","[c]"
"In post","2022","Rural Payments Agency","Heart of Essex","Outside London","EO","[c]","[c]","[c]","[c]"
"In post","2022","Rural Payments Agency","Heart of Essex","Outside London","HEO","[c]","[c]","[c]","[c]"
"In post","2022","Rural Payments Agency","Leeds","Outside London","AO","40","40","21300","21300"
"In post","2022","Rural Payments Agency","Leeds","Outside London","EO","25","25","25310","24920"
"In post","2022","Rural Payments Agency","Leeds","Outside London","G7","[c]","[c]","[c]","[c]"
"In post","2022","Rural Payments Agency","Leeds","Outside London","HEO","10","10","[c]","[c]"
"In post","2022","Rural Payments Agency","Leeds","Outside London","SEO","5","5","[c]","[c]"
"In post","2022","Rural Payments Agency","Lincolnshire CC","Outside London","EO","[c]","[c]","[c]","[c]"
"In post","2022","Rural Payments Agency","Lincolnshire CC","Outside London","HEO","[c]","[c]","[c]","[c]"
"In post","2022","Rural Payments Agency","Lincolnshire CC","Outside London","SEO","[c]","[c]","[c]","[c]"
"In post","2022","Rural Payments Agency","Liverpool","Outside London","SEO","[c]","[c]","[c]","[c]"
"In post","2022","Rural Payments Agency","Mid Kent","Outside London","EO","[c]","[c]","[c]","[c]"
"In post","2022","Rural Payments Agency","Mid Kent","Outside London","HEO","[c]","[c]","[c]","[c]"
"In post","2022","Rural Payments Agency","Mid Kent","Outside London","SEO","[c]","[c]","[c]","[c]"
"In post","2022","Rural Payments Agency","Mid Lancashire","Outside London","EO","[c]","[c]","[c]","[c]"
"In post","2022","Rural Payments Agency","Mid Lancashire","Outside London","HEO","[c]","[c]","[c]","[c]"
"In post","2022","Rural Payments Agency","Mid Lancashire","Outside London","SEO","[c]","[c]","[c]","[c]"
"In post","2022","Rural Payments Agency","North Northamptonshire","Outside London","EO","[c]","[c]","[c]","[c]"
"In post","2022","Rural Payments Agency","North Northamptonshire","Outside London","SEO","[c]","[c]","[c]","[c]"
"In post","2022","Rural Payments Agency","North Yorkshire CC","Outside London","AO","[c]","[c]","[c]","[c]"
"In post","2022","Rural Payments Agency","North Yorkshire CC","Outside London","EO","5","5","[c]","[c]"
"In post","2022","Rural Payments Agency","North Yorkshire CC","Outside London","HEO","[c]","[c]","[c]","[c]"
"In post","2022","Rural Payments Agency","North Yorkshire CC","Outside London","SEO","[c]","[c]","[c]","[c]"
"In post","2022","Rural Payments Agency","Northumberland","Outside London","EO","[c]","[c]","[c]","[c]"
"In post","2022","Rural Payments Agency","Northumberland","Outside London","HEO","[c]","[c]","[c]","[c]"
"In post","2022","Rural Payments Agency","Norwich and East Norfolk","Outside London","EO","[c]","[c]","[c]","[c]"
"In post","2022","Rural Payments Agency","Norwich and East Norfolk","Outside London","SEO","[c]","[c]","[c]","[c]"
"In post","2022","Rural Payments Agency","Nottingham","Outside London","AO","50","50","21040","21300"
"In post","2022","Rural Payments Agency","Nottingham","Outside London","EO","25","25","25090","24920"
"In post","2022","Rural Payments Agency","Nottingham","Outside London","G7","[c]","[c]","[c]","[c]"
"In post","2022","Rural Payments Agency","Nottingham","Outside London","HEO","10","10","30550","30690"
"In post","2022","Rural Payments Agency","Nottingham","Outside London","SEO","[c]","[c]","[c]","[c]"
"In post","2022","Rural Payments Agency","Oxfordshire CC","Outside London","EO","[c]","[c]","[c]","[c]"
"In post","2022","Rural Payments Agency","Oxfordshire CC","Outside London","SEO","[c]","[c]","[c]","[c]"
"In post","2022","Rural Payments Agency","Peterborough","Outside London","AO","[c]","[c]","[c]","[c]"
"In post","2022","Rural Payments Agency","Sandwell","Outside London","EO","[c]","[c]","[c]","[c]"
"In post","2022","Rural Payments Agency","Shropshire","Outside London","EO","[c]","[c]","[c]","[c]"
"In post","2022","Rural Payments Agency","Somerset CC","Outside London","AO","10","10","[c]","[c]"
"In post","2022","Rural Payments Agency","Somerset CC","Outside London","EO","10","5","[c]","[c]"
"In post","2022","Rural Payments Agency","Somerset CC","Outside London","HEO","[c]","[c]","[c]","[c]"
"In post","2022","Rural Payments Agency","South and West Derbyshire","Outside London","SEO","[c]","[c]","[c]","[c]"
"In post","2022","Rural Payments Agency","South Hampshire","Outside London","EO","[c]","[c]","[c]","[c]"
"In post","2022","Rural Payments Agency","South Hampshire","Outside London","HEO","[c]","[c]","[c]","[c]"
"In post","2022","Rural Payments Agency","South Teesside","Outside London","HEO","[c]","[c]","[c]","[c]"
"In post","2022","Rural Payments Agency","Southampton","Outside London","EO","[c]","[c]","[c]","[c]"
"In post","2022","Rural Payments Agency","Staffordshire CC","Outside London","EO","[c]","[c]","[c]","[c]"
"In post","2022","Rural Payments Agency","Suffolk CC","Outside London","AO","[c]","[c]","[c]","[c]"
"In post","2022","Rural Payments Agency","Sunderland","Outside London","HEO","[c]","[c]","[c]","[c]"
"In post","2022","Rural Payments Agency","Tyneside","Outside London","AO","245","225","21250","21300"
"In post","2022","Rural Payments Agency","Tyneside","Outside London","EO","90","85","25270","24920"
"In post","2022","Rural Payments Agency","Tyneside","Outside London","G6","10","5","[c]","[c]"
"In post","2022","Rural Payments Agency","Tyneside","Outside London","G7","15","15","49050","48680"
"In post","2022","Rural Payments Agency","Tyneside","Outside London","HEO","55","55","30060","30040"
"In post","2022","Rural Payments Agency","Tyneside","Outside London","SCS level","[c]","[c]","[c]","[c]"
"In post","2022","Rural Payments Agency","Tyneside","Outside London","SEO","30","25","37060","36970"
"In post","2022","Rural Payments Agency","Walsall","Outside London","EO","[c]","[c]","[c]","[c]"
"In post","2022","Rural Payments Agency","West Cumbria","Outside London","AO","360","320","21300","21300"
"In post","2022","Rural Payments Agency","West Cumbria","Outside London","EO","110","100","25220","25100"
"In post","2022","Rural Payments Agency","West Cumbria","Outside London","G6","[c]","[c]","[c]","[c]"
"In post","2022","Rural Payments Agency","West Cumbria","Outside London","G7","10","10","[c]","[c]"
"In post","2022","Rural Payments Agency","West Cumbria","Outside London","HEO","35","35","30050","29690"
"In post","2022","Rural Payments Agency","West Cumbria","Outside London","SCS level","[c]","[c]","[c]","[c]"
"In post","2022","Rural Payments Agency","West Cumbria","Outside London","SEO","20","20","36830","36520"
"In post","2022","Rural Payments Agency","West Surrey","Outside London","G6","[c]","[c]","[c]","[c]"
"In post","2022","Rural Payments Agency","West Surrey","Outside London","HEO","[c]","[c]","[c]","[c]"
"In post","2022","Rural Payments Agency","West Surrey","Outside London","SEO","[c]","[c]","[c]","[c]"
"In post","2022","Rural Payments Agency","Westminster","London","G7","[c]","[c]","[c]","[c]"
"In post","2022","Rural Payments Agency","Westminster","London","SEO","[c]","[c]","[c]","[c]"
"In post","2022","Rural Payments Agency","Wiltshire","Outside London","EO","[c]","[c]","[c]","[c]"
"In post","2022","Rural Payments Agency","Wiltshire","Outside London","SEO","[c]","[c]","[c]","[c]"
"In post","2022","Rural Payments Agency","Worcestershire CC","Outside London","AO","85","80","21300","21300"
"In post","2022","Rural Payments Agency","Worcestershire CC","Outside London","EO","50","45","25350","24920"
"In post","2022","Rural Payments Agency","Worcestershire CC","Outside London","G6","[c]","[c]","[c]","[c]"
"In post","2022","Rural Payments Agency","Worcestershire CC","Outside London","G7","5","5","[c]","[c]"
"In post","2022","Rural Payments Agency","Worcestershire CC","Outside London","HEO","20","20","30150","29860"
"In post","2022","Rural Payments Agency","Worcestershire CC","Outside London","SEO","10","10","[c]","[c]"
"In post","2022","Rural Payments Agency","York","Outside London","AO","75","70","21270","21300"
"In post","2022","Rural Payments Agency","York","Outside London","EO","55","50","25330","24920"
"In post","2022","Rural Payments Agency","York","Outside London","G6","[c]","[c]","[c]","[c]"
"In post","2022","Rural Payments Agency","York","Outside London","G7","10","10","[c]","[c]"
"In post","2022","Rural Payments Agency","York","Outside London","HEO","25","25","29840","29180"
"In post","2022","Rural Payments Agency","York","Outside London","SEO","15","15","36610","35900"
"In post","2022","Scottish Courts and Tribunals Service","Aberdeen City and Aberdeenshire","Outside London","AA","25","15","20950","20950"
"In post","2022","Scottish Courts and Tribunals Service","Aberdeen City and Aberdeenshire","Outside London","AO","30","30","23320","23780"
"In post","2022","Scottish Courts and Tribunals Service","Aberdeen City and Aberdeenshire","Outside London","EO","20","20","29740","30450"
"In post","2022","Scottish Courts and Tribunals Service","Aberdeen City and Aberdeenshire","Outside London","HEO","5","5","[c]","[c]"
"In post","2022","Scottish Courts and Tribunals Service","Aberdeen City and Aberdeenshire","Outside London","SEO","[c]","[c]","[c]","[c]"
"In post","2022","Scottish Courts and Tribunals Service","Angus and Dundee City","Outside London","AA","20","15","20950","20950"
"In post","2022","Scottish Courts and Tribunals Service","Angus and Dundee City","Outside London","AO","30","25","23250","23780"
"In post","2022","Scottish Courts and Tribunals Service","Angus and Dundee City","Outside London","EO","15","15","29780","30450"
"In post","2022","Scottish Courts and Tribunals Service","Angus and Dundee City","Outside London","HEO","[c]","[c]","[c]","[c]"
"In post","2022","Scottish Courts and Tribunals Service","Angus and Dundee City","Outside London","SEO","[c]","[c]","[c]","[c]"
"In post","2022","Scottish Courts and Tribunals Service","Caithness and Sutherland, and Ross and Cromarty","Outside London","AA","[c]","[c]","[c]","[c]"
"In post","2022","Scottish Courts and Tribunals Service","Caithness and Sutherland, and Ross and Cromarty","Outside London","AO","[c]","[c]","[c]","[c]"
"In post","2022","Scottish Courts and Tribunals Service","Caithness and Sutherland, and Ross and Cromarty","Outside London","EO","[c]","[c]","[c]","[c]"
"In post","2022","Scottish Courts and Tribunals Service","City of Edinburgh","Outside London","AA","80","75","20950","20950"
"In post","2022","Scottish Courts and Tribunals Service","City of Edinburgh","Outside London","AO","120","115","23120","23780"
"In post","2022","Scottish Courts and Tribunals Service","City of Edinburgh","Outside London","EO","155","150","28890","30450"
"In post","2022","Scottish Courts and Tribunals Service","City of Edinburgh","Outside London","G6","10","10","71570","76130"
"In post","2022","Scottish Courts and Tribunals Service","City of Edinburgh","Outside London","G7","45","45","55790","55980"
"In post","2022","Scottish Courts and Tribunals Service","City of Edinburgh","Outside London","HEO","130","125","34840","36360"
"In post","2022","Scottish Courts and Tribunals Service","City of Edinburgh","Outside London","SCS level","5","5","[c]","[c]"
"In post","2022","Scottish Courts and Tribunals Service","City of Edinburgh","Outside London","SEO","85","80","43780","46100"
"In post","2022","Scottish Courts and Tribunals Service","Clackmannanshire and Fife","Outside London","AA","25","20","20950","20950"
"In post","2022","Scottish Courts and Tribunals Service","Clackmannanshire and Fife","Outside London","AO","35","25","23580","23780"
"In post","2022","Scottish Courts and Tribunals Service","Clackmannanshire and Fife","Outside London","EO","15","15","30230","30450"
"In post","2022","Scottish Courts and Tribunals Service","Clackmannanshire and Fife","Outside London","HEO","[c]","[c]","[c]","[c]"
"In post","2022","Scottish Courts and Tribunals Service","Clackmannanshire and Fife","Outside London","SEO","[c]","[c]","[c]","[c]"
"In post","2022","Scottish Courts and Tribunals Service","Dumfries and Galloway","Outside London","AA","5","5","[c]","[c]"
"In post","2022","Scottish Courts and Tribunals Service","Dumfries and Galloway","Outside London","AO","10","5","[c]","[c]"
"In post","2022","Scottish Courts and Tribunals Service","Dumfries and Galloway","Outside London","EO","5","5","[c]","[c]"
"In post","2022","Scottish Courts and Tribunals Service","Dumfries and Galloway","Outside London","HEO","[c]","[c]","[c]","[c]"
"In post","2022","Scottish Courts and Tribunals Service","Dumfries and Galloway","Outside London","SEO","[c]","[c]","[c]","[c]"
"In post","2022","Scottish Courts and Tribunals Service","East Ayrshire and North Ayrshire mainland","Outside London","AA","10","10","20950","20950"
"In post","2022","Scottish Courts and Tribunals Service","East Ayrshire and North Ayrshire mainland","Outside London","AO","15","15","23150","23780"
"In post","2022","Scottish Courts and Tribunals Service","East Ayrshire and North Ayrshire mainland","Outside London","EO","10","10","29530","30450"
"In post","2022","Scottish Courts and Tribunals Service","East Ayrshire and North Ayrshire mainland","Outside London","HEO","[c]","[c]","[c]","[c]"
"In post","2022","Scottish Courts and Tribunals Service","East Ayrshire and North Ayrshire mainland","Outside London","SEO","[c]","[c]","[c]","[c]"
"In post","2022","Scottish Courts and Tribunals Service","East Dunbartonshire, West Dunbartonshire, and Helensburgh and Lomond","Outside London","AA","5","5","[c]","[c]"
"In post","2022","Scottish Courts and Tribunals Service","East Dunbartonshire, West Dunbartonshire, and Helensburgh and Lomond","Outside London","AO","15","10","23100","23780"
"In post","2022","Scottish Courts and Tribunals Service","East Dunbartonshire, West Dunbartonshire, and Helensburgh and Lomond","Outside London","EO","5","5","[c]","[c]"
"In post","2022","Scottish Courts and Tribunals Service","East Dunbartonshire, West Dunbartonshire, and Helensburgh and Lomond","Outside London","HEO","[c]","[c]","[c]","[c]"
"In post","2022","Scottish Courts and Tribunals Service","East Dunbartonshire, West Dunbartonshire, and Helensburgh and Lomond","Outside London","SEO","[c]","[c]","[c]","[c]"
"In post","2022","Scottish Courts and Tribunals Service","Falkirk","Outside London","AA","5","5","[c]","[c]"
"In post","2022","Scottish Courts and Tribunals Service","Falkirk","Outside London","AO","50","50","22920","23780"
"In post","2022","Scottish Courts and Tribunals Service","Falkirk","Outside London","EO","45","40","29590","30450"
"In post","2022","Scottish Courts and Tribunals Service","Falkirk","Outside London","G7","[c]","[c]","[c]","[c]"
"In post","2022","Scottish Courts and Tribunals Service","Falkirk","Outside London","HEO","10","10","35330","36360"
"In post","2022","Scottish Courts and Tribunals Service","Falkirk","Outside London","SEO","[c]","[c]","[c]","[c]"
"In post","2022","Scottish Courts and Tribunals Service","Glasgow City","Outside London","AA","60","50","20950","20950"
"In post","2022","Scottish Courts and Tribunals Service","Glasgow City","Outside London","AO","75","65","23020","23780"
"In post","2022","Scottish Courts and Tribunals Service","Glasgow City","Outside London","EO","65","60","29410","30450"
"In post","2022","Scottish Courts and Tribunals Service","Glasgow City","Outside London","G7","[c]","[c]","[c]","[c]"
"In post","2022","Scottish Courts and Tribunals Service","Glasgow City","Outside London","HEO","15","10","35690","36360"
"In post","2022","Scottish Courts and Tribunals Service","Glasgow City","Outside London","SEO","5","5","[c]","[c]"
"In post","2022","Scottish Courts and Tribunals Service","Inverclyde, East Renfrewshire, and Renfrewshire","Outside London","AA","20","15","20950","20950"
"In post","2022","Scottish Courts and Tribunals Service","Inverclyde, East Renfrewshire, and Renfrewshire","Outside London","AO","30","25","23060","23780"
"In post","2022","Scottish Courts and Tribunals Service","Inverclyde, East Renfrewshire, and Renfrewshire","Outside London","EO","20","20","29940","30450"
"In post","2022","Scottish Courts and Tribunals Service","Inverclyde, East Renfrewshire, and Renfrewshire","Outside London","G7","[c]","[c]","[c]","[c]"
"In post","2022","Scottish Courts and Tribunals Service","Inverclyde, East Renfrewshire, and Renfrewshire","Outside London","HEO","[c]","[c]","[c]","[c]"
"In post","2022","Scottish Courts and Tribunals Service","Inverclyde, East Renfrewshire, and Renfrewshire","Outside London","SEO","10","10","[c]","[c]"
"In post","2022","Scottish Courts and Tribunals Service","Inverness and Nairn, Moray, and Badenoch and Strathspey","Outside London","AA","10","10","[c]","[c]"
"In post","2022","Scottish Courts and Tribunals Service","Inverness and Nairn, Moray, and Badenoch and Strathspey","Outside London","AO","15","15","23420","23780"
"In post","2022","Scottish Courts and Tribunals Service","Inverness and Nairn, Moray, and Badenoch and Strathspey","Outside London","EO","15","15","29670","30450"
"In post","2022","Scottish Courts and Tribunals Service","Inverness and Nairn, Moray, and Badenoch and Strathspey","Outside London","G7","[c]","[c]","[c]","[c]"
"In post","2022","Scottish Courts and Tribunals Service","Inverness and Nairn, Moray, and Badenoch and Strathspey","Outside London","HEO","5","5","[c]","[c]"
"In post","2022","Scottish Courts and Tribunals Service","Inverness and Nairn, Moray, and Badenoch and Strathspey","Outside London","SEO","5","5","[c]","[c]"
"In post","2022","Scottish Courts and Tribunals Service","Lochaber, Skye and Lochalsh, Arran and Cumbrae, and Argyll and Bute","Outside London","AA","5","0","[c]","[c]"
"In post","2022","Scottish Courts and Tribunals Service","Lochaber, Skye and Lochalsh, Arran and Cumbrae, and Argyll and Bute","Outside London","AO","5","5","[c]","[c]"
"In post","2022","Scottish Courts and Tribunals Service","Lochaber, Skye and Lochalsh, Arran and Cumbrae, and Argyll and Bute","Outside London","EO","5","5","[c]","[c]"
"In post","2022","Scottish Courts and Tribunals Service","Na h-Eileanan Siar","Outside London","AA","[c]","[c]","[c]","[c]"
"In post","2022","Scottish Courts and Tribunals Service","Na h-Eileanan Siar","Outside London","AO","[c]","[c]","[c]","[c]"
"In post","2022","Scottish Courts and Tribunals Service","Na h-Eileanan Siar","Outside London","EO","[c]","[c]","[c]","[c]"
"In post","2022","Scottish Courts and Tribunals Service","North Lanarkshire","Outside London","AA","10","5","[c]","[c]"
"In post","2022","Scottish Courts and Tribunals Service","North Lanarkshire","Outside London","AO","15","10","22960","23780"
"In post","2022","Scottish Courts and Tribunals Service","North Lanarkshire","Outside London","EO","15","15","29100","30450"
"In post","2022","Scottish Courts and Tribunals Service","North Lanarkshire","Outside London","G7","[c]","[c]","[c]","[c]"
"In post","2022","Scottish Courts and Tribunals Service","North Lanarkshire","Outside London","HEO","[c]","[c]","[c]","[c]"
"In post","2022","Scottish Courts and Tribunals Service","North Lanarkshire","Outside London","SEO","5","5","[c]","[c]"
"In post","2022","Scottish Courts and Tribunals Service","Orkney Islands","Outside London","AA","[c]","[c]","[c]","[c]"
"In post","2022","Scottish Courts and Tribunals Service","Orkney Islands","Outside London","AO","[c]","[c]","[c]","[c]"
"In post","2022","Scottish Courts and Tribunals Service","Orkney Islands","Outside London","EO","[c]","[c]","[c]","[c]"
"In post","2022","Scottish Courts and Tribunals Service","Perth and Kinross, and Stirling","Outside London","AA","20","15","20950","20950"
"In post","2022","Scottish Courts and Tribunals Service","Perth and Kinross, and Stirling","Outside London","AO","30","25","23390","23780"
"In post","2022","Scottish Courts and Tribunals Service","Perth and Kinross, and Stirling","Outside London","EO","20","20","29380","30450"
"In post","2022","Scottish Courts and Tribunals Service","Perth and Kinross, and Stirling","Outside London","G7","[c]","[c]","[c]","[c]"
"In post","2022","Scottish Courts and Tribunals Service","Perth and Kinross, and Stirling","Outside London","HEO","[c]","[c]","[c]","[c]"
"In post","2022","Scottish Courts and Tribunals Service","Perth and Kinross, and Stirling","Outside London","SEO","10","10","43610","46100"
"In post","2022","Scottish Courts and Tribunals Service","Scottish Borders","Outside London","AA","[c]","[c]","[c]","[c]"
"In post","2022","Scottish Courts and Tribunals Service","Scottish Borders","Outside London","AO","10","10","[c]","[c]"
"In post","2022","Scottish Courts and Tribunals Service","Scottish Borders","Outside London","EO","[c]","[c]","[c]","[c]"
"In post","2022","Scottish Courts and Tribunals Service","Scottish Borders","Outside London","HEO","[c]","[c]","[c]","[c]"
"In post","2022","Scottish Courts and Tribunals Service","Shetland Islands","Outside London","AO","[c]","[c]","[c]","[c]"
"In post","2022","Scottish Courts and Tribunals Service","Shetland Islands","Outside London","EO","[c]","[c]","[c]","[c]"
"In post","2022","Scottish Courts and Tribunals Service","South Ayrshire","Outside London","AA","10","10","20950","20950"
"In post","2022","Scottish Courts and Tribunals Service","South Ayrshire","Outside London","AO","15","10","23420","23780"
"In post","2022","Scottish Courts and Tribunals Service","South Ayrshire","Outside London","EO","5","5","[c]","[c]"
"In post","2022","Scottish Courts and Tribunals Service","South Ayrshire","Outside London","HEO","[c]","[c]","[c]","[c]"
"In post","2022","Scottish Courts and Tribunals Service","South Ayrshire","Outside London","SEO","[c]","[c]","[c]","[c]"
"In post","2022","Scottish Courts and Tribunals Service","South Lanarkshire","Outside London","AA","25","20","20950","20950"
"In post","2022","Scottish Courts and Tribunals Service","South Lanarkshire","Outside London","AO","135","130","23280","23780"
"In post","2022","Scottish Courts and Tribunals Service","South Lanarkshire","Outside London","EO","60","55","29400","30450"
"In post","2022","Scottish Courts and Tribunals Service","South Lanarkshire","Outside London","G6","[c]","[c]","[c]","[c]"
"In post","2022","Scottish Courts and Tribunals Service","South Lanarkshire","Outside London","G7","[c]","[c]","[c]","[c]"
"In post","2022","Scottish Courts and Tribunals Service","South Lanarkshire","Outside London","HEO","20","20","34260","34950"
"In post","2022","Scottish Courts and Tribunals Service","South Lanarkshire","Outside London","SEO","5","5","[c]","[c]"
"In post","2022","Scottish Courts and Tribunals Service","West Lothian","Outside London","AA","5","5","[c]","[c]"
"In post","2022","Scottish Courts and Tribunals Service","West Lothian","Outside London","AO","10","10","23630","23780"
"In post","2022","Scottish Courts and Tribunals Service","West Lothian","Outside London","EO","5","5","[c]","[c]"
"In post","2022","Scottish Courts and Tribunals Service","West Lothian","Outside London","HEO","[c]","[c]","[c]","[c]"
"In post","2022","Scottish Courts and Tribunals Service","West Lothian","Outside London","SEO","[c]","[c]","[c]","[c]"
"In post","2022","Scottish Fiscal Commission","City of Edinburgh","Outside London","EO","[c]","[c]","[c]","[c]"
"In post","2022","Scottish Fiscal Commission","City of Edinburgh","Outside London","G6","[c]","[c]","[c]","[c]"
"In post","2022","Scottish Fiscal Commission","City of Edinburgh","Outside London","G7","[c]","[c]","[c]","[c]"
"In post","2022","Scottish Fiscal Commission","City of Edinburgh","Outside London","HEO","10","10","[c]","[c]"
"In post","2022","Scottish Fiscal Commission","City of Edinburgh","Outside London","SCS level","[c]","[c]","[c]","[c]"
"In post","2022","Scottish Fiscal Commission","City of Edinburgh","Outside London","SEO","10","5","[c]","[c]"
"In post","2022","Scottish Forestry","Aberdeen City and Aberdeenshire","Outside London","AO","5","5","[c]","[c]"
"In post","2022","Scottish Forestry","Aberdeen City and Aberdeenshire","Outside London","EO","[c]","[c]","[c]","[c]"
"In post","2022","Scottish Forestry","Aberdeen City and Aberdeenshire","Outside London","G7","[c]","[c]","[c]","[c]"
"In post","2022","Scottish Forestry","Aberdeen City and Aberdeenshire","Outside London","HEO","[c]","[c]","[c]","[c]"
"In post","2022","Scottish Forestry","Aberdeen City and Aberdeenshire","Outside London","SEO","[c]","[c]","[c]","[c]"
"In post","2022","Scottish Forestry","Caithness and Sutherland, and Ross and Cromarty","Outside London","AO","10","10","[c]","[c]"
"In post","2022","Scottish Forestry","Caithness and Sutherland, and Ross and Cromarty","Outside London","EO","10","10","[c]","[c]"
"In post","2022","Scottish Forestry","Caithness and Sutherland, and Ross and Cromarty","Outside London","G7","[c]","[c]","[c]","[c]"
"In post","2022","Scottish Forestry","Caithness and Sutherland, and Ross and Cromarty","Outside London","HEO","5","5","[c]","[c]"
"In post","2022","Scottish Forestry","Caithness and Sutherland, and Ross and Cromarty","Outside London","SEO","[c]","[c]","[c]","[c]"
"In post","2022","Scottish Forestry","City of Edinburgh","Outside London","AO","[c]","[c]","[c]","[c]"
"In post","2022","Scottish Forestry","City of Edinburgh","Outside London","EO","15","15","30930","30540"
"In post","2022","Scottish Forestry","City of Edinburgh","Outside London","G6","[c]","[c]","[c]","[c]"
"In post","2022","Scottish Forestry","City of Edinburgh","Outside London","G7","10","10","57850","59590"
"In post","2022","Scottish Forestry","City of Edinburgh","Outside London","HEO","15","15","38360","38580"
"In post","2022","Scottish Forestry","City of Edinburgh","Outside London","SCS level","[c]","[c]","[c]","[c]"
"In post","2022","Scottish Forestry","City of Edinburgh","Outside London","SEO","15","15","46280","47250"
"In post","2022","Scottish Forestry","Clackmannanshire and Fife","Outside London","EO","[c]","[c]","[c]","[c]"
"In post","2022","Scottish Forestry","Clackmannanshire and Fife","Outside London","HEO","[c]","[c]","[c]","[c]"
"In post","2022","Scottish Forestry","Clackmannanshire and Fife","Outside London","SEO","[c]","[c]","[c]","[c]"
"In post","2022","Scottish Forestry","Dumfries and Galloway","Outside London","AO","10","10","25010","24980"
"In post","2022","Scottish Forestry","Dumfries and Galloway","Outside London","EO","[c]","[c]","[c]","[c]"
"In post","2022","Scottish Forestry","Dumfries and Galloway","Outside London","G7","[c]","[c]","[c]","[c]"
"In post","2022","Scottish Forestry","Dumfries and Galloway","Outside London","HEO","5","5","[c]","[c]"
"In post","2022","Scottish Forestry","Dumfries and Galloway","Outside London","SEO","[c]","[c]","[c]","[c]"
"In post","2022","Scottish Forestry","Glasgow City","Outside London","EO","[c]","[c]","[c]","[c]"
"In post","2022","Scottish Forestry","Inverness and Nairn, Moray, and Badenoch and Strathspey","Outside London","AO","[c]","[c]","[c]","[c]"
"In post","2022","Scottish Forestry","Lochaber, Skye and Lochalsh, Arran and Cumbrae, and Argyll and Bute","Outside London","AO","[c]","[c]","[c]","[c]"
"In post","2022","Scottish Forestry","Perth and Kinross, and Stirling","Outside London","AO","5","5","[c]","[c]"
"In post","2022","Scottish Forestry","Perth and Kinross, and Stirling","Outside London","EO","5","5","[c]","[c]"
"In post","2022","Scottish Forestry","Perth and Kinross, and Stirling","Outside London","G7","[c]","[c]","[c]","[c]"
"In post","2022","Scottish Forestry","Perth and Kinross, and Stirling","Outside London","HEO","[c]","[c]","[c]","[c]"
"In post","2022","Scottish Forestry","Perth and Kinross, and Stirling","Outside London","SEO","[c]","[c]","[c]","[c]"
"In post","2022","Scottish Forestry","Scottish Borders","Outside London","AO","[c]","[c]","[c]","[c]"
"In post","2022","Scottish Forestry","Scottish Borders","Outside London","EO","5","5","[c]","[c]"
"In post","2022","Scottish Forestry","Scottish Borders","Outside London","HEO","[c]","[c]","[c]","[c]"
"In post","2022","Scottish Forestry","South Lanarkshire","Outside London","AO","10","5","[c]","[c]"
"In post","2022","Scottish Forestry","South Lanarkshire","Outside London","EO","10","10","[c]","[c]"
"In post","2022","Scottish Forestry","South Lanarkshire","Outside London","G7","[c]","[c]","[c]","[c]"
"In post","2022","Scottish Forestry","South Lanarkshire","Outside London","HEO","[c]","[c]","[c]","[c]"
"In post","2022","Scottish Forestry","South Lanarkshire","Outside London","SEO","[c]","[c]","[c]","[c]"
"In post","2022","Scottish Forestry","West Lothian","Outside London","EO","[c]","[c]","[c]","[c]"
"In post","2022","Scottish Government (excl. agencies)","Aberdeen City and Aberdeenshire","Outside London","AA","30","25","22770","23230"
"In post","2022","Scottish Government (excl. agencies)","Aberdeen City and Aberdeenshire","Outside London","AO","25","20","25520","25930"
"In post","2022","Scottish Government (excl. agencies)","Aberdeen City and Aberdeenshire","Outside London","EO","115","105","29550","30040"
"In post","2022","Scottish Government (excl. agencies)","Aberdeen City and Aberdeenshire","Outside London","G6","10","10","73830","75340"
"In post","2022","Scottish Government (excl. agencies)","Aberdeen City and Aberdeenshire","Outside London","G7","30","30","60760","62170"
"In post","2022","Scottish Government (excl. agencies)","Aberdeen City and Aberdeenshire","Outside London","HEO","90","85","35290","36130"
"In post","2022","Scottish Government (excl. agencies)","Aberdeen City and Aberdeenshire","Outside London","SCS level","[c]","[c]","[c]","[c]"
"In post","2022","Scottish Government (excl. agencies)","Aberdeen City and Aberdeenshire","Outside London","SEO","65","60","46270","47490"
"In post","2022","Scottish Government (excl. agencies)","Angus and Dundee City","Outside London","AA","[c]","[c]","[c]","[c]"
"In post","2022","Scottish Government (excl. agencies)","Angus and Dundee City","Outside London","AO","[c]","[c]","[c]","[c]"
"In post","2022","Scottish Government (excl. agencies)","Angus and Dundee City","Outside London","EO","5","5","[c]","[c]"
"In post","2022","Scottish Government (excl. agencies)","Angus and Dundee City","Outside London","G6","[c]","[c]","[c]","[c]"
"In post","2022","Scottish Government (excl. agencies)","Angus and Dundee City","Outside London","G7","10","10","[c]","[c]"
"In post","2022","Scottish Government (excl. agencies)","Angus and Dundee City","Outside London","HEO","10","10","[c]","[c]"
"In post","2022","Scottish Government (excl. agencies)","Angus and Dundee City","Outside London","SEO","10","10","[c]","[c]"
"In post","2022","Scottish Government (excl. agencies)","Caithness and Sutherland, and Ross and Cromarty","Outside London","AA","10","5","[c]","[c]"
"In post","2022","Scottish Government (excl. agencies)","Caithness and Sutherland, and Ross and Cromarty","Outside London","AO","[c]","[c]","[c]","[c]"
"In post","2022","Scottish Government (excl. agencies)","Caithness and Sutherland, and Ross and Cromarty","Outside London","EO","15","15","29450","30040"
"In post","2022","Scottish Government (excl. agencies)","Caithness and Sutherland, and Ross and Cromarty","Outside London","G6","[c]","[c]","[c]","[c]"
"In post","2022","Scottish Government (excl. agencies)","Caithness and Sutherland, and Ross and Cromarty","Outside London","HEO","10","10","33240","31820"
"In post","2022","Scottish Government (excl. agencies)","Caithness and Sutherland, and Ross and Cromarty","Outside London","SEO","[c]","[c]","[c]","[c]"
"In post","2022","Scottish Government (excl. agencies)","Camden and City of London","London","AA","[c]","[c]","[c]","[c]"
"In post","2022","Scottish Government (excl. agencies)","Camden and City of London","London","AO","[c]","[c]","[c]","[c]"
"In post","2022","Scottish Government (excl. agencies)","Camden and City of London","London","EO","[c]","[c]","[c]","[c]"
"In post","2022","Scottish Government (excl. agencies)","Camden and City of London","London","G6","[c]","[c]","[c]","[c]"
"In post","2022","Scottish Government (excl. agencies)","Camden and City of London","London","G7","[c]","[c]","[c]","[c]"
"In post","2022","Scottish Government (excl. agencies)","Camden and City of London","London","HEO","[c]","[c]","[c]","[c]"
"In post","2022","Scottish Government (excl. agencies)","Camden and City of London","London","SCS level","[c]","[c]","[c]","[c]"
"In post","2022","Scottish Government (excl. agencies)","Camden and City of London","London","SEO","[c]","[c]","[c]","[c]"
"In post","2022","Scottish Government (excl. agencies)","Cheshire West and Chester","Outside London","G6","[c]","[c]","[c]","[c]"
"In post","2022","Scottish Government (excl. agencies)","City of Edinburgh","Outside London","AA","280","270","22770","23230"
"In post","2022","Scottish Government (excl. agencies)","City of Edinburgh","Outside London","AO","430","415","26340","25930"
"In post","2022","Scottish Government (excl. agencies)","City of Edinburgh","Outside London","EO","710","690","28990","27940"
"In post","2022","Scottish Government (excl. agencies)","City of Edinburgh","Outside London","G6","655","630","72500","75340"
"In post","2022","Scottish Government (excl. agencies)","City of Edinburgh","Outside London","G7","1125","1070","58080","61680"
"In post","2022","Scottish Government (excl. agencies)","City of Edinburgh","Outside London","HEO","1265","1225","34450","34600"
"In post","2022","Scottish Government (excl. agencies)","City of Edinburgh","Outside London","SCS level","180","175","89220","83230"
"In post","2022","Scottish Government (excl. agencies)","City of Edinburgh","Outside London","SEO","1420","1360","44510","43660"
"In post","2022","Scottish Government (excl. agencies)","Clackmannanshire and Fife","Outside London","EO","[c]","[c]","[c]","[c]"
"In post","2022","Scottish Government (excl. agencies)","Clackmannanshire and Fife","Outside London","G6","[c]","[c]","[c]","[c]"
"In post","2022","Scottish Government (excl. agencies)","Clackmannanshire and Fife","Outside London","G7","[c]","[c]","[c]","[c]"
"In post","2022","Scottish Government (excl. agencies)","Clackmannanshire and Fife","Outside London","HEO","[c]","[c]","[c]","[c]"
"In post","2022","Scottish Government (excl. agencies)","Clackmannanshire and Fife","Outside London","SCS level","[c]","[c]","[c]","[c]"
"In post","2022","Scottish Government (excl. agencies)","Clackmannanshire and Fife","Outside London","SEO","[c]","[c]","[c]","[c]"
"In post","2022","Scottish Government (excl. agencies)","Dumfries and Galloway","Outside London","AA","[c]","[c]","[c]","[c]"
"In post","2022","Scottish Government (excl. agencies)","Dumfries and Galloway","Outside London","AO","[c]","[c]","[c]","[c]"
"In post","2022","Scottish Government (excl. agencies)","Dumfries and Galloway","Outside London","EO","20","15","28890","30040"
"In post","2022","Scottish Government (excl. agencies)","Dumfries and Galloway","Outside London","G7","[c]","[c]","[c]","[c]"
"In post","2022","Scottish Government (excl. agencies)","Dumfries and Galloway","Outside London","HEO","5","5","[c]","[c]"
"In post","2022","Scottish Government (excl. agencies)","Dumfries and Galloway","Outside London","SEO","[c]","[c]","[c]","[c]"
"In post","2022","Scottish Government (excl. agencies)","East Ayrshire and North Ayrshire mainland","Outside London","EO","[c]","[c]","[c]","[c]"
"In post","2022","Scottish Government (excl. agencies)","East Ayrshire and North Ayrshire mainland","Outside London","G7","[c]","[c]","[c]","[c]"
"In post","2022","Scottish Government (excl. agencies)","East Dunbartonshire, West Dunbartonshire, and Helensburgh and Lomond","Outside London","G6","[c]","[c]","[c]","[c]"
"In post","2022","Scottish Government (excl. agencies)","East Dunbartonshire, West Dunbartonshire, and Helensburgh and Lomond","Outside London","G7","[c]","[c]","[c]","[c]"
"In post","2022","Scottish Government (excl. agencies)","East Lothian and Midlothian","Outside London","EO","[c]","[c]","[c]","[c]"
"In post","2022","Scottish Government (excl. agencies)","East Lothian and Midlothian","Outside London","G6","[c]","[c]","[c]","[c]"
"In post","2022","Scottish Government (excl. agencies)","East Lothian and Midlothian","Outside London","G7","[c]","[c]","[c]","[c]"
"In post","2022","Scottish Government (excl. agencies)","East Lothian and Midlothian","Outside London","HEO","[c]","[c]","[c]","[c]"
"In post","2022","Scottish Government (excl. agencies)","Falkirk","Outside London","AO","15","15","25220","25530"
"In post","2022","Scottish Government (excl. agencies)","Falkirk","Outside London","EO","5","5","[c]","[c]"
"In post","2022","Scottish Government (excl. agencies)","Falkirk","Outside London","G6","20","15","72550","75340"
"In post","2022","Scottish Government (excl. agencies)","Falkirk","Outside London","G7","[c]","[c]","[c]","[c]"
"In post","2022","Scottish Government (excl. agencies)","Falkirk","Outside London","HEO","[c]","[c]","[c]","[c]"
"In post","2022","Scottish Government (excl. agencies)","Falkirk","Outside London","SEO","[c]","[c]","[c]","[c]"
"In post","2022","Scottish Government (excl. agencies)","Glasgow City","Outside London","AA","65","60","22330","23230"
"In post","2022","Scottish Government (excl. agencies)","Glasgow City","Outside London","AO","20","20","25270","25710"
"In post","2022","Scottish Government (excl. agencies)","Glasgow City","Outside London","EO","165","165","28210","27230"
"In post","2022","Scottish Government (excl. agencies)","Glasgow City","Outside London","G6","150","145","71890","70530"
"In post","2022","Scottish Government (excl. agencies)","Glasgow City","Outside London","G7","315","305","56970","57190"
"In post","2022","Scottish Government (excl. agencies)","Glasgow City","Outside London","HEO","400","390","33520","33070"
"In post","2022","Scottish Government (excl. agencies)","Glasgow City","Outside London","SCS level","25","25","84180","80290"
"In post","2022","Scottish Government (excl. agencies)","Glasgow City","Outside London","SEO","535","520","43830","43000"
"In post","2022","Scottish Government (excl. agencies)","Inverclyde, East Renfrewshire, and Renfrewshire","Outside London","EO","[c]","[c]","[c]","[c]"
"In post","2022","Scottish Government (excl. agencies)","Inverclyde, East Renfrewshire, and Renfrewshire","Outside London","G7","[c]","[c]","[c]","[c]"
"In post","2022","Scottish Government (excl. agencies)","Inverness and Nairn, Moray, and Badenoch and Strathspey","Outside London","AA","10","10","23100","23230"
"In post","2022","Scottish Government (excl. agencies)","Inverness and Nairn, Moray, and Badenoch and Strathspey","Outside London","AO","[c]","[c]","[c]","[c]"
"In post","2022","Scottish Government (excl. agencies)","Inverness and Nairn, Moray, and Badenoch and Strathspey","Outside London","EO","35","30","29340","30040"
"In post","2022","Scottish Government (excl. agencies)","Inverness and Nairn, Moray, and Badenoch and Strathspey","Outside London","G6","[c]","[c]","[c]","[c]"
"In post","2022","Scottish Government (excl. agencies)","Inverness and Nairn, Moray, and Badenoch and Strathspey","Outside London","G7","5","5","[c]","[c]"
"In post","2022","Scottish Government (excl. agencies)","Inverness and Nairn, Moray, and Badenoch and Strathspey","Outside London","HEO","25","20","34670","36130"
"In post","2022","Scottish Government (excl. agencies)","Inverness and Nairn, Moray, and Badenoch and Strathspey","Outside London","SEO","15","15","45060","47490"
"In post","2022","Scottish Government (excl. agencies)","Lancaster and Wyre","Outside London","G6","[c]","[c]","[c]","[c]"
"In post","2022","Scottish Government (excl. agencies)","Lisburn and Castlereagh","Outside London","G6","[c]","[c]","[c]","[c]"
"In post","2022","Scottish Government (excl. agencies)","Lochaber, Skye and Lochalsh, Arran and Cumbrae, and Argyll and Bute","Outside London","AA","15","15","23030","23230"
"In post","2022","Scottish Government (excl. agencies)","Lochaber, Skye and Lochalsh, Arran and Cumbrae, and Argyll and Bute","Outside London","AO","10","5","[c]","[c]"
"In post","2022","Scottish Government (excl. agencies)","Lochaber, Skye and Lochalsh, Arran and Cumbrae, and Argyll and Bute","Outside London","EO","25","20","29470","30040"
"In post","2022","Scottish Government (excl. agencies)","Lochaber, Skye and Lochalsh, Arran and Cumbrae, and Argyll and Bute","Outside London","G7","[c]","[c]","[c]","[c]"
"In post","2022","Scottish Government (excl. agencies)","Lochaber, Skye and Lochalsh, Arran and Cumbrae, and Argyll and Bute","Outside London","HEO","15","15","33480","33070"
"In post","2022","Scottish Government (excl. agencies)","Lochaber, Skye and Lochalsh, Arran and Cumbrae, and Argyll and Bute","Outside London","SEO","[c]","[c]","[c]","[c]"
"In post","2022","Scottish Government (excl. agencies)","Mid Lancashire","Outside London","G6","[c]","[c]","[c]","[c]"
"In post","2022","Scottish Government (excl. agencies)","Mid Lancashire","Outside London","SCS level","[c]","[c]","[c]","[c]"
"In post","2022","Scottish Government (excl. agencies)","Na h-Eileanan Siar","Outside London","AA","[c]","[c]","[c]","[c]"
"In post","2022","Scottish Government (excl. agencies)","Na h-Eileanan Siar","Outside London","EO","10","10","[c]","[c]"
"In post","2022","Scottish Government (excl. agencies)","Na h-Eileanan Siar","Outside London","G6","[c]","[c]","[c]","[c]"
"In post","2022","Scottish Government (excl. agencies)","Na h-Eileanan Siar","Outside London","HEO","10","10","33840","33840"
"In post","2022","Scottish Government (excl. agencies)","Na h-Eileanan Siar","Outside London","SEO","[c]","[c]","[c]","[c]"
"In post","2022","Scottish Government (excl. agencies)","North Lanarkshire","Outside London","EO","[c]","[c]","[c]","[c]"
"In post","2022","Scottish Government (excl. agencies)","North Lanarkshire","Outside London","SEO","[c]","[c]","[c]","[c]"
"In post","2022","Scottish Government (excl. agencies)","Orkney Islands","Outside London","EO","5","5","[c]","[c]"
"In post","2022","Scottish Government (excl. agencies)","Orkney Islands","Outside London","G6","[c]","[c]","[c]","[c]"
"In post","2022","Scottish Government (excl. agencies)","Orkney Islands","Outside London","G7","[c]","[c]","[c]","[c]"
"In post","2022","Scottish Government (excl. agencies)","Orkney Islands","Outside London","HEO","5","5","[c]","[c]"
"In post","2022","Scottish Government (excl. agencies)","Orkney Islands","Outside London","SEO","[c]","[c]","[c]","[c]"
"In post","2022","Scottish Government (excl. agencies)","Overseas","Overseas","EO","[c]","[c]","[c]","[c]"
"In post","2022","Scottish Government (excl. agencies)","Overseas","Overseas","G6","[c]","[c]","[c]","[c]"
"In post","2022","Scottish Government (excl. agencies)","Overseas","Overseas","G7","5","5","[c]","[c]"
"In post","2022","Scottish Government (excl. agencies)","Overseas","Overseas","HEO","[c]","[c]","[c]","[c]"
"In post","2022","Scottish Government (excl. agencies)","Overseas","Overseas","SCS level","[c]","[c]","[c]","[c]"
"In post","2022","Scottish Government (excl. agencies)","Overseas","Overseas","SEO","[c]","[c]","[c]","[c]"
"In post","2022","Scottish Government (excl. agencies)","Perth and Kinross, and Stirling","Outside London","AA","15","10","22810","23230"
"In post","2022","Scottish Government (excl. agencies)","Perth and Kinross, and Stirling","Outside London","AO","10","5","[c]","[c]"
"In post","2022","Scottish Government (excl. agencies)","Perth and Kinross, and Stirling","Outside London","EO","40","35","29670","30040"
"In post","2022","Scottish Government (excl. agencies)","Perth and Kinross, and Stirling","Outside London","G6","5","5","[c]","[c]"
"In post","2022","Scottish Government (excl. agencies)","Perth and Kinross, and Stirling","Outside London","G7","10","10","59210","62170"
"In post","2022","Scottish Government (excl. agencies)","Perth and Kinross, and Stirling","Outside London","HEO","25","25","35650","36130"
"In post","2022","Scottish Government (excl. agencies)","Perth and Kinross, and Stirling","Outside London","SEO","15","10","46840","47490"
"In post","2022","Scottish Government (excl. agencies)","Scottish Borders","Outside London","AA","[c]","[c]","[c]","[c]"
"In post","2022","Scottish Government (excl. agencies)","Scottish Borders","Outside London","AO","[c]","[c]","[c]","[c]"
"In post","2022","Scottish Government (excl. agencies)","Scottish Borders","Outside London","EO","25","25","29000","30040"
"In post","2022","Scottish Government (excl. agencies)","Scottish Borders","Outside London","G6","[c]","[c]","[c]","[c]"
"In post","2022","Scottish Government (excl. agencies)","Scottish Borders","Outside London","G7","[c]","[c]","[c]","[c]"
"In post","2022","Scottish Government (excl. agencies)","Scottish Borders","Outside London","HEO","15","15","34270","34600"
"In post","2022","Scottish Government (excl. agencies)","Scottish Borders","Outside London","SEO","[c]","[c]","[c]","[c]"
"In post","2022","Scottish Government (excl. agencies)","Shetland Islands","Outside London","AA","[c]","[c]","[c]","[c]"
"In post","2022","Scottish Government (excl. agencies)","Shetland Islands","Outside London","EO","5","5","[c]","[c]"
"In post","2022","Scottish Government (excl. agencies)","Shetland Islands","Outside London","G7","[c]","[c]","[c]","[c]"
"In post","2022","Scottish Government (excl. agencies)","Shetland Islands","Outside London","HEO","[c]","[c]","[c]","[c]"
"In post","2022","Scottish Government (excl. agencies)","Shetland Islands","Outside London","SEO","[c]","[c]","[c]","[c]"
"In post","2022","Scottish Government (excl. agencies)","South Ayrshire","Outside London","AA","10","5","[c]","[c]"
"In post","2022","Scottish Government (excl. agencies)","South Ayrshire","Outside London","AO","[c]","[c]","[c]","[c]"
"In post","2022","Scottish Government (excl. agencies)","South Ayrshire","Outside London","EO","25","20","28540","27940"
"In post","2022","Scottish Government (excl. agencies)","South Ayrshire","Outside London","G6","[c]","[c]","[c]","[c]"
"In post","2022","Scottish Government (excl. agencies)","South Ayrshire","Outside London","G7","[c]","[c]","[c]","[c]"
"In post","2022","Scottish Government (excl. agencies)","South Ayrshire","Outside London","HEO","10","10","33490","33070"
"In post","2022","Scottish Government (excl. agencies)","South Ayrshire","Outside London","SEO","10","10","[c]","[c]"
"In post","2022","Scottish Government (excl. agencies)","South Lanarkshire","Outside London","AA","[c]","[c]","[c]","[c]"
"In post","2022","Scottish Government (excl. agencies)","South Lanarkshire","Outside London","EO","10","10","28600","28460"
"In post","2022","Scottish Government (excl. agencies)","South Lanarkshire","Outside London","G6","[c]","[c]","[c]","[c]"
"In post","2022","Scottish Government (excl. agencies)","South Lanarkshire","Outside London","G7","[c]","[c]","[c]","[c]"
"In post","2022","Scottish Government (excl. agencies)","South Lanarkshire","Outside London","HEO","5","5","[c]","[c]"
"In post","2022","Scottish Government (excl. agencies)","South Lanarkshire","Outside London","SEO","5","5","[c]","[c]"
"In post","2022","Scottish Government (excl. agencies)","West Lothian","Outside London","AA","[c]","[c]","[c]","[c]"
"In post","2022","Scottish Government (excl. agencies)","West Lothian","Outside London","AO","[c]","[c]","[c]","[c]"
"In post","2022","Scottish Government (excl. agencies)","West Lothian","Outside London","EO","[c]","[c]","[c]","[c]"
"In post","2022","Scottish Government (excl. agencies)","West Lothian","Outside London","G6","[c]","[c]","[c]","[c]"
"In post","2022","Scottish Government (excl. agencies)","West Lothian","Outside London","G7","5","5","[c]","[c]"
"In post","2022","Scottish Government (excl. agencies)","West Lothian","Outside London","HEO","[c]","[c]","[c]","[c]"
"In post","2022","Scottish Government (excl. agencies)","West Lothian","Outside London","SCS level","[c]","[c]","[c]","[c]"
"In post","2022","Scottish Government (excl. agencies)","West Lothian","Outside London","SEO","15","15","45250","47490"
"In post","2022","Scottish Housing Regulator","City of Edinburgh","Outside London","HEO","[c]","[c]","[c]","[c]"
"In post","2022","Scottish Housing Regulator","Glasgow City","Outside London","AO","[c]","[c]","[c]","[c]"
"In post","2022","Scottish Housing Regulator","Glasgow City","Outside London","EO","[c]","[c]","[c]","[c]"
"In post","2022","Scottish Housing Regulator","Glasgow City","Outside London","G6","5","5","[c]","[c]"
"In post","2022","Scottish Housing Regulator","Glasgow City","Outside London","G7","20","20","60350","62170"
"In post","2022","Scottish Housing Regulator","Glasgow City","Outside London","HEO","5","5","[c]","[c]"
"In post","2022","Scottish Housing Regulator","Glasgow City","Outside London","SCS level","[c]","[c]","[c]","[c]"
"In post","2022","Scottish Housing Regulator","Glasgow City","Outside London","SEO","15","15","46410","47490"
"In post","2022","Scottish Prison Service","Aberdeen City and Aberdeenshire","Outside London","AA","20","15","21730","21640"
"In post","2022","Scottish Prison Service","Aberdeen City and Aberdeenshire","Outside London","AO","105","100","25370","25860"
"In post","2022","Scottish Prison Service","Aberdeen City and Aberdeenshire","Outside London","EO","130","125","33640","35000"
"In post","2022","Scottish Prison Service","Aberdeen City and Aberdeenshire","Outside London","G6","[c]","[c]","[c]","[c]"
"In post","2022","Scottish Prison Service","Aberdeen City and Aberdeenshire","Outside London","G7","5","5","[c]","[c]"
"In post","2022","Scottish Prison Service","Aberdeen City and Aberdeenshire","Outside London","HEO","30","30","39780","40290"
"In post","2022","Scottish Prison Service","Aberdeen City and Aberdeenshire","Outside London","SEO","10","10","45960","46020"
"In post","2022","Scottish Prison Service","City of Edinburgh","Outside London","AA","30","30","21630","21640"
"In post","2022","Scottish Prison Service","City of Edinburgh","Outside London","AO","200","195","25120","26900"
"In post","2022","Scottish Prison Service","City of Edinburgh","Outside London","EO","310","290","34420","35000"
"In post","2022","Scottish Prison Service","City of Edinburgh","Outside London","G6","30","30","73490","72030"
"In post","2022","Scottish Prison Service","City of Edinburgh","Outside London","G7","50","45","54590","54170"
"In post","2022","Scottish Prison Service","City of Edinburgh","Outside London","HEO","90","80","39870","40290"
"In post","2022","Scottish Prison Service","City of Edinburgh","Outside London","SCS level","[c]","[c]","[c]","[c]"
"In post","2022","Scottish Prison Service","City of Edinburgh","Outside London","SEO","80","75","46170","46020"
"In post","2022","Scottish Prison Service","Clackmannanshire and Fife","Outside London","AA","20","15","21790","21640"
"In post","2022","Scottish Prison Service","Clackmannanshire and Fife","Outside London","AO","135","130","25030","25420"
"In post","2022","Scottish Prison Service","Clackmannanshire and Fife","Outside London","EO","200","190","34290","35000"
"In post","2022","Scottish Prison Service","Clackmannanshire and Fife","Outside London","G6","[c]","[c]","[c]","[c]"
"In post","2022","Scottish Prison Service","Clackmannanshire and Fife","Outside London","G7","[c]","[c]","[c]","[c]"
"In post","2022","Scottish Prison Service","Clackmannanshire and Fife","Outside London","HEO","30","25","40070","40290"
"In post","2022","Scottish Prison Service","Clackmannanshire and Fife","Outside London","SEO","10","10","46130","46020"
"In post","2022","Scottish Prison Service","Dumfries and Galloway","Outside London","AA","10","10","21690","21640"
"In post","2022","Scottish Prison Service","Dumfries and Galloway","Outside London","AO","55","55","25770","26900"
"In post","2022","Scottish Prison Service","Dumfries and Galloway","Outside London","EO","75","70","34150","35000"
"In post","2022","Scottish Prison Service","Dumfries and Galloway","Outside London","G6","[c]","[c]","[c]","[c]"
"In post","2022","Scottish Prison Service","Dumfries and Galloway","Outside London","G7","[c]","[c]","[c]","[c]"
"In post","2022","Scottish Prison Service","Dumfries and Galloway","Outside London","HEO","15","15","40030","40290"
"In post","2022","Scottish Prison Service","Dumfries and Galloway","Outside London","SEO","[c]","[c]","[c]","[c]"
"In post","2022","Scottish Prison Service","East Dunbartonshire, West Dunbartonshire, and Helensburgh and Lomond","Outside London","AA","20","20","21690","21640"
"In post","2022","Scottish Prison Service","East Dunbartonshire, West Dunbartonshire, and Helensburgh and Lomond","Outside London","AO","100","100","25230","26900"
"In post","2022","Scottish Prison Service","East Dunbartonshire, West Dunbartonshire, and Helensburgh and Lomond","Outside London","EO","175","170","34510","35000"
"In post","2022","Scottish Prison Service","East Dunbartonshire, West Dunbartonshire, and Helensburgh and Lomond","Outside London","G6","[c]","[c]","[c]","[c]"
"In post","2022","Scottish Prison Service","East Dunbartonshire, West Dunbartonshire, and Helensburgh and Lomond","Outside London","G7","5","5","[c]","[c]"
"In post","2022","Scottish Prison Service","East Dunbartonshire, West Dunbartonshire, and Helensburgh and Lomond","Outside London","HEO","30","30","39250","40140"
"In post","2022","Scottish Prison Service","East Dunbartonshire, West Dunbartonshire, and Helensburgh and Lomond","Outside London","SEO","10","10","46130","46020"
"In post","2022","Scottish Prison Service","Falkirk","Outside London","AA","35","30","21710","21640"
"In post","2022","Scottish Prison Service","Falkirk","Outside London","AO","145","135","24840","25420"
"In post","2022","Scottish Prison Service","Falkirk","Outside London","EO","240","225","34590","35000"
"In post","2022","Scottish Prison Service","Falkirk","Outside London","G6","[c]","[c]","[c]","[c]"
"In post","2022","Scottish Prison Service","Falkirk","Outside London","G7","[c]","[c]","[c]","[c]"
"In post","2022","Scottish Prison Service","Falkirk","Outside London","HEO","70","65","39700","40290"
"In post","2022","Scottish Prison Service","Falkirk","Outside London","SEO","25","20","46000","46020"
"In post","2022","Scottish Prison Service","Glasgow City","Outside London","AA","35","30","21640","21640"
"In post","2022","Scottish Prison Service","Glasgow City","Outside London","AO","185","180","24890","25420"
"In post","2022","Scottish Prison Service","Glasgow City","Outside London","EO","330","315","34210","35000"
"In post","2022","Scottish Prison Service","Glasgow City","Outside London","G6","[c]","[c]","[c]","[c]"
"In post","2022","Scottish Prison Service","Glasgow City","Outside London","G7","5","5","[c]","[c]"
"In post","2022","Scottish Prison Service","Glasgow City","Outside London","HEO","65","55","40220","40290"
"In post","2022","Scottish Prison Service","Glasgow City","Outside London","SEO","15","10","46520","46020"
"In post","2022","Scottish Prison Service","Inverclyde, East Renfrewshire, and Renfrewshire","Outside London","AA","10","5","[c]","[c]"
"In post","2022","Scottish Prison Service","Inverclyde, East Renfrewshire, and Renfrewshire","Outside London","AO","75","70","25760","26900"
"In post","2022","Scottish Prison Service","Inverclyde, East Renfrewshire, and Renfrewshire","Outside London","EO","85","80","34430","35000"
"In post","2022","Scottish Prison Service","Inverclyde, East Renfrewshire, and Renfrewshire","Outside London","G6","[c]","[c]","[c]","[c]"
"In post","2022","Scottish Prison Service","Inverclyde, East Renfrewshire, and Renfrewshire","Outside London","G7","[c]","[c]","[c]","[c]"
"In post","2022","Scottish Prison Service","Inverclyde, East Renfrewshire, and Renfrewshire","Outside London","HEO","20","20","40000","40290"
"In post","2022","Scottish Prison Service","Inverclyde, East Renfrewshire, and Renfrewshire","Outside London","SEO","5","5","[c]","[c]"
"In post","2022","Scottish Prison Service","Inverness and Nairn, Moray, and Badenoch and Strathspey","Outside London","AA","5","5","[c]","[c]"
"In post","2022","Scottish Prison Service","Inverness and Nairn, Moray, and Badenoch and Strathspey","Outside London","AO","40","35","25560","26900"
"In post","2022","Scottish Prison Service","Inverness and Nairn, Moray, and Badenoch and Strathspey","Outside London","EO","55","50","34240","35000"
"In post","2022","Scottish Prison Service","Inverness and Nairn, Moray, and Badenoch and Strathspey","Outside London","G6","[c]","[c]","[c]","[c]"
"In post","2022","Scottish Prison Service","Inverness and Nairn, Moray, and Badenoch and Strathspey","Outside London","G7","[c]","[c]","[c]","[c]"
"In post","2022","Scottish Prison Service","Inverness and Nairn, Moray, and Badenoch and Strathspey","Outside London","HEO","15","15","40070","40290"
"In post","2022","Scottish Prison Service","Inverness and Nairn, Moray, and Badenoch and Strathspey","Outside London","SEO","[c]","[c]","[c]","[c]"
"In post","2022","Scottish Prison Service","North Lanarkshire","Outside London","AA","20","20","21640","21640"
"In post","2022","Scottish Prison Service","North Lanarkshire","Outside London","AO","120","120","24920","25420"
"In post","2022","Scottish Prison Service","North Lanarkshire","Outside London","EO","185","175","34640","35000"
"In post","2022","Scottish Prison Service","North Lanarkshire","Outside London","G6","[c]","[c]","[c]","[c]"
"In post","2022","Scottish Prison Service","North Lanarkshire","Outside London","G7","[c]","[c]","[c]","[c]"
"In post","2022","Scottish Prison Service","North Lanarkshire","Outside London","HEO","35","25","40070","40290"
"In post","2022","Scottish Prison Service","North Lanarkshire","Outside London","SEO","10","10","46530","46020"
"In post","2022","Scottish Prison Service","Perth and Kinross, and Stirling","Outside London","AA","35","30","21760","21640"
"In post","2022","Scottish Prison Service","Perth and Kinross, and Stirling","Outside London","AO","235","230","25400","26900"
"In post","2022","Scottish Prison Service","Perth and Kinross, and Stirling","Outside London","EO","310","295","33860","35000"
"In post","2022","Scottish Prison Service","Perth and Kinross, and Stirling","Outside London","G6","[c]","[c]","[c]","[c]"
"In post","2022","Scottish Prison Service","Perth and Kinross, and Stirling","Outside London","G7","5","5","[c]","[c]"
"In post","2022","Scottish Prison Service","Perth and Kinross, and Stirling","Outside London","HEO","80","75","40160","40290"
"In post","2022","Scottish Prison Service","Perth and Kinross, and Stirling","Outside London","SEO","20","15","45700","46020"
"In post","2022","Scottish Prison Service","West Lothian","Outside London","AA","[c]","[c]","[c]","[c]"
"In post","2022","Scottish Prison Service","West Lothian","Outside London","AO","[c]","[c]","[c]","[c]"
"In post","2022","Scottish Prison Service","West Lothian","Outside London","G7","[c]","[c]","[c]","[c]"
"In post","2022","Scottish Prison Service","West Lothian","Outside London","HEO","[c]","[c]","[c]","[c]"
"In post","2022","Scottish Prison Service","West Lothian","Outside London","SEO","[c]","[c]","[c]","[c]"
"In post","2022","Scottish Public Pensions Agency","East Lothian and Midlothian","Outside London","HEO","[c]","[c]","[c]","[c]"
"In post","2022","Scottish Public Pensions Agency","Scottish Borders","Outside London","AO","165","150","25400","25930"
"In post","2022","Scottish Public Pensions Agency","Scottish Borders","Outside London","EO","65","60","29110","30040"
"In post","2022","Scottish Public Pensions Agency","Scottish Borders","Outside London","G6","[c]","[c]","[c]","[c]"
"In post","2022","Scottish Public Pensions Agency","Scottish Borders","Outside London","G7","15","15","56270","53480"
"In post","2022","Scottish Public Pensions Agency","Scottish Borders","Outside London","HEO","45","40","34280","33070"
"In post","2022","Scottish Public Pensions Agency","Scottish Borders","Outside London","SCS level","[c]","[c]","[c]","[c]"
"In post","2022","Scottish Public Pensions Agency","Scottish Borders","Outside London","SEO","10","10","47570","47490"
"In post","2022","Serious Fraud Office","Westminster","London","AA","[c]","[c]","[c]","[c]"
"In post","2022","Serious Fraud Office","Westminster","London","AO","15","15","24210","24210"
"In post","2022","Serious Fraud Office","Westminster","London","EO","65","65","27850","26980"
"In post","2022","Serious Fraud Office","Westminster","London","G6","60","60","70980","69770"
"In post","2022","Serious Fraud Office","Westminster","London","G7","115","115","57630","56690"
"In post","2022","Serious Fraud Office","Westminster","London","HEO","85","80","34100","33100"
"In post","2022","Serious Fraud Office","Westminster","London","SCS level","15","15","102780","89220"
"In post","2022","Serious Fraud Office","Westminster","London","SEO","105","100","41410","40630"
"In post","2022","Social Security Scotland","Aberdeen City and Aberdeenshire","Outside London","EO","10","10","[c]","[c]"
"In post","2022","Social Security Scotland","Aberdeen City and Aberdeenshire","Outside London","HEO","[c]","[c]","[c]","[c]"
"In post","2022","Social Security Scotland","Aberdeen City and Aberdeenshire","Outside London","SEO","[c]","[c]","[c]","[c]"
"In post","2022","Social Security Scotland","Angus and Dundee City","Outside London","AA","325","315","21700","21050"
"In post","2022","Social Security Scotland","Angus and Dundee City","Outside London","AO","40","40","24520","24400"
"In post","2022","Social Security Scotland","Angus and Dundee City","Outside London","EO","265","255","27540","27230"
"In post","2022","Social Security Scotland","Angus and Dundee City","Outside London","G6","10","10","[c]","[c]"
"In post","2022","Social Security Scotland","Angus and Dundee City","Outside London","G7","15","15","57600","57190"
"In post","2022","Social Security Scotland","Angus and Dundee City","Outside London","HEO","110","105","32400","31540"
"In post","2022","Social Security Scotland","Angus and Dundee City","Outside London","SCS level","[c]","[c]","[c]","[c]"
"In post","2022","Social Security Scotland","Angus and Dundee City","Outside London","SEO","55","55","41330","39660"
"In post","2022","Social Security Scotland","City of Edinburgh","Outside London","AA","[c]","[c]","[c]","[c]"
"In post","2022","Social Security Scotland","City of Edinburgh","Outside London","AO","[c]","[c]","[c]","[c]"
"In post","2022","Social Security Scotland","City of Edinburgh","Outside London","EO","20","20","27440","27230"
"In post","2022","Social Security Scotland","City of Edinburgh","Outside London","G6","[c]","[c]","[c]","[c]"
"In post","2022","Social Security Scotland","City of Edinburgh","Outside London","G7","[c]","[c]","[c]","[c]"
"In post","2022","Social Security Scotland","City of Edinburgh","Outside London","HEO","5","5","[c]","[c]"
"In post","2022","Social Security Scotland","City of Edinburgh","Outside London","SEO","5","5","[c]","[c]"
"In post","2022","Social Security Scotland","Clackmannanshire and Fife","Outside London","EO","15","10","27390","27230"
"In post","2022","Social Security Scotland","Dumfries and Galloway","Outside London","EO","5","5","[c]","[c]"
"In post","2022","Social Security Scotland","Dumfries and Galloway","Outside London","HEO","[c]","[c]","[c]","[c]"
"In post","2022","Social Security Scotland","East Ayrshire and North Ayrshire mainland","Outside London","EO","15","15","27580","27230"
"In post","2022","Social Security Scotland","East Ayrshire and North Ayrshire mainland","Outside London","HEO","[c]","[c]","[c]","[c]"
"In post","2022","Social Security Scotland","East Ayrshire and North Ayrshire mainland","Outside London","SEO","[c]","[c]","[c]","[c]"
"In post","2022","Social Security Scotland","East Dunbartonshire, West Dunbartonshire, and Helensburgh and Lomond","Outside London","EO","15","15","27560","27230"
"In post","2022","Social Security Scotland","East Dunbartonshire, West Dunbartonshire, and Helensburgh and Lomond","Outside London","HEO","[c]","[c]","[c]","[c]"
"In post","2022","Social Security Scotland","East Lothian and Midlothian","Outside London","EO","5","5","[c]","[c]"
"In post","2022","Social Security Scotland","East Lothian and Midlothian","Outside London","HEO","[c]","[c]","[c]","[c]"
"In post","2022","Social Security Scotland","Falkirk","Outside London","EO","10","10","27510","27230"
"In post","2022","Social Security Scotland","Falkirk","Outside London","HEO","[c]","[c]","[c]","[c]"
"In post","2022","Social Security Scotland","Falkirk","Outside London","SEO","[c]","[c]","[c]","[c]"
"In post","2022","Social Security Scotland","Glasgow City","Outside London","AA","360","350","21580","21050"
"In post","2022","Social Security Scotland","Glasgow City","Outside London","AO","35","35","24820","24400"
"In post","2022","Social Security Scotland","Glasgow City","Outside London","EO","385","375","27750","27230"
"In post","2022","Social Security Scotland","Glasgow City","Outside London","G6","40","40","73780","74480"
"In post","2022","Social Security Scotland","Glasgow City","Outside London","G7","105","105","57160","56090"
"In post","2022","Social Security Scotland","Glasgow City","Outside London","HEO","255","250","32670","31540"
"In post","2022","Social Security Scotland","Glasgow City","Outside London","SCS level","[c]","[c]","[c]","[c]"
"In post","2022","Social Security Scotland","Glasgow City","Outside London","SEO","175","170","42490","40810"
"In post","2022","Social Security Scotland","Inverclyde, East Renfrewshire, and Renfrewshire","Outside London","EO","15","15","27430","27230"
"In post","2022","Social Security Scotland","Inverclyde, East Renfrewshire, and Renfrewshire","Outside London","HEO","[c]","[c]","[c]","[c]"
"In post","2022","Social Security Scotland","Inverclyde, East Renfrewshire, and Renfrewshire","Outside London","SEO","[c]","[c]","[c]","[c]"
"In post","2022","Social Security Scotland","Inverness and Nairn, Moray, and Badenoch and Strathspey","Outside London","EO","15","15","27560","27230"
"In post","2022","Social Security Scotland","Inverness and Nairn, Moray, and Badenoch and Strathspey","Outside London","HEO","[c]","[c]","[c]","[c]"
"In post","2022","Social Security Scotland","Inverness and Nairn, Moray, and Badenoch and Strathspey","Outside London","SEO","[c]","[c]","[c]","[c]"
"In post","2022","Social Security Scotland","Lochaber, Skye and Lochalsh, Arran and Cumbrae, and Argyll and Bute","Outside London","EO","[c]","[c]","[c]","[c]"
"In post","2022","Social Security Scotland","Lochaber, Skye and Lochalsh, Arran and Cumbrae, and Argyll and Bute","Outside London","HEO","[c]","[c]","[c]","[c]"
"In post","2022","Social Security Scotland","Na h-Eileanan Siar","Outside London","EO","[c]","[c]","[c]","[c]"
"In post","2022","Social Security Scotland","Na h-Eileanan Siar","Outside London","HEO","[c]","[c]","[c]","[c]"
"In post","2022","Social Security Scotland","Na h-Eileanan Siar","Outside London","SEO","[c]","[c]","[c]","[c]"
"In post","2022","Social Security Scotland","North Lanarkshire","Outside London","EO","20","20","27360","27230"
"In post","2022","Social Security Scotland","North Lanarkshire","Outside London","HEO","[c]","[c]","[c]","[c]"
"In post","2022","Social Security Scotland","North Lanarkshire","Outside London","SEO","[c]","[c]","[c]","[c]"
"In post","2022","Social Security Scotland","Orkney Islands","Outside London","EO","[c]","[c]","[c]","[c]"
"In post","2022","Social Security Scotland","Orkney Islands","Outside London","HEO","[c]","[c]","[c]","[c]"
"In post","2022","Social Security Scotland","Orkney Islands","Outside London","SEO","[c]","[c]","[c]","[c]"
"In post","2022","Social Security Scotland","Perth and Kinross, and Stirling","Outside London","EO","10","10","[c]","[c]"
"In post","2022","Social Security Scotland","Perth and Kinross, and Stirling","Outside London","HEO","[c]","[c]","[c]","[c]"
"In post","2022","Social Security Scotland","Perth and Kinross, and Stirling","Outside London","SEO","[c]","[c]","[c]","[c]"
"In post","2022","Social Security Scotland","Scottish Borders","Outside London","EO","[c]","[c]","[c]","[c]"
"In post","2022","Social Security Scotland","Scottish Borders","Outside London","G6","[c]","[c]","[c]","[c]"
"In post","2022","Social Security Scotland","Scottish Borders","Outside London","HEO","[c]","[c]","[c]","[c]"
"In post","2022","Social Security Scotland","Shetland Islands","Outside London","EO","[c]","[c]","[c]","[c]"
"In post","2022","Social Security Scotland","Shetland Islands","Outside London","HEO","[c]","[c]","[c]","[c]"
"In post","2022","Social Security Scotland","South Ayrshire","Outside London","EO","5","5","[c]","[c]"
"In post","2022","Social Security Scotland","South Ayrshire","Outside London","HEO","[c]","[c]","[c]","[c]"
"In post","2022","Social Security Scotland","South Lanarkshire","Outside London","EO","20","20","27520","27230"
"In post","2022","Social Security Scotland","South Lanarkshire","Outside London","HEO","[c]","[c]","[c]","[c]"
"In post","2022","Social Security Scotland","South Lanarkshire","Outside London","SEO","[c]","[c]","[c]","[c]"
"In post","2022","Social Security Scotland","West Lothian","Outside London","EO","5","5","[c]","[c]"
"In post","2022","Social Security Scotland","West Lothian","Outside London","HEO","[c]","[c]","[c]","[c]"
"In post","2022","Social Security Scotland","West Lothian","Outside London","SEO","[c]","[c]","[c]","[c]"
"In post","2022","Standards and Testing Agency","Coventry","Outside London","EO","5","5","[c]","[c]"
"In post","2022","Standards and Testing Agency","Coventry","Outside London","G6","[c]","[c]","[c]","[c]"
"In post","2022","Standards and Testing Agency","Coventry","Outside London","G7","10","10","50570","49860"
"In post","2022","Standards and Testing Agency","Coventry","Outside London","HEO","15","15","30180","29730"
"In post","2022","Standards and Testing Agency","Coventry","Outside London","SCS level","[c]","[c]","[c]","[c]"
"In post","2022","Standards and Testing Agency","Coventry","Outside London","SEO","20","20","38750","37030"
"In post","2022","Standards and Testing Agency","Darlington","Outside London","EO","[c]","[c]","[c]","[c]"
"In post","2022","Standards and Testing Agency","Darlington","Outside London","G7","[c]","[c]","[c]","[c]"
"In post","2022","Standards and Testing Agency","Darlington","Outside London","HEO","[c]","[c]","[c]","[c]"
"In post","2022","Standards and Testing Agency","Darlington","Outside London","SEO","[c]","[c]","[c]","[c]"
"In post","2022","Standards and Testing Agency","Manchester","Outside London","EO","[c]","[c]","[c]","[c]"
"In post","2022","Standards and Testing Agency","Manchester","Outside London","G7","[c]","[c]","[c]","[c]"
"In post","2022","Standards and Testing Agency","Manchester","Outside London","HEO","[c]","[c]","[c]","[c]"
"In post","2022","Standards and Testing Agency","Manchester","Outside London","SEO","5","5","[c]","[c]"
"In post","2022","Standards and Testing Agency","Nottingham","Outside London","EO","[c]","[c]","[c]","[c]"
"In post","2022","Standards and Testing Agency","Nottingham","Outside London","G7","[c]","[c]","[c]","[c]"
"In post","2022","Standards and Testing Agency","Nottingham","Outside London","HEO","[c]","[c]","[c]","[c]"
"In post","2022","Standards and Testing Agency","Nottingham","Outside London","SEO","[c]","[c]","[c]","[c]"
"In post","2022","Standards and Testing Agency","Sheffield","Outside London","EO","[c]","[c]","[c]","[c]"
"In post","2022","Standards and Testing Agency","Sheffield","Outside London","G7","[c]","[c]","[c]","[c]"
"In post","2022","Standards and Testing Agency","Sheffield","Outside London","HEO","[c]","[c]","[c]","[c]"
"In post","2022","Standards and Testing Agency","Sheffield","Outside London","SCS level","[c]","[c]","[c]","[c]"
"In post","2022","Standards and Testing Agency","Sheffield","Outside London","SEO","[c]","[c]","[c]","[c]"
"In post","2022","Standards and Testing Agency","Westminster","London","EO","[c]","[c]","[c]","[c]"
"In post","2022","Standards and Testing Agency","Westminster","London","G6","5","5","[c]","[c]"
"In post","2022","Standards and Testing Agency","Westminster","London","G7","5","5","[c]","[c]"
"In post","2022","Standards and Testing Agency","Westminster","London","HEO","[c]","[c]","[c]","[c]"
"In post","2022","Standards and Testing Agency","Westminster","London","SCS level","[c]","[c]","[c]","[c]"
"In post","2022","Standards and Testing Agency","Westminster","London","SEO","20","15","44550","45250"
"In post","2022","Student Awards Agency for Scotland","City of Edinburgh","Outside London","AA","85","80","22580","23230"
"In post","2022","Student Awards Agency for Scotland","City of Edinburgh","Outside London","AO","10","10","25700","25930"
"In post","2022","Student Awards Agency for Scotland","City of Edinburgh","Outside London","EO","60","55","29070","27940"
"In post","2022","Student Awards Agency for Scotland","City of Edinburgh","Outside London","G6","[c]","[c]","[c]","[c]"
"In post","2022","Student Awards Agency for Scotland","City of Edinburgh","Outside London","G7","10","10","58400","57190"
"In post","2022","Student Awards Agency for Scotland","City of Edinburgh","Outside London","HEO","35","35","35150","34600"
"In post","2022","Student Awards Agency for Scotland","City of Edinburgh","Outside London","SEO","30","30","45620","45910"
"In post","2022","Submarine Delivery Agency","Bath and North East Somerset, North Somerset and South Gloucestershire","Outside London","Unknown","1485","1445","41430","39850"
"In post","2022","Submarine Delivery Agency","Caithness and Sutherland, and Ross and Cromarty","Outside London","Unknown","5","5","[c]","[c]"
"In post","2022","Submarine Delivery Agency","Clackmannanshire and Fife","Outside London","Unknown","25","25","45380","44820"
"In post","2022","Submarine Delivery Agency","Derby","Outside London","Unknown","15","15","43010","41000"
"In post","2022","Submarine Delivery Agency","East Dunbartonshire, West Dunbartonshire, and Helensburgh and Lomond","Outside London","Unknown","65","65","39810","40220"
"In post","2022","Submarine Delivery Agency","Lincolnshire CC","Outside London","Unknown","[c]","[c]","[c]","[c]"
"In post","2022","Submarine Delivery Agency","Overseas","Overseas","Unknown","20","20","38480","33080"
"In post","2022","Submarine Delivery Agency","Oxfordshire CC","Outside London","Unknown","[c]","[c]","[c]","[c]"
"In post","2022","Submarine Delivery Agency","Plymouth","Outside London","Unknown","140","140","34910","34000"
"In post","2022","Submarine Delivery Agency","Portsmouth","Outside London","Unknown","[c]","[c]","[c]","[c]"
"In post","2022","Submarine Delivery Agency","West Cumbria","Outside London","Unknown","165","160","42950","40340"
"In post","2022","Submarine Delivery Agency","Westminster","London","Unknown","[c]","[c]","[c]","[c]"
"In post","2022","Submarine Delivery Agency","Wiltshire","Outside London","Unknown","30","25","41470","42280"
"In post","2022","Teaching Regulation Agency","Coventry","Outside London","AO","15","15","21250","21250"
"In post","2022","Teaching Regulation Agency","Coventry","Outside London","EO","25","25","25270","25000"
"In post","2022","Teaching Regulation Agency","Coventry","Outside London","G6","[c]","[c]","[c]","[c]"
"In post","2022","Teaching Regulation Agency","Coventry","Outside London","G7","[c]","[c]","[c]","[c]"
"In post","2022","Teaching Regulation Agency","Coventry","Outside London","HEO","20","20","29790","29730"
"In post","2022","Teaching Regulation Agency","Coventry","Outside London","SCS level","[c]","[c]","[c]","[c]"
"In post","2022","Teaching Regulation Agency","Coventry","Outside London","SEO","10","10","37280","36780"
"In post","2022","Teaching Regulation Agency","Nottingham","Outside London","EO","[c]","[c]","[c]","[c]"
"In post","2022","Teaching Regulation Agency","Nottingham","Outside London","G7","[c]","[c]","[c]","[c]"
"In post","2022","Teaching Regulation Agency","Nottingham","Outside London","SEO","[c]","[c]","[c]","[c]"
"In post","2022","The Insolvency Service","Berkshire","Outside London","AA","[c]","[c]","[c]","[c]"
"In post","2022","The Insolvency Service","Berkshire","Outside London","AO","5","5","[c]","[c]"
"In post","2022","The Insolvency Service","Berkshire","Outside London","EO","[c]","[c]","[c]","[c]"
"In post","2022","The Insolvency Service","Berkshire","Outside London","G6","[c]","[c]","[c]","[c]"
"In post","2022","The Insolvency Service","Berkshire","Outside London","G7","[c]","[c]","[c]","[c]"
"In post","2022","The Insolvency Service","Berkshire","Outside London","HEO","5","5","[c]","[c]"
"In post","2022","The Insolvency Service","Berkshire","Outside London","SCS level","[c]","[c]","[c]","[c]"
"In post","2022","The Insolvency Service","Berkshire","Outside London","SEO","[c]","[c]","[c]","[c]"
"In post","2022","The Insolvency Service","Birmingham","Outside London","AA","30","25","19150","19150"
"In post","2022","The Insolvency Service","Birmingham","Outside London","AO","125","115","21130","21130"
"In post","2022","The Insolvency Service","Birmingham","Outside London","EO","55","50","25690","25190"
"In post","2022","The Insolvency Service","Birmingham","Outside London","G6","5","5","[c]","[c]"
"In post","2022","The Insolvency Service","Birmingham","Outside London","G7","20","20","54500","54310"
"In post","2022","The Insolvency Service","Birmingham","Outside London","HEO","85","85","33230","32890"
"In post","2022","The Insolvency Service","Birmingham","Outside London","SCS level","[c]","[c]","[c]","[c]"
"In post","2022","The Insolvency Service","Birmingham","Outside London","SEO","70","70","43790","43050"
"In post","2022","The Insolvency Service","Blackpool","Outside London","AA","[c]","[c]","[c]","[c]"
"In post","2022","The Insolvency Service","Blackpool","Outside London","AO","10","5","[c]","[c]"
"In post","2022","The Insolvency Service","Blackpool","Outside London","EO","5","5","[c]","[c]"
"In post","2022","The Insolvency Service","Blackpool","Outside London","G6","[c]","[c]","[c]","[c]"
"In post","2022","The Insolvency Service","Blackpool","Outside London","G7","[c]","[c]","[c]","[c]"
"In post","2022","The Insolvency Service","Blackpool","Outside London","HEO","15","10","34260","32390"
"In post","2022","The Insolvency Service","Blackpool","Outside London","SEO","5","5","[c]","[c]"
"In post","2022","The Insolvency Service","Brighton and Hove","Outside London","AO","5","5","[c]","[c]"
"In post","2022","The Insolvency Service","Brighton and Hove","Outside London","EO","[c]","[c]","[c]","[c]"
"In post","2022","The Insolvency Service","Brighton and Hove","Outside London","G7","[c]","[c]","[c]","[c]"
"In post","2022","The Insolvency Service","Brighton and Hove","Outside London","HEO","[c]","[c]","[c]","[c]"
"In post","2022","The Insolvency Service","Brighton and Hove","Outside London","SEO","[c]","[c]","[c]","[c]"
"In post","2022","The Insolvency Service","Bristol, City of","Outside London","AO","5","5","[c]","[c]"
"In post","2022","The Insolvency Service","Bristol, City of","Outside London","EO","[c]","[c]","[c]","[c]"
"In post","2022","The Insolvency Service","Bristol, City of","Outside London","G6","[c]","[c]","[c]","[c]"
"In post","2022","The Insolvency Service","Bristol, City of","Outside London","G7","[c]","[c]","[c]","[c]"
"In post","2022","The Insolvency Service","Bristol, City of","Outside London","HEO","20","20","33390","34730"
"In post","2022","The Insolvency Service","Bristol, City of","Outside London","SEO","10","10","43070","43050"
"In post","2022","The Insolvency Service","Cambridgeshire CC","Outside London","AA","[c]","[c]","[c]","[c]"
"In post","2022","The Insolvency Service","Cambridgeshire CC","Outside London","AO","[c]","[c]","[c]","[c]"
"In post","2022","The Insolvency Service","Cambridgeshire CC","Outside London","EO","[c]","[c]","[c]","[c]"
"In post","2022","The Insolvency Service","Cambridgeshire CC","Outside London","G6","[c]","[c]","[c]","[c]"
"In post","2022","The Insolvency Service","Cambridgeshire CC","Outside London","HEO","5","5","[c]","[c]"
"In post","2022","The Insolvency Service","Cambridgeshire CC","Outside London","SEO","[c]","[c]","[c]","[c]"
"In post","2022","The Insolvency Service","Cardiff and Vale of Glamorgan","Outside London","AA","[c]","[c]","[c]","[c]"
"In post","2022","The Insolvency Service","Cardiff and Vale of Glamorgan","Outside London","AO","30","25","21130","21130"
"In post","2022","The Insolvency Service","Cardiff and Vale of Glamorgan","Outside London","EO","5","5","[c]","[c]"
"In post","2022","The Insolvency Service","Cardiff and Vale of Glamorgan","Outside London","G7","[c]","[c]","[c]","[c]"
"In post","2022","The Insolvency Service","Cardiff and Vale of Glamorgan","Outside London","HEO","15","15","32660","32480"
"In post","2022","The Insolvency Service","Cardiff and Vale of Glamorgan","Outside London","SEO","10","10","42880","42700"
"In post","2022","The Insolvency Service","City of Edinburgh","Outside London","AO","45","40","21130","21130"
"In post","2022","The Insolvency Service","City of Edinburgh","Outside London","EO","10","10","24800","24500"
"In post","2022","The Insolvency Service","City of Edinburgh","Outside London","HEO","15","15","31610","31000"
"In post","2022","The Insolvency Service","City of Edinburgh","Outside London","SEO","10","10","43380","43050"
"In post","2022","The Insolvency Service","Croydon","London","AA","[c]","[c]","[c]","[c]"
"In post","2022","The Insolvency Service","Croydon","London","AO","25","20","25060","25060"
"In post","2022","The Insolvency Service","Croydon","London","EO","5","5","[c]","[c]"
"In post","2022","The Insolvency Service","Croydon","London","G6","[c]","[c]","[c]","[c]"
"In post","2022","The Insolvency Service","Croydon","London","G7","[c]","[c]","[c]","[c]"
"In post","2022","The Insolvency Service","Croydon","London","HEO","15","15","37680","38510"
"In post","2022","The Insolvency Service","Croydon","London","SCS level","[c]","[c]","[c]","[c]"
"In post","2022","The Insolvency Service","Croydon","London","SEO","10","10","46040","45680"
"In post","2022","The Insolvency Service","Devon CC","Outside London","AO","25","25","21130","21130"
"In post","2022","The Insolvency Service","Devon CC","Outside London","EO","5","5","[c]","[c]"
"In post","2022","The Insolvency Service","Devon CC","Outside London","G7","[c]","[c]","[c]","[c]"
"In post","2022","The Insolvency Service","Devon CC","Outside London","HEO","[c]","[c]","[c]","[c]"
"In post","2022","The Insolvency Service","Devon CC","Outside London","SEO","5","5","[c]","[c]"
"In post","2022","The Insolvency Service","Essex Thames Gateway","Outside London","SEO","[c]","[c]","[c]","[c]"
"In post","2022","The Insolvency Service","Hackney and Newham","London","AA","5","5","[c]","[c]"
"In post","2022","The Insolvency Service","Hackney and Newham","London","AO","35","35","25060","25060"
"In post","2022","The Insolvency Service","Hackney and Newham","London","EO","35","30","28220","28980"
"In post","2022","The Insolvency Service","Hackney and Newham","London","G6","15","15","73550","73100"
"In post","2022","The Insolvency Service","Hackney and Newham","London","G7","30","30","56400","56130"
"In post","2022","The Insolvency Service","Hackney and Newham","London","HEO","50","50","36910","35890"
"In post","2022","The Insolvency Service","Hackney and Newham","London","SCS level","5","5","[c]","[c]"
"In post","2022","The Insolvency Service","Hackney and Newham","London","SEO","50","50","45850","45930"
"In post","2022","The Insolvency Service","Heart of Essex","Outside London","HEO","[c]","[c]","[c]","[c]"
"In post","2022","The Insolvency Service","Hertfordshire CC","Outside London","AO","[c]","[c]","[c]","[c]"
"In post","2022","The Insolvency Service","Hertfordshire CC","Outside London","G6","[c]","[c]","[c]","[c]"
"In post","2022","The Insolvency Service","Hertfordshire CC","Outside London","G7","[c]","[c]","[c]","[c]"
"In post","2022","The Insolvency Service","Hertfordshire CC","Outside London","HEO","15","15","37440","38510"
"In post","2022","The Insolvency Service","Hertfordshire CC","Outside London","SEO","10","5","[c]","[c]"
"In post","2022","The Insolvency Service","Leeds","Outside London","AA","[c]","[c]","[c]","[c]"
"In post","2022","The Insolvency Service","Leeds","Outside London","AO","30","30","21130","21130"
"In post","2022","The Insolvency Service","Leeds","Outside London","EO","15","15","25020","24610"
"In post","2022","The Insolvency Service","Leeds","Outside London","G6","[c]","[c]","[c]","[c]"
"In post","2022","The Insolvency Service","Leeds","Outside London","G7","[c]","[c]","[c]","[c]"
"In post","2022","The Insolvency Service","Leeds","Outside London","HEO","30","25","33460","33720"
"In post","2022","The Insolvency Service","Leeds","Outside London","SEO","25","25","43070","42700"
"In post","2022","The Insolvency Service","Manchester","Outside London","AA","[c]","[c]","[c]","[c]"
"In post","2022","The Insolvency Service","Manchester","Outside London","AO","50","50","21140","21130"
"In post","2022","The Insolvency Service","Manchester","Outside London","EO","10","10","24970","24680"
"In post","2022","The Insolvency Service","Manchester","Outside London","G6","[c]","[c]","[c]","[c]"
"In post","2022","The Insolvency Service","Manchester","Outside London","G7","20","20","53160","52020"
"In post","2022","The Insolvency Service","Manchester","Outside London","HEO","60","55","33570","33720"
"In post","2022","The Insolvency Service","Manchester","Outside London","SEO","40","40","42990","42290"
"In post","2022","The Insolvency Service","Medway","Outside London","AA","[c]","[c]","[c]","[c]"
"In post","2022","The Insolvency Service","Medway","Outside London","AO","25","20","21130","21130"
"In post","2022","The Insolvency Service","Medway","Outside London","EO","5","5","[c]","[c]"
"In post","2022","The Insolvency Service","Medway","Outside London","G7","[c]","[c]","[c]","[c]"
"In post","2022","The Insolvency Service","Medway","Outside London","HEO","15","10","30250","29940"
"In post","2022","The Insolvency Service","Medway","Outside London","SEO","5","5","[c]","[c]"
"In post","2022","The Insolvency Service","Nottingham","Outside London","AA","[c]","[c]","[c]","[c]"
"In post","2022","The Insolvency Service","Nottingham","Outside London","AO","15","15","21130","21130"
"In post","2022","The Insolvency Service","Nottingham","Outside London","EO","10","10","26100","26290"
"In post","2022","The Insolvency Service","Nottingham","Outside London","G7","[c]","[c]","[c]","[c]"
"In post","2022","The Insolvency Service","Nottingham","Outside London","HEO","25","25","32700","33720"
"In post","2022","The Insolvency Service","Nottingham","Outside London","SEO","10","5","[c]","[c]"
"In post","2022","The Insolvency Service","Plymouth","Outside London","AO","25","20","21130","21130"
"In post","2022","The Insolvency Service","Plymouth","Outside London","EO","5","5","[c]","[c]"
"In post","2022","The Insolvency Service","Plymouth","Outside London","G7","[c]","[c]","[c]","[c]"
"In post","2022","The Insolvency Service","Plymouth","Outside London","HEO","15","15","32070","29940"
"In post","2022","The Insolvency Service","Plymouth","Outside London","SEO","5","5","[c]","[c]"
"In post","2022","The Insolvency Service","Sheffield","Outside London","HEO","[c]","[c]","[c]","[c]"
"In post","2022","The Insolvency Service","Sheffield","Outside London","SEO","[c]","[c]","[c]","[c]"
"In post","2022","The Insolvency Service","South and West Derbyshire","Outside London","HEO","[c]","[c]","[c]","[c]"
"In post","2022","The Insolvency Service","South Teesside","Outside London","HEO","[c]","[c]","[c]","[c]"
"In post","2022","The Insolvency Service","Southampton","Outside London","AO","5","5","[c]","[c]"
"In post","2022","The Insolvency Service","Southampton","Outside London","EO","[c]","[c]","[c]","[c]"
"In post","2022","The Insolvency Service","Southampton","Outside London","G7","[c]","[c]","[c]","[c]"
"In post","2022","The Insolvency Service","Southampton","Outside London","HEO","10","10","34950","34390"
"In post","2022","The Insolvency Service","Southampton","Outside London","SEO","[c]","[c]","[c]","[c]"
"In post","2022","The Insolvency Service","Southend-on-Sea","Outside London","AA","[c]","[c]","[c]","[c]"
"In post","2022","The Insolvency Service","Southend-on-Sea","Outside London","AO","5","5","[c]","[c]"
"In post","2022","The Insolvency Service","Southend-on-Sea","Outside London","EO","[c]","[c]","[c]","[c]"
"In post","2022","The Insolvency Service","Southend-on-Sea","Outside London","HEO","10","10","[c]","[c]"
"In post","2022","The Insolvency Service","Southend-on-Sea","Outside London","SEO","5","5","[c]","[c]"
"In post","2022","The Insolvency Service","Suffolk CC","Outside London","AA","[c]","[c]","[c]","[c]"
"In post","2022","The Insolvency Service","Suffolk CC","Outside London","AO","30","30","21130","21130"
"In post","2022","The Insolvency Service","Suffolk CC","Outside London","EO","5","5","[c]","[c]"
"In post","2022","The Insolvency Service","Suffolk CC","Outside London","G7","[c]","[c]","[c]","[c]"
"In post","2022","The Insolvency Service","Suffolk CC","Outside London","HEO","10","10","32800","32060"
"In post","2022","The Insolvency Service","Suffolk CC","Outside London","SEO","[c]","[c]","[c]","[c]"
"In post","2022","The Insolvency Service","Telford and Wrekin","Outside London","HEO","[c]","[c]","[c]","[c]"
"In post","2022","The Insolvency Service","Tyneside","Outside London","AA","[c]","[c]","[c]","[c]"
"In post","2022","The Insolvency Service","Tyneside","Outside London","AO","10","10","21130","21130"
"In post","2022","The Insolvency Service","Tyneside","Outside London","EO","5","5","[c]","[c]"
"In post","2022","The Insolvency Service","Tyneside","Outside London","G7","[c]","[c]","[c]","[c]"
"In post","2022","The Insolvency Service","Tyneside","Outside London","HEO","20","20","33480","32060"
"In post","2022","The Insolvency Service","Tyneside","Outside London","SCS level","[c]","[c]","[c]","[c]"
"In post","2022","The Insolvency Service","Tyneside","Outside London","SEO","10","10","42590","41870"
"In post","2022","The Insolvency Service","West Sussex (North East)","Outside London","HEO","[c]","[c]","[c]","[c]"
"In post","2022","The Insolvency Service","Wirral","Outside London","AA","[c]","[c]","[c]","[c]"
"In post","2022","The Insolvency Service","Wirral","Outside London","AO","10","10","[c]","[c]"
"In post","2022","The Insolvency Service","Wirral","Outside London","EO","5","5","[c]","[c]"
"In post","2022","The Insolvency Service","Wirral","Outside London","G7","[c]","[c]","[c]","[c]"
"In post","2022","The Insolvency Service","Wirral","Outside London","HEO","15","15","34540","33720"
"In post","2022","The Insolvency Service","Wirral","Outside London","SEO","10","10","42580","42460"
"In post","2022","The National Archives","Hounslow and Richmond upon Thames","London","AA","10","10","19120","20120"
"In post","2022","The National Archives","Hounslow and Richmond upon Thames","London","AO","90","80","21870","21150"
"In post","2022","The National Archives","Hounslow and Richmond upon Thames","London","EO","75","70","25130","24630"
"In post","2022","The National Archives","Hounslow and Richmond upon Thames","London","G6","25","25","62300","61950"
"In post","2022","The National Archives","Hounslow and Richmond upon Thames","London","G7","70","70","49050","47930"
"In post","2022","The National Archives","Hounslow and Richmond upon Thames","London","HEO","140","135","30690","30000"
"In post","2022","The National Archives","Hounslow and Richmond upon Thames","London","SCS level","10","10","[c]","[c]"
"In post","2022","The National Archives","Hounslow and Richmond upon Thames","London","SEO","155","150","40690","39080"
"In post","2022","The National Archives","Lincolnshire CC","Outside London","SEO","[c]","[c]","[c]","[c]"
"In post","2022","The National Archives","Warwickshire CC","Outside London","SEO","[c]","[c]","[c]","[c]"
"In post","2022","The National Archives","Wirral","Outside London","SEO","[c]","[c]","[c]","[c]"
"In post","2022","Transport Scotland","City of Edinburgh","Outside London","AA","5","5","[c]","[c]"
"In post","2022","Transport Scotland","City of Edinburgh","Outside London","AO","[c]","[c]","[c]","[c]"
"In post","2022","Transport Scotland","City of Edinburgh","Outside London","EO","10","10","[c]","[c]"
"In post","2022","Transport Scotland","City of Edinburgh","Outside London","G6","15","15","72470","75340"
"In post","2022","Transport Scotland","City of Edinburgh","Outside London","G7","25","20","58900","62170"
"In post","2022","Transport Scotland","City of Edinburgh","Outside London","HEO","25","25","33980","34600"
"In post","2022","Transport Scotland","City of Edinburgh","Outside London","SCS level","[c]","[c]","[c]","[c]"
"In post","2022","Transport Scotland","City of Edinburgh","Outside London","SEO","35","35","43280","40810"
"In post","2022","Transport Scotland","Clackmannanshire and Fife","Outside London","SEO","[c]","[c]","[c]","[c]"
"In post","2022","Transport Scotland","Glasgow City","Outside London","AA","25","25","22530","23230"
"In post","2022","Transport Scotland","Glasgow City","Outside London","AO","25","25","25070","24760"
"In post","2022","Transport Scotland","Glasgow City","Outside London","EO","35","35","28820","28990"
"In post","2022","Transport Scotland","Glasgow City","Outside London","G6","40","40","73890","75340"
"In post","2022","Transport Scotland","Glasgow City","Outside London","G7","80","75","59240","62170"
"In post","2022","Transport Scotland","Glasgow City","Outside London","HEO","80","80","34190","34600"
"In post","2022","Transport Scotland","Glasgow City","Outside London","SCS level","5","5","[c]","[c]"
"In post","2022","Transport Scotland","Glasgow City","Outside London","SEO","120","120","46150","47490"
"In post","2022","Transport Scotland","Inverness and Nairn, Moray, and Badenoch and Strathspey","Outside London","G7","[c]","[c]","[c]","[c]"
"In post","2022","Transport Scotland","Inverness and Nairn, Moray, and Badenoch and Strathspey","Outside London","SEO","[c]","[c]","[c]","[c]"
"In post","2022","Transport Scotland","South Ayrshire","Outside London","SEO","[c]","[c]","[c]","[c]"
"In post","2022","UK Debt Management Office","Camden and City of London","London","EO","10","10","29540","29630"
"In post","2022","UK Debt Management Office","Camden and City of London","London","G6","20","20","89160","84770"
"In post","2022","UK Debt Management Office","Camden and City of London","London","G7","40","40","63880","61000"
"In post","2022","UK Debt Management Office","Camden and City of London","London","HEO","20","20","37790","37390"
"In post","2022","UK Debt Management Office","Camden and City of London","London","SCS level","[c]","[c]","[c]","[c]"
"In post","2022","UK Debt Management Office","Camden and City of London","London","SEO","25","25","46050","45000"
"In post","2022","UK Export Finance","Armagh City, Banbridge and Craigavon","Outside London","G7","[c]","[c]","[c]","[c]"
"In post","2022","UK Export Finance","Bath and North East Somerset, North Somerset and South Gloucestershire","Outside London","SEO","[c]","[c]","[c]","[c]"
"In post","2022","UK Export Finance","Birmingham","Outside London","G7","[c]","[c]","[c]","[c]"
"In post","2022","UK Export Finance","Bradford","Outside London","G7","[c]","[c]","[c]","[c]"
"In post","2022","UK Export Finance","Breckland and South Norfolk","Outside London","SEO","[c]","[c]","[c]","[c]"
"In post","2022","UK Export Finance","Bridgend and Neath Port Talbot","Outside London","SEO","[c]","[c]","[c]","[c]"
"In post","2022","UK Export Finance","Central Bedfordshire","Outside London","SEO","[c]","[c]","[c]","[c]"
"In post","2022","UK Export Finance","Glasgow City","Outside London","SEO","[c]","[c]","[c]","[c]"
"In post","2022","UK Export Finance","Gloucestershire CC","Outside London","SEO","[c]","[c]","[c]","[c]"
"In post","2022","UK Export Finance","Leeds","Outside London","SEO","[c]","[c]","[c]","[c]"
"In post","2022","UK Export Finance","Leicestershire CC and Rutland","Outside London","SEO","[c]","[c]","[c]","[c]"
"In post","2022","UK Export Finance","North Yorkshire CC","Outside London","SEO","[c]","[c]","[c]","[c]"
"In post","2022","UK Export Finance","South and West Derbyshire","Outside London","SEO","[c]","[c]","[c]","[c]"
"In post","2022","UK Export Finance","South Lanarkshire","Outside London","G7","[c]","[c]","[c]","[c]"
"In post","2022","UK Export Finance","Tyneside","Outside London","G7","[c]","[c]","[c]","[c]"
"In post","2022","UK Export Finance","Walsall","Outside London","SEO","[c]","[c]","[c]","[c]"
"In post","2022","UK Export Finance","Warrington","Outside London","SEO","[c]","[c]","[c]","[c]"
"In post","2022","UK Export Finance","West Kent","Outside London","SEO","[c]","[c]","[c]","[c]"
"In post","2022","UK Export Finance","West Surrey","Outside London","SEO","[c]","[c]","[c]","[c]"
"In post","2022","UK Export Finance","Westminster","London","AA","[c]","[c]","[c]","[c]"
"In post","2022","UK Export Finance","Westminster","London","AO","[c]","[c]","[c]","[c]"
"In post","2022","UK Export Finance","Westminster","London","EO","65","60","29410","29000"
"In post","2022","UK Export Finance","Westminster","London","G6","60","60","76730","76020"
"In post","2022","UK Export Finance","Westminster","London","G7","105","105","60440","60380"
"In post","2022","UK Export Finance","Westminster","London","HEO","85","85","34980","33500"
"In post","2022","UK Export Finance","Westminster","London","SCS level","30","30","116880","101500"
"In post","2022","UK Export Finance","Westminster","London","SEO","125","125","46250","44750"
"In post","2022","UK Export Finance","Worcestershire CC","Outside London","G7","[c]","[c]","[c]","[c]"
"In post","2022","UK Export Finance","Worcestershire CC","Outside London","SEO","[c]","[c]","[c]","[c]"
"In post","2022","UK Export Finance","York","Outside London","SEO","[c]","[c]","[c]","[c]"
"In post","2022","UK Health Security Agency","Armagh City, Banbridge and Craigavon","Outside London","G7","[c]","[c]","[c]","[c]"
"In post","2022","UK Health Security Agency","Barking & Dagenham and Havering","London","AO","[c]","[c]","[c]","[c]"
"In post","2022","UK Health Security Agency","Barking & Dagenham and Havering","London","EO","[c]","[c]","[c]","[c]"
"In post","2022","UK Health Security Agency","Barking & Dagenham and Havering","London","HEO","[c]","[c]","[c]","[c]"
"In post","2022","UK Health Security Agency","Barking & Dagenham and Havering","London","SEO","[c]","[c]","[c]","[c]"
"In post","2022","UK Health Security Agency","Barnet","London","AA","55","35","22360","22350"
"In post","2022","UK Health Security Agency","Barnet","London","AO","125","105","24560","23940"
"In post","2022","UK Health Security Agency","Barnet","London","EO","195","175","27970","26880"
"In post","2022","UK Health Security Agency","Barnet","London","G6","70","70","69760","68120"
"In post","2022","UK Health Security Agency","Barnet","London","G7","195","190","55290","53860"
"In post","2022","UK Health Security Agency","Barnet","London","HEO","205","200","33870","32330"
"In post","2022","UK Health Security Agency","Barnet","London","SCS level","45","40","118440","106760"
"In post","2022","UK Health Security Agency","Barnet","London","SEO","240","235","42020","40470"
"In post","2022","UK Health Security Agency","Barnsley, Doncaster and Rotherham","Outside London","EO","[c]","[c]","[c]","[c]"
"In post","2022","UK Health Security Agency","Barnsley, Doncaster and Rotherham","Outside London","G7","[c]","[c]","[c]","[c]"
"In post","2022","UK Health Security Agency","Barnsley, Doncaster and Rotherham","Outside London","HEO","[c]","[c]","[c]","[c]"
"In post","2022","UK Health Security Agency","Barnsley, Doncaster and Rotherham","Outside London","SEO","[c]","[c]","[c]","[c]"
"In post","2022","UK Health Security Agency","Bath and North East Somerset, North Somerset and South Gloucestershire","Outside London","EO","[c]","[c]","[c]","[c]"
"In post","2022","UK Health Security Agency","Bath and North East Somerset, North Somerset and South Gloucestershire","Outside London","G6","[c]","[c]","[c]","[c]"
"In post","2022","UK Health Security Agency","Bath and North East Somerset, North Somerset and South Gloucestershire","Outside London","G7","[c]","[c]","[c]","[c]"
"In post","2022","UK Health Security Agency","Bath and North East Somerset, North Somerset and South Gloucestershire","Outside London","HEO","[c]","[c]","[c]","[c]"
"In post","2022","UK Health Security Agency","Bath and North East Somerset, North Somerset and South Gloucestershire","Outside London","SEO","[c]","[c]","[c]","[c]"
"In post","2022","UK Health Security Agency","Bedford","Outside London","SCS level","[c]","[c]","[c]","[c]"
"In post","2022","UK Health Security Agency","Belfast","Outside London","EO","[c]","[c]","[c]","[c]"
"In post","2022","UK Health Security Agency","Berkshire","Outside London","EO","[c]","[c]","[c]","[c]"
"In post","2022","UK Health Security Agency","Berkshire","Outside London","G7","[c]","[c]","[c]","[c]"
"In post","2022","UK Health Security Agency","Berkshire","Outside London","HEO","[c]","[c]","[c]","[c]"
"In post","2022","UK Health Security Agency","Berkshire","Outside London","SCS level","[c]","[c]","[c]","[c]"
"In post","2022","UK Health Security Agency","Berkshire","Outside London","SEO","[c]","[c]","[c]","[c]"
"In post","2022","UK Health Security Agency","Bexley and Greenwich","London","AO","[c]","[c]","[c]","[c]"
"In post","2022","UK Health Security Agency","Bexley and Greenwich","London","EO","[c]","[c]","[c]","[c]"
"In post","2022","UK Health Security Agency","Bexley and Greenwich","London","HEO","[c]","[c]","[c]","[c]"
"In post","2022","UK Health Security Agency","Bexley and Greenwich","London","SEO","[c]","[c]","[c]","[c]"
"In post","2022","UK Health Security Agency","Birmingham","Outside London","AA","5","5","[c]","[c]"
"In post","2022","UK Health Security Agency","Birmingham","Outside London","AO","60","55","20610","19880"
"In post","2022","UK Health Security Agency","Birmingham","Outside London","EO","45","40","24690","23390"
"In post","2022","UK Health Security Agency","Birmingham","Outside London","G6","15","10","71670","78190"
"In post","2022","UK Health Security Agency","Birmingham","Outside London","G7","35","35","51610","49620"
"In post","2022","UK Health Security Agency","Birmingham","Outside London","HEO","65","55","31770","31080"
"In post","2022","UK Health Security Agency","Birmingham","Outside London","SCS level","20","20","116490","115730"
"In post","2022","UK Health Security Agency","Birmingham","Outside London","SEO","60","55","39290","40060"
"In post","2022","UK Health Security Agency","Blackpool","Outside London","G6","[c]","[c]","[c]","[c]"
"In post","2022","UK Health Security Agency","Bournemouth, Christchurch and Poole","Outside London","G7","[c]","[c]","[c]","[c]"
"In post","2022","UK Health Security Agency","Bournemouth, Christchurch and Poole","Outside London","HEO","[c]","[c]","[c]","[c]"
"In post","2022","UK Health Security Agency","Bournemouth, Christchurch and Poole","Outside London","SEO","[c]","[c]","[c]","[c]"
"In post","2022","UK Health Security Agency","Bradford","Outside London","EO","[c]","[c]","[c]","[c]"
"In post","2022","UK Health Security Agency","Bradford","Outside London","G7","[c]","[c]","[c]","[c]"
"In post","2022","UK Health Security Agency","Bradford","Outside London","HEO","[c]","[c]","[c]","[c]"
"In post","2022","UK Health Security Agency","Breckland and South Norfolk","Outside London","AO","[c]","[c]","[c]","[c]"
"In post","2022","UK Health Security Agency","Breckland and South Norfolk","Outside London","SEO","[c]","[c]","[c]","[c]"
"In post","2022","UK Health Security Agency","Brent","London","G7","[c]","[c]","[c]","[c]"
"In post","2022","UK Health Security Agency","Brent","London","HEO","[c]","[c]","[c]","[c]"
"In post","2022","UK Health Security Agency","Brent","London","SEO","[c]","[c]","[c]","[c]"
"In post","2022","UK Health Security Agency","Bridgend and Neath Port Talbot","Outside London","G7","[c]","[c]","[c]","[c]"
"In post","2022","UK Health Security Agency","Bridgend and Neath Port Talbot","Outside London","HEO","[c]","[c]","[c]","[c]"
"In post","2022","UK Health Security Agency","Bridgend and Neath Port Talbot","Outside London","SEO","[c]","[c]","[c]","[c]"
"In post","2022","UK Health Security Agency","Brighton and Hove","Outside London","EO","[c]","[c]","[c]","[c]"
"In post","2022","UK Health Security Agency","Brighton and Hove","Outside London","G7","[c]","[c]","[c]","[c]"
"In post","2022","UK Health Security Agency","Brighton and Hove","Outside London","HEO","5","5","[c]","[c]"
"In post","2022","UK Health Security Agency","Brighton and Hove","Outside London","SEO","5","5","[c]","[c]"
"In post","2022","UK Health Security Agency","Bristol, City of","Outside London","AA","10","5","[c]","[c]"
"In post","2022","UK Health Security Agency","Bristol, City of","Outside London","AO","60","55","21380","20480"
"In post","2022","UK Health Security Agency","Bristol, City of","Outside London","EO","25","25","24580","23390"
"In post","2022","UK Health Security Agency","Bristol, City of","Outside London","G6","10","10","77400","78010"
"In post","2022","UK Health Security Agency","Bristol, City of","Outside London","G7","30","30","52450","51060"
"In post","2022","UK Health Security Agency","Bristol, City of","Outside London","HEO","70","60","31010","29960"
"In post","2022","UK Health Security Agency","Bristol, City of","Outside London","SCS level","15","15","116400","109850"
"In post","2022","UK Health Security Agency","Bristol, City of","Outside London","SEO","55","45","39900","40060"
"In post","2022","UK Health Security Agency","Bromley","London","EO","[c]","[c]","[c]","[c]"
"In post","2022","UK Health Security Agency","Bromley","London","G7","[c]","[c]","[c]","[c]"
"In post","2022","UK Health Security Agency","Bromley","London","HEO","[c]","[c]","[c]","[c]"
"In post","2022","UK Health Security Agency","Bromley","London","SEO","[c]","[c]","[c]","[c]"
"In post","2022","UK Health Security Agency","Buckinghamshire","Outside London","G7","[c]","[c]","[c]","[c]"
"In post","2022","UK Health Security Agency","Buckinghamshire","Outside London","HEO","[c]","[c]","[c]","[c]"
"In post","2022","UK Health Security Agency","Buckinghamshire","Outside London","SEO","[c]","[c]","[c]","[c]"
"In post","2022","UK Health Security Agency","Calderdale and Kirklees","Outside London","AO","[c]","[c]","[c]","[c]"
"In post","2022","UK Health Security Agency","Calderdale and Kirklees","Outside London","G6","[c]","[c]","[c]","[c]"
"In post","2022","UK Health Security Agency","Calderdale and Kirklees","Outside London","G7","[c]","[c]","[c]","[c]"
"In post","2022","UK Health Security Agency","Calderdale and Kirklees","Outside London","HEO","[c]","[c]","[c]","[c]"
"In post","2022","UK Health Security Agency","Calderdale and Kirklees","Outside London","SCS level","[c]","[c]","[c]","[c]"
"In post","2022","UK Health Security Agency","Calderdale and Kirklees","Outside London","SEO","[c]","[c]","[c]","[c]"
"In post","2022","UK Health Security Agency","Cambridgeshire CC","Outside London","AA","[c]","[c]","[c]","[c]"
"In post","2022","UK Health Security Agency","Cambridgeshire CC","Outside London","AO","50","40","21890","21820"
"In post","2022","UK Health Security Agency","Cambridgeshire CC","Outside London","EO","35","35","25750","25010"
"In post","2022","UK Health Security Agency","Cambridgeshire CC","Outside London","G6","5","5","[c]","[c]"
"In post","2022","UK Health Security Agency","Cambridgeshire CC","Outside London","G7","15","15","53120","52310"
"In post","2022","UK Health Security Agency","Cambridgeshire CC","Outside London","HEO","35","35","33310","32310"
"In post","2022","UK Health Security Agency","Cambridgeshire CC","Outside London","SCS level","15","15","113260","115500"
"In post","2022","UK Health Security Agency","Cambridgeshire CC","Outside London","SEO","30","30","40350","40060"
"In post","2022","UK Health Security Agency","Camden and City of London","London","EO","[c]","[c]","[c]","[c]"
"In post","2022","UK Health Security Agency","Camden and City of London","London","G6","[c]","[c]","[c]","[c]"
"In post","2022","UK Health Security Agency","Camden and City of London","London","G7","[c]","[c]","[c]","[c]"
"In post","2022","UK Health Security Agency","Camden and City of London","London","SEO","[c]","[c]","[c]","[c]"
"In post","2022","UK Health Security Agency","Cardiff and Vale of Glamorgan","Outside London","AO","[c]","[c]","[c]","[c]"
"In post","2022","UK Health Security Agency","Cardiff and Vale of Glamorgan","Outside London","EO","[c]","[c]","[c]","[c]"
"In post","2022","UK Health Security Agency","Cardiff and Vale of Glamorgan","Outside London","G6","[c]","[c]","[c]","[c]"
"In post","2022","UK Health Security Agency","Cardiff and Vale of Glamorgan","Outside London","G7","[c]","[c]","[c]","[c]"
"In post","2022","UK Health Security Agency","Cardiff and Vale of Glamorgan","Outside London","HEO","[c]","[c]","[c]","[c]"
"In post","2022","UK Health Security Agency","Cardiff and Vale of Glamorgan","Outside London","SCS level","[c]","[c]","[c]","[c]"
"In post","2022","UK Health Security Agency","Cardiff and Vale of Glamorgan","Outside London","SEO","[c]","[c]","[c]","[c]"
"In post","2022","UK Health Security Agency","Central Bedfordshire","Outside London","HEO","[c]","[c]","[c]","[c]"
"In post","2022","UK Health Security Agency","Central Bedfordshire","Outside London","SEO","[c]","[c]","[c]","[c]"
"In post","2022","UK Health Security Agency","Central Hampshire","Outside London","EO","[c]","[c]","[c]","[c]"
"In post","2022","UK Health Security Agency","Central Hampshire","Outside London","G7","[c]","[c]","[c]","[c]"
"In post","2022","UK Health Security Agency","Central Hampshire","Outside London","HEO","[c]","[c]","[c]","[c]"
"In post","2022","UK Health Security Agency","Cheshire East","Outside London","G6","[c]","[c]","[c]","[c]"
"In post","2022","UK Health Security Agency","Cheshire East","Outside London","G7","[c]","[c]","[c]","[c]"
"In post","2022","UK Health Security Agency","Cheshire West and Chester","Outside London","EO","[c]","[c]","[c]","[c]"
"In post","2022","UK Health Security Agency","Cheshire West and Chester","Outside London","SEO","[c]","[c]","[c]","[c]"
"In post","2022","UK Health Security Agency","Chorley and West Lancashire","Outside London","AO","[c]","[c]","[c]","[c]"
"In post","2022","UK Health Security Agency","Chorley and West Lancashire","Outside London","HEO","[c]","[c]","[c]","[c]"
"In post","2022","UK Health Security Agency","City of Edinburgh","Outside London","G7","[c]","[c]","[c]","[c]"
"In post","2022","UK Health Security Agency","City of Edinburgh","Outside London","SEO","[c]","[c]","[c]","[c]"
"In post","2022","UK Health Security Agency","Clackmannanshire and Fife","Outside London","HEO","[c]","[c]","[c]","[c]"
"In post","2022","UK Health Security Agency","Conwy and Denbighshire","Outside London","HEO","[c]","[c]","[c]","[c]"
"In post","2022","UK Health Security Agency","Cornwall and Isles of Scilly","Outside London","EO","[c]","[c]","[c]","[c]"
"In post","2022","UK Health Security Agency","Cornwall and Isles of Scilly","Outside London","G6","[c]","[c]","[c]","[c]"
"In post","2022","UK Health Security Agency","Cornwall and Isles of Scilly","Outside London","G7","[c]","[c]","[c]","[c]"
"In post","2022","UK Health Security Agency","Cornwall and Isles of Scilly","Outside London","HEO","[c]","[c]","[c]","[c]"
"In post","2022","UK Health Security Agency","Cornwall and Isles of Scilly","Outside London","SEO","5","5","[c]","[c]"
"In post","2022","UK Health Security Agency","Coventry","Outside London","AO","[c]","[c]","[c]","[c]"
"In post","2022","UK Health Security Agency","Croydon","London","G6","[c]","[c]","[c]","[c]"
"In post","2022","UK Health Security Agency","Croydon","London","HEO","[c]","[c]","[c]","[c]"
"In post","2022","UK Health Security Agency","Darlington","Outside London","SCS level","[c]","[c]","[c]","[c]"
"In post","2022","UK Health Security Agency","Derby","Outside London","G6","[c]","[c]","[c]","[c]"
"In post","2022","UK Health Security Agency","Derry City and Strabane","Outside London","HEO","[c]","[c]","[c]","[c]"
"In post","2022","UK Health Security Agency","Devon CC","Outside London","AO","[c]","[c]","[c]","[c]"
"In post","2022","UK Health Security Agency","Devon CC","Outside London","EO","[c]","[c]","[c]","[c]"
"In post","2022","UK Health Security Agency","Devon CC","Outside London","G6","[c]","[c]","[c]","[c]"
"In post","2022","UK Health Security Agency","Devon CC","Outside London","G7","5","5","[c]","[c]"
"In post","2022","UK Health Security Agency","Devon CC","Outside London","HEO","5","5","[c]","[c]"
"In post","2022","UK Health Security Agency","Devon CC","Outside London","SCS level","[c]","[c]","[c]","[c]"
"In post","2022","UK Health Security Agency","Devon CC","Outside London","SEO","[c]","[c]","[c]","[c]"
"In post","2022","UK Health Security Agency","Dorset","Outside London","G7","[c]","[c]","[c]","[c]"
"In post","2022","UK Health Security Agency","Durham","Outside London","HEO","[c]","[c]","[c]","[c]"
"In post","2022","UK Health Security Agency","Ealing","London","G7","[c]","[c]","[c]","[c]"
"In post","2022","UK Health Security Agency","Ealing","London","HEO","[c]","[c]","[c]","[c]"
"In post","2022","UK Health Security Agency","Ealing","London","SEO","[c]","[c]","[c]","[c]"
"In post","2022","UK Health Security Agency","East Cumbria","Outside London","SCS level","[c]","[c]","[c]","[c]"
"In post","2022","UK Health Security Agency","East Cumbria","Outside London","SEO","[c]","[c]","[c]","[c]"
"In post","2022","UK Health Security Agency","East Derbyshire","Outside London","G7","[c]","[c]","[c]","[c]"
"In post","2022","UK Health Security Agency","East Kent","Outside London","AO","[c]","[c]","[c]","[c]"
"In post","2022","UK Health Security Agency","East Kent","Outside London","EO","[c]","[c]","[c]","[c]"
"In post","2022","UK Health Security Agency","East Kent","Outside London","HEO","[c]","[c]","[c]","[c]"
"In post","2022","UK Health Security Agency","East Kent","Outside London","SEO","[c]","[c]","[c]","[c]"
"In post","2022","UK Health Security Agency","East Lothian and Midlothian","Outside London","EO","[c]","[c]","[c]","[c]"
"In post","2022","UK Health Security Agency","East Lothian and Midlothian","Outside London","HEO","[c]","[c]","[c]","[c]"
"In post","2022","UK Health Security Agency","East Merseyside","Outside London","HEO","[c]","[c]","[c]","[c]"
"In post","2022","UK Health Security Agency","East Riding of Yorkshire","Outside London","G6","[c]","[c]","[c]","[c]"
"In post","2022","UK Health Security Agency","East Riding of Yorkshire","Outside London","G7","[c]","[c]","[c]","[c]"
"In post","2022","UK Health Security Agency","East Riding of Yorkshire","Outside London","SCS level","[c]","[c]","[c]","[c]"
"In post","2022","UK Health Security Agency","East Riding of Yorkshire","Outside London","SEO","[c]","[c]","[c]","[c]"
"In post","2022","UK Health Security Agency","East Surrey","Outside London","AO","[c]","[c]","[c]","[c]"
"In post","2022","UK Health Security Agency","East Surrey","Outside London","EO","[c]","[c]","[c]","[c]"
"In post","2022","UK Health Security Agency","East Surrey","Outside London","HEO","[c]","[c]","[c]","[c]"
"In post","2022","UK Health Security Agency","East Sussex CC","Outside London","AO","[c]","[c]","[c]","[c]"
"In post","2022","UK Health Security Agency","East Sussex CC","Outside London","G6","[c]","[c]","[c]","[c]"
"In post","2022","UK Health Security Agency","East Sussex CC","Outside London","HEO","[c]","[c]","[c]","[c]"
"In post","2022","UK Health Security Agency","East Sussex CC","Outside London","SCS level","[c]","[c]","[c]","[c]"
"In post","2022","UK Health Security Agency","East Sussex CC","Outside London","SEO","[c]","[c]","[c]","[c]"
"In post","2022","UK Health Security Agency","Enfield","London","HEO","[c]","[c]","[c]","[c]"
"In post","2022","UK Health Security Agency","Essex Haven Gateway","Outside London","G7","[c]","[c]","[c]","[c]"
"In post","2022","UK Health Security Agency","Essex Haven Gateway","Outside London","SEO","[c]","[c]","[c]","[c]"
"In post","2022","UK Health Security Agency","Essex Thames Gateway","Outside London","AO","[c]","[c]","[c]","[c]"
"In post","2022","UK Health Security Agency","Essex Thames Gateway","Outside London","G7","[c]","[c]","[c]","[c]"
"In post","2022","UK Health Security Agency","Essex Thames Gateway","Outside London","HEO","[c]","[c]","[c]","[c]"
"In post","2022","UK Health Security Agency","Essex Thames Gateway","Outside London","SEO","[c]","[c]","[c]","[c]"
"In post","2022","UK Health Security Agency","Flintshire and Wrexham","Outside London","EO","[c]","[c]","[c]","[c]"
"In post","2022","UK Health Security Agency","Flintshire and Wrexham","Outside London","HEO","[c]","[c]","[c]","[c]"
"In post","2022","UK Health Security Agency","Glasgow City","Outside London","AO","[c]","[c]","[c]","[c]"
"In post","2022","UK Health Security Agency","Glasgow City","Outside London","EO","5","5","[c]","[c]"
"In post","2022","UK Health Security Agency","Glasgow City","Outside London","G6","[c]","[c]","[c]","[c]"
"In post","2022","UK Health Security Agency","Glasgow City","Outside London","G7","[c]","[c]","[c]","[c]"
"In post","2022","UK Health Security Agency","Glasgow City","Outside London","HEO","[c]","[c]","[c]","[c]"
"In post","2022","UK Health Security Agency","Glasgow City","Outside London","SEO","[c]","[c]","[c]","[c]"
"In post","2022","UK Health Security Agency","Gloucestershire CC","Outside London","EO","[c]","[c]","[c]","[c]"
"In post","2022","UK Health Security Agency","Gloucestershire CC","Outside London","G6","[c]","[c]","[c]","[c]"
"In post","2022","UK Health Security Agency","Gloucestershire CC","Outside London","G7","5","5","[c]","[c]"
"In post","2022","UK Health Security Agency","Gloucestershire CC","Outside London","HEO","5","5","[c]","[c]"
"In post","2022","UK Health Security Agency","Gloucestershire CC","Outside London","SCS level","[c]","[c]","[c]","[c]"
"In post","2022","UK Health Security Agency","Gloucestershire CC","Outside London","SEO","5","5","[c]","[c]"
"In post","2022","UK Health Security Agency","Greater Manchester North East","Outside London","EO","[c]","[c]","[c]","[c]"
"In post","2022","UK Health Security Agency","Greater Manchester North East","Outside London","G7","[c]","[c]","[c]","[c]"
"In post","2022","UK Health Security Agency","Greater Manchester South East","Outside London","SEO","[c]","[c]","[c]","[c]"
"In post","2022","UK Health Security Agency","Greater Manchester South West","Outside London","SCS level","[c]","[c]","[c]","[c]"
"In post","2022","UK Health Security Agency","Gwent Valleys","Outside London","G6","[c]","[c]","[c]","[c]"
"In post","2022","UK Health Security Agency","Hackney and Newham","London","EO","[c]","[c]","[c]","[c]"
"In post","2022","UK Health Security Agency","Hackney and Newham","London","G6","[c]","[c]","[c]","[c]"
"In post","2022","UK Health Security Agency","Hackney and Newham","London","G7","[c]","[c]","[c]","[c]"
"In post","2022","UK Health Security Agency","Hackney and Newham","London","HEO","[c]","[c]","[c]","[c]"
"In post","2022","UK Health Security Agency","Hackney and Newham","London","SEO","[c]","[c]","[c]","[c]"
"In post","2022","UK Health Security Agency","Haringey and Islington","London","EO","[c]","[c]","[c]","[c]"
"In post","2022","UK Health Security Agency","Haringey and Islington","London","G7","[c]","[c]","[c]","[c]"
"In post","2022","UK Health Security Agency","Haringey and Islington","London","HEO","[c]","[c]","[c]","[c]"
"In post","2022","UK Health Security Agency","Haringey and Islington","London","SEO","[c]","[c]","[c]","[c]"
"In post","2022","UK Health Security Agency","Harrow and Hillingdon","London","EO","5","5","[c]","[c]"
"In post","2022","UK Health Security Agency","Harrow and Hillingdon","London","G6","10","5","[c]","[c]"
"In post","2022","UK Health Security Agency","Harrow and Hillingdon","London","G7","[c]","[c]","[c]","[c]"
"In post","2022","UK Health Security Agency","Harrow and Hillingdon","London","HEO","5","5","[c]","[c]"
"In post","2022","UK Health Security Agency","Harrow and Hillingdon","London","SCS level","[c]","[c]","[c]","[c]"
"In post","2022","UK Health Security Agency","Harrow and Hillingdon","London","SEO","[c]","[c]","[c]","[c]"
"In post","2022","UK Health Security Agency","Hartlepool and Stockton-on-Tees","Outside London","G7","[c]","[c]","[c]","[c]"
"In post","2022","UK Health Security Agency","Heart of Essex","Outside London","HEO","[c]","[c]","[c]","[c]"
"In post","2022","UK Health Security Agency","Heart of Essex","Outside London","SEO","[c]","[c]","[c]","[c]"
"In post","2022","UK Health Security Agency","Herefordshire, County of","Outside London","EO","[c]","[c]","[c]","[c]"
"In post","2022","UK Health Security Agency","Hertfordshire CC","Outside London","AA","[c]","[c]","[c]","[c]"
"In post","2022","UK Health Security Agency","Hertfordshire CC","Outside London","AO","[c]","[c]","[c]","[c]"
"In post","2022","UK Health Security Agency","Hertfordshire CC","Outside London","EO","[c]","[c]","[c]","[c]"
"In post","2022","UK Health Security Agency","Hertfordshire CC","Outside London","G6","[c]","[c]","[c]","[c]"
"In post","2022","UK Health Security Agency","Hertfordshire CC","Outside London","G7","5","5","[c]","[c]"
"In post","2022","UK Health Security Agency","Hertfordshire CC","Outside London","HEO","[c]","[c]","[c]","[c]"
"In post","2022","UK Health Security Agency","Hertfordshire CC","Outside London","SCS level","[c]","[c]","[c]","[c]"
"In post","2022","UK Health Security Agency","Hertfordshire CC","Outside London","SEO","5","5","[c]","[c]"
"In post","2022","UK Health Security Agency","Hounslow and Richmond upon Thames","London","AA","[c]","[c]","[c]","[c]"
"In post","2022","UK Health Security Agency","Hounslow and Richmond upon Thames","London","HEO","[c]","[c]","[c]","[c]"
"In post","2022","UK Health Security Agency","Inverness and Nairn, Moray, and Badenoch and Strathspey","Outside London","HEO","[c]","[c]","[c]","[c]"
"In post","2022","UK Health Security Agency","Isle of Wight","Outside London","SCS level","[c]","[c]","[c]","[c]"
"In post","2022","UK Health Security Agency","Kensington & Chelsea and Hammersmith & Fulham","London","EO","[c]","[c]","[c]","[c]"
"In post","2022","UK Health Security Agency","Kensington & Chelsea and Hammersmith & Fulham","London","G7","[c]","[c]","[c]","[c]"
"In post","2022","UK Health Security Agency","Kensington & Chelsea and Hammersmith & Fulham","London","HEO","[c]","[c]","[c]","[c]"
"In post","2022","UK Health Security Agency","Kensington & Chelsea and Hammersmith & Fulham","London","SEO","[c]","[c]","[c]","[c]"
"In post","2022","UK Health Security Agency","Kent Thames Gateway","Outside London","HEO","[c]","[c]","[c]","[c]"
"In post","2022","UK Health Security Agency","Kingston upon Hull, City of","Outside London","SEO","[c]","[c]","[c]","[c]"
"In post","2022","UK Health Security Agency","Lambeth","London","AA","[c]","[c]","[c]","[c]"
"In post","2022","UK Health Security Agency","Lambeth","London","AO","10","10","[c]","[c]"
"In post","2022","UK Health Security Agency","Lambeth","London","EO","120","110","27520","26880"
"In post","2022","UK Health Security Agency","Lambeth","London","G6","100","90","73080","67370"
"In post","2022","UK Health Security Agency","Lambeth","London","G7","165","160","54500","53120"
"In post","2022","UK Health Security Agency","Lambeth","London","HEO","195","185","33410","32330"
"In post","2022","UK Health Security Agency","Lambeth","London","SCS level","65","60","105060","99320"
"In post","2022","UK Health Security Agency","Lambeth","London","SEO","185","180","41280","40070"
"In post","2022","UK Health Security Agency","Lancaster and Wyre","Outside London","G7","[c]","[c]","[c]","[c]"
"In post","2022","UK Health Security Agency","Lancaster and Wyre","Outside London","HEO","[c]","[c]","[c]","[c]"
"In post","2022","UK Health Security Agency","Lancaster and Wyre","Outside London","SEO","[c]","[c]","[c]","[c]"
"In post","2022","UK Health Security Agency","Leeds","Outside London","AO","30","25","20080","19880"
"In post","2022","UK Health Security Agency","Leeds","Outside London","EO","60","55","25020","23690"
"In post","2022","UK Health Security Agency","Leeds","Outside London","G6","65","65","66170","62400"
"In post","2022","UK Health Security Agency","Leeds","Outside London","G7","140","140","51390","49530"
"In post","2022","UK Health Security Agency","Leeds","Outside London","HEO","165","160","30770","28970"
"In post","2022","UK Health Security Agency","Leeds","Outside London","SCS level","25","25","89350","84530"
"In post","2022","UK Health Security Agency","Leeds","Outside London","SEO","130","125","37910","36820"
"In post","2022","UK Health Security Agency","Leicester","Outside London","SEO","[c]","[c]","[c]","[c]"
"In post","2022","UK Health Security Agency","Leicestershire CC and Rutland","Outside London","G7","[c]","[c]","[c]","[c]"
"In post","2022","UK Health Security Agency","Leicestershire CC and Rutland","Outside London","HEO","[c]","[c]","[c]","[c]"
"In post","2022","UK Health Security Agency","Leicestershire CC and Rutland","Outside London","SEO","[c]","[c]","[c]","[c]"
"In post","2022","UK Health Security Agency","Lewisham and Southwark","London","AO","[c]","[c]","[c]","[c]"
"In post","2022","UK Health Security Agency","Lewisham and Southwark","London","EO","10","10","27370","26880"
"In post","2022","UK Health Security Agency","Lewisham and Southwark","London","G6","5","5","[c]","[c]"
"In post","2022","UK Health Security Agency","Lewisham and Southwark","London","G7","[c]","[c]","[c]","[c]"
"In post","2022","UK Health Security Agency","Lewisham and Southwark","London","HEO","10","10","32370","32330"
"In post","2022","UK Health Security Agency","Lewisham and Southwark","London","SCS level","5","5","[c]","[c]"
"In post","2022","UK Health Security Agency","Lewisham and Southwark","London","SEO","10","10","41200","40070"
"In post","2022","UK Health Security Agency","Lincolnshire CC","Outside London","EO","[c]","[c]","[c]","[c]"
"In post","2022","UK Health Security Agency","Lincolnshire CC","Outside London","G6","[c]","[c]","[c]","[c]"
"In post","2022","UK Health Security Agency","Lincolnshire CC","Outside London","HEO","[c]","[c]","[c]","[c]"
"In post","2022","UK Health Security Agency","Lincolnshire CC","Outside London","SEO","[c]","[c]","[c]","[c]"
"In post","2022","UK Health Security Agency","Liverpool","Outside London","AA","[c]","[c]","[c]","[c]"
"In post","2022","UK Health Security Agency","Liverpool","Outside London","AO","10","10","20460","19880"
"In post","2022","UK Health Security Agency","Liverpool","Outside London","EO","5","5","[c]","[c]"
"In post","2022","UK Health Security Agency","Liverpool","Outside London","G6","[c]","[c]","[c]","[c]"
"In post","2022","UK Health Security Agency","Liverpool","Outside London","G7","15","10","50740","48860"
"In post","2022","UK Health Security Agency","Liverpool","Outside London","HEO","15","15","31510","31090"
"In post","2022","UK Health Security Agency","Liverpool","Outside London","SCS level","5","5","[c]","[c]"
"In post","2022","UK Health Security Agency","Liverpool","Outside London","SEO","15","15","39360","39510"
"In post","2022","UK Health Security Agency","Luton","Outside London","HEO","[c]","[c]","[c]","[c]"
"In post","2022","UK Health Security Agency","Manchester","Outside London","AA","25","20","19210","19100"
"In post","2022","UK Health Security Agency","Manchester","Outside London","AO","70","65","20550","19880"
"In post","2022","UK Health Security Agency","Manchester","Outside London","EO","65","65","24690","23390"
"In post","2022","UK Health Security Agency","Manchester","Outside London","G6","10","10","69250","63920"
"In post","2022","UK Health Security Agency","Manchester","Outside London","G7","25","25","49490","48860"
"In post","2022","UK Health Security Agency","Manchester","Outside London","HEO","50","40","32000","32040"
"In post","2022","UK Health Security Agency","Manchester","Outside London","SCS level","15","10","107630","104750"
"In post","2022","UK Health Security Agency","Manchester","Outside London","SEO","30","30","40070","40060"
"In post","2022","UK Health Security Agency","Medway","Outside London","HEO","[c]","[c]","[c]","[c]"
"In post","2022","UK Health Security Agency","Medway","Outside London","SEO","[c]","[c]","[c]","[c]"
"In post","2022","UK Health Security Agency","Merton, Kingston upon Thames and Sutton","London","EO","[c]","[c]","[c]","[c]"
"In post","2022","UK Health Security Agency","Merton, Kingston upon Thames and Sutton","London","G6","[c]","[c]","[c]","[c]"
"In post","2022","UK Health Security Agency","Merton, Kingston upon Thames and Sutton","London","G7","[c]","[c]","[c]","[c]"
"In post","2022","UK Health Security Agency","Merton, Kingston upon Thames and Sutton","London","HEO","[c]","[c]","[c]","[c]"
"In post","2022","UK Health Security Agency","Merton, Kingston upon Thames and Sutton","London","SEO","[c]","[c]","[c]","[c]"
"In post","2022","UK Health Security Agency","Mid and East Antrim","Outside London","HEO","[c]","[c]","[c]","[c]"
"In post","2022","UK Health Security Agency","Mid Kent","Outside London","AO","[c]","[c]","[c]","[c]"
"In post","2022","UK Health Security Agency","Mid Kent","Outside London","EO","[c]","[c]","[c]","[c]"
"In post","2022","UK Health Security Agency","Mid Kent","Outside London","G6","[c]","[c]","[c]","[c]"
"In post","2022","UK Health Security Agency","Mid Kent","Outside London","G7","5","5","[c]","[c]"
"In post","2022","UK Health Security Agency","Mid Kent","Outside London","HEO","5","5","[c]","[c]"
"In post","2022","UK Health Security Agency","Mid Kent","Outside London","SCS level","[c]","[c]","[c]","[c]"
"In post","2022","UK Health Security Agency","Mid Kent","Outside London","SEO","10","5","[c]","[c]"
"In post","2022","UK Health Security Agency","Mid Lancashire","Outside London","AA","[c]","[c]","[c]","[c]"
"In post","2022","UK Health Security Agency","Mid Lancashire","Outside London","AO","[c]","[c]","[c]","[c]"
"In post","2022","UK Health Security Agency","Mid Lancashire","Outside London","EO","5","5","[c]","[c]"
"In post","2022","UK Health Security Agency","Mid Lancashire","Outside London","G6","[c]","[c]","[c]","[c]"
"In post","2022","UK Health Security Agency","Mid Lancashire","Outside London","G7","10","10","[c]","[c]"
"In post","2022","UK Health Security Agency","Mid Lancashire","Outside London","HEO","10","10","31640","32310"
"In post","2022","UK Health Security Agency","Mid Lancashire","Outside London","SCS level","[c]","[c]","[c]","[c]"
"In post","2022","UK Health Security Agency","Mid Lancashire","Outside London","SEO","5","5","[c]","[c]"
"In post","2022","UK Health Security Agency","Milton Keynes","Outside London","EO","[c]","[c]","[c]","[c]"
"In post","2022","UK Health Security Agency","Milton Keynes","Outside London","G7","[c]","[c]","[c]","[c]"
"In post","2022","UK Health Security Agency","Milton Keynes","Outside London","SEO","[c]","[c]","[c]","[c]"
"In post","2022","UK Health Security Agency","Monmouthshire and Newport","Outside London","G7","[c]","[c]","[c]","[c]"
"In post","2022","UK Health Security Agency","Monmouthshire and Newport","Outside London","SEO","[c]","[c]","[c]","[c]"
"In post","2022","UK Health Security Agency","North and West Norfolk","Outside London","EO","[c]","[c]","[c]","[c]"
"In post","2022","UK Health Security Agency","North and West Norfolk","Outside London","G7","[c]","[c]","[c]","[c]"
"In post","2022","UK Health Security Agency","North Hampshire","Outside London","G7","[c]","[c]","[c]","[c]"
"In post","2022","UK Health Security Agency","North Hampshire","Outside London","SCS level","[c]","[c]","[c]","[c]"
"In post","2022","UK Health Security Agency","North Northamptonshire","Outside London","G7","[c]","[c]","[c]","[c]"
"In post","2022","UK Health Security Agency","North Northamptonshire","Outside London","SEO","[c]","[c]","[c]","[c]"
"In post","2022","UK Health Security Agency","North Nottinghamshire","Outside London","EO","[c]","[c]","[c]","[c]"
"In post","2022","UK Health Security Agency","North Nottinghamshire","Outside London","G6","[c]","[c]","[c]","[c]"
"In post","2022","UK Health Security Agency","North Yorkshire CC","Outside London","AO","10","10","[c]","[c]"
"In post","2022","UK Health Security Agency","North Yorkshire CC","Outside London","EO","[c]","[c]","[c]","[c]"
"In post","2022","UK Health Security Agency","North Yorkshire CC","Outside London","G6","[c]","[c]","[c]","[c]"
"In post","2022","UK Health Security Agency","North Yorkshire CC","Outside London","G7","[c]","[c]","[c]","[c]"
"In post","2022","UK Health Security Agency","North Yorkshire CC","Outside London","HEO","[c]","[c]","[c]","[c]"
"In post","2022","UK Health Security Agency","North Yorkshire CC","Outside London","SCS level","[c]","[c]","[c]","[c]"
"In post","2022","UK Health Security Agency","North Yorkshire CC","Outside London","SEO","5","5","[c]","[c]"
"In post","2022","UK Health Security Agency","Northumberland","Outside London","EO","[c]","[c]","[c]","[c]"
"In post","2022","UK Health Security Agency","Northumberland","Outside London","HEO","[c]","[c]","[c]","[c]"
"In post","2022","UK Health Security Agency","Northumberland","Outside London","SEO","[c]","[c]","[c]","[c]"
"In post","2022","UK Health Security Agency","Norwich and East Norfolk","Outside London","G7","[c]","[c]","[c]","[c]"
"In post","2022","UK Health Security Agency","Norwich and East Norfolk","Outside London","SEO","[c]","[c]","[c]","[c]"
"In post","2022","UK Health Security Agency","Nottingham","Outside London","AO","15","15","20190","19880"
"In post","2022","UK Health Security Agency","Nottingham","Outside London","EO","20","20","23760","23390"
"In post","2022","UK Health Security Agency","Nottingham","Outside London","G6","5","5","[c]","[c]"
"In post","2022","UK Health Security Agency","Nottingham","Outside London","G7","15","15","52660","51300"
"In post","2022","UK Health Security Agency","Nottingham","Outside London","HEO","55","45","30970","28780"
"In post","2022","UK Health Security Agency","Nottingham","Outside London","SCS level","10","10","104810","106350"
"In post","2022","UK Health Security Agency","Nottingham","Outside London","SEO","35","35","38430","36330"
"In post","2022","UK Health Security Agency","Overseas","Overseas","G6","[c]","[c]","[c]","[c]"
"In post","2022","UK Health Security Agency","Overseas","Overseas","SCS level","[c]","[c]","[c]","[c]"
"In post","2022","UK Health Security Agency","Oxfordshire CC","Outside London","AA","5","0","[c]","[c]"
"In post","2022","UK Health Security Agency","Oxfordshire CC","Outside London","AO","40","30","21930","21820"
"In post","2022","UK Health Security Agency","Oxfordshire CC","Outside London","EO","25","25","26350","25800"
"In post","2022","UK Health Security Agency","Oxfordshire CC","Outside London","G6","20","15","72000","71550"
"In post","2022","UK Health Security Agency","Oxfordshire CC","Outside London","G7","90","85","54120","52330"
"In post","2022","UK Health Security Agency","Oxfordshire CC","Outside London","HEO","40","35","32520","31290"
"In post","2022","UK Health Security Agency","Oxfordshire CC","Outside London","SCS level","15","10","103210","98960"
"In post","2022","UK Health Security Agency","Oxfordshire CC","Outside London","SEO","65","65","39970","40030"
"In post","2022","UK Health Security Agency","Peterborough","Outside London","HEO","[c]","[c]","[c]","[c]"
"In post","2022","UK Health Security Agency","Plymouth","Outside London","EO","[c]","[c]","[c]","[c]"
"In post","2022","UK Health Security Agency","Plymouth","Outside London","G7","[c]","[c]","[c]","[c]"
"In post","2022","UK Health Security Agency","Plymouth","Outside London","HEO","[c]","[c]","[c]","[c]"
"In post","2022","UK Health Security Agency","Plymouth","Outside London","SEO","[c]","[c]","[c]","[c]"
"In post","2022","UK Health Security Agency","Portsmouth","Outside London","EO","[c]","[c]","[c]","[c]"
"In post","2022","UK Health Security Agency","Portsmouth","Outside London","G7","[c]","[c]","[c]","[c]"
"In post","2022","UK Health Security Agency","Powys","Outside London","G7","[c]","[c]","[c]","[c]"
"In post","2022","UK Health Security Agency","Redbridge and Waltham Forest","London","AA","[c]","[c]","[c]","[c]"
"In post","2022","UK Health Security Agency","Redbridge and Waltham Forest","London","AO","[c]","[c]","[c]","[c]"
"In post","2022","UK Health Security Agency","Redbridge and Waltham Forest","London","EO","[c]","[c]","[c]","[c]"
"In post","2022","UK Health Security Agency","Redbridge and Waltham Forest","London","SEO","[c]","[c]","[c]","[c]"
"In post","2022","UK Health Security Agency","Scottish Borders","Outside London","HEO","[c]","[c]","[c]","[c]"
"In post","2022","UK Health Security Agency","Sefton","Outside London","G7","[c]","[c]","[c]","[c]"
"In post","2022","UK Health Security Agency","Sefton","Outside London","HEO","[c]","[c]","[c]","[c]"
"In post","2022","UK Health Security Agency","Sefton","Outside London","SEO","[c]","[c]","[c]","[c]"
"In post","2022","UK Health Security Agency","Sheffield","Outside London","EO","[c]","[c]","[c]","[c]"
"In post","2022","UK Health Security Agency","Sheffield","Outside London","G6","[c]","[c]","[c]","[c]"
"In post","2022","UK Health Security Agency","Sheffield","Outside London","G7","[c]","[c]","[c]","[c]"
"In post","2022","UK Health Security Agency","Sheffield","Outside London","HEO","[c]","[c]","[c]","[c]"
"In post","2022","UK Health Security Agency","Sheffield","Outside London","SCS level","[c]","[c]","[c]","[c]"
"In post","2022","UK Health Security Agency","Sheffield","Outside London","SEO","[c]","[c]","[c]","[c]"
"In post","2022","UK Health Security Agency","Shropshire","Outside London","G6","[c]","[c]","[c]","[c]"
"In post","2022","UK Health Security Agency","Shropshire","Outside London","G7","[c]","[c]","[c]","[c]"
"In post","2022","UK Health Security Agency","Shropshire","Outside London","SEO","[c]","[c]","[c]","[c]"
"In post","2022","UK Health Security Agency","Solihull","Outside London","G7","[c]","[c]","[c]","[c]"
"In post","2022","UK Health Security Agency","Solihull","Outside London","SEO","[c]","[c]","[c]","[c]"
"In post","2022","UK Health Security Agency","Somerset CC","Outside London","EO","[c]","[c]","[c]","[c]"
"In post","2022","UK Health Security Agency","Somerset CC","Outside London","G6","[c]","[c]","[c]","[c]"
"In post","2022","UK Health Security Agency","Somerset CC","Outside London","SEO","[c]","[c]","[c]","[c]"
"In post","2022","UK Health Security Agency","South and West Derbyshire","Outside London","G7","[c]","[c]","[c]","[c]"
"In post","2022","UK Health Security Agency","South and West Derbyshire","Outside London","HEO","[c]","[c]","[c]","[c]"
"In post","2022","UK Health Security Agency","South and West Derbyshire","Outside London","SEO","[c]","[c]","[c]","[c]"
"In post","2022","UK Health Security Agency","South Hampshire","Outside London","AO","[c]","[c]","[c]","[c]"
"In post","2022","UK Health Security Agency","South Hampshire","Outside London","EO","[c]","[c]","[c]","[c]"
"In post","2022","UK Health Security Agency","South Hampshire","Outside London","G6","[c]","[c]","[c]","[c]"
"In post","2022","UK Health Security Agency","South Hampshire","Outside London","G7","5","5","[c]","[c]"
"In post","2022","UK Health Security Agency","South Hampshire","Outside London","HEO","[c]","[c]","[c]","[c]"
"In post","2022","UK Health Security Agency","South Hampshire","Outside London","SCS level","5","5","[c]","[c]"
"In post","2022","UK Health Security Agency","South Hampshire","Outside London","SEO","10","10","[c]","[c]"
"In post","2022","UK Health Security Agency","South Lanarkshire","Outside London","SEO","[c]","[c]","[c]","[c]"
"In post","2022","UK Health Security Agency","South Nottinghamshire","Outside London","G6","[c]","[c]","[c]","[c]"
"In post","2022","UK Health Security Agency","South Nottinghamshire","Outside London","HEO","[c]","[c]","[c]","[c]"
"In post","2022","UK Health Security Agency","South Nottinghamshire","Outside London","SEO","[c]","[c]","[c]","[c]"
"In post","2022","UK Health Security Agency","Southampton","Outside London","G6","[c]","[c]","[c]","[c]"
"In post","2022","UK Health Security Agency","Southampton","Outside London","HEO","[c]","[c]","[c]","[c]"
"In post","2022","UK Health Security Agency","Southend-on-Sea","Outside London","HEO","[c]","[c]","[c]","[c]"
"In post","2022","UK Health Security Agency","Southend-on-Sea","Outside London","SEO","[c]","[c]","[c]","[c]"
"In post","2022","UK Health Security Agency","Staffordshire CC","Outside London","EO","5","5","[c]","[c]"
"In post","2022","UK Health Security Agency","Staffordshire CC","Outside London","G6","[c]","[c]","[c]","[c]"
"In post","2022","UK Health Security Agency","Staffordshire CC","Outside London","G7","[c]","[c]","[c]","[c]"
"In post","2022","UK Health Security Agency","Staffordshire CC","Outside London","HEO","[c]","[c]","[c]","[c]"
"In post","2022","UK Health Security Agency","Staffordshire CC","Outside London","SCS level","[c]","[c]","[c]","[c]"
"In post","2022","UK Health Security Agency","Stoke-on-Trent","Outside London","EO","[c]","[c]","[c]","[c]"
"In post","2022","UK Health Security Agency","Stoke-on-Trent","Outside London","SEO","[c]","[c]","[c]","[c]"
"In post","2022","UK Health Security Agency","Suffolk CC","Outside London","AO","[c]","[c]","[c]","[c]"
"In post","2022","UK Health Security Agency","Suffolk CC","Outside London","EO","[c]","[c]","[c]","[c]"
"In post","2022","UK Health Security Agency","Suffolk CC","Outside London","G6","[c]","[c]","[c]","[c]"
"In post","2022","UK Health Security Agency","Suffolk CC","Outside London","G7","10","5","[c]","[c]"
"In post","2022","UK Health Security Agency","Suffolk CC","Outside London","HEO","[c]","[c]","[c]","[c]"
"In post","2022","UK Health Security Agency","Suffolk CC","Outside London","SCS level","[c]","[c]","[c]","[c]"
"In post","2022","UK Health Security Agency","Suffolk CC","Outside London","SEO","10","5","[c]","[c]"
"In post","2022","UK Health Security Agency","Sunderland","Outside London","G6","[c]","[c]","[c]","[c]"
"In post","2022","UK Health Security Agency","Swansea","Outside London","EO","[c]","[c]","[c]","[c]"
"In post","2022","UK Health Security Agency","Swansea","Outside London","G6","[c]","[c]","[c]","[c]"
"In post","2022","UK Health Security Agency","Telford and Wrekin","Outside London","EO","[c]","[c]","[c]","[c]"
"In post","2022","UK Health Security Agency","Telford and Wrekin","Outside London","SCS level","[c]","[c]","[c]","[c]"
"In post","2022","UK Health Security Agency","Thurrock","Outside London","EO","[c]","[c]","[c]","[c]"
"In post","2022","UK Health Security Agency","Thurrock","Outside London","HEO","[c]","[c]","[c]","[c]"
"In post","2022","UK Health Security Agency","Tower Hamlets","London","EO","[c]","[c]","[c]","[c]"
"In post","2022","UK Health Security Agency","Tower Hamlets","London","HEO","5","5","[c]","[c]"
"In post","2022","UK Health Security Agency","Tower Hamlets","London","SEO","[c]","[c]","[c]","[c]"
"In post","2022","UK Health Security Agency","Tyneside","Outside London","AO","10","10","20060","19880"
"In post","2022","UK Health Security Agency","Tyneside","Outside London","EO","10","10","[c]","[c]"
"In post","2022","UK Health Security Agency","Tyneside","Outside London","G6","5","5","[c]","[c]"
"In post","2022","UK Health Security Agency","Tyneside","Outside London","G7","15","15","53300","50940"
"In post","2022","UK Health Security Agency","Tyneside","Outside London","HEO","15","15","30290","28590"
"In post","2022","UK Health Security Agency","Tyneside","Outside London","SCS level","10","10","[c]","[c]"
"In post","2022","UK Health Security Agency","Tyneside","Outside London","SEO","20","15","40250","41260"
"In post","2022","UK Health Security Agency","Wakefield","Outside London","SCS level","[c]","[c]","[c]","[c]"
"In post","2022","UK Health Security Agency","Wakefield","Outside London","SEO","[c]","[c]","[c]","[c]"
"In post","2022","UK Health Security Agency","Walsall","Outside London","SEO","[c]","[c]","[c]","[c]"
"In post","2022","UK Health Security Agency","Wandsworth","London","EO","[c]","[c]","[c]","[c]"
"In post","2022","UK Health Security Agency","Wandsworth","London","G6","[c]","[c]","[c]","[c]"
"In post","2022","UK Health Security Agency","Wandsworth","London","HEO","[c]","[c]","[c]","[c]"
"In post","2022","UK Health Security Agency","Wandsworth","London","SEO","[c]","[c]","[c]","[c]"
"In post","2022","UK Health Security Agency","Warwickshire CC","Outside London","G6","[c]","[c]","[c]","[c]"
"In post","2022","UK Health Security Agency","Warwickshire CC","Outside London","G7","[c]","[c]","[c]","[c]"
"In post","2022","UK Health Security Agency","West Cumbria","Outside London","G6","[c]","[c]","[c]","[c]"
"In post","2022","UK Health Security Agency","West Cumbria","Outside London","SEO","[c]","[c]","[c]","[c]"
"In post","2022","UK Health Security Agency","West Essex","Outside London","AO","10","5","[c]","[c]"
"In post","2022","UK Health Security Agency","West Essex","Outside London","EO","[c]","[c]","[c]","[c]"
"In post","2022","UK Health Security Agency","West Essex","Outside London","G6","[c]","[c]","[c]","[c]"
"In post","2022","UK Health Security Agency","West Essex","Outside London","G7","10","10","[c]","[c]"
"In post","2022","UK Health Security Agency","West Essex","Outside London","HEO","20","15","31840","30460"
"In post","2022","UK Health Security Agency","West Essex","Outside London","SCS level","10","5","[c]","[c]"
"In post","2022","UK Health Security Agency","West Essex","Outside London","SEO","15","15","40630","41030"
"In post","2022","UK Health Security Agency","West Kent","Outside London","G7","[c]","[c]","[c]","[c]"
"In post","2022","UK Health Security Agency","West Kent","Outside London","HEO","[c]","[c]","[c]","[c]"
"In post","2022","UK Health Security Agency","West Northamptonshire","Outside London","EO","[c]","[c]","[c]","[c]"
"In post","2022","UK Health Security Agency","West Northamptonshire","Outside London","HEO","[c]","[c]","[c]","[c]"
"In post","2022","UK Health Security Agency","West Surrey","Outside London","EO","[c]","[c]","[c]","[c]"
"In post","2022","UK Health Security Agency","West Surrey","Outside London","G6","[c]","[c]","[c]","[c]"
"In post","2022","UK Health Security Agency","West Surrey","Outside London","G7","5","5","[c]","[c]"
"In post","2022","UK Health Security Agency","West Surrey","Outside London","HEO","[c]","[c]","[c]","[c]"
"In post","2022","UK Health Security Agency","West Surrey","Outside London","SEO","[c]","[c]","[c]","[c]"
"In post","2022","UK Health Security Agency","West Sussex (North East)","Outside London","AO","5","5","[c]","[c]"
"In post","2022","UK Health Security Agency","West Sussex (North East)","Outside London","EO","[c]","[c]","[c]","[c]"
"In post","2022","UK Health Security Agency","West Sussex (North East)","Outside London","G6","[c]","[c]","[c]","[c]"
"In post","2022","UK Health Security Agency","West Sussex (North East)","Outside London","G7","10","10","[c]","[c]"
"In post","2022","UK Health Security Agency","West Sussex (North East)","Outside London","HEO","[c]","[c]","[c]","[c]"
"In post","2022","UK Health Security Agency","West Sussex (North East)","Outside London","SCS level","[c]","[c]","[c]","[c]"
"In post","2022","UK Health Security Agency","West Sussex (North East)","Outside London","SEO","10","10","41990","41090"
"In post","2022","UK Health Security Agency","West Sussex (South West)","Outside London","EO","[c]","[c]","[c]","[c]"
"In post","2022","UK Health Security Agency","West Sussex (South West)","Outside London","HEO","[c]","[c]","[c]","[c]"
"In post","2022","UK Health Security Agency","West Sussex (South West)","Outside London","SCS level","[c]","[c]","[c]","[c]"
"In post","2022","UK Health Security Agency","West Sussex (South West)","Outside London","SEO","[c]","[c]","[c]","[c]"
"In post","2022","UK Health Security Agency","Westminster","London","EO","80","75","27980","27270"
"In post","2022","UK Health Security Agency","Westminster","London","G6","110","105","66450","66230"
"In post","2022","UK Health Security Agency","Westminster","London","G7","160","155","54040","53360"
"In post","2022","UK Health Security Agency","Westminster","London","HEO","150","145","33020","32790"
"In post","2022","UK Health Security Agency","Westminster","London","SCS level","75","75","92000","80000"
"In post","2022","UK Health Security Agency","Westminster","London","SEO","135","130","40520","40650"
"In post","2022","UK Health Security Agency","Wiltshire","Outside London","AA","25","25","19100","19100"
"In post","2022","UK Health Security Agency","Wiltshire","Outside London","AO","75","65","20540","19880"
"In post","2022","UK Health Security Agency","Wiltshire","Outside London","EO","105","100","24410","23940"
"In post","2022","UK Health Security Agency","Wiltshire","Outside London","G6","45","40","69660","67810"
"In post","2022","UK Health Security Agency","Wiltshire","Outside London","G7","125","125","51910","50420"
"In post","2022","UK Health Security Agency","Wiltshire","Outside London","HEO","170","160","30510","29270"
"In post","2022","UK Health Security Agency","Wiltshire","Outside London","SCS level","15","10","104400","1e+05"
"In post","2022","UK Health Security Agency","Wiltshire","Outside London","SEO","175","165","38750","37980"
"In post","2022","UK Health Security Agency","Wirral","Outside London","EO","[c]","[c]","[c]","[c]"
"In post","2022","UK Health Security Agency","Wirral","Outside London","G6","[c]","[c]","[c]","[c]"
"In post","2022","UK Health Security Agency","Wirral","Outside London","G7","[c]","[c]","[c]","[c]"
"In post","2022","UK Health Security Agency","Wirral","Outside London","SCS level","[c]","[c]","[c]","[c]"
"In post","2022","UK Health Security Agency","Wirral","Outside London","SEO","[c]","[c]","[c]","[c]"
"In post","2022","UK Health Security Agency","Wolverhampton","Outside London","EO","[c]","[c]","[c]","[c]"
"In post","2022","UK Health Security Agency","Worcestershire CC","Outside London","AO","[c]","[c]","[c]","[c]"
"In post","2022","UK Health Security Agency","Worcestershire CC","Outside London","EO","[c]","[c]","[c]","[c]"
"In post","2022","UK Health Security Agency","Worcestershire CC","Outside London","G6","[c]","[c]","[c]","[c]"
"In post","2022","UK Health Security Agency","Worcestershire CC","Outside London","G7","[c]","[c]","[c]","[c]"
"In post","2022","UK Health Security Agency","Worcestershire CC","Outside London","HEO","[c]","[c]","[c]","[c]"
"In post","2022","UK Health Security Agency","Worcestershire CC","Outside London","SCS level","[c]","[c]","[c]","[c]"
"In post","2022","UK Health Security Agency","Worcestershire CC","Outside London","SEO","[c]","[c]","[c]","[c]"
"In post","2022","UK Health Security Agency","York","Outside London","AO","[c]","[c]","[c]","[c]"
"In post","2022","UK Health Security Agency","York","Outside London","EO","5","5","[c]","[c]"
"In post","2022","UK Health Security Agency","York","Outside London","G6","[c]","[c]","[c]","[c]"
"In post","2022","UK Health Security Agency","York","Outside London","G7","[c]","[c]","[c]","[c]"
"In post","2022","UK Health Security Agency","York","Outside London","HEO","[c]","[c]","[c]","[c]"
"In post","2022","UK Health Security Agency","York","Outside London","SCS level","[c]","[c]","[c]","[c]"
"In post","2022","UK Health Security Agency","York","Outside London","SEO","10","10","39530","37480"
"In post","2022","UK Hydrographic Office","Berkshire","Outside London","G7","[c]","[c]","[c]","[c]"
"In post","2022","UK Hydrographic Office","Cambridgeshire CC","Outside London","HEO","[c]","[c]","[c]","[c]"
"In post","2022","UK Hydrographic Office","Overseas","Overseas","G7","[c]","[c]","[c]","[c]"
"In post","2022","UK Hydrographic Office","Somerset CC","Outside London","AO","100","100","20580","20420"
"In post","2022","UK Hydrographic Office","Somerset CC","Outside London","EO","230","215","27700","26740"
"In post","2022","UK Hydrographic Office","Somerset CC","Outside London","G6","15","15","70220","68420"
"In post","2022","UK Hydrographic Office","Somerset CC","Outside London","G7","55","55","55070","53720"
"In post","2022","UK Hydrographic Office","Somerset CC","Outside London","HEO","300","285","33870","33290"
"In post","2022","UK Hydrographic Office","Somerset CC","Outside London","SCS level","5","5","[c]","[c]"
"In post","2022","UK Hydrographic Office","Somerset CC","Outside London","SEO","195","190","43840","42510"
"In post","2022","UK Hydrographic Office","Westminster","London","SEO","[c]","[c]","[c]","[c]"
"In post","2022","UK Space Agency","Oxfordshire CC","Outside London","G6","[c]","[c]","[c]","[c]"
"In post","2022","UK Space Agency","Oxfordshire CC","Outside London","G7","[c]","[c]","[c]","[c]"
"In post","2022","UK Space Agency","Oxfordshire CC","Outside London","HEO","[c]","[c]","[c]","[c]"
"In post","2022","UK Space Agency","Oxfordshire CC","Outside London","SEO","5","5","[c]","[c]"
"In post","2022","UK Space Agency","Swindon","Outside London","EO","10","10","[c]","[c]"
"In post","2022","UK Space Agency","Swindon","Outside London","G6","15","15","62830","61030"
"In post","2022","UK Space Agency","Swindon","Outside London","G7","40","40","50580","49100"
"In post","2022","UK Space Agency","Swindon","Outside London","HEO","15","15","31060","30360"
"In post","2022","UK Space Agency","Swindon","Outside London","SCS level","[c]","[c]","[c]","[c]"
"In post","2022","UK Space Agency","Swindon","Outside London","SEO","25","25","37670","36740"
"In post","2022","UK Space Agency","Westminster","London","AO","[c]","[c]","[c]","[c]"
"In post","2022","UK Space Agency","Westminster","London","EO","5","5","[c]","[c]"
"In post","2022","UK Space Agency","Westminster","London","G6","15","15","65910","64700"
"In post","2022","UK Space Agency","Westminster","London","G7","40","40","53850","53380"
"In post","2022","UK Space Agency","Westminster","London","HEO","25","25","33900","33570"
"In post","2022","UK Space Agency","Westminster","London","SCS level","5","5","[c]","[c]"
"In post","2022","UK Space Agency","Westminster","London","SEO","45","45","40150","40050"
"In post","2022","UK Statistics Authority","Bournemouth, Christchurch and Poole","Outside London","AO","[c]","[c]","[c]","[c]"
"In post","2022","UK Statistics Authority","City of Edinburgh","Outside London","EO","[c]","[c]","[c]","[c]"
"In post","2022","UK Statistics Authority","City of Edinburgh","Outside London","G6","[c]","[c]","[c]","[c]"
"In post","2022","UK Statistics Authority","City of Edinburgh","Outside London","G7","5","5","[c]","[c]"
"In post","2022","UK Statistics Authority","City of Edinburgh","Outside London","HEO","[c]","[c]","[c]","[c]"
"In post","2022","UK Statistics Authority","City of Edinburgh","Outside London","SEO","10","5","[c]","[c]"
"In post","2022","UK Statistics Authority","Darlington","Outside London","AO","[c]","[c]","[c]","[c]"
"In post","2022","UK Statistics Authority","Darlington","Outside London","HEO","10","10","30710","30710"
"In post","2022","UK Statistics Authority","Darlington","Outside London","SEO","[c]","[c]","[c]","[c]"
"In post","2022","UK Statistics Authority","Monmouthshire and Newport","Outside London","AA","5","5","[c]","[c]"
"In post","2022","UK Statistics Authority","Monmouthshire and Newport","Outside London","AO","410","365","20120","19860"
"In post","2022","UK Statistics Authority","Monmouthshire and Newport","Outside London","EO","435","400","24420","23880"
"In post","2022","UK Statistics Authority","Monmouthshire and Newport","Outside London","G6","135","130","61750","60940"
"In post","2022","UK Statistics Authority","Monmouthshire and Newport","Outside London","G7","550","535","51430","50210"
"In post","2022","UK Statistics Authority","Monmouthshire and Newport","Outside London","HEO","745","715","30850","30710"
"In post","2022","UK Statistics Authority","Monmouthshire and Newport","Outside London","SCS level","35","35","79020","73120"
"In post","2022","UK Statistics Authority","Monmouthshire and Newport","Outside London","SEO","700","675","37820","37570"
"In post","2022","UK Statistics Authority","South Hampshire","Outside London","AA","395","240","20300","19300"
"In post","2022","UK Statistics Authority","South Hampshire","Outside London","AO","700","460","20490","20350"
"In post","2022","UK Statistics Authority","South Hampshire","Outside London","EO","280","270","24690","23880"
"In post","2022","UK Statistics Authority","South Hampshire","Outside London","G6","60","60","62140","60940"
"In post","2022","UK Statistics Authority","South Hampshire","Outside London","G7","245","235","51350","50210"
"In post","2022","UK Statistics Authority","South Hampshire","Outside London","HEO","430","410","30870","30710"
"In post","2022","UK Statistics Authority","South Hampshire","Outside London","SCS level","20","20","87240","79460"
"In post","2022","UK Statistics Authority","South Hampshire","Outside London","SEO","360","345","37810","37570"
"In post","2022","UK Statistics Authority","South Lanarkshire","Outside London","G7","[c]","[c]","[c]","[c]"
"In post","2022","UK Statistics Authority","South Lanarkshire","Outside London","HEO","[c]","[c]","[c]","[c]"
"In post","2022","UK Statistics Authority","South Lanarkshire","Outside London","SEO","5","5","[c]","[c]"
"In post","2022","UK Statistics Authority","Westminster","London","AO","5","5","[c]","[c]"
"In post","2022","UK Statistics Authority","Westminster","London","EO","20","20","27600","26630"
"In post","2022","UK Statistics Authority","Westminster","London","G6","25","25","64840","64000"
"In post","2022","UK Statistics Authority","Westminster","London","G7","60","60","55010","53210"
"In post","2022","UK Statistics Authority","Westminster","London","HEO","125","125","33700","33710"
"In post","2022","UK Statistics Authority","Westminster","London","SCS level","25","25","90620","80000"
"In post","2022","UK Statistics Authority","Westminster","London","SEO","75","75","41150","41340"
"In post","2022","UK Supreme Court","Westminster","London","AO","[c]","[c]","[c]","[c]"
"In post","2022","UK Supreme Court","Westminster","London","EO","20","20","27280","27310"
"In post","2022","UK Supreme Court","Westminster","London","G6","[c]","[c]","[c]","[c]"
"In post","2022","UK Supreme Court","Westminster","London","G7","5","5","[c]","[c]"
"In post","2022","UK Supreme Court","Westminster","London","HEO","10","10","[c]","[c]"
"In post","2022","UK Supreme Court","Westminster","London","SCS level","[c]","[c]","[c]","[c]"
"In post","2022","UK Supreme Court","Westminster","London","SEO","10","10","[c]","[c]"
"In post","2022","Valuation Office Agency","Aberdeen City and Aberdeenshire","Outside London","G7","[c]","[c]","[c]","[c]"
"In post","2022","Valuation Office Agency","Aberdeen City and Aberdeenshire","Outside London","SEO","[c]","[c]","[c]","[c]"
"In post","2022","Valuation Office Agency","Barking & Dagenham and Havering","London","SEO","[c]","[c]","[c]","[c]"
"In post","2022","Valuation Office Agency","Barnet","London","EO","[c]","[c]","[c]","[c]"
"In post","2022","Valuation Office Agency","Barnsley, Doncaster and Rotherham","Outside London","SEO","[c]","[c]","[c]","[c]"
"In post","2022","Valuation Office Agency","Berkshire","Outside London","EO","[c]","[c]","[c]","[c]"
"In post","2022","Valuation Office Agency","Berkshire","Outside London","SEO","[c]","[c]","[c]","[c]"
"In post","2022","Valuation Office Agency","Bexley and Greenwich","London","EO","[c]","[c]","[c]","[c]"
"In post","2022","Valuation Office Agency","Birmingham","Outside London","AO","20","15","22050","22040"
"In post","2022","Valuation Office Agency","Birmingham","Outside London","EO","55","50","26770","26950"
"In post","2022","Valuation Office Agency","Birmingham","Outside London","G6","[c]","[c]","[c]","[c]"
"In post","2022","Valuation Office Agency","Birmingham","Outside London","G7","10","10","57000","58090"
"In post","2022","Valuation Office Agency","Birmingham","Outside London","HEO","50","50","32190","32890"
"In post","2022","Valuation Office Agency","Birmingham","Outside London","SEO","40","40","43830","44160"
"In post","2022","Valuation Office Agency","Bournemouth, Christchurch and Poole","Outside London","G7","[c]","[c]","[c]","[c]"
"In post","2022","Valuation Office Agency","Bournemouth, Christchurch and Poole","Outside London","HEO","[c]","[c]","[c]","[c]"
"In post","2022","Valuation Office Agency","Bournemouth, Christchurch and Poole","Outside London","SEO","[c]","[c]","[c]","[c]"
"In post","2022","Valuation Office Agency","Brent","London","AO","20","15","26060","25750"
"In post","2022","Valuation Office Agency","Brent","London","EO","55","50","30240","30600"
"In post","2022","Valuation Office Agency","Brent","London","G6","[c]","[c]","[c]","[c]"
"In post","2022","Valuation Office Agency","Brent","London","G7","10","10","62320","63750"
"In post","2022","Valuation Office Agency","Brent","London","HEO","40","40","35620","36440"
"In post","2022","Valuation Office Agency","Brent","London","SEO","20","20","49120","49870"
"In post","2022","Valuation Office Agency","Bridgend and Neath Port Talbot","Outside London","HEO","[c]","[c]","[c]","[c]"
"In post","2022","Valuation Office Agency","Bristol, City of","Outside London","AO","5","5","[c]","[c]"
"In post","2022","Valuation Office Agency","Bristol, City of","Outside London","EO","30","25","26490","26950"
"In post","2022","Valuation Office Agency","Bristol, City of","Outside London","G6","[c]","[c]","[c]","[c]"
"In post","2022","Valuation Office Agency","Bristol, City of","Outside London","G7","15","15","55420","55270"
"In post","2022","Valuation Office Agency","Bristol, City of","Outside London","HEO","30","30","31070","31900"
"In post","2022","Valuation Office Agency","Bristol, City of","Outside London","SEO","35","35","43400","42940"
"In post","2022","Valuation Office Agency","Bromley","London","EO","[c]","[c]","[c]","[c]"
"In post","2022","Valuation Office Agency","Bromley","London","SEO","[c]","[c]","[c]","[c]"
"In post","2022","Valuation Office Agency","Buckinghamshire","Outside London","EO","[c]","[c]","[c]","[c]"
"In post","2022","Valuation Office Agency","Calderdale and Kirklees","Outside London","AO","[c]","[c]","[c]","[c]"
"In post","2022","Valuation Office Agency","Calderdale and Kirklees","Outside London","EO","[c]","[c]","[c]","[c]"
"In post","2022","Valuation Office Agency","Calderdale and Kirklees","Outside London","SEO","[c]","[c]","[c]","[c]"
"In post","2022","Valuation Office Agency","Cambridgeshire CC","Outside London","AO","[c]","[c]","[c]","[c]"
"In post","2022","Valuation Office Agency","Cambridgeshire CC","Outside London","EO","10","10","27050","27000"
"In post","2022","Valuation Office Agency","Cambridgeshire CC","Outside London","G7","5","5","[c]","[c]"
"In post","2022","Valuation Office Agency","Cambridgeshire CC","Outside London","HEO","15","10","32040","31900"
"In post","2022","Valuation Office Agency","Cambridgeshire CC","Outside London","SEO","10","10","44780","46240"
"In post","2022","Valuation Office Agency","Cardiff and Vale of Glamorgan","Outside London","AO","30","30","22030","22010"
"In post","2022","Valuation Office Agency","Cardiff and Vale of Glamorgan","Outside London","EO","25","25","26410","26880"
"In post","2022","Valuation Office Agency","Cardiff and Vale of Glamorgan","Outside London","G6","[c]","[c]","[c]","[c]"
"In post","2022","Valuation Office Agency","Cardiff and Vale of Glamorgan","Outside London","G7","10","10","55800","55700"
"In post","2022","Valuation Office Agency","Cardiff and Vale of Glamorgan","Outside London","HEO","25","25","32290","31900"
"In post","2022","Valuation Office Agency","Cardiff and Vale of Glamorgan","Outside London","SCS level","[c]","[c]","[c]","[c]"
"In post","2022","Valuation Office Agency","Cardiff and Vale of Glamorgan","Outside London","SEO","25","25","43500","42940"
"In post","2022","Valuation Office Agency","Central Bedfordshire","Outside London","HEO","[c]","[c]","[c]","[c]"
"In post","2022","Valuation Office Agency","Central Bedfordshire","Outside London","SEO","[c]","[c]","[c]","[c]"
"In post","2022","Valuation Office Agency","Central Hampshire","Outside London","HEO","[c]","[c]","[c]","[c]"
"In post","2022","Valuation Office Agency","Cheshire East","Outside London","SEO","[c]","[c]","[c]","[c]"
"In post","2022","Valuation Office Agency","Cheshire West and Chester","Outside London","G7","[c]","[c]","[c]","[c]"
"In post","2022","Valuation Office Agency","City of Edinburgh","Outside London","AO","[c]","[c]","[c]","[c]"
"In post","2022","Valuation Office Agency","City of Edinburgh","Outside London","G6","[c]","[c]","[c]","[c]"
"In post","2022","Valuation Office Agency","City of Edinburgh","Outside London","G7","[c]","[c]","[c]","[c]"
"In post","2022","Valuation Office Agency","City of Edinburgh","Outside London","HEO","[c]","[c]","[c]","[c]"
"In post","2022","Valuation Office Agency","City of Edinburgh","Outside London","SEO","5","5","[c]","[c]"
"In post","2022","Valuation Office Agency","Conwy and Denbighshire","Outside London","G7","[c]","[c]","[c]","[c]"
"In post","2022","Valuation Office Agency","Conwy and Denbighshire","Outside London","SEO","[c]","[c]","[c]","[c]"
"In post","2022","Valuation Office Agency","Cornwall and Isles of Scilly","Outside London","AO","5","5","[c]","[c]"
"In post","2022","Valuation Office Agency","Cornwall and Isles of Scilly","Outside London","EO","5","5","[c]","[c]"
"In post","2022","Valuation Office Agency","Cornwall and Isles of Scilly","Outside London","G7","5","5","[c]","[c]"
"In post","2022","Valuation Office Agency","Cornwall and Isles of Scilly","Outside London","HEO","5","5","[c]","[c]"
"In post","2022","Valuation Office Agency","Cornwall and Isles of Scilly","Outside London","SEO","5","5","[c]","[c]"
"In post","2022","Valuation Office Agency","Croydon","London","AO","15","15","25890","25750"
"In post","2022","Valuation Office Agency","Croydon","London","EO","70","70","30290","30600"
"In post","2022","Valuation Office Agency","Croydon","London","G6","[c]","[c]","[c]","[c]"
"In post","2022","Valuation Office Agency","Croydon","London","G7","20","20","61790","63400"
"In post","2022","Valuation Office Agency","Croydon","London","HEO","55","50","35110","35880"
"In post","2022","Valuation Office Agency","Croydon","London","SEO","45","45","47730","47940"
"In post","2022","Valuation Office Agency","Darlington","Outside London","G7","[c]","[c]","[c]","[c]"
"In post","2022","Valuation Office Agency","Derby","Outside London","EO","[c]","[c]","[c]","[c]"
"In post","2022","Valuation Office Agency","Devon CC","Outside London","EO","20","15","26630","27000"
"In post","2022","Valuation Office Agency","Devon CC","Outside London","G6","[c]","[c]","[c]","[c]"
"In post","2022","Valuation Office Agency","Devon CC","Outside London","G7","10","5","[c]","[c]"
"In post","2022","Valuation Office Agency","Devon CC","Outside London","HEO","15","15","32760","33370"
"In post","2022","Valuation Office Agency","Devon CC","Outside London","SEO","20","20","44330","44530"
"In post","2022","Valuation Office Agency","Dorset","Outside London","EO","[c]","[c]","[c]","[c]"
"In post","2022","Valuation Office Agency","Durham","Outside London","AO","255","245","21960","22010"
"In post","2022","Valuation Office Agency","Durham","Outside London","EO","80","75","26020","26030"
"In post","2022","Valuation Office Agency","Durham","Outside London","G6","[c]","[c]","[c]","[c]"
"In post","2022","Valuation Office Agency","Durham","Outside London","G7","10","10","55980","56660"
"In post","2022","Valuation Office Agency","Durham","Outside London","HEO","30","30","31810","31900"
"In post","2022","Valuation Office Agency","Durham","Outside London","SEO","20","15","43270","43370"
"In post","2022","Valuation Office Agency","East Cumbria","Outside London","G7","[c]","[c]","[c]","[c]"
"In post","2022","Valuation Office Agency","East Kent","Outside London","EO","15","15","26650","26880"
"In post","2022","Valuation Office Agency","East Kent","Outside London","G6","[c]","[c]","[c]","[c]"
"In post","2022","Valuation Office Agency","East Kent","Outside London","G7","[c]","[c]","[c]","[c]"
"In post","2022","Valuation Office Agency","East Kent","Outside London","HEO","10","10","33390","33370"
"In post","2022","Valuation Office Agency","East Kent","Outside London","SEO","5","5","[c]","[c]"
"In post","2022","Valuation Office Agency","East Riding of Yorkshire","Outside London","SEO","[c]","[c]","[c]","[c]"
"In post","2022","Valuation Office Agency","East Sussex CC","Outside London","AO","5","5","[c]","[c]"
"In post","2022","Valuation Office Agency","East Sussex CC","Outside London","EO","20","15","26410","26880"
"In post","2022","Valuation Office Agency","East Sussex CC","Outside London","G7","[c]","[c]","[c]","[c]"
"In post","2022","Valuation Office Agency","East Sussex CC","Outside London","HEO","5","5","[c]","[c]"
"In post","2022","Valuation Office Agency","East Sussex CC","Outside London","SEO","10","5","[c]","[c]"
"In post","2022","Valuation Office Agency","Enfield","London","SEO","[c]","[c]","[c]","[c]"
"In post","2022","Valuation Office Agency","Essex Haven Gateway","Outside London","AO","10","10","[c]","[c]"
"In post","2022","Valuation Office Agency","Essex Haven Gateway","Outside London","EO","25","25","26840","27000"
"In post","2022","Valuation Office Agency","Essex Haven Gateway","Outside London","G6","[c]","[c]","[c]","[c]"
"In post","2022","Valuation Office Agency","Essex Haven Gateway","Outside London","G7","5","5","[c]","[c]"
"In post","2022","Valuation Office Agency","Essex Haven Gateway","Outside London","HEO","15","15","32650","32890"
"In post","2022","Valuation Office Agency","Essex Haven Gateway","Outside London","SEO","20","20","43520","43790"
"In post","2022","Valuation Office Agency","Essex Thames Gateway","Outside London","EO","[c]","[c]","[c]","[c]"
"In post","2022","Valuation Office Agency","Flintshire and Wrexham","Outside London","AO","10","10","22290","22040"
"In post","2022","Valuation Office Agency","Flintshire and Wrexham","Outside London","EO","10","10","27000","26940"
"In post","2022","Valuation Office Agency","Flintshire and Wrexham","Outside London","G6","5","5","[c]","[c]"
"In post","2022","Valuation Office Agency","Flintshire and Wrexham","Outside London","G7","15","10","55460","54240"
"In post","2022","Valuation Office Agency","Flintshire and Wrexham","Outside London","HEO","15","15","33150","33380"
"In post","2022","Valuation Office Agency","Flintshire and Wrexham","Outside London","SCS level","[c]","[c]","[c]","[c]"
"In post","2022","Valuation Office Agency","Flintshire and Wrexham","Outside London","SEO","20","15","43830","43790"
"In post","2022","Valuation Office Agency","Glasgow City","Outside London","AO","[c]","[c]","[c]","[c]"
"In post","2022","Valuation Office Agency","Glasgow City","Outside London","G6","[c]","[c]","[c]","[c]"
"In post","2022","Valuation Office Agency","Glasgow City","Outside London","G7","5","5","[c]","[c]"
"In post","2022","Valuation Office Agency","Glasgow City","Outside London","HEO","[c]","[c]","[c]","[c]"
"In post","2022","Valuation Office Agency","Glasgow City","Outside London","SEO","10","10","44960","44610"
"In post","2022","Valuation Office Agency","Gloucestershire CC","Outside London","SEO","[c]","[c]","[c]","[c]"
"In post","2022","Valuation Office Agency","Haringey and Islington","London","SEO","[c]","[c]","[c]","[c]"
"In post","2022","Valuation Office Agency","Harrow and Hillingdon","London","EO","[c]","[c]","[c]","[c]"
"In post","2022","Valuation Office Agency","Hartlepool and Stockton-on-Tees","Outside London","SEO","[c]","[c]","[c]","[c]"
"In post","2022","Valuation Office Agency","Heart of Essex","Outside London","EO","[c]","[c]","[c]","[c]"
"In post","2022","Valuation Office Agency","Heart of Essex","Outside London","SEO","[c]","[c]","[c]","[c]"
"In post","2022","Valuation Office Agency","Hertfordshire CC","Outside London","EO","[c]","[c]","[c]","[c]"
"In post","2022","Valuation Office Agency","Hertfordshire CC","Outside London","HEO","[c]","[c]","[c]","[c]"
"In post","2022","Valuation Office Agency","Inverness and Nairn, Moray, and Badenoch and Strathspey","Outside London","AO","[c]","[c]","[c]","[c]"
"In post","2022","Valuation Office Agency","Inverness and Nairn, Moray, and Badenoch and Strathspey","Outside London","EO","[c]","[c]","[c]","[c]"
"In post","2022","Valuation Office Agency","Inverness and Nairn, Moray, and Badenoch and Strathspey","Outside London","G6","[c]","[c]","[c]","[c]"
"In post","2022","Valuation Office Agency","Inverness and Nairn, Moray, and Badenoch and Strathspey","Outside London","SEO","[c]","[c]","[c]","[c]"
"In post","2022","Valuation Office Agency","Kingston upon Hull, City of","Outside London","AO","5","5","[c]","[c]"
"In post","2022","Valuation Office Agency","Kingston upon Hull, City of","Outside London","EO","35","30","26950","26880"
"In post","2022","Valuation Office Agency","Kingston upon Hull, City of","Outside London","G7","[c]","[c]","[c]","[c]"
"In post","2022","Valuation Office Agency","Kingston upon Hull, City of","Outside London","HEO","15","15","33340","33370"
"In post","2022","Valuation Office Agency","Kingston upon Hull, City of","Outside London","SEO","10","10","44490","46500"
"In post","2022","Valuation Office Agency","Lancaster and Wyre","Outside London","EO","10","10","26690","26980"
"In post","2022","Valuation Office Agency","Lancaster and Wyre","Outside London","G7","[c]","[c]","[c]","[c]"
"In post","2022","Valuation Office Agency","Lancaster and Wyre","Outside London","HEO","5","5","[c]","[c]"
"In post","2022","Valuation Office Agency","Lancaster and Wyre","Outside London","SEO","5","5","[c]","[c]"
"In post","2022","Valuation Office Agency","Leeds","Outside London","AO","50","45","22060","22040"
"In post","2022","Valuation Office Agency","Leeds","Outside London","EO","75","70","26560","26950"
"In post","2022","Valuation Office Agency","Leeds","Outside London","G6","5","5","[c]","[c]"
"In post","2022","Valuation Office Agency","Leeds","Outside London","G7","25","25","56420","57150"
"In post","2022","Valuation Office Agency","Leeds","Outside London","HEO","75","70","32400","33370"
"In post","2022","Valuation Office Agency","Leeds","Outside London","SCS level","[c]","[c]","[c]","[c]"
"In post","2022","Valuation Office Agency","Leeds","Outside London","SEO","50","45","43030","42940"
"In post","2022","Valuation Office Agency","Leicestershire CC and Rutland","Outside London","SEO","[c]","[c]","[c]","[c]"
"In post","2022","Valuation Office Agency","Lewisham and Southwark","London","EO","[c]","[c]","[c]","[c]"
"In post","2022","Valuation Office Agency","Lewisham and Southwark","London","HEO","[c]","[c]","[c]","[c]"
"In post","2022","Valuation Office Agency","Lincolnshire CC","Outside London","G7","[c]","[c]","[c]","[c]"
"In post","2022","Valuation Office Agency","Lincolnshire CC","Outside London","SEO","[c]","[c]","[c]","[c]"
"In post","2022","Valuation Office Agency","Luton","Outside London","AO","[c]","[c]","[c]","[c]"
"In post","2022","Valuation Office Agency","Luton","Outside London","EO","[c]","[c]","[c]","[c]"
"In post","2022","Valuation Office Agency","Manchester","Outside London","AO","10","10","[c]","[c]"
"In post","2022","Valuation Office Agency","Manchester","Outside London","EO","45","40","26580","26880"
"In post","2022","Valuation Office Agency","Manchester","Outside London","G6","5","5","[c]","[c]"
"In post","2022","Valuation Office Agency","Manchester","Outside London","G7","25","20","55830","57150"
"In post","2022","Valuation Office Agency","Manchester","Outside London","HEO","45","40","32210","32000"
"In post","2022","Valuation Office Agency","Manchester","Outside London","SCS level","[c]","[c]","[c]","[c]"
"In post","2022","Valuation Office Agency","Manchester","Outside London","SEO","35","35","43680","44160"
"In post","2022","Valuation Office Agency","Merton, Kingston upon Thames and Sutton","London","EO","[c]","[c]","[c]","[c]"
"In post","2022","Valuation Office Agency","Mid Lancashire","Outside London","AO","[c]","[c]","[c]","[c]"
"In post","2022","Valuation Office Agency","Mid Lancashire","Outside London","EO","20","20","26410","26950"
"In post","2022","Valuation Office Agency","Mid Lancashire","Outside London","G7","5","5","[c]","[c]"
"In post","2022","Valuation Office Agency","Mid Lancashire","Outside London","HEO","15","15","32880","33130"
"In post","2022","Valuation Office Agency","Mid Lancashire","Outside London","SEO","10","10","42750","42750"
"In post","2022","Valuation Office Agency","Monmouthshire and Newport","Outside London","SEO","[c]","[c]","[c]","[c]"
"In post","2022","Valuation Office Agency","North Northamptonshire","Outside London","G7","[c]","[c]","[c]","[c]"
"In post","2022","Valuation Office Agency","North Northamptonshire","Outside London","SEO","[c]","[c]","[c]","[c]"
"In post","2022","Valuation Office Agency","North Nottinghamshire","Outside London","SEO","[c]","[c]","[c]","[c]"
"In post","2022","Valuation Office Agency","North Yorkshire CC","Outside London","HEO","[c]","[c]","[c]","[c]"
"In post","2022","Valuation Office Agency","North Yorkshire CC","Outside London","SEO","[c]","[c]","[c]","[c]"
"In post","2022","Valuation Office Agency","Norwich and East Norfolk","Outside London","AO","5","5","[c]","[c]"
"In post","2022","Valuation Office Agency","Norwich and East Norfolk","Outside London","EO","10","10","[c]","[c]"
"In post","2022","Valuation Office Agency","Norwich and East Norfolk","Outside London","G7","[c]","[c]","[c]","[c]"
"In post","2022","Valuation Office Agency","Norwich and East Norfolk","Outside London","HEO","10","10","31840","31900"
"In post","2022","Valuation Office Agency","Norwich and East Norfolk","Outside London","SEO","10","10","44250","44530"
"In post","2022","Valuation Office Agency","Nottingham","Outside London","AO","25","20","22100","22040"
"In post","2022","Valuation Office Agency","Nottingham","Outside London","EO","50","45","26600","26950"
"In post","2022","Valuation Office Agency","Nottingham","Outside London","G6","[c]","[c]","[c]","[c]"
"In post","2022","Valuation Office Agency","Nottingham","Outside London","G7","15","15","56210","57150"
"In post","2022","Valuation Office Agency","Nottingham","Outside London","HEO","30","30","32670","33010"
"In post","2022","Valuation Office Agency","Nottingham","Outside London","SEO","30","30","43690","44530"
"In post","2022","Valuation Office Agency","Oxfordshire CC","Outside London","AO","[c]","[c]","[c]","[c]"
"In post","2022","Valuation Office Agency","Oxfordshire CC","Outside London","EO","5","5","[c]","[c]"
"In post","2022","Valuation Office Agency","Oxfordshire CC","Outside London","G6","[c]","[c]","[c]","[c]"
"In post","2022","Valuation Office Agency","Oxfordshire CC","Outside London","G7","5","5","[c]","[c]"
"In post","2022","Valuation Office Agency","Oxfordshire CC","Outside London","HEO","5","5","[c]","[c]"
"In post","2022","Valuation Office Agency","Oxfordshire CC","Outside London","SEO","15","15","44780","44820"
"In post","2022","Valuation Office Agency","Peterborough","Outside London","HEO","[c]","[c]","[c]","[c]"
"In post","2022","Valuation Office Agency","Plymouth","Outside London","AO","255","240","21980","22010"
"In post","2022","Valuation Office Agency","Plymouth","Outside London","EO","75","70","26100","26030"
"In post","2022","Valuation Office Agency","Plymouth","Outside London","G6","[c]","[c]","[c]","[c]"
"In post","2022","Valuation Office Agency","Plymouth","Outside London","G7","15","15","54780","54240"
"In post","2022","Valuation Office Agency","Plymouth","Outside London","HEO","35","30","32500","32890"
"In post","2022","Valuation Office Agency","Plymouth","Outside London","SCS level","[c]","[c]","[c]","[c]"
"In post","2022","Valuation Office Agency","Plymouth","Outside London","SEO","20","20","41290","40160"
"In post","2022","Valuation Office Agency","Redbridge and Waltham Forest","London","EO","[c]","[c]","[c]","[c]"
"In post","2022","Valuation Office Agency","Sefton","Outside London","AO","10","10","21990","22040"
"In post","2022","Valuation Office Agency","Sefton","Outside London","EO","50","50","26390","26880"
"In post","2022","Valuation Office Agency","Sefton","Outside London","G6","[c]","[c]","[c]","[c]"
"In post","2022","Valuation Office Agency","Sefton","Outside London","G7","15","15","55760","56660"
"In post","2022","Valuation Office Agency","Sefton","Outside London","HEO","35","35","32310","31900"
"In post","2022","Valuation Office Agency","Sefton","Outside London","SEO","15","15","43480","43790"
"In post","2022","Valuation Office Agency","Sheffield","Outside London","AO","[c]","[c]","[c]","[c]"
"In post","2022","Valuation Office Agency","Sheffield","Outside London","EO","15","15","26440","26790"
"In post","2022","Valuation Office Agency","Sheffield","Outside London","G7","10","10","[c]","[c]"
"In post","2022","Valuation Office Agency","Sheffield","Outside London","HEO","5","5","[c]","[c]"
"In post","2022","Valuation Office Agency","Sheffield","Outside London","SCS level","[c]","[c]","[c]","[c]"
"In post","2022","Valuation Office Agency","Sheffield","Outside London","SEO","15","15","43800","44530"
"In post","2022","Valuation Office Agency","Shropshire","Outside London","G7","[c]","[c]","[c]","[c]"
"In post","2022","Valuation Office Agency","Shropshire","Outside London","SEO","[c]","[c]","[c]","[c]"
"In post","2022","Valuation Office Agency","Somerset CC","Outside London","G7","[c]","[c]","[c]","[c]"
"In post","2022","Valuation Office Agency","Somerset CC","Outside London","SEO","[c]","[c]","[c]","[c]"
"In post","2022","Valuation Office Agency","South and West Derbyshire","Outside London","EO","[c]","[c]","[c]","[c]"
"In post","2022","Valuation Office Agency","South Hampshire","Outside London","HEO","[c]","[c]","[c]","[c]"
"In post","2022","Valuation Office Agency","South Nottinghamshire","Outside London","AO","[c]","[c]","[c]","[c]"
"In post","2022","Valuation Office Agency","South West Wales","Outside London","AO","5","5","[c]","[c]"
"In post","2022","Valuation Office Agency","South West Wales","Outside London","EO","[c]","[c]","[c]","[c]"
"In post","2022","Valuation Office Agency","South West Wales","Outside London","G7","[c]","[c]","[c]","[c]"
"In post","2022","Valuation Office Agency","South West Wales","Outside London","HEO","[c]","[c]","[c]","[c]"
"In post","2022","Valuation Office Agency","South West Wales","Outside London","SEO","[c]","[c]","[c]","[c]"
"In post","2022","Valuation Office Agency","Southampton","Outside London","AO","20","15","22250","22040"
"In post","2022","Valuation Office Agency","Southampton","Outside London","EO","20","20","26520","26980"
"In post","2022","Valuation Office Agency","Southampton","Outside London","G6","5","5","[c]","[c]"
"In post","2022","Valuation Office Agency","Southampton","Outside London","G7","5","5","[c]","[c]"
"In post","2022","Valuation Office Agency","Southampton","Outside London","HEO","20","15","33000","33370"
"In post","2022","Valuation Office Agency","Southampton","Outside London","SEO","20","20","44050","44530"
"In post","2022","Valuation Office Agency","Stoke-on-Trent","Outside London","AO","15","10","22260","22040"
"In post","2022","Valuation Office Agency","Stoke-on-Trent","Outside London","EO","15","15","26060","26030"
"In post","2022","Valuation Office Agency","Stoke-on-Trent","Outside London","G6","[c]","[c]","[c]","[c]"
"In post","2022","Valuation Office Agency","Stoke-on-Trent","Outside London","G7","10","10","55230","55210"
"In post","2022","Valuation Office Agency","Stoke-on-Trent","Outside London","HEO","15","15","33010","33370"
"In post","2022","Valuation Office Agency","Stoke-on-Trent","Outside London","SEO","10","10","44710","44530"
"In post","2022","Valuation Office Agency","Swansea","Outside London","AO","[c]","[c]","[c]","[c]"
"In post","2022","Valuation Office Agency","Swansea","Outside London","EO","15","15","26830","26880"
"In post","2022","Valuation Office Agency","Swansea","Outside London","G6","[c]","[c]","[c]","[c]"
"In post","2022","Valuation Office Agency","Swansea","Outside London","G7","10","10","56400","57150"
"In post","2022","Valuation Office Agency","Swansea","Outside London","HEO","15","15","32080","32390"
"In post","2022","Valuation Office Agency","Swansea","Outside London","SEO","10","10","43640","44530"
"In post","2022","Valuation Office Agency","Swindon","Outside London","EO","[c]","[c]","[c]","[c]"
"In post","2022","Valuation Office Agency","Swindon","Outside London","SEO","[c]","[c]","[c]","[c]"
"In post","2022","Valuation Office Agency","Tower Hamlets","London","AO","30","25","26640","26800"
"In post","2022","Valuation Office Agency","Tower Hamlets","London","EO","75","70","31630","31670"
"In post","2022","Valuation Office Agency","Tower Hamlets","London","G6","15","15","74750","76830"
"In post","2022","Valuation Office Agency","Tower Hamlets","London","G7","55","55","62930","64390"
"In post","2022","Valuation Office Agency","Tower Hamlets","London","HEO","75","70","38240","38870"
"In post","2022","Valuation Office Agency","Tower Hamlets","London","SCS level","10","10","88460","81400"
"In post","2022","Valuation Office Agency","Tower Hamlets","London","SEO","70","65","48750","48680"
"In post","2022","Valuation Office Agency","Tyneside","Outside London","AO","20","15","22040","22040"
"In post","2022","Valuation Office Agency","Tyneside","Outside London","EO","55","50","26370","26880"
"In post","2022","Valuation Office Agency","Tyneside","Outside London","G6","[c]","[c]","[c]","[c]"
"In post","2022","Valuation Office Agency","Tyneside","Outside London","G7","25","25","55730","57150"
"In post","2022","Valuation Office Agency","Tyneside","Outside London","HEO","50","50","32390","32500"
"In post","2022","Valuation Office Agency","Tyneside","Outside London","SEO","40","35","43130","43790"
"In post","2022","Valuation Office Agency","Wandsworth","London","EO","[c]","[c]","[c]","[c]"
"In post","2022","Valuation Office Agency","West Kent","Outside London","G7","[c]","[c]","[c]","[c]"
"In post","2022","Valuation Office Agency","West Kent","Outside London","HEO","[c]","[c]","[c]","[c]"
"In post","2022","Valuation Office Agency","West Kent","Outside London","SEO","[c]","[c]","[c]","[c]"
"In post","2022","Valuation Office Agency","West Northamptonshire","Outside London","G7","[c]","[c]","[c]","[c]"
"In post","2022","Valuation Office Agency","West Northamptonshire","Outside London","SEO","[c]","[c]","[c]","[c]"
"In post","2022","Valuation Office Agency","West Surrey","Outside London","EO","[c]","[c]","[c]","[c]"
"In post","2022","Valuation Office Agency","West Sussex (South West)","Outside London","AO","[c]","[c]","[c]","[c]"
"In post","2022","Valuation Office Agency","West Sussex (South West)","Outside London","EO","[c]","[c]","[c]","[c]"
"In post","2022","Valuation Office Agency","West Sussex (South West)","Outside London","G6","[c]","[c]","[c]","[c]"
"In post","2022","Valuation Office Agency","West Sussex (South West)","Outside London","G7","[c]","[c]","[c]","[c]"
"In post","2022","Valuation Office Agency","West Sussex (South West)","Outside London","HEO","[c]","[c]","[c]","[c]"
"In post","2022","Valuation Office Agency","Wiltshire","Outside London","EO","[c]","[c]","[c]","[c]"
"In post","2022","Valuation Office Agency","Wiltshire","Outside London","HEO","[c]","[c]","[c]","[c]"
"In post","2022","Valuation Office Agency","Wiltshire","Outside London","SEO","[c]","[c]","[c]","[c]"
"In post","2022","Valuation Office Agency","Wirral","Outside London","HEO","[c]","[c]","[c]","[c]"
"In post","2022","Valuation Office Agency","Worcestershire CC","Outside London","G7","[c]","[c]","[c]","[c]"
"In post","2022","Valuation Office Agency","Worcestershire CC","Outside London","HEO","[c]","[c]","[c]","[c]"
"In post","2022","Valuation Office Agency","Worcestershire CC","Outside London","SEO","[c]","[c]","[c]","[c]"
"In post","2022","Valuation Office Agency","York","Outside London","EO","[c]","[c]","[c]","[c]"
"In post","2022","Vehicle Certification Agency","Bristol, City of","Outside London","AO","35","35","21840","21840"
"In post","2022","Vehicle Certification Agency","Bristol, City of","Outside London","EO","25","25","26700","27250"
"In post","2022","Vehicle Certification Agency","Bristol, City of","Outside London","G6","[c]","[c]","[c]","[c]"
"In post","2022","Vehicle Certification Agency","Bristol, City of","Outside London","G7","5","5","[c]","[c]"
"In post","2022","Vehicle Certification Agency","Bristol, City of","Outside London","HEO","30","30","36390","36760"
"In post","2022","Vehicle Certification Agency","Bristol, City of","Outside London","SEO","20","20","44780","43620"
"In post","2022","Vehicle Certification Agency","Calderdale and Kirklees","Outside London","SEO","[c]","[c]","[c]","[c]"
"In post","2022","Vehicle Certification Agency","East Surrey","Outside London","EO","[c]","[c]","[c]","[c]"
"In post","2022","Vehicle Certification Agency","East Surrey","Outside London","G7","[c]","[c]","[c]","[c]"
"In post","2022","Vehicle Certification Agency","East Surrey","Outside London","HEO","[c]","[c]","[c]","[c]"
"In post","2022","Vehicle Certification Agency","East Surrey","Outside London","SEO","[c]","[c]","[c]","[c]"
"In post","2022","Vehicle Certification Agency","Leicestershire CC and Rutland","Outside London","AA","[c]","[c]","[c]","[c]"
"In post","2022","Vehicle Certification Agency","Leicestershire CC and Rutland","Outside London","AO","10","10","21440","21840"
"In post","2022","Vehicle Certification Agency","Leicestershire CC and Rutland","Outside London","EO","15","15","27140","27250"
"In post","2022","Vehicle Certification Agency","Leicestershire CC and Rutland","Outside London","G6","[c]","[c]","[c]","[c]"
"In post","2022","Vehicle Certification Agency","Leicestershire CC and Rutland","Outside London","G7","5","5","[c]","[c]"
"In post","2022","Vehicle Certification Agency","Leicestershire CC and Rutland","Outside London","HEO","25","25","37370","37230"
"In post","2022","Vehicle Certification Agency","Leicestershire CC and Rutland","Outside London","SCS level","[c]","[c]","[c]","[c]"
"In post","2022","Vehicle Certification Agency","Leicestershire CC and Rutland","Outside London","SEO","10","10","44370","43690"
"In post","2022","Vehicle Certification Agency","Overseas","Overseas","G7","[c]","[c]","[c]","[c]"
"In post","2022","Vehicle Certification Agency","Overseas","Overseas","HEO","[c]","[c]","[c]","[c]"
"In post","2022","Vehicle Certification Agency","Overseas","Overseas","SEO","[c]","[c]","[c]","[c]"
"In post","2022","Veterinary Medicines Directorate","West Surrey","Outside London","AO","30","30","24270","24370"
"In post","2022","Veterinary Medicines Directorate","West Surrey","Outside London","EO","25","25","28140","28260"
"In post","2022","Veterinary Medicines Directorate","West Surrey","Outside London","G6","10","10","65660","65290"
"In post","2022","Veterinary Medicines Directorate","West Surrey","Outside London","G7","50","45","54490","53870"
"In post","2022","Veterinary Medicines Directorate","West Surrey","Outside London","HEO","25","25","33250","32920"
"In post","2022","Veterinary Medicines Directorate","West Surrey","Outside London","SCS level","[c]","[c]","[c]","[c]"
"In post","2022","Veterinary Medicines Directorate","West Surrey","Outside London","SEO","35","35","39320","38810"
"In post","2022","Water Services Regulation Authority","Birmingham","Outside London","AO","5","5","[c]","[c]"
"In post","2022","Water Services Regulation Authority","Birmingham","Outside London","EO","35","30","29470","28000"
"In post","2022","Water Services Regulation Authority","Birmingham","Outside London","G6","15","15","91300","86870"
"In post","2022","Water Services Regulation Authority","Birmingham","Outside London","G7","20","20","71470","70000"
"In post","2022","Water Services Regulation Authority","Birmingham","Outside London","HEO","65","65","40650","40520"
"In post","2022","Water Services Regulation Authority","Birmingham","Outside London","SCS level","[c]","[c]","[c]","[c]"
"In post","2022","Water Services Regulation Authority","Birmingham","Outside London","SEO","35","35","56430","56050"
"In post","2022","Water Services Regulation Authority","Camden and City of London","London","EO","15","15","29040","28000"
"In post","2022","Water Services Regulation Authority","Camden and City of London","London","G6","15","15","98260","100370"
"In post","2022","Water Services Regulation Authority","Camden and City of London","London","G7","20","20","72400","72280"
"In post","2022","Water Services Regulation Authority","Camden and City of London","London","HEO","15","15","43110","44850"
"In post","2022","Water Services Regulation Authority","Camden and City of London","London","SCS level","5","5","[c]","[c]"
"In post","2022","Water Services Regulation Authority","Camden and City of London","London","SEO","15","15","59350","60000"
"In post","2022","Welsh Government (excl. agencies)","Bath and North East Somerset, North Somerset and South Gloucestershire","Outside London","HEO","[c]","[c]","[c]","[c]"
"In post","2022","Welsh Government (excl. agencies)","Birmingham","Outside London","EO","[c]","[c]","[c]","[c]"
"In post","2022","Welsh Government (excl. agencies)","Blackburn with Darwen","Outside London","EO","[c]","[c]","[c]","[c]"
"In post","2022","Welsh Government (excl. agencies)","Bridgend and Neath Port Talbot","Outside London","EO","[c]","[c]","[c]","[c]"
"In post","2022","Welsh Government (excl. agencies)","Bridgend and Neath Port Talbot","Outside London","G7","[c]","[c]","[c]","[c]"
"In post","2022","Welsh Government (excl. agencies)","Bridgend and Neath Port Talbot","Outside London","SEO","[c]","[c]","[c]","[c]"
"In post","2022","Welsh Government (excl. agencies)","Calderdale and Kirklees","Outside London","EO","[c]","[c]","[c]","[c]"
"In post","2022","Welsh Government (excl. agencies)","Cardiff and Vale of Glamorgan","Outside London","AO","350","325","24220","24630"
"In post","2022","Welsh Government (excl. agencies)","Cardiff and Vale of Glamorgan","Outside London","EO","545","510","28720","29430"
"In post","2022","Welsh Government (excl. agencies)","Cardiff and Vale of Glamorgan","Outside London","G6","150","145","72030","75480"
"In post","2022","Welsh Government (excl. agencies)","Cardiff and Vale of Glamorgan","Outside London","G7","560","530","59560","61440"
"In post","2022","Welsh Government (excl. agencies)","Cardiff and Vale of Glamorgan","Outside London","HEO","690","650","37090","38160"
"In post","2022","Welsh Government (excl. agencies)","Cardiff and Vale of Glamorgan","Outside London","SCS level","155","150","87250","80930"
"In post","2022","Welsh Government (excl. agencies)","Cardiff and Vale of Glamorgan","Outside London","SEO","590","560","46010","47470"
"In post","2022","Welsh Government (excl. agencies)","Central Valleys","Outside London","AO","100","95","24270","24630"
"In post","2022","Welsh Government (excl. agencies)","Central Valleys","Outside London","EO","145","135","28940","29430"
"In post","2022","Welsh Government (excl. agencies)","Central Valleys","Outside London","G6","35","30","73840","75480"
"In post","2022","Welsh Government (excl. agencies)","Central Valleys","Outside London","G7","95","90","60440","61440"
"In post","2022","Welsh Government (excl. agencies)","Central Valleys","Outside London","HEO","260","250","37410","38160"
"In post","2022","Welsh Government (excl. agencies)","Central Valleys","Outside London","SCS level","15","15","90350","81760"
"In post","2022","Welsh Government (excl. agencies)","Central Valleys","Outside London","SEO","180","175","46670","47470"
"In post","2022","Welsh Government (excl. agencies)","Cheshire West and Chester","Outside London","G7","[c]","[c]","[c]","[c]"
"In post","2022","Welsh Government (excl. agencies)","Cheshire West and Chester","Outside London","SEO","[c]","[c]","[c]","[c]"
"In post","2022","Welsh Government (excl. agencies)","Conwy and Denbighshire","Outside London","AO","70","60","24140","24630"
"In post","2022","Welsh Government (excl. agencies)","Conwy and Denbighshire","Outside London","EO","70","65","28740","29430"
"In post","2022","Welsh Government (excl. agencies)","Conwy and Denbighshire","Outside London","G6","15","15","74640","75480"
"In post","2022","Welsh Government (excl. agencies)","Conwy and Denbighshire","Outside London","G7","50","50","59730","61440"
"In post","2022","Welsh Government (excl. agencies)","Conwy and Denbighshire","Outside London","HEO","120","110","37550","38160"
"In post","2022","Welsh Government (excl. agencies)","Conwy and Denbighshire","Outside London","SCS level","[c]","[c]","[c]","[c]"
"In post","2022","Welsh Government (excl. agencies)","Conwy and Denbighshire","Outside London","SEO","100","95","46470","47470"
"In post","2022","Welsh Government (excl. agencies)","Croydon","London","EO","[c]","[c]","[c]","[c]"
"In post","2022","Welsh Government (excl. agencies)","Flintshire and Wrexham","Outside London","AO","[c]","[c]","[c]","[c]"
"In post","2022","Welsh Government (excl. agencies)","Flintshire and Wrexham","Outside London","EO","[c]","[c]","[c]","[c]"
"In post","2022","Welsh Government (excl. agencies)","Flintshire and Wrexham","Outside London","G7","[c]","[c]","[c]","[c]"
"In post","2022","Welsh Government (excl. agencies)","Flintshire and Wrexham","Outside London","HEO","5","5","[c]","[c]"
"In post","2022","Welsh Government (excl. agencies)","Flintshire and Wrexham","Outside London","SEO","10","10","47470","47470"
"In post","2022","Welsh Government (excl. agencies)","Gloucestershire CC","Outside London","G7","[c]","[c]","[c]","[c]"
"In post","2022","Welsh Government (excl. agencies)","Gwent Valleys","Outside London","AO","50","45","24430","24630"
"In post","2022","Welsh Government (excl. agencies)","Gwent Valleys","Outside London","EO","55","50","29240","29430"
"In post","2022","Welsh Government (excl. agencies)","Gwent Valleys","Outside London","G6","10","10","[c]","[c]"
"In post","2022","Welsh Government (excl. agencies)","Gwent Valleys","Outside London","G7","15","15","59620","61440"
"In post","2022","Welsh Government (excl. agencies)","Gwent Valleys","Outside London","HEO","55","50","37460","38160"
"In post","2022","Welsh Government (excl. agencies)","Gwent Valleys","Outside London","SCS level","5","5","[c]","[c]"
"In post","2022","Welsh Government (excl. agencies)","Gwent Valleys","Outside London","SEO","50","45","46330","47470"
"In post","2022","Welsh Government (excl. agencies)","Gwynedd","Outside London","AO","45","40","24210","24630"
"In post","2022","Welsh Government (excl. agencies)","Gwynedd","Outside London","EO","30","30","29190","29430"
"In post","2022","Welsh Government (excl. agencies)","Gwynedd","Outside London","G6","[c]","[c]","[c]","[c]"
"In post","2022","Welsh Government (excl. agencies)","Gwynedd","Outside London","G7","5","5","[c]","[c]"
"In post","2022","Welsh Government (excl. agencies)","Gwynedd","Outside London","HEO","20","20","38010","38160"
"In post","2022","Welsh Government (excl. agencies)","Gwynedd","Outside London","SCS level","[c]","[c]","[c]","[c]"
"In post","2022","Welsh Government (excl. agencies)","Gwynedd","Outside London","SEO","5","5","[c]","[c]"
"In post","2022","Welsh Government (excl. agencies)","Isle of Anglesey","Outside London","AO","[c]","[c]","[c]","[c]"
"In post","2022","Welsh Government (excl. agencies)","Isle of Anglesey","Outside London","EO","[c]","[c]","[c]","[c]"
"In post","2022","Welsh Government (excl. agencies)","Isle of Anglesey","Outside London","G7","[c]","[c]","[c]","[c]"
"In post","2022","Welsh Government (excl. agencies)","Isle of Anglesey","Outside London","HEO","[c]","[c]","[c]","[c]"
"In post","2022","Welsh Government (excl. agencies)","Manchester","Outside London","EO","[c]","[c]","[c]","[c]"
"In post","2022","Welsh Government (excl. agencies)","Merton, Kingston upon Thames and Sutton","London","SEO","[c]","[c]","[c]","[c]"
"In post","2022","Welsh Government (excl. agencies)","Monmouthshire and Newport","Outside London","AO","25","20","24100","24630"
"In post","2022","Welsh Government (excl. agencies)","Monmouthshire and Newport","Outside London","EO","5","5","[c]","[c]"
"In post","2022","Welsh Government (excl. agencies)","Monmouthshire and Newport","Outside London","G7","[c]","[c]","[c]","[c]"
"In post","2022","Welsh Government (excl. agencies)","Monmouthshire and Newport","Outside London","HEO","[c]","[c]","[c]","[c]"
"In post","2022","Welsh Government (excl. agencies)","Monmouthshire and Newport","Outside London","SEO","35","35","46590","47470"
"In post","2022","Welsh Government (excl. agencies)","Overseas","Overseas","EO","[c]","[c]","[c]","[c]"
"In post","2022","Welsh Government (excl. agencies)","Overseas","Overseas","G7","10","10","[c]","[c]"
"In post","2022","Welsh Government (excl. agencies)","Overseas","Overseas","HEO","[c]","[c]","[c]","[c]"
"In post","2022","Welsh Government (excl. agencies)","Overseas","Overseas","SCS level","[c]","[c]","[c]","[c]"
"In post","2022","Welsh Government (excl. agencies)","Overseas","Overseas","SEO","[c]","[c]","[c]","[c]"
"In post","2022","Welsh Government (excl. agencies)","Oxfordshire CC","Outside London","EO","[c]","[c]","[c]","[c]"
"In post","2022","Welsh Government (excl. agencies)","Powys","Outside London","AO","45","40","24410","24630"
"In post","2022","Welsh Government (excl. agencies)","Powys","Outside London","EO","60","55","29310","29430"
"In post","2022","Welsh Government (excl. agencies)","Powys","Outside London","G6","[c]","[c]","[c]","[c]"
"In post","2022","Welsh Government (excl. agencies)","Powys","Outside London","G7","20","20","59650","61440"
"In post","2022","Welsh Government (excl. agencies)","Powys","Outside London","HEO","45","40","37700","38160"
"In post","2022","Welsh Government (excl. agencies)","Powys","Outside London","SEO","30","30","46550","47470"
"In post","2022","Welsh Government (excl. agencies)","Shropshire","Outside London","G7","[c]","[c]","[c]","[c]"
"In post","2022","Welsh Government (excl. agencies)","Shropshire","Outside London","SEO","[c]","[c]","[c]","[c]"
"In post","2022","Welsh Government (excl. agencies)","Somerset CC","Outside London","SEO","[c]","[c]","[c]","[c]"
"In post","2022","Welsh Government (excl. agencies)","South West Wales","Outside London","AO","135","125","24350","24630"
"In post","2022","Welsh Government (excl. agencies)","South West Wales","Outside London","EO","120","115","28880","29430"
"In post","2022","Welsh Government (excl. agencies)","South West Wales","Outside London","G6","10","10","74380","75480"
"In post","2022","Welsh Government (excl. agencies)","South West Wales","Outside London","G7","45","45","59680","61440"
"In post","2022","Welsh Government (excl. agencies)","South West Wales","Outside London","HEO","185","175","37550","38160"
"In post","2022","Welsh Government (excl. agencies)","South West Wales","Outside London","SCS level","5","5","[c]","[c]"
"In post","2022","Welsh Government (excl. agencies)","South West Wales","Outside London","SEO","105","95","46420","47470"
"In post","2022","Welsh Government (excl. agencies)","Swansea","Outside London","AO","30","30","24320","24630"
"In post","2022","Welsh Government (excl. agencies)","Swansea","Outside London","EO","50","45","29080","29430"
"In post","2022","Welsh Government (excl. agencies)","Swansea","Outside London","G6","10","10","[c]","[c]"
"In post","2022","Welsh Government (excl. agencies)","Swansea","Outside London","G7","40","40","59790","61440"
"In post","2022","Welsh Government (excl. agencies)","Swansea","Outside London","HEO","65","60","37660","38160"
"In post","2022","Welsh Government (excl. agencies)","Swansea","Outside London","SCS level","[c]","[c]","[c]","[c]"
"In post","2022","Welsh Government (excl. agencies)","Swansea","Outside London","SEO","100","95","46850","47470"
"In post","2022","Welsh Government (excl. agencies)","Westminster","London","EO","[c]","[c]","[c]","[c]"
"In post","2022","Welsh Government (excl. agencies)","Westminster","London","G7","[c]","[c]","[c]","[c]"
"In post","2022","Welsh Government (excl. agencies)","Westminster","London","HEO","[c]","[c]","[c]","[c]"
"In post","2022","Welsh Government (excl. agencies)","Westminster","London","SCS level","[c]","[c]","[c]","[c]"
"In post","2022","Welsh Government (excl. agencies)","Westminster","London","SEO","[c]","[c]","[c]","[c]"
"In post","2022","Welsh Revenue Authority","Calderdale and Kirklees","Outside London","G7","[c]","[c]","[c]","[c]"
"In post","2022","Welsh Revenue Authority","Cardiff and Vale of Glamorgan","Outside London","AO","[c]","[c]","[c]","[c]"
"In post","2022","Welsh Revenue Authority","Cardiff and Vale of Glamorgan","Outside London","EO","[c]","[c]","[c]","[c]"
"In post","2022","Welsh Revenue Authority","Cardiff and Vale of Glamorgan","Outside London","G6","[c]","[c]","[c]","[c]"
"In post","2022","Welsh Revenue Authority","Cardiff and Vale of Glamorgan","Outside London","G7","[c]","[c]","[c]","[c]"
"In post","2022","Welsh Revenue Authority","Cardiff and Vale of Glamorgan","Outside London","HEO","[c]","[c]","[c]","[c]"
"In post","2022","Welsh Revenue Authority","Cardiff and Vale of Glamorgan","Outside London","SCS level","[c]","[c]","[c]","[c]"
"In post","2022","Welsh Revenue Authority","Cardiff and Vale of Glamorgan","Outside London","SEO","[c]","[c]","[c]","[c]"
"In post","2022","Welsh Revenue Authority","Central Valleys","Outside London","AO","10","10","24610","24630"
"In post","2022","Welsh Revenue Authority","Central Valleys","Outside London","EO","10","10","28050","28130"
"In post","2022","Welsh Revenue Authority","Central Valleys","Outside London","G6","[c]","[c]","[c]","[c]"
"In post","2022","Welsh Revenue Authority","Central Valleys","Outside London","G7","10","10","58580","61440"
"In post","2022","Welsh Revenue Authority","Central Valleys","Outside London","HEO","10","10","35630","35180"
"In post","2022","Welsh Revenue Authority","Central Valleys","Outside London","SCS level","[c]","[c]","[c]","[c]"
"In post","2022","Welsh Revenue Authority","Central Valleys","Outside London","SEO","15","15","45810","47470"
"In post","2022","Welsh Revenue Authority","Conwy and Denbighshire","Outside London","G7","[c]","[c]","[c]","[c]"
"In post","2022","Wilton Park","West Sussex (North East)","Outside London","AA","5","5","[c]","[c]"
"In post","2022","Wilton Park","West Sussex (North East)","Outside London","AO","15","15","25800","25580"
"In post","2022","Wilton Park","West Sussex (North East)","Outside London","EO","25","20","27200","25580"
"In post","2022","Wilton Park","West Sussex (North East)","Outside London","G6","[c]","[c]","[c]","[c]"
"In post","2022","Wilton Park","West Sussex (North East)","Outside London","G7","10","10","56650","57330"
"In post","2022","Wilton Park","West Sussex (North East)","Outside London","HEO","20","15","33410","32700"
"In post","2022","Wilton Park","West Sussex (North East)","Outside London","SCS level","[c]","[c]","[c]","[c]"
"In post","2022","Wilton Park","West Sussex (North East)","Outside London","SEO","[c]","[c]","[c]","[c]"
"Leaver CS","2022","Accountant in Bankruptcy","East Ayrshire and North Ayrshire mainland","Outside London","AA","[c]","[c]","[c]","[c]"
"Leaver CS","2022","Accountant in Bankruptcy","East Ayrshire and North Ayrshire mainland","Outside London","EO","[c]","[c]","[c]","[c]"
"Leaver CS","2022","Advisory, Conciliation and Arbitration Service","Birmingham","Outside London","EO","[c]","[c]","[c]","[c]"
"Leaver CS","2022","Advisory, Conciliation and Arbitration Service","Birmingham","Outside London","HEO","[c]","[c]","[c]","[c]"
"Leaver CS","2022","Advisory, Conciliation and Arbitration Service","Bristol, City of","Outside London","EO","[c]","[c]","[c]","[c]"
"Leaver CS","2022","Advisory, Conciliation and Arbitration Service","Bristol, City of","Outside London","HEO","[c]","[c]","[c]","[c]"
"Leaver CS","2022","Advisory, Conciliation and Arbitration Service","Bristol, City of","Outside London","SEO","[c]","[c]","[c]","[c]"
"Leaver CS","2022","Advisory, Conciliation and Arbitration Service","Cardiff and Vale of Glamorgan","Outside London","AO","[c]","[c]","[c]","[c]"
"Leaver CS","2022","Advisory, Conciliation and Arbitration Service","Cardiff and Vale of Glamorgan","Outside London","EO","5","[c]","[c]","[c]"
"Leaver CS","2022","Advisory, Conciliation and Arbitration Service","Cardiff and Vale of Glamorgan","Outside London","HEO","[c]","[c]","[c]","[c]"
"Leaver CS","2022","Advisory, Conciliation and Arbitration Service","Cardiff and Vale of Glamorgan","Outside London","SEO","[c]","[c]","[c]","[c]"
"Leaver CS","2022","Advisory, Conciliation and Arbitration Service","Glasgow City","Outside London","AO","[c]","[c]","[c]","[c]"
"Leaver CS","2022","Advisory, Conciliation and Arbitration Service","Glasgow City","Outside London","EO","[c]","[c]","[c]","[c]"
"Leaver CS","2022","Advisory, Conciliation and Arbitration Service","Glasgow City","Outside London","G7","[c]","[c]","[c]","[c]"
"Leaver CS","2022","Advisory, Conciliation and Arbitration Service","Glasgow City","Outside London","HEO","[c]","[c]","[c]","[c]"
"Leaver CS","2022","Advisory, Conciliation and Arbitration Service","Leeds","Outside London","EO","[c]","[c]","[c]","[c]"
"Leaver CS","2022","Advisory, Conciliation and Arbitration Service","Leeds","Outside London","HEO","[c]","[c]","[c]","[c]"
"Leaver CS","2022","Advisory, Conciliation and Arbitration Service","Leeds","Outside London","SEO","[c]","[c]","[c]","[c]"
"Leaver CS","2022","Advisory, Conciliation and Arbitration Service","Manchester","Outside London","EO","[c]","[c]","[c]","[c]"
"Leaver CS","2022","Advisory, Conciliation and Arbitration Service","Nottingham","Outside London","AO","[c]","[c]","[c]","[c]"
"Leaver CS","2022","Advisory, Conciliation and Arbitration Service","Nottingham","Outside London","EO","[c]","[c]","[c]","[c]"
"Leaver CS","2022","Advisory, Conciliation and Arbitration Service","Nottingham","Outside London","SEO","[c]","[c]","[c]","[c]"
"Leaver CS","2022","Advisory, Conciliation and Arbitration Service","Suffolk CC","Outside London","HEO","[c]","[c]","[c]","[c]"
"Leaver CS","2022","Advisory, Conciliation and Arbitration Service","Tyneside","Outside London","EO","5","[c]","[c]","[c]"
"Leaver CS","2022","Advisory, Conciliation and Arbitration Service","Tyneside","Outside London","HEO","[c]","[c]","[c]","[c]"
"Leaver CS","2022","Advisory, Conciliation and Arbitration Service","Tyneside","Outside London","SEO","[c]","[c]","[c]","[c]"
"Leaver CS","2022","Advisory, Conciliation and Arbitration Service","Westminster","London","EO","[c]","[c]","[c]","[c]"
"Leaver CS","2022","Advisory, Conciliation and Arbitration Service","Westminster","London","G7","[c]","[c]","[c]","[c]"
"Leaver CS","2022","Advisory, Conciliation and Arbitration Service","Westminster","London","HEO","5","[c]","[c]","[c]"
"Leaver CS","2022","Advisory, Conciliation and Arbitration Service","Westminster","London","SCS level","[c]","[c]","[c]","[c]"
"Leaver CS","2022","Advisory, Conciliation and Arbitration Service","Westminster","London","SEO","[c]","[c]","[c]","[c]"
"Leaver CS","2022","Animal and Plant Health Agency","Bristol, City of","Outside London","AO","5","[c]","[c]","[c]"
"Leaver CS","2022","Animal and Plant Health Agency","Caithness and Sutherland, and Ross and Cromarty","Outside London","SEO","[c]","[c]","[c]","[c]"
"Leaver CS","2022","Animal and Plant Health Agency","Cambridgeshire CC","Outside London","EO","[c]","[c]","[c]","[c]"
"Leaver CS","2022","Animal and Plant Health Agency","Cambridgeshire CC","Outside London","HEO","[c]","[c]","[c]","[c]"
"Leaver CS","2022","Animal and Plant Health Agency","Cambridgeshire CC","Outside London","SEO","[c]","[c]","[c]","[c]"
"Leaver CS","2022","Animal and Plant Health Agency","Cardiff and Vale of Glamorgan","Outside London","AO","[c]","[c]","[c]","[c]"
"Leaver CS","2022","Animal and Plant Health Agency","Cardiff and Vale of Glamorgan","Outside London","EO","[c]","[c]","[c]","[c]"
"Leaver CS","2022","Animal and Plant Health Agency","Cardiff and Vale of Glamorgan","Outside London","HEO","[c]","[c]","[c]","[c]"
"Leaver CS","2022","Animal and Plant Health Agency","Central Hampshire","Outside London","EO","[c]","[c]","[c]","[c]"
"Leaver CS","2022","Animal and Plant Health Agency","Central Hampshire","Outside London","HEO","[c]","[c]","[c]","[c]"
"Leaver CS","2022","Animal and Plant Health Agency","Central Hampshire","Outside London","SEO","[c]","[c]","[c]","[c]"
"Leaver CS","2022","Animal and Plant Health Agency","Cheshire East","Outside London","EO","[c]","[c]","[c]","[c]"
"Leaver CS","2022","Animal and Plant Health Agency","Cheshire East","Outside London","SEO","[c]","[c]","[c]","[c]"
"Leaver CS","2022","Animal and Plant Health Agency","Cornwall and Isles of Scilly","Outside London","EO","[c]","[c]","[c]","[c]"
"Leaver CS","2022","Animal and Plant Health Agency","Cornwall and Isles of Scilly","Outside London","G6","[c]","[c]","[c]","[c]"
"Leaver CS","2022","Animal and Plant Health Agency","Cornwall and Isles of Scilly","Outside London","SEO","[c]","[c]","[c]","[c]"
"Leaver CS","2022","Animal and Plant Health Agency","Cornwall and Isles of Scilly","Outside London","Unknown","[c]","[c]","[c]","[c]"
"Leaver CS","2022","Animal and Plant Health Agency","Devon CC","Outside London","AO","5","[c]","[c]","[c]"
"Leaver CS","2022","Animal and Plant Health Agency","Devon CC","Outside London","EO","5","[c]","[c]","[c]"
"Leaver CS","2022","Animal and Plant Health Agency","Devon CC","Outside London","HEO","[c]","[c]","[c]","[c]"
"Leaver CS","2022","Animal and Plant Health Agency","Devon CC","Outside London","SEO","[c]","[c]","[c]","[c]"
"Leaver CS","2022","Animal and Plant Health Agency","Devon CC","Outside London","Unknown","[c]","[c]","[c]","[c]"
"Leaver CS","2022","Animal and Plant Health Agency","Dorset","Outside London","EO","[c]","[c]","[c]","[c]"
"Leaver CS","2022","Animal and Plant Health Agency","Dorset","Outside London","SEO","[c]","[c]","[c]","[c]"
"Leaver CS","2022","Animal and Plant Health Agency","East Cumbria","Outside London","AO","10","[c]","21230","21300"
"Leaver CS","2022","Animal and Plant Health Agency","East Cumbria","Outside London","G6","[c]","[c]","[c]","[c]"
"Leaver CS","2022","Animal and Plant Health Agency","East Cumbria","Outside London","G7","[c]","[c]","[c]","[c]"
"Leaver CS","2022","Animal and Plant Health Agency","East Cumbria","Outside London","HEO","[c]","[c]","[c]","[c]"
"Leaver CS","2022","Animal and Plant Health Agency","East Cumbria","Outside London","SEO","[c]","[c]","[c]","[c]"
"Leaver CS","2022","Animal and Plant Health Agency","East Kent","Outside London","EO","[c]","[c]","[c]","[c]"
"Leaver CS","2022","Animal and Plant Health Agency","East Kent","Outside London","Unknown","[c]","[c]","[c]","[c]"
"Leaver CS","2022","Animal and Plant Health Agency","East Lothian and Midlothian","Outside London","AO","[c]","[c]","[c]","[c]"
"Leaver CS","2022","Animal and Plant Health Agency","East Lothian and Midlothian","Outside London","EO","[c]","[c]","[c]","[c]"
"Leaver CS","2022","Animal and Plant Health Agency","East Lothian and Midlothian","Outside London","G7","[c]","[c]","[c]","[c]"
"Leaver CS","2022","Animal and Plant Health Agency","East Lothian and Midlothian","Outside London","SEO","[c]","[c]","[c]","[c]"
"Leaver CS","2022","Animal and Plant Health Agency","East Riding of Yorkshire","Outside London","EO","[c]","[c]","[c]","[c]"
"Leaver CS","2022","Animal and Plant Health Agency","East Riding of Yorkshire","Outside London","HEO","[c]","[c]","[c]","[c]"
"Leaver CS","2022","Animal and Plant Health Agency","East Riding of Yorkshire","Outside London","Unknown","[c]","[c]","[c]","[c]"
"Leaver CS","2022","Animal and Plant Health Agency","Gloucestershire CC","Outside London","EO","[c]","[c]","[c]","[c]"
"Leaver CS","2022","Animal and Plant Health Agency","Gloucestershire CC","Outside London","HEO","[c]","[c]","[c]","[c]"
"Leaver CS","2022","Animal and Plant Health Agency","Gloucestershire CC","Outside London","SEO","[c]","[c]","[c]","[c]"
"Leaver CS","2022","Animal and Plant Health Agency","Gwynedd","Outside London","AO","[c]","[c]","[c]","[c]"
"Leaver CS","2022","Animal and Plant Health Agency","Gwynedd","Outside London","EO","[c]","[c]","[c]","[c]"
"Leaver CS","2022","Animal and Plant Health Agency","Gwynedd","Outside London","SEO","[c]","[c]","[c]","[c]"
"Leaver CS","2022","Animal and Plant Health Agency","Harrow and Hillingdon","London","EO","[c]","[c]","[c]","[c]"
"Leaver CS","2022","Animal and Plant Health Agency","Harrow and Hillingdon","London","SEO","[c]","[c]","[c]","[c]"
"Leaver CS","2022","Animal and Plant Health Agency","Heart of Essex","Outside London","G6","[c]","[c]","[c]","[c]"
"Leaver CS","2022","Animal and Plant Health Agency","Hertfordshire CC","Outside London","EO","[c]","[c]","[c]","[c]"
"Leaver CS","2022","Animal and Plant Health Agency","Hertfordshire CC","Outside London","HEO","[c]","[c]","[c]","[c]"
"Leaver CS","2022","Animal and Plant Health Agency","Inverness and Nairn, Moray, and Badenoch and Strathspey","Outside London","EO","[c]","[c]","[c]","[c]"
"Leaver CS","2022","Animal and Plant Health Agency","Inverness and Nairn, Moray, and Badenoch and Strathspey","Outside London","SEO","[c]","[c]","[c]","[c]"
"Leaver CS","2022","Animal and Plant Health Agency","Leicestershire CC and Rutland","Outside London","EO","[c]","[c]","[c]","[c]"
"Leaver CS","2022","Animal and Plant Health Agency","Lincolnshire CC","Outside London","EO","[c]","[c]","[c]","[c]"
"Leaver CS","2022","Animal and Plant Health Agency","Manchester","Outside London","EO","[c]","[c]","[c]","[c]"
"Leaver CS","2022","Animal and Plant Health Agency","Mid Kent","Outside London","SEO","[c]","[c]","[c]","[c]"
"Leaver CS","2022","Animal and Plant Health Agency","Mid Lancashire","Outside London","AO","5","[c]","[c]","[c]"
"Leaver CS","2022","Animal and Plant Health Agency","Mid Lancashire","Outside London","HEO","[c]","[c]","[c]","[c]"
"Leaver CS","2022","Animal and Plant Health Agency","Mid Lancashire","Outside London","SEO","[c]","[c]","[c]","[c]"
"Leaver CS","2022","Animal and Plant Health Agency","North and West Norfolk","Outside London","EO","[c]","[c]","[c]","[c]"
"Leaver CS","2022","Animal and Plant Health Agency","North and West Norfolk","Outside London","HEO","[c]","[c]","[c]","[c]"
"Leaver CS","2022","Animal and Plant Health Agency","North and West Norfolk","Outside London","SEO","[c]","[c]","[c]","[c]"
"Leaver CS","2022","Animal and Plant Health Agency","North Yorkshire CC","Outside London","AO","[c]","[c]","[c]","[c]"
"Leaver CS","2022","Animal and Plant Health Agency","North Yorkshire CC","Outside London","EO","5","[c]","[c]","[c]"
"Leaver CS","2022","Animal and Plant Health Agency","North Yorkshire CC","Outside London","HEO","5","[c]","[c]","[c]"
"Leaver CS","2022","Animal and Plant Health Agency","North Yorkshire CC","Outside London","SEO","[c]","[c]","[c]","[c]"
"Leaver CS","2022","Animal and Plant Health Agency","Norwich and East Norfolk","Outside London","HEO","[c]","[c]","[c]","[c]"
"Leaver CS","2022","Animal and Plant Health Agency","Nottingham","Outside London","HEO","[c]","[c]","[c]","[c]"
"Leaver CS","2022","Animal and Plant Health Agency","Oxfordshire CC","Outside London","SEO","[c]","[c]","[c]","[c]"
"Leaver CS","2022","Animal and Plant Health Agency","Perth and Kinross, and Stirling","Outside London","AO","[c]","[c]","[c]","[c]"
"Leaver CS","2022","Animal and Plant Health Agency","Powys","Outside London","SEO","[c]","[c]","[c]","[c]"
"Leaver CS","2022","Animal and Plant Health Agency","Scottish Borders","Outside London","AO","[c]","[c]","[c]","[c]"
"Leaver CS","2022","Animal and Plant Health Agency","Scottish Borders","Outside London","EO","[c]","[c]","[c]","[c]"
"Leaver CS","2022","Animal and Plant Health Agency","Shropshire","Outside London","EO","[c]","[c]","[c]","[c]"
"Leaver CS","2022","Animal and Plant Health Agency","Shropshire","Outside London","HEO","[c]","[c]","[c]","[c]"
"Leaver CS","2022","Animal and Plant Health Agency","Shropshire","Outside London","SEO","[c]","[c]","[c]","[c]"
"Leaver CS","2022","Animal and Plant Health Agency","Somerset CC","Outside London","HEO","[c]","[c]","[c]","[c]"
"Leaver CS","2022","Animal and Plant Health Agency","Somerset CC","Outside London","SEO","[c]","[c]","[c]","[c]"
"Leaver CS","2022","Animal and Plant Health Agency","Somerset CC","Outside London","Unknown","[c]","[c]","[c]","[c]"
"Leaver CS","2022","Animal and Plant Health Agency","South Ayrshire","Outside London","AO","[c]","[c]","[c]","[c]"
"Leaver CS","2022","Animal and Plant Health Agency","South Ayrshire","Outside London","G6","[c]","[c]","[c]","[c]"
"Leaver CS","2022","Animal and Plant Health Agency","South Ayrshire","Outside London","HEO","[c]","[c]","[c]","[c]"
"Leaver CS","2022","Animal and Plant Health Agency","South Ayrshire","Outside London","SEO","[c]","[c]","[c]","[c]"
"Leaver CS","2022","Animal and Plant Health Agency","South Nottinghamshire","Outside London","AO","[c]","[c]","[c]","[c]"
"Leaver CS","2022","Animal and Plant Health Agency","South West Wales","Outside London","AO","15","[c]","21260","21300"
"Leaver CS","2022","Animal and Plant Health Agency","South West Wales","Outside London","EO","[c]","[c]","[c]","[c]"
"Leaver CS","2022","Animal and Plant Health Agency","South West Wales","Outside London","G7","[c]","[c]","[c]","[c]"
"Leaver CS","2022","Animal and Plant Health Agency","South West Wales","Outside London","SEO","[c]","[c]","[c]","[c]"
"Leaver CS","2022","Animal and Plant Health Agency","Staffordshire CC","Outside London","AO","[c]","[c]","[c]","[c]"
"Leaver CS","2022","Animal and Plant Health Agency","Staffordshire CC","Outside London","EO","[c]","[c]","[c]","[c]"
"Leaver CS","2022","Animal and Plant Health Agency","Staffordshire CC","Outside London","HEO","[c]","[c]","[c]","[c]"
"Leaver CS","2022","Animal and Plant Health Agency","Suffolk CC","Outside London","EO","[c]","[c]","[c]","[c]"
"Leaver CS","2022","Animal and Plant Health Agency","Suffolk CC","Outside London","HEO","[c]","[c]","[c]","[c]"
"Leaver CS","2022","Animal and Plant Health Agency","Suffolk CC","Outside London","SEO","[c]","[c]","[c]","[c]"
"Leaver CS","2022","Animal and Plant Health Agency","Suffolk CC","Outside London","Unknown","[c]","[c]","[c]","[c]"
"Leaver CS","2022","Animal and Plant Health Agency","Thurrock","Outside London","EO","[c]","[c]","[c]","[c]"
"Leaver CS","2022","Animal and Plant Health Agency","Tyneside","Outside London","AO","[c]","[c]","[c]","[c]"
"Leaver CS","2022","Animal and Plant Health Agency","Unknown","Unknown","EO","[c]","[c]","[c]","[c]"
"Leaver CS","2022","Animal and Plant Health Agency","West Surrey","Outside London","AO","30","[c]","24170","24370"
"Leaver CS","2022","Animal and Plant Health Agency","West Surrey","Outside London","EO","5","[c]","[c]","[c]"
"Leaver CS","2022","Animal and Plant Health Agency","West Surrey","Outside London","G7","[c]","[c]","[c]","[c]"
"Leaver CS","2022","Animal and Plant Health Agency","West Surrey","Outside London","HEO","[c]","[c]","[c]","[c]"
"Leaver CS","2022","Animal and Plant Health Agency","West Surrey","Outside London","SCS level","[c]","[c]","[c]","[c]"
"Leaver CS","2022","Animal and Plant Health Agency","West Surrey","Outside London","SEO","10","[c]","40920","40400"
"Leaver CS","2022","Animal and Plant Health Agency","West Sussex (North East)","Outside London","EO","[c]","[c]","[c]","[c]"
"Leaver CS","2022","Animal and Plant Health Agency","West Sussex (North East)","Outside London","SEO","[c]","[c]","[c]","[c]"
"Leaver CS","2022","Animal and Plant Health Agency","Westminster","London","AO","[c]","[c]","[c]","[c]"
"Leaver CS","2022","Animal and Plant Health Agency","Westminster","London","G7","[c]","[c]","[c]","[c]"
"Leaver CS","2022","Animal and Plant Health Agency","Wiltshire","Outside London","EO","[c]","[c]","[c]","[c]"
"Leaver CS","2022","Animal and Plant Health Agency","Wiltshire","Outside London","HEO","[c]","[c]","[c]","[c]"
"Leaver CS","2022","Animal and Plant Health Agency","Worcestershire CC","Outside London","AO","[c]","[c]","[c]","[c]"
"Leaver CS","2022","Animal and Plant Health Agency","Worcestershire CC","Outside London","EO","[c]","[c]","[c]","[c]"
"Leaver CS","2022","Animal and Plant Health Agency","Worcestershire CC","Outside London","HEO","[c]","[c]","[c]","[c]"
"Leaver CS","2022","Animal and Plant Health Agency","Worcestershire CC","Outside London","SEO","[c]","[c]","[c]","[c]"
"Leaver CS","2022","Animal and Plant Health Agency","York","Outside London","AO","[c]","[c]","[c]","[c]"
"Leaver CS","2022","Animal and Plant Health Agency","York","Outside London","EO","[c]","[c]","[c]","[c]"
"Leaver CS","2022","Attorney General's Office","Westminster","London","HEO","[c]","[c]","[c]","[c]"
"Leaver CS","2022","Attorney General's Office","Westminster","London","SEO","[c]","[c]","[c]","[c]"
"Leaver CS","2022","Cabinet Office (excl. agencies)","Bath and North East Somerset, North Somerset and South Gloucestershire","Outside London","G7","[c]","[c]","[c]","[c]"
"Leaver CS","2022","Cabinet Office (excl. agencies)","Bath and North East Somerset, North Somerset and South Gloucestershire","Outside London","HEO","[c]","[c]","[c]","[c]"
"Leaver CS","2022","Cabinet Office (excl. agencies)","Bath and North East Somerset, North Somerset and South Gloucestershire","Outside London","SCS level","[c]","[c]","[c]","[c]"
"Leaver CS","2022","Cabinet Office (excl. agencies)","Berkshire","Outside London","G6","[c]","[c]","[c]","[c]"
"Leaver CS","2022","Cabinet Office (excl. agencies)","Berkshire","Outside London","G7","[c]","[c]","[c]","[c]"
"Leaver CS","2022","Cabinet Office (excl. agencies)","Birmingham","Outside London","G7","[c]","[c]","[c]","[c]"
"Leaver CS","2022","Cabinet Office (excl. agencies)","Birmingham","Outside London","HEO","[c]","[c]","[c]","[c]"
"Leaver CS","2022","Cabinet Office (excl. agencies)","Birmingham","Outside London","SCS level","[c]","[c]","[c]","[c]"
"Leaver CS","2022","Cabinet Office (excl. agencies)","Bristol, City of","Outside London","EO","[c]","[c]","[c]","[c]"
"Leaver CS","2022","Cabinet Office (excl. agencies)","Bristol, City of","Outside London","G6","[c]","[c]","[c]","[c]"
"Leaver CS","2022","Cabinet Office (excl. agencies)","Bristol, City of","Outside London","G7","[c]","[c]","[c]","[c]"
"Leaver CS","2022","Cabinet Office (excl. agencies)","Bristol, City of","Outside London","SEO","[c]","[c]","[c]","[c]"
"Leaver CS","2022","Cabinet Office (excl. agencies)","Buckinghamshire","Outside London","G6","[c]","[c]","[c]","[c]"
"Leaver CS","2022","Cabinet Office (excl. agencies)","Cambridgeshire CC","Outside London","G7","[c]","[c]","[c]","[c]"
"Leaver CS","2022","Cabinet Office (excl. agencies)","Cambridgeshire CC","Outside London","SCS level","[c]","[c]","[c]","[c]"
"Leaver CS","2022","Cabinet Office (excl. agencies)","Camden and City of London","London","G6","[c]","[c]","[c]","[c]"
"Leaver CS","2022","Cabinet Office (excl. agencies)","Camden and City of London","London","G7","[c]","[c]","[c]","[c]"
"Leaver CS","2022","Cabinet Office (excl. agencies)","Camden and City of London","London","SEO","[c]","[c]","[c]","[c]"
"Leaver CS","2022","Cabinet Office (excl. agencies)","Cardiff and Vale of Glamorgan","Outside London","G7","[c]","[c]","[c]","[c]"
"Leaver CS","2022","Cabinet Office (excl. agencies)","Cardiff and Vale of Glamorgan","Outside London","HEO","[c]","[c]","[c]","[c]"
"Leaver CS","2022","Cabinet Office (excl. agencies)","Central Hampshire","Outside London","G6","[c]","[c]","[c]","[c]"
"Leaver CS","2022","Cabinet Office (excl. agencies)","Central Hampshire","Outside London","G7","[c]","[c]","[c]","[c]"
"Leaver CS","2022","Cabinet Office (excl. agencies)","Central Hampshire","Outside London","HEO","[c]","[c]","[c]","[c]"
"Leaver CS","2022","Cabinet Office (excl. agencies)","City of Edinburgh","Outside London","HEO","[c]","[c]","[c]","[c]"
"Leaver CS","2022","Cabinet Office (excl. agencies)","Croydon","London","HEO","[c]","[c]","[c]","[c]"
"Leaver CS","2022","Cabinet Office (excl. agencies)","East Dunbartonshire, West Dunbartonshire, and Helensburgh and Lomond","Outside London","HEO","[c]","[c]","[c]","[c]"
"Leaver CS","2022","Cabinet Office (excl. agencies)","Glasgow City","Outside London","EO","[c]","[c]","[c]","[c]"
"Leaver CS","2022","Cabinet Office (excl. agencies)","Glasgow City","Outside London","G6","[c]","[c]","[c]","[c]"
"Leaver CS","2022","Cabinet Office (excl. agencies)","Glasgow City","Outside London","G7","[c]","[c]","[c]","[c]"
"Leaver CS","2022","Cabinet Office (excl. agencies)","Glasgow City","Outside London","SEO","[c]","[c]","[c]","[c]"
"Leaver CS","2022","Cabinet Office (excl. agencies)","Greater Manchester South East","Outside London","SEO","[c]","[c]","[c]","[c]"
"Leaver CS","2022","Cabinet Office (excl. agencies)","Greater Manchester South West","Outside London","EO","[c]","[c]","[c]","[c]"
"Leaver CS","2022","Cabinet Office (excl. agencies)","Greater Manchester South West","Outside London","G7","[c]","[c]","[c]","[c]"
"Leaver CS","2022","Cabinet Office (excl. agencies)","Greater Manchester South West","Outside London","HEO","[c]","[c]","[c]","[c]"
"Leaver CS","2022","Cabinet Office (excl. agencies)","Greater Manchester South West","Outside London","SEO","[c]","[c]","[c]","[c]"
"Leaver CS","2022","Cabinet Office (excl. agencies)","Hertfordshire CC","Outside London","HEO","[c]","[c]","[c]","[c]"
"Leaver CS","2022","Cabinet Office (excl. agencies)","Lambeth","London","HEO","[c]","[c]","[c]","[c]"
"Leaver CS","2022","Cabinet Office (excl. agencies)","Lancaster and Wyre","Outside London","G6","[c]","[c]","[c]","[c]"
"Leaver CS","2022","Cabinet Office (excl. agencies)","Leeds","Outside London","AO","[c]","[c]","[c]","[c]"
"Leaver CS","2022","Cabinet Office (excl. agencies)","Leeds","Outside London","G6","[c]","[c]","[c]","[c]"
"Leaver CS","2022","Cabinet Office (excl. agencies)","Leeds","Outside London","G7","[c]","[c]","[c]","[c]"
"Leaver CS","2022","Cabinet Office (excl. agencies)","Leeds","Outside London","HEO","[c]","[c]","[c]","[c]"
"Leaver CS","2022","Cabinet Office (excl. agencies)","Leeds","Outside London","SCS level","[c]","[c]","[c]","[c]"
"Leaver CS","2022","Cabinet Office (excl. agencies)","Leeds","Outside London","SEO","[c]","[c]","[c]","[c]"
"Leaver CS","2022","Cabinet Office (excl. agencies)","Lewisham and Southwark","London","G6","[c]","[c]","[c]","[c]"
"Leaver CS","2022","Cabinet Office (excl. agencies)","Lewisham and Southwark","London","SCS level","[c]","[c]","[c]","[c]"
"Leaver CS","2022","Cabinet Office (excl. agencies)","Liverpool","Outside London","G6","[c]","[c]","[c]","[c]"
"Leaver CS","2022","Cabinet Office (excl. agencies)","Manchester","Outside London","G6","[c]","[c]","[c]","[c]"
"Leaver CS","2022","Cabinet Office (excl. agencies)","Manchester","Outside London","G7","[c]","[c]","[c]","[c]"
"Leaver CS","2022","Cabinet Office (excl. agencies)","Manchester","Outside London","HEO","5","[c]","[c]","[c]"
"Leaver CS","2022","Cabinet Office (excl. agencies)","Manchester","Outside London","SCS level","[c]","[c]","[c]","[c]"
"Leaver CS","2022","Cabinet Office (excl. agencies)","Milton Keynes","Outside London","AO","[c]","[c]","[c]","[c]"
"Leaver CS","2022","Cabinet Office (excl. agencies)","Milton Keynes","Outside London","G7","[c]","[c]","[c]","[c]"
"Leaver CS","2022","Cabinet Office (excl. agencies)","Milton Keynes","Outside London","HEO","[c]","[c]","[c]","[c]"
"Leaver CS","2022","Cabinet Office (excl. agencies)","Milton Keynes","Outside London","SEO","[c]","[c]","[c]","[c]"
"Leaver CS","2022","Cabinet Office (excl. agencies)","Norwich and East Norfolk","Outside London","G6","[c]","[c]","[c]","[c]"
"Leaver CS","2022","Cabinet Office (excl. agencies)","Nottingham","Outside London","AO","[c]","[c]","[c]","[c]"
"Leaver CS","2022","Cabinet Office (excl. agencies)","Nottingham","Outside London","SEO","[c]","[c]","[c]","[c]"
"Leaver CS","2022","Cabinet Office (excl. agencies)","Oxfordshire CC","Outside London","HEO","[c]","[c]","[c]","[c]"
"Leaver CS","2022","Cabinet Office (excl. agencies)","Portsmouth","Outside London","G6","[c]","[c]","[c]","[c]"
"Leaver CS","2022","Cabinet Office (excl. agencies)","Portsmouth","Outside London","G7","[c]","[c]","[c]","[c]"
"Leaver CS","2022","Cabinet Office (excl. agencies)","Portsmouth","Outside London","HEO","[c]","[c]","[c]","[c]"
"Leaver CS","2022","Cabinet Office (excl. agencies)","Sheffield","Outside London","AO","[c]","[c]","[c]","[c]"
"Leaver CS","2022","Cabinet Office (excl. agencies)","Sheffield","Outside London","G6","[c]","[c]","[c]","[c]"
"Leaver CS","2022","Cabinet Office (excl. agencies)","Sheffield","Outside London","G7","[c]","[c]","[c]","[c]"
"Leaver CS","2022","Cabinet Office (excl. agencies)","Sheffield","Outside London","HEO","[c]","[c]","[c]","[c]"
"Leaver CS","2022","Cabinet Office (excl. agencies)","Sheffield","Outside London","SEO","[c]","[c]","[c]","[c]"
"Leaver CS","2022","Cabinet Office (excl. agencies)","South Lanarkshire","Outside London","HEO","[c]","[c]","[c]","[c]"
"Leaver CS","2022","Cabinet Office (excl. agencies)","Telford and Wrekin","Outside London","G7","[c]","[c]","[c]","[c]"
"Leaver CS","2022","Cabinet Office (excl. agencies)","Tower Hamlets","London","AO","20","[c]","20220","18450"
"Leaver CS","2022","Cabinet Office (excl. agencies)","Tower Hamlets","London","EO","5","[c]","[c]","[c]"
"Leaver CS","2022","Cabinet Office (excl. agencies)","Tower Hamlets","London","G6","15","[c]","67810","67370"
"Leaver CS","2022","Cabinet Office (excl. agencies)","Tower Hamlets","London","G7","45","[c]","56840","54700"
"Leaver CS","2022","Cabinet Office (excl. agencies)","Tower Hamlets","London","HEO","10","[c]","[c]","[c]"
"Leaver CS","2022","Cabinet Office (excl. agencies)","Tower Hamlets","London","SCS level","10","[c]","108970","104920"
"Leaver CS","2022","Cabinet Office (excl. agencies)","Tower Hamlets","London","SEO","5","[c]","[c]","[c]"
"Leaver CS","2022","Cabinet Office (excl. agencies)","Tyneside","Outside London","AO","10","[c]","20970","21050"
"Leaver CS","2022","Cabinet Office (excl. agencies)","Tyneside","Outside London","EO","[c]","[c]","[c]","[c]"
"Leaver CS","2022","Cabinet Office (excl. agencies)","Tyneside","Outside London","G6","[c]","[c]","[c]","[c]"
"Leaver CS","2022","Cabinet Office (excl. agencies)","Tyneside","Outside London","G7","[c]","[c]","[c]","[c]"
"Leaver CS","2022","Cabinet Office (excl. agencies)","Tyneside","Outside London","HEO","[c]","[c]","[c]","[c]"
"Leaver CS","2022","Cabinet Office (excl. agencies)","Tyneside","Outside London","SEO","[c]","[c]","[c]","[c]"
"Leaver CS","2022","Cabinet Office (excl. agencies)","Unknown","Unknown","AO","5","[c]","[c]","[c]"
"Leaver CS","2022","Cabinet Office (excl. agencies)","Unknown","Unknown","EO","10","[c]","27050","27500"
"Leaver CS","2022","Cabinet Office (excl. agencies)","Unknown","Unknown","G6","10","[c]","[c]","[c]"
"Leaver CS","2022","Cabinet Office (excl. agencies)","Unknown","Unknown","G7","25","[c]","61960","61710"
"Leaver CS","2022","Cabinet Office (excl. agencies)","Unknown","Unknown","HEO","20","[c]","33020","33930"
"Leaver CS","2022","Cabinet Office (excl. agencies)","Unknown","Unknown","SCS level","10","[c]","101300","90450"
"Leaver CS","2022","Cabinet Office (excl. agencies)","Unknown","Unknown","SEO","5","[c]","[c]","[c]"
"Leaver CS","2022","Cabinet Office (excl. agencies)","Westminster","London","AO","30","[c]","20790","18450"
"Leaver CS","2022","Cabinet Office (excl. agencies)","Westminster","London","EO","35","[c]","27880","27500"
"Leaver CS","2022","Cabinet Office (excl. agencies)","Westminster","London","G6","35","[c]","74560","69340"
"Leaver CS","2022","Cabinet Office (excl. agencies)","Westminster","London","G7","90","[c]","59080","56490"
"Leaver CS","2022","Cabinet Office (excl. agencies)","Westminster","London","HEO","75","[c]","32540","34550"
"Leaver CS","2022","Cabinet Office (excl. agencies)","Westminster","London","SCS level","45","[c]","98890","93000"
"Leaver CS","2022","Cabinet Office (excl. agencies)","Westminster","London","SEO","45","[c]","41380","40600"
"Leaver CS","2022","Cabinet Office (excl. agencies)","Wiltshire","Outside London","G7","[c]","[c]","[c]","[c]"
"Leaver CS","2022","Cabinet Office (excl. agencies)","York","Outside London","AA","[c]","[c]","[c]","[c]"
"Leaver CS","2022","Cabinet Office (excl. agencies)","York","Outside London","AO","10","[c]","21120","21170"
"Leaver CS","2022","Cabinet Office (excl. agencies)","York","Outside London","EO","15","[c]","26320","26670"
"Leaver CS","2022","Cabinet Office (excl. agencies)","York","Outside London","G6","[c]","[c]","[c]","[c]"
"Leaver CS","2022","Cabinet Office (excl. agencies)","York","Outside London","G7","[c]","[c]","[c]","[c]"
"Leaver CS","2022","Cabinet Office (excl. agencies)","York","Outside London","HEO","10","[c]","33770","33300"
"Leaver CS","2022","Cabinet Office (excl. agencies)","York","Outside London","SEO","[c]","[c]","[c]","[c]"
"Leaver CS","2022","Centre for Environment, Fisheries and Aquaculture Science","Dorset","Outside London","AO","[c]","[c]","[c]","[c]"
"Leaver CS","2022","Centre for Environment, Fisheries and Aquaculture Science","Dorset","Outside London","EO","[c]","[c]","[c]","[c]"
"Leaver CS","2022","Centre for Environment, Fisheries and Aquaculture Science","Dorset","Outside London","G7","[c]","[c]","[c]","[c]"
"Leaver CS","2022","Centre for Environment, Fisheries and Aquaculture Science","Dorset","Outside London","HEO","[c]","[c]","[c]","[c]"
"Leaver CS","2022","Centre for Environment, Fisheries and Aquaculture Science","Plymouth","Outside London","EO","[c]","[c]","[c]","[c]"
"Leaver CS","2022","Centre for Environment, Fisheries and Aquaculture Science","Suffolk CC","Outside London","AA","[c]","[c]","[c]","[c]"
"Leaver CS","2022","Centre for Environment, Fisheries and Aquaculture Science","Suffolk CC","Outside London","AO","5","[c]","[c]","[c]"
"Leaver CS","2022","Centre for Environment, Fisheries and Aquaculture Science","Suffolk CC","Outside London","EO","[c]","[c]","[c]","[c]"
"Leaver CS","2022","Centre for Environment, Fisheries and Aquaculture Science","Suffolk CC","Outside London","G6","[c]","[c]","[c]","[c]"
"Leaver CS","2022","Centre for Environment, Fisheries and Aquaculture Science","Suffolk CC","Outside London","G7","[c]","[c]","[c]","[c]"
"Leaver CS","2022","Centre for Environment, Fisheries and Aquaculture Science","Suffolk CC","Outside London","HEO","10","[c]","30040","30220"
"Leaver CS","2022","Centre for Environment, Fisheries and Aquaculture Science","Suffolk CC","Outside London","SEO","10","[c]","37930","37280"
"Leaver CS","2022","Charity Commission","Monmouthshire and Newport","Outside London","G7","[c]","[c]","[c]","[c]"
"Leaver CS","2022","Charity Commission","Monmouthshire and Newport","Outside London","SEO","[c]","[c]","[c]","[c]"
"Leaver CS","2022","Charity Commission","Sefton","Outside London","AO","[c]","[c]","[c]","[c]"
"Leaver CS","2022","Charity Commission","Sefton","Outside London","EO","15","[c]","23960","24440"
"Leaver CS","2022","Charity Commission","Sefton","Outside London","G7","[c]","[c]","[c]","[c]"
"Leaver CS","2022","Charity Commission","Sefton","Outside London","HEO","10","[c]","29380","29160"
"Leaver CS","2022","Charity Commission","Sefton","Outside London","SEO","10","[c]","[c]","[c]"
"Leaver CS","2022","Charity Commission","Somerset CC","Outside London","AO","[c]","[c]","[c]","[c]"
"Leaver CS","2022","Charity Commission","Somerset CC","Outside London","EO","[c]","[c]","[c]","[c]"
"Leaver CS","2022","Charity Commission","Somerset CC","Outside London","G6","[c]","[c]","[c]","[c]"
"Leaver CS","2022","Charity Commission","Somerset CC","Outside London","G7","5","[c]","[c]","[c]"
"Leaver CS","2022","Charity Commission","Somerset CC","Outside London","HEO","[c]","[c]","[c]","[c]"
"Leaver CS","2022","Charity Commission","Westminster","London","EO","[c]","[c]","[c]","[c]"
"Leaver CS","2022","Charity Commission","Westminster","London","G6","[c]","[c]","[c]","[c]"
"Leaver CS","2022","Charity Commission","Westminster","London","G7","[c]","[c]","[c]","[c]"
"Leaver CS","2022","Charity Commission","Westminster","London","SEO","[c]","[c]","[c]","[c]"
"Leaver CS","2022","Companies House","Cardiff and Vale of Glamorgan","Outside London","AO","40","[c]","21560","22490"
"Leaver CS","2022","Companies House","Cardiff and Vale of Glamorgan","Outside London","EO","15","[c]","29000","27460"
"Leaver CS","2022","Companies House","Cardiff and Vale of Glamorgan","Outside London","G6","[c]","[c]","[c]","[c]"
"Leaver CS","2022","Companies House","Cardiff and Vale of Glamorgan","Outside London","G7","[c]","[c]","[c]","[c]"
"Leaver CS","2022","Companies House","Cardiff and Vale of Glamorgan","Outside London","HEO","15","[c]","34880","36220"
"Leaver CS","2022","Companies House","Cardiff and Vale of Glamorgan","Outside London","SEO","10","[c]","[c]","[c]"
"Leaver CS","2022","Companies House","City of Edinburgh","Outside London","AO","[c]","[c]","[c]","[c]"
"Leaver CS","2022","Competition and Markets Authority","Cardiff and Vale of Glamorgan","Outside London","HEO","[c]","[c]","[c]","[c]"
"Leaver CS","2022","Competition and Markets Authority","City of Edinburgh","Outside London","AO","[c]","[c]","[c]","[c]"
"Leaver CS","2022","Competition and Markets Authority","City of Edinburgh","Outside London","G7","[c]","[c]","[c]","[c]"
"Leaver CS","2022","Competition and Markets Authority","City of Edinburgh","Outside London","HEO","[c]","[c]","[c]","[c]"
"Leaver CS","2022","Competition and Markets Authority","Tower Hamlets","London","AO","10","[c]","23040","22770"
"Leaver CS","2022","Competition and Markets Authority","Tower Hamlets","London","EO","[c]","[c]","[c]","[c]"
"Leaver CS","2022","Competition and Markets Authority","Tower Hamlets","London","G6","10","[c]","75550","76140"
"Leaver CS","2022","Competition and Markets Authority","Tower Hamlets","London","G7","30","[c]","57720","58530"
"Leaver CS","2022","Competition and Markets Authority","Tower Hamlets","London","HEO","20","[c]","34970","34570"
"Leaver CS","2022","Competition and Markets Authority","Tower Hamlets","London","SCS level","5","[c]","[c]","[c]"
"Leaver CS","2022","Competition and Markets Authority","Tower Hamlets","London","SEO","10","[c]","[c]","[c]"
"Leaver CS","2022","Criminal Injuries Compensation Authority","Glasgow City","Outside London","AO","5","[c]","[c]","[c]"
"Leaver CS","2022","Criminal Injuries Compensation Authority","Glasgow City","Outside London","EO","[c]","[c]","[c]","[c]"
"Leaver CS","2022","Criminal Injuries Compensation Authority","Glasgow City","Outside London","HEO","[c]","[c]","[c]","[c]"
"Leaver CS","2022","Criminal Injuries Compensation Authority","Glasgow City","Outside London","SEO","[c]","[c]","[c]","[c]"
"Leaver CS","2022","Criminal Injuries Compensation Authority","North and West Norfolk","Outside London","AO","[c]","[c]","[c]","[c]"
"Leaver CS","2022","Crown Commercial Service","Birmingham","Outside London","AO","[c]","[c]","[c]","[c]"
"Leaver CS","2022","Crown Commercial Service","Birmingham","Outside London","EO","[c]","[c]","[c]","[c]"
"Leaver CS","2022","Crown Commercial Service","Birmingham","Outside London","HEO","[c]","[c]","[c]","[c]"
"Leaver CS","2022","Crown Commercial Service","Birmingham","Outside London","SEO","[c]","[c]","[c]","[c]"
"Leaver CS","2022","Crown Commercial Service","Brent","London","SEO","[c]","[c]","[c]","[c]"
"Leaver CS","2022","Crown Commercial Service","Bristol, City of","Outside London","AO","[c]","[c]","[c]","[c]"
"Leaver CS","2022","Crown Commercial Service","Bristol, City of","Outside London","SCS level","[c]","[c]","[c]","[c]"
"Leaver CS","2022","Crown Commercial Service","Liverpool","Outside London","AO","[c]","[c]","[c]","[c]"
"Leaver CS","2022","Crown Commercial Service","Liverpool","Outside London","EO","[c]","[c]","[c]","[c]"
"Leaver CS","2022","Crown Commercial Service","Liverpool","Outside London","G6","[c]","[c]","[c]","[c]"
"Leaver CS","2022","Crown Commercial Service","Liverpool","Outside London","G7","[c]","[c]","[c]","[c]"
"Leaver CS","2022","Crown Commercial Service","Liverpool","Outside London","HEO","[c]","[c]","[c]","[c]"
"Leaver CS","2022","Crown Commercial Service","Liverpool","Outside London","SEO","10","[c]","[c]","[c]"
"Leaver CS","2022","Crown Commercial Service","Monmouthshire and Newport","Outside London","AO","[c]","[c]","[c]","[c]"
"Leaver CS","2022","Crown Commercial Service","Monmouthshire and Newport","Outside London","EO","[c]","[c]","[c]","[c]"
"Leaver CS","2022","Crown Commercial Service","Monmouthshire and Newport","Outside London","G6","[c]","[c]","[c]","[c]"
"Leaver CS","2022","Crown Commercial Service","Monmouthshire and Newport","Outside London","G7","[c]","[c]","[c]","[c]"
"Leaver CS","2022","Crown Commercial Service","Monmouthshire and Newport","Outside London","HEO","[c]","[c]","[c]","[c]"
"Leaver CS","2022","Crown Commercial Service","Monmouthshire and Newport","Outside London","SEO","[c]","[c]","[c]","[c]"
"Leaver CS","2022","Crown Commercial Service","Norwich and East Norfolk","Outside London","AO","[c]","[c]","[c]","[c]"
"Leaver CS","2022","Crown Commercial Service","Norwich and East Norfolk","Outside London","EO","[c]","[c]","[c]","[c]"
"Leaver CS","2022","Crown Commercial Service","Norwich and East Norfolk","Outside London","G7","[c]","[c]","[c]","[c]"
"Leaver CS","2022","Crown Commercial Service","Norwich and East Norfolk","Outside London","HEO","[c]","[c]","[c]","[c]"
"Leaver CS","2022","Crown Commercial Service","Norwich and East Norfolk","Outside London","SCS level","[c]","[c]","[c]","[c]"
"Leaver CS","2022","Crown Commercial Service","Norwich and East Norfolk","Outside London","SEO","5","[c]","[c]","[c]"
"Leaver CS","2022","Crown Commercial Service","Tower Hamlets","London","AO","[c]","[c]","[c]","[c]"
"Leaver CS","2022","Crown Commercial Service","Tower Hamlets","London","EO","[c]","[c]","[c]","[c]"
"Leaver CS","2022","Crown Commercial Service","Tower Hamlets","London","G6","[c]","[c]","[c]","[c]"
"Leaver CS","2022","Crown Commercial Service","Tower Hamlets","London","G7","[c]","[c]","[c]","[c]"
"Leaver CS","2022","Crown Commercial Service","Tower Hamlets","London","HEO","[c]","[c]","[c]","[c]"
"Leaver CS","2022","Crown Commercial Service","Tower Hamlets","London","SEO","[c]","[c]","[c]","[c]"
"Leaver CS","2022","Crown Commercial Service","Unknown","Unknown","G6","[c]","[c]","[c]","[c]"
"Leaver CS","2022","Crown Commercial Service","Unknown","Unknown","G7","[c]","[c]","[c]","[c]"
"Leaver CS","2022","Crown Commercial Service","Wakefield","Outside London","EO","[c]","[c]","[c]","[c]"
"Leaver CS","2022","Crown Commercial Service","Wirral","Outside London","G7","[c]","[c]","[c]","[c]"
"Leaver CS","2022","Crown Office and Procurator Fiscal Service","Aberdeen City and Aberdeenshire","Outside London","AO","[c]","[c]","[c]","[c]"
"Leaver CS","2022","Crown Office and Procurator Fiscal Service","Aberdeen City and Aberdeenshire","Outside London","SEO","[c]","[c]","[c]","[c]"
"Leaver CS","2022","Crown Office and Procurator Fiscal Service","Angus and Dundee City","Outside London","AO","5","[c]","[c]","[c]"
"Leaver CS","2022","Crown Office and Procurator Fiscal Service","Angus and Dundee City","Outside London","EO","[c]","[c]","[c]","[c]"
"Leaver CS","2022","Crown Office and Procurator Fiscal Service","Angus and Dundee City","Outside London","HEO","[c]","[c]","[c]","[c]"
"Leaver CS","2022","Crown Office and Procurator Fiscal Service","Angus and Dundee City","Outside London","SEO","[c]","[c]","[c]","[c]"
"Leaver CS","2022","Crown Office and Procurator Fiscal Service","City of Edinburgh","Outside London","AO","10","[c]","[c]","[c]"
"Leaver CS","2022","Crown Office and Procurator Fiscal Service","City of Edinburgh","Outside London","EO","[c]","[c]","[c]","[c]"
"Leaver CS","2022","Crown Office and Procurator Fiscal Service","City of Edinburgh","Outside London","HEO","[c]","[c]","[c]","[c]"
"Leaver CS","2022","Crown Office and Procurator Fiscal Service","City of Edinburgh","Outside London","SCS level","[c]","[c]","[c]","[c]"
"Leaver CS","2022","Crown Office and Procurator Fiscal Service","City of Edinburgh","Outside London","SEO","5","[c]","[c]","[c]"
"Leaver CS","2022","Crown Office and Procurator Fiscal Service","Clackmannanshire and Fife","Outside London","EO","[c]","[c]","[c]","[c]"
"Leaver CS","2022","Crown Office and Procurator Fiscal Service","Clackmannanshire and Fife","Outside London","G7","[c]","[c]","[c]","[c]"
"Leaver CS","2022","Crown Office and Procurator Fiscal Service","Clackmannanshire and Fife","Outside London","SEO","[c]","[c]","[c]","[c]"
"Leaver CS","2022","Crown Office and Procurator Fiscal Service","East Ayrshire and North Ayrshire mainland","Outside London","AO","[c]","[c]","[c]","[c]"
"Leaver CS","2022","Crown Office and Procurator Fiscal Service","East Dunbartonshire, West Dunbartonshire, and Helensburgh and Lomond","Outside London","AO","5","[c]","[c]","[c]"
"Leaver CS","2022","Crown Office and Procurator Fiscal Service","Falkirk","Outside London","AO","[c]","[c]","[c]","[c]"
"Leaver CS","2022","Crown Office and Procurator Fiscal Service","Falkirk","Outside London","SEO","[c]","[c]","[c]","[c]"
"Leaver CS","2022","Crown Office and Procurator Fiscal Service","Glasgow City","Outside London","AO","15","[c]","22400","23230"
"Leaver CS","2022","Crown Office and Procurator Fiscal Service","Glasgow City","Outside London","EO","[c]","[c]","[c]","[c]"
"Leaver CS","2022","Crown Office and Procurator Fiscal Service","Glasgow City","Outside London","HEO","[c]","[c]","[c]","[c]"
"Leaver CS","2022","Crown Office and Procurator Fiscal Service","Glasgow City","Outside London","SCS level","[c]","[c]","[c]","[c]"
"Leaver CS","2022","Crown Office and Procurator Fiscal Service","Glasgow City","Outside London","SEO","[c]","[c]","[c]","[c]"
"Leaver CS","2022","Crown Office and Procurator Fiscal Service","Inverclyde, East Renfrewshire, and Renfrewshire","Outside London","AO","[c]","[c]","[c]","[c]"
"Leaver CS","2022","Crown Office and Procurator Fiscal Service","Inverclyde, East Renfrewshire, and Renfrewshire","Outside London","G6","[c]","[c]","[c]","[c]"
"Leaver CS","2022","Crown Office and Procurator Fiscal Service","Inverclyde, East Renfrewshire, and Renfrewshire","Outside London","SEO","[c]","[c]","[c]","[c]"
"Leaver CS","2022","Crown Office and Procurator Fiscal Service","Inverness and Nairn, Moray, and Badenoch and Strathspey","Outside London","AO","[c]","[c]","[c]","[c]"
"Leaver CS","2022","Crown Office and Procurator Fiscal Service","Inverness and Nairn, Moray, and Badenoch and Strathspey","Outside London","EO","[c]","[c]","[c]","[c]"
"Leaver CS","2022","Crown Office and Procurator Fiscal Service","Inverness and Nairn, Moray, and Badenoch and Strathspey","Outside London","HEO","[c]","[c]","[c]","[c]"
"Leaver CS","2022","Crown Office and Procurator Fiscal Service","Inverness and Nairn, Moray, and Badenoch and Strathspey","Outside London","SEO","[c]","[c]","[c]","[c]"
"Leaver CS","2022","Crown Office and Procurator Fiscal Service","North Lanarkshire","Outside London","AO","[c]","[c]","[c]","[c]"
"Leaver CS","2022","Crown Office and Procurator Fiscal Service","North Lanarkshire","Outside London","HEO","[c]","[c]","[c]","[c]"
"Leaver CS","2022","Crown Office and Procurator Fiscal Service","North Lanarkshire","Outside London","SEO","[c]","[c]","[c]","[c]"
"Leaver CS","2022","Crown Office and Procurator Fiscal Service","Scottish Borders","Outside London","AO","[c]","[c]","[c]","[c]"
"Leaver CS","2022","Crown Office and Procurator Fiscal Service","South Lanarkshire","Outside London","AO","5","[c]","[c]","[c]"
"Leaver CS","2022","Crown Office and Procurator Fiscal Service","South Lanarkshire","Outside London","G7","[c]","[c]","[c]","[c]"
"Leaver CS","2022","Crown Office and Procurator Fiscal Service","South Lanarkshire","Outside London","SEO","[c]","[c]","[c]","[c]"
"Leaver CS","2022","Crown Office and Procurator Fiscal Service","West Lothian","Outside London","AO","[c]","[c]","[c]","[c]"
"Leaver CS","2022","Crown Office and Procurator Fiscal Service","West Lothian","Outside London","EO","[c]","[c]","[c]","[c]"
"Leaver CS","2022","Crown Office and Procurator Fiscal Service","West Lothian","Outside London","G7","[c]","[c]","[c]","[c]"
"Leaver CS","2022","Crown Office and Procurator Fiscal Service","West Lothian","Outside London","HEO","[c]","[c]","[c]","[c]"
"Leaver CS","2022","Crown Prosecution Service","Berkshire","Outside London","AO","[c]","[c]","[c]","[c]"
"Leaver CS","2022","Crown Prosecution Service","Berkshire","Outside London","EO","[c]","[c]","[c]","[c]"
"Leaver CS","2022","Crown Prosecution Service","Berkshire","Outside London","G7","5","[c]","[c]","[c]"
"Leaver CS","2022","Crown Prosecution Service","Berkshire","Outside London","HEO","[c]","[c]","[c]","[c]"
"Leaver CS","2022","Crown Prosecution Service","Birmingham","Outside London","AO","10","[c]","22500","22200"
"Leaver CS","2022","Crown Prosecution Service","Birmingham","Outside London","EO","[c]","[c]","[c]","[c]"
"Leaver CS","2022","Crown Prosecution Service","Birmingham","Outside London","G7","10","[c]","[c]","[c]"
"Leaver CS","2022","Crown Prosecution Service","Birmingham","Outside London","HEO","10","[c]","[c]","[c]"
"Leaver CS","2022","Crown Prosecution Service","Brighton and Hove","Outside London","AO","5","[c]","[c]","[c]"
"Leaver CS","2022","Crown Prosecution Service","Brighton and Hove","Outside London","G7","[c]","[c]","[c]","[c]"
"Leaver CS","2022","Crown Prosecution Service","Brighton and Hove","Outside London","HEO","[c]","[c]","[c]","[c]"
"Leaver CS","2022","Crown Prosecution Service","Bristol, City of","Outside London","AO","[c]","[c]","[c]","[c]"
"Leaver CS","2022","Crown Prosecution Service","Bristol, City of","Outside London","EO","[c]","[c]","[c]","[c]"
"Leaver CS","2022","Crown Prosecution Service","Bristol, City of","Outside London","G7","[c]","[c]","[c]","[c]"
"Leaver CS","2022","Crown Prosecution Service","Cambridgeshire CC","Outside London","AO","[c]","[c]","[c]","[c]"
"Leaver CS","2022","Crown Prosecution Service","Cardiff and Vale of Glamorgan","Outside London","AO","[c]","[c]","[c]","[c]"
"Leaver CS","2022","Crown Prosecution Service","Cardiff and Vale of Glamorgan","Outside London","G6","[c]","[c]","[c]","[c]"
"Leaver CS","2022","Crown Prosecution Service","Cardiff and Vale of Glamorgan","Outside London","G7","5","[c]","[c]","[c]"
"Leaver CS","2022","Crown Prosecution Service","Cornwall and Isles of Scilly","Outside London","G7","[c]","[c]","[c]","[c]"
"Leaver CS","2022","Crown Prosecution Service","Devon CC","Outside London","AO","[c]","[c]","[c]","[c]"
"Leaver CS","2022","Crown Prosecution Service","Devon CC","Outside London","G7","[c]","[c]","[c]","[c]"
"Leaver CS","2022","Crown Prosecution Service","Durham","Outside London","G7","[c]","[c]","[c]","[c]"
"Leaver CS","2022","Crown Prosecution Service","East Cumbria","Outside London","AO","[c]","[c]","[c]","[c]"
"Leaver CS","2022","Crown Prosecution Service","East Kent","Outside London","AO","[c]","[c]","[c]","[c]"
"Leaver CS","2022","Crown Prosecution Service","East Kent","Outside London","EO","[c]","[c]","[c]","[c]"
"Leaver CS","2022","Crown Prosecution Service","East Kent","Outside London","G7","5","[c]","[c]","[c]"
"Leaver CS","2022","Crown Prosecution Service","Flintshire and Wrexham","Outside London","AO","[c]","[c]","[c]","[c]"
"Leaver CS","2022","Crown Prosecution Service","Flintshire and Wrexham","Outside London","EO","[c]","[c]","[c]","[c]"
"Leaver CS","2022","Crown Prosecution Service","Flintshire and Wrexham","Outside London","G7","[c]","[c]","[c]","[c]"
"Leaver CS","2022","Crown Prosecution Service","Flintshire and Wrexham","Outside London","SCS level","[c]","[c]","[c]","[c]"
"Leaver CS","2022","Crown Prosecution Service","Harrow and Hillingdon","London","AO","[c]","[c]","[c]","[c]"
"Leaver CS","2022","Crown Prosecution Service","Heart of Essex","Outside London","AO","[c]","[c]","[c]","[c]"
"Leaver CS","2022","Crown Prosecution Service","Heart of Essex","Outside London","EO","[c]","[c]","[c]","[c]"
"Leaver CS","2022","Crown Prosecution Service","Heart of Essex","Outside London","G7","[c]","[c]","[c]","[c]"
"Leaver CS","2022","Crown Prosecution Service","Heart of Essex","Outside London","HEO","[c]","[c]","[c]","[c]"
"Leaver CS","2022","Crown Prosecution Service","Heart of Essex","Outside London","SEO","[c]","[c]","[c]","[c]"
"Leaver CS","2022","Crown Prosecution Service","Hertfordshire CC","Outside London","AO","[c]","[c]","[c]","[c]"
"Leaver CS","2022","Crown Prosecution Service","Hertfordshire CC","Outside London","EO","[c]","[c]","[c]","[c]"
"Leaver CS","2022","Crown Prosecution Service","Hertfordshire CC","Outside London","G7","[c]","[c]","[c]","[c]"
"Leaver CS","2022","Crown Prosecution Service","Hertfordshire CC","Outside London","HEO","[c]","[c]","[c]","[c]"
"Leaver CS","2022","Crown Prosecution Service","Kingston upon Hull, City of","Outside London","AO","[c]","[c]","[c]","[c]"
"Leaver CS","2022","Crown Prosecution Service","Kingston upon Hull, City of","Outside London","G7","[c]","[c]","[c]","[c]"
"Leaver CS","2022","Crown Prosecution Service","Leeds","Outside London","AO","10","[c]","[c]","[c]"
"Leaver CS","2022","Crown Prosecution Service","Leeds","Outside London","EO","[c]","[c]","[c]","[c]"
"Leaver CS","2022","Crown Prosecution Service","Leeds","Outside London","G6","[c]","[c]","[c]","[c]"
"Leaver CS","2022","Crown Prosecution Service","Leeds","Outside London","G7","5","[c]","[c]","[c]"
"Leaver CS","2022","Crown Prosecution Service","Leeds","Outside London","HEO","[c]","[c]","[c]","[c]"
"Leaver CS","2022","Crown Prosecution Service","Leeds","Outside London","SCS level","[c]","[c]","[c]","[c]"
"Leaver CS","2022","Crown Prosecution Service","Leicester","Outside London","AO","5","[c]","[c]","[c]"
"Leaver CS","2022","Crown Prosecution Service","Leicester","Outside London","EO","[c]","[c]","[c]","[c]"
"Leaver CS","2022","Crown Prosecution Service","Leicester","Outside London","G7","[c]","[c]","[c]","[c]"
"Leaver CS","2022","Crown Prosecution Service","Leicester","Outside London","HEO","[c]","[c]","[c]","[c]"
"Leaver CS","2022","Crown Prosecution Service","Lewisham and Southwark","London","HEO","[c]","[c]","[c]","[c]"
"Leaver CS","2022","Crown Prosecution Service","Lincolnshire CC","Outside London","G7","[c]","[c]","[c]","[c]"
"Leaver CS","2022","Crown Prosecution Service","Lincolnshire CC","Outside London","HEO","[c]","[c]","[c]","[c]"
"Leaver CS","2022","Crown Prosecution Service","Liverpool","Outside London","AO","[c]","[c]","[c]","[c]"
"Leaver CS","2022","Crown Prosecution Service","Liverpool","Outside London","EO","[c]","[c]","[c]","[c]"
"Leaver CS","2022","Crown Prosecution Service","Liverpool","Outside London","G6","[c]","[c]","[c]","[c]"
"Leaver CS","2022","Crown Prosecution Service","Liverpool","Outside London","G7","10","[c]","[c]","[c]"
"Leaver CS","2022","Crown Prosecution Service","Liverpool","Outside London","HEO","[c]","[c]","[c]","[c]"
"Leaver CS","2022","Crown Prosecution Service","Liverpool","Outside London","SCS level","[c]","[c]","[c]","[c]"
"Leaver CS","2022","Crown Prosecution Service","Manchester","Outside London","AO","[c]","[c]","[c]","[c]"
"Leaver CS","2022","Crown Prosecution Service","Manchester","Outside London","EO","[c]","[c]","[c]","[c]"
"Leaver CS","2022","Crown Prosecution Service","Manchester","Outside London","G6","[c]","[c]","[c]","[c]"
"Leaver CS","2022","Crown Prosecution Service","Manchester","Outside London","G7","5","[c]","[c]","[c]"
"Leaver CS","2022","Crown Prosecution Service","Manchester","Outside London","HEO","[c]","[c]","[c]","[c]"
"Leaver CS","2022","Crown Prosecution Service","Manchester","Outside London","SCS level","[c]","[c]","[c]","[c]"
"Leaver CS","2022","Crown Prosecution Service","Merton, Kingston upon Thames and Sutton","London","AO","[c]","[c]","[c]","[c]"
"Leaver CS","2022","Crown Prosecution Service","Mid Kent","Outside London","AO","[c]","[c]","[c]","[c]"
"Leaver CS","2022","Crown Prosecution Service","Mid Lancashire","Outside London","AO","[c]","[c]","[c]","[c]"
"Leaver CS","2022","Crown Prosecution Service","Mid Lancashire","Outside London","G7","[c]","[c]","[c]","[c]"
"Leaver CS","2022","Crown Prosecution Service","Mid Lancashire","Outside London","HEO","[c]","[c]","[c]","[c]"
"Leaver CS","2022","Crown Prosecution Service","Mid Lancashire","Outside London","SEO","[c]","[c]","[c]","[c]"
"Leaver CS","2022","Crown Prosecution Service","Norwich and East Norfolk","Outside London","EO","[c]","[c]","[c]","[c]"
"Leaver CS","2022","Crown Prosecution Service","Norwich and East Norfolk","Outside London","G7","[c]","[c]","[c]","[c]"
"Leaver CS","2022","Crown Prosecution Service","Norwich and East Norfolk","Outside London","HEO","[c]","[c]","[c]","[c]"
"Leaver CS","2022","Crown Prosecution Service","Nottingham","Outside London","AO","10","[c]","[c]","[c]"
"Leaver CS","2022","Crown Prosecution Service","Nottingham","Outside London","EO","5","[c]","[c]","[c]"
"Leaver CS","2022","Crown Prosecution Service","Nottingham","Outside London","G7","[c]","[c]","[c]","[c]"
"Leaver CS","2022","Crown Prosecution Service","Nottingham","Outside London","HEO","[c]","[c]","[c]","[c]"
"Leaver CS","2022","Crown Prosecution Service","Portsmouth","Outside London","AA","[c]","[c]","[c]","[c]"
"Leaver CS","2022","Crown Prosecution Service","Portsmouth","Outside London","AO","[c]","[c]","[c]","[c]"
"Leaver CS","2022","Crown Prosecution Service","Portsmouth","Outside London","G7","[c]","[c]","[c]","[c]"
"Leaver CS","2022","Crown Prosecution Service","Redbridge and Waltham Forest","London","AO","[c]","[c]","[c]","[c]"
"Leaver CS","2022","Crown Prosecution Service","Sheffield","Outside London","AO","[c]","[c]","[c]","[c]"
"Leaver CS","2022","Crown Prosecution Service","Sheffield","Outside London","EO","[c]","[c]","[c]","[c]"
"Leaver CS","2022","Crown Prosecution Service","Sheffield","Outside London","G7","[c]","[c]","[c]","[c]"
"Leaver CS","2022","Crown Prosecution Service","Sheffield","Outside London","SEO","[c]","[c]","[c]","[c]"
"Leaver CS","2022","Crown Prosecution Service","South Hampshire","Outside London","AO","[c]","[c]","[c]","[c]"
"Leaver CS","2022","Crown Prosecution Service","South Hampshire","Outside London","G7","5","[c]","[c]","[c]"
"Leaver CS","2022","Crown Prosecution Service","South Hampshire","Outside London","HEO","[c]","[c]","[c]","[c]"
"Leaver CS","2022","Crown Prosecution Service","South Teesside","Outside London","AO","[c]","[c]","[c]","[c]"
"Leaver CS","2022","Crown Prosecution Service","South Teesside","Outside London","G7","[c]","[c]","[c]","[c]"
"Leaver CS","2022","Crown Prosecution Service","South Teesside","Outside London","HEO","[c]","[c]","[c]","[c]"
"Leaver CS","2022","Crown Prosecution Service","Stoke-on-Trent","Outside London","AO","[c]","[c]","[c]","[c]"
"Leaver CS","2022","Crown Prosecution Service","Stoke-on-Trent","Outside London","EO","[c]","[c]","[c]","[c]"
"Leaver CS","2022","Crown Prosecution Service","Stoke-on-Trent","Outside London","G7","[c]","[c]","[c]","[c]"
"Leaver CS","2022","Crown Prosecution Service","Swansea","Outside London","AO","[c]","[c]","[c]","[c]"
"Leaver CS","2022","Crown Prosecution Service","Swansea","Outside London","G7","[c]","[c]","[c]","[c]"
"Leaver CS","2022","Crown Prosecution Service","Swansea","Outside London","HEO","[c]","[c]","[c]","[c]"
"Leaver CS","2022","Crown Prosecution Service","Swansea","Outside London","SCS level","[c]","[c]","[c]","[c]"
"Leaver CS","2022","Crown Prosecution Service","Swindon","Outside London","AO","[c]","[c]","[c]","[c]"
"Leaver CS","2022","Crown Prosecution Service","Swindon","Outside London","G7","[c]","[c]","[c]","[c]"
"Leaver CS","2022","Crown Prosecution Service","Tyneside","Outside London","AO","10","[c]","[c]","[c]"
"Leaver CS","2022","Crown Prosecution Service","Tyneside","Outside London","EO","[c]","[c]","[c]","[c]"
"Leaver CS","2022","Crown Prosecution Service","Tyneside","Outside London","G7","5","[c]","[c]","[c]"
"Leaver CS","2022","Crown Prosecution Service","Tyneside","Outside London","HEO","[c]","[c]","[c]","[c]"
"Leaver CS","2022","Crown Prosecution Service","Wakefield","Outside London","AO","[c]","[c]","[c]","[c]"
"Leaver CS","2022","Crown Prosecution Service","Wakefield","Outside London","HEO","[c]","[c]","[c]","[c]"
"Leaver CS","2022","Crown Prosecution Service","Warrington","Outside London","EO","[c]","[c]","[c]","[c]"
"Leaver CS","2022","Crown Prosecution Service","West Cumbria","Outside London","AO","[c]","[c]","[c]","[c]"
"Leaver CS","2022","Crown Prosecution Service","West Northamptonshire","Outside London","G7","[c]","[c]","[c]","[c]"
"Leaver CS","2022","Crown Prosecution Service","West Surrey","Outside London","AA","[c]","[c]","[c]","[c]"
"Leaver CS","2022","Crown Prosecution Service","West Surrey","Outside London","G7","[c]","[c]","[c]","[c]"
"Leaver CS","2022","Crown Prosecution Service","West Surrey","Outside London","HEO","[c]","[c]","[c]","[c]"
"Leaver CS","2022","Crown Prosecution Service","Westminster","London","AO","30","[c]","22690","23770"
"Leaver CS","2022","Crown Prosecution Service","Westminster","London","EO","10","[c]","29480","28310"
"Leaver CS","2022","Crown Prosecution Service","Westminster","London","G6","[c]","[c]","[c]","[c]"
"Leaver CS","2022","Crown Prosecution Service","Westminster","London","G7","50","[c]","56600","55000"
"Leaver CS","2022","Crown Prosecution Service","Westminster","London","HEO","10","[c]","[c]","[c]"
"Leaver CS","2022","Crown Prosecution Service","Westminster","London","SCS level","[c]","[c]","[c]","[c]"
"Leaver CS","2022","Crown Prosecution Service","Westminster","London","SEO","[c]","[c]","[c]","[c]"
"Leaver CS","2022","Crown Prosecution Service","York","Outside London","AO","[c]","[c]","[c]","[c]"
"Leaver CS","2022","Crown Prosecution Service","York","Outside London","EO","[c]","[c]","[c]","[c]"
"Leaver CS","2022","Crown Prosecution Service","York","Outside London","G6","[c]","[c]","[c]","[c]"
"Leaver CS","2022","Crown Prosecution Service","York","Outside London","G7","[c]","[c]","[c]","[c]"
"Leaver CS","2022","Crown Prosecution Service","York","Outside London","HEO","[c]","[c]","[c]","[c]"
"Leaver CS","2022","Defence Electronics and Components Agency","Flintshire and Wrexham","Outside London","AA","[c]","[c]","[c]","[c]"
"Leaver CS","2022","Defence Electronics and Components Agency","Flintshire and Wrexham","Outside London","AO","[c]","[c]","[c]","[c]"
"Leaver CS","2022","Defence Electronics and Components Agency","Flintshire and Wrexham","Outside London","EO","10","[c]","[c]","[c]"
"Leaver CS","2022","Defence Electronics and Components Agency","Flintshire and Wrexham","Outside London","G6","[c]","[c]","[c]","[c]"
"Leaver CS","2022","Defence Electronics and Components Agency","Flintshire and Wrexham","Outside London","HEO","[c]","[c]","[c]","[c]"
"Leaver CS","2022","Defence Electronics and Components Agency","Staffordshire CC","Outside London","AA","[c]","[c]","[c]","[c]"
"Leaver CS","2022","Defence Electronics and Components Agency","Staffordshire CC","Outside London","EO","5","[c]","[c]","[c]"
"Leaver CS","2022","Defence Equipment and Support","Bath and North East Somerset, North Somerset and South Gloucestershire","Outside London","EO","190","[c]","21800","20480"
"Leaver CS","2022","Defence Equipment and Support","Bath and North East Somerset, North Somerset and South Gloucestershire","Outside London","G6","20","[c]","69800","67850"
"Leaver CS","2022","Defence Equipment and Support","Bath and North East Somerset, North Somerset and South Gloucestershire","Outside London","G7","60","[c]","53880","54180"
"Leaver CS","2022","Defence Equipment and Support","Bath and North East Somerset, North Somerset and South Gloucestershire","Outside London","HEO","180","[c]","30170","30400"
"Leaver CS","2022","Defence Equipment and Support","Bath and North East Somerset, North Somerset and South Gloucestershire","Outside London","SCS level","10","[c]","100850","94340"
"Leaver CS","2022","Defence Equipment and Support","Bath and North East Somerset, North Somerset and South Gloucestershire","Outside London","SEO","165","[c]","41370","40930"
"Leaver CS","2022","Defence Equipment and Support","Belfast","Outside London","HEO","[c]","[c]","[c]","[c]"
"Leaver CS","2022","Defence Equipment and Support","Cambridgeshire CC","Outside London","EO","[c]","[c]","[c]","[c]"
"Leaver CS","2022","Defence Equipment and Support","Cambridgeshire CC","Outside London","HEO","[c]","[c]","[c]","[c]"
"Leaver CS","2022","Defence Equipment and Support","Cambridgeshire CC","Outside London","SEO","5","[c]","[c]","[c]"
"Leaver CS","2022","Defence Equipment and Support","Central Bedfordshire","Outside London","G7","[c]","[c]","[c]","[c]"
"Leaver CS","2022","Defence Equipment and Support","Central Bedfordshire","Outside London","SEO","[c]","[c]","[c]","[c]"
"Leaver CS","2022","Defence Equipment and Support","Central Hampshire","Outside London","EO","[c]","[c]","[c]","[c]"
"Leaver CS","2022","Defence Equipment and Support","Central Hampshire","Outside London","HEO","[c]","[c]","[c]","[c]"
"Leaver CS","2022","Defence Equipment and Support","Clackmannanshire and Fife","Outside London","EO","[c]","[c]","[c]","[c]"
"Leaver CS","2022","Defence Equipment and Support","Clackmannanshire and Fife","Outside London","HEO","[c]","[c]","[c]","[c]"
"Leaver CS","2022","Defence Equipment and Support","Clackmannanshire and Fife","Outside London","SEO","[c]","[c]","[c]","[c]"
"Leaver CS","2022","Defence Equipment and Support","Dorset","Outside London","EO","[c]","[c]","[c]","[c]"
"Leaver CS","2022","Defence Equipment and Support","Dorset","Outside London","HEO","[c]","[c]","[c]","[c]"
"Leaver CS","2022","Defence Equipment and Support","East Ayrshire and North Ayrshire mainland","Outside London","EO","20","[c]","23850","24000"
"Leaver CS","2022","Defence Equipment and Support","East Ayrshire and North Ayrshire mainland","Outside London","HEO","5","[c]","[c]","[c]"
"Leaver CS","2022","Defence Equipment and Support","East Cumbria","Outside London","EO","5","[c]","[c]","[c]"
"Leaver CS","2022","Defence Equipment and Support","East Dunbartonshire, West Dunbartonshire, and Helensburgh and Lomond","Outside London","EO","10","[c]","21230","20950"
"Leaver CS","2022","Defence Equipment and Support","East Dunbartonshire, West Dunbartonshire, and Helensburgh and Lomond","Outside London","HEO","[c]","[c]","[c]","[c]"
"Leaver CS","2022","Defence Equipment and Support","East Dunbartonshire, West Dunbartonshire, and Helensburgh and Lomond","Outside London","SEO","[c]","[c]","[c]","[c]"
"Leaver CS","2022","Defence Equipment and Support","East Riding of Yorkshire","Outside London","HEO","[c]","[c]","[c]","[c]"
"Leaver CS","2022","Defence Equipment and Support","Glasgow City","Outside London","G7","[c]","[c]","[c]","[c]"
"Leaver CS","2022","Defence Equipment and Support","Glasgow City","Outside London","HEO","10","[c]","[c]","[c]"
"Leaver CS","2022","Defence Equipment and Support","Glasgow City","Outside London","SEO","[c]","[c]","[c]","[c]"
"Leaver CS","2022","Defence Equipment and Support","Harrow and Hillingdon","London","EO","10","[c]","20090","19690"
"Leaver CS","2022","Defence Equipment and Support","Harrow and Hillingdon","London","HEO","5","[c]","[c]","[c]"
"Leaver CS","2022","Defence Equipment and Support","Harrow and Hillingdon","London","SEO","[c]","[c]","[c]","[c]"
"Leaver CS","2022","Defence Equipment and Support","Hertfordshire CC","Outside London","SEO","[c]","[c]","[c]","[c]"
"Leaver CS","2022","Defence Equipment and Support","Lincolnshire CC","Outside London","EO","[c]","[c]","[c]","[c]"
"Leaver CS","2022","Defence Equipment and Support","Lincolnshire CC","Outside London","HEO","10","[c]","[c]","[c]"
"Leaver CS","2022","Defence Equipment and Support","Lincolnshire CC","Outside London","SEO","5","[c]","[c]","[c]"
"Leaver CS","2022","Defence Equipment and Support","Manchester","Outside London","HEO","[c]","[c]","[c]","[c]"
"Leaver CS","2022","Defence Equipment and Support","Mid Lancashire","Outside London","G7","[c]","[c]","[c]","[c]"
"Leaver CS","2022","Defence Equipment and Support","North and West Norfolk","Outside London","HEO","5","[c]","[c]","[c]"
"Leaver CS","2022","Defence Equipment and Support","North Hampshire","Outside London","EO","[c]","[c]","[c]","[c]"
"Leaver CS","2022","Defence Equipment and Support","Overseas","Overseas","EO","[c]","[c]","[c]","[c]"
"Leaver CS","2022","Defence Equipment and Support","Overseas","Overseas","HEO","[c]","[c]","[c]","[c]"
"Leaver CS","2022","Defence Equipment and Support","Overseas","Overseas","SEO","[c]","[c]","[c]","[c]"
"Leaver CS","2022","Defence Equipment and Support","Oxfordshire CC","Outside London","EO","[c]","[c]","[c]","[c]"
"Leaver CS","2022","Defence Equipment and Support","Oxfordshire CC","Outside London","G6","[c]","[c]","[c]","[c]"
"Leaver CS","2022","Defence Equipment and Support","Oxfordshire CC","Outside London","HEO","5","[c]","[c]","[c]"
"Leaver CS","2022","Defence Equipment and Support","Oxfordshire CC","Outside London","SEO","[c]","[c]","[c]","[c]"
"Leaver CS","2022","Defence Equipment and Support","Plymouth","Outside London","EO","20","[c]","20600","20410"
"Leaver CS","2022","Defence Equipment and Support","Plymouth","Outside London","HEO","[c]","[c]","[c]","[c]"
"Leaver CS","2022","Defence Equipment and Support","Plymouth","Outside London","SEO","[c]","[c]","[c]","[c]"
"Leaver CS","2022","Defence Equipment and Support","Portsmouth","Outside London","EO","5","[c]","[c]","[c]"
"Leaver CS","2022","Defence Equipment and Support","Portsmouth","Outside London","G6","[c]","[c]","[c]","[c]"
"Leaver CS","2022","Defence Equipment and Support","Portsmouth","Outside London","HEO","5","[c]","[c]","[c]"
"Leaver CS","2022","Defence Equipment and Support","Sandwell","Outside London","HEO","[c]","[c]","[c]","[c]"
"Leaver CS","2022","Defence Equipment and Support","Somerset CC","Outside London","EO","[c]","[c]","[c]","[c]"
"Leaver CS","2022","Defence Equipment and Support","Somerset CC","Outside London","G7","[c]","[c]","[c]","[c]"
"Leaver CS","2022","Defence Equipment and Support","Somerset CC","Outside London","HEO","15","[c]","32210","32990"
"Leaver CS","2022","Defence Equipment and Support","Somerset CC","Outside London","SEO","[c]","[c]","[c]","[c]"
"Leaver CS","2022","Defence Equipment and Support","South Hampshire","Outside London","EO","15","[c]","21630","21150"
"Leaver CS","2022","Defence Equipment and Support","South Hampshire","Outside London","HEO","[c]","[c]","[c]","[c]"
"Leaver CS","2022","Defence Equipment and Support","South Hampshire","Outside London","SEO","[c]","[c]","[c]","[c]"
"Leaver CS","2022","Defence Equipment and Support","South West Wales","Outside London","SEO","[c]","[c]","[c]","[c]"
"Leaver CS","2022","Defence Equipment and Support","Telford and Wrekin","Outside London","EO","[c]","[c]","[c]","[c]"
"Leaver CS","2022","Defence Equipment and Support","Telford and Wrekin","Outside London","HEO","[c]","[c]","[c]","[c]"
"Leaver CS","2022","Defence Equipment and Support","Unknown","Unknown","EO","[c]","[c]","[c]","[c]"
"Leaver CS","2022","Defence Equipment and Support","Unknown","Unknown","SEO","[c]","[c]","[c]","[c]"
"Leaver CS","2022","Defence Equipment and Support","Warwickshire CC","Outside London","EO","15","[c]","20450","20140"
"Leaver CS","2022","Defence Equipment and Support","Warwickshire CC","Outside London","HEO","[c]","[c]","[c]","[c]"
"Leaver CS","2022","Defence Equipment and Support","Warwickshire CC","Outside London","SEO","[c]","[c]","[c]","[c]"
"Leaver CS","2022","Defence Equipment and Support","Westminster","London","SEO","[c]","[c]","[c]","[c]"
"Leaver CS","2022","Defence Equipment and Support","Wiltshire","Outside London","EO","[c]","[c]","[c]","[c]"
"Leaver CS","2022","Defence Equipment and Support","Wiltshire","Outside London","HEO","[c]","[c]","[c]","[c]"
"Leaver CS","2022","Defence Equipment and Support","Wiltshire","Outside London","SEO","[c]","[c]","[c]","[c]"
"Leaver CS","2022","Defence Equipment and Support","Wirral","Outside London","SEO","[c]","[c]","[c]","[c]"
"Leaver CS","2022","Defence Science and Technology Laboratory","Central Hampshire","Outside London","AA","[c]","[c]","[c]","[c]"
"Leaver CS","2022","Defence Science and Technology Laboratory","Central Hampshire","Outside London","AO","[c]","[c]","[c]","[c]"
"Leaver CS","2022","Defence Science and Technology Laboratory","Central Hampshire","Outside London","EO","5","[c]","[c]","[c]"
"Leaver CS","2022","Defence Science and Technology Laboratory","Central Hampshire","Outside London","G6","[c]","[c]","[c]","[c]"
"Leaver CS","2022","Defence Science and Technology Laboratory","Central Hampshire","Outside London","G7","30","[c]","51600","48780"
"Leaver CS","2022","Defence Science and Technology Laboratory","Central Hampshire","Outside London","HEO","20","[c]","29560","29230"
"Leaver CS","2022","Defence Science and Technology Laboratory","Central Hampshire","Outside London","SEO","10","[c]","39420","38090"
"Leaver CS","2022","Defence Science and Technology Laboratory","South Hampshire","Outside London","G7","[c]","[c]","[c]","[c]"
"Leaver CS","2022","Defence Science and Technology Laboratory","West Kent","Outside London","AA","5","[c]","[c]","[c]"
"Leaver CS","2022","Defence Science and Technology Laboratory","West Kent","Outside London","AO","[c]","[c]","[c]","[c]"
"Leaver CS","2022","Defence Science and Technology Laboratory","West Kent","Outside London","G7","15","[c]","49450","47660"
"Leaver CS","2022","Defence Science and Technology Laboratory","West Kent","Outside London","HEO","10","[c]","[c]","[c]"
"Leaver CS","2022","Defence Science and Technology Laboratory","West Kent","Outside London","SEO","[c]","[c]","[c]","[c]"
"Leaver CS","2022","Defence Science and Technology Laboratory","Wiltshire","Outside London","AA","30","[c]","17470","17540"
"Leaver CS","2022","Defence Science and Technology Laboratory","Wiltshire","Outside London","AO","10","[c]","[c]","[c]"
"Leaver CS","2022","Defence Science and Technology Laboratory","Wiltshire","Outside London","EO","10","[c]","23620","23490"
"Leaver CS","2022","Defence Science and Technology Laboratory","Wiltshire","Outside London","G6","[c]","[c]","[c]","[c]"
"Leaver CS","2022","Defence Science and Technology Laboratory","Wiltshire","Outside London","G7","40","[c]","51420","49450"
"Leaver CS","2022","Defence Science and Technology Laboratory","Wiltshire","Outside London","HEO","55","[c]","29860","29230"
"Leaver CS","2022","Defence Science and Technology Laboratory","Wiltshire","Outside London","SCS level","[c]","[c]","[c]","[c]"
"Leaver CS","2022","Defence Science and Technology Laboratory","Wiltshire","Outside London","SEO","40","[c]","38290","38070"
"Leaver CS","2022","Department for Business, Energy and Industrial Strategy (excl. agencies)","Aberdeen City and Aberdeenshire","Outside London","EO","[c]","[c]","[c]","[c]"
"Leaver CS","2022","Department for Business, Energy and Industrial Strategy (excl. agencies)","Aberdeen City and Aberdeenshire","Outside London","G7","[c]","[c]","[c]","[c]"
"Leaver CS","2022","Department for Business, Energy and Industrial Strategy (excl. agencies)","Aberdeen City and Aberdeenshire","Outside London","HEO","[c]","[c]","[c]","[c]"
"Leaver CS","2022","Department for Business, Energy and Industrial Strategy (excl. agencies)","Aberdeen City and Aberdeenshire","Outside London","SEO","[c]","[c]","[c]","[c]"
"Leaver CS","2022","Department for Business, Energy and Industrial Strategy (excl. agencies)","Birmingham","Outside London","EO","[c]","[c]","[c]","[c]"
"Leaver CS","2022","Department for Business, Energy and Industrial Strategy (excl. agencies)","Birmingham","Outside London","G7","[c]","[c]","[c]","[c]"
"Leaver CS","2022","Department for Business, Energy and Industrial Strategy (excl. agencies)","Birmingham","Outside London","HEO","[c]","[c]","[c]","[c]"
"Leaver CS","2022","Department for Business, Energy and Industrial Strategy (excl. agencies)","Birmingham","Outside London","SEO","[c]","[c]","[c]","[c]"
"Leaver CS","2022","Department for Business, Energy and Industrial Strategy (excl. agencies)","Bristol, City of","Outside London","EO","[c]","[c]","[c]","[c]"
"Leaver CS","2022","Department for Business, Energy and Industrial Strategy (excl. agencies)","Cardiff and Vale of Glamorgan","Outside London","HEO","[c]","[c]","[c]","[c]"
"Leaver CS","2022","Department for Business, Energy and Industrial Strategy (excl. agencies)","Cardiff and Vale of Glamorgan","Outside London","SEO","[c]","[c]","[c]","[c]"
"Leaver CS","2022","Department for Business, Energy and Industrial Strategy (excl. agencies)","Greater Manchester South West","Outside London","EO","[c]","[c]","[c]","[c]"
"Leaver CS","2022","Department for Business, Energy and Industrial Strategy (excl. agencies)","Greater Manchester South West","Outside London","G7","[c]","[c]","[c]","[c]"
"Leaver CS","2022","Department for Business, Energy and Industrial Strategy (excl. agencies)","Greater Manchester South West","Outside London","HEO","[c]","[c]","[c]","[c]"
"Leaver CS","2022","Department for Business, Energy and Industrial Strategy (excl. agencies)","Greater Manchester South West","Outside London","SEO","[c]","[c]","[c]","[c]"
"Leaver CS","2022","Department for Business, Energy and Industrial Strategy (excl. agencies)","Hounslow and Richmond upon Thames","London","EO","[c]","[c]","[c]","[c]"
"Leaver CS","2022","Department for Business, Energy and Industrial Strategy (excl. agencies)","Hounslow and Richmond upon Thames","London","G7","[c]","[c]","[c]","[c]"
"Leaver CS","2022","Department for Business, Energy and Industrial Strategy (excl. agencies)","Hounslow and Richmond upon Thames","London","SEO","[c]","[c]","[c]","[c]"
"Leaver CS","2022","Department for Business, Energy and Industrial Strategy (excl. agencies)","Nottingham","Outside London","EO","[c]","[c]","[c]","[c]"
"Leaver CS","2022","Department for Business, Energy and Industrial Strategy (excl. agencies)","Nottingham","Outside London","G7","[c]","[c]","[c]","[c]"
"Leaver CS","2022","Department for Business, Energy and Industrial Strategy (excl. agencies)","Swindon","Outside London","Unknown","[c]","[c]","[c]","[c]"
"Leaver CS","2022","Department for Business, Energy and Industrial Strategy (excl. agencies)","Westminster","London","AO","15","[c]","25000","24900"
"Leaver CS","2022","Department for Business, Energy and Industrial Strategy (excl. agencies)","Westminster","London","EO","20","[c]","28190","27680"
"Leaver CS","2022","Department for Business, Energy and Industrial Strategy (excl. agencies)","Westminster","London","G6","25","[c]","66410","64990"
"Leaver CS","2022","Department for Business, Energy and Industrial Strategy (excl. agencies)","Westminster","London","G7","90","[c]","54200","53600"
"Leaver CS","2022","Department for Business, Energy and Industrial Strategy (excl. agencies)","Westminster","London","HEO","50","[c]","33590","33570"
"Leaver CS","2022","Department for Business, Energy and Industrial Strategy (excl. agencies)","Westminster","London","SCS level","15","[c]","88900","77120"
"Leaver CS","2022","Department for Business, Energy and Industrial Strategy (excl. agencies)","Westminster","London","SEO","50","[c]","40130","40050"
"Leaver CS","2022","Department for Digital, Culture, Media and Sport","Belfast","Outside London","G7","[c]","[c]","[c]","[c]"
"Leaver CS","2022","Department for Digital, Culture, Media and Sport","Leeds","Outside London","EO","[c]","[c]","[c]","[c]"
"Leaver CS","2022","Department for Digital, Culture, Media and Sport","Manchester","Outside London","EO","[c]","[c]","[c]","[c]"
"Leaver CS","2022","Department for Digital, Culture, Media and Sport","Manchester","Outside London","G7","[c]","[c]","[c]","[c]"
"Leaver CS","2022","Department for Digital, Culture, Media and Sport","Manchester","Outside London","HEO","[c]","[c]","[c]","[c]"
"Leaver CS","2022","Department for Digital, Culture, Media and Sport","Westminster","London","AO","10","[c]","[c]","[c]"
"Leaver CS","2022","Department for Digital, Culture, Media and Sport","Westminster","London","EO","25","[c]","26270","26180"
"Leaver CS","2022","Department for Digital, Culture, Media and Sport","Westminster","London","G6","10","[c]","[c]","[c]"
"Leaver CS","2022","Department for Digital, Culture, Media and Sport","Westminster","London","G7","35","[c]","52830","51730"
"Leaver CS","2022","Department for Digital, Culture, Media and Sport","Westminster","London","HEO","60","[c]","35540","34020"
"Leaver CS","2022","Department for Digital, Culture, Media and Sport","Westminster","London","SCS level","5","[c]","[c]","[c]"
"Leaver CS","2022","Department for Education (excl. agencies)","Bristol, City of","Outside London","EO","[c]","[c]","[c]","[c]"
"Leaver CS","2022","Department for Education (excl. agencies)","Bristol, City of","Outside London","G7","[c]","[c]","[c]","[c]"
"Leaver CS","2022","Department for Education (excl. agencies)","Bristol, City of","Outside London","HEO","[c]","[c]","[c]","[c]"
"Leaver CS","2022","Department for Education (excl. agencies)","Bristol, City of","Outside London","SEO","5","[c]","[c]","[c]"
"Leaver CS","2022","Department for Education (excl. agencies)","Calderdale and Kirklees","Outside London","SEO","[c]","[c]","[c]","[c]"
"Leaver CS","2022","Department for Education (excl. agencies)","Cambridgeshire CC","Outside London","EO","[c]","[c]","[c]","[c]"
"Leaver CS","2022","Department for Education (excl. agencies)","Cambridgeshire CC","Outside London","G6","[c]","[c]","[c]","[c]"
"Leaver CS","2022","Department for Education (excl. agencies)","Central Bedfordshire","Outside London","G6","[c]","[c]","[c]","[c]"
"Leaver CS","2022","Department for Education (excl. agencies)","Coventry","Outside London","AO","[c]","[c]","[c]","[c]"
"Leaver CS","2022","Department for Education (excl. agencies)","Coventry","Outside London","EO","5","[c]","[c]","[c]"
"Leaver CS","2022","Department for Education (excl. agencies)","Coventry","Outside London","G7","10","[c]","52280","50520"
"Leaver CS","2022","Department for Education (excl. agencies)","Coventry","Outside London","HEO","5","[c]","[c]","[c]"
"Leaver CS","2022","Department for Education (excl. agencies)","Coventry","Outside London","SCS level","[c]","[c]","[c]","[c]"
"Leaver CS","2022","Department for Education (excl. agencies)","Coventry","Outside London","SEO","10","[c]","37390","36780"
"Leaver CS","2022","Department for Education (excl. agencies)","Darlington","Outside London","AO","[c]","[c]","[c]","[c]"
"Leaver CS","2022","Department for Education (excl. agencies)","Darlington","Outside London","EO","5","[c]","[c]","[c]"
"Leaver CS","2022","Department for Education (excl. agencies)","Darlington","Outside London","G6","[c]","[c]","[c]","[c]"
"Leaver CS","2022","Department for Education (excl. agencies)","Darlington","Outside London","G7","[c]","[c]","[c]","[c]"
"Leaver CS","2022","Department for Education (excl. agencies)","Darlington","Outside London","HEO","5","[c]","[c]","[c]"
"Leaver CS","2022","Department for Education (excl. agencies)","Darlington","Outside London","SEO","5","[c]","[c]","[c]"
"Leaver CS","2022","Department for Education (excl. agencies)","Devon CC","Outside London","SCS level","[c]","[c]","[c]","[c]"
"Leaver CS","2022","Department for Education (excl. agencies)","East Riding of Yorkshire","Outside London","G7","[c]","[c]","[c]","[c]"
"Leaver CS","2022","Department for Education (excl. agencies)","Greater Manchester South West","Outside London","G7","[c]","[c]","[c]","[c]"
"Leaver CS","2022","Department for Education (excl. agencies)","Leeds","Outside London","G6","[c]","[c]","[c]","[c]"
"Leaver CS","2022","Department for Education (excl. agencies)","Leeds","Outside London","SEO","[c]","[c]","[c]","[c]"
"Leaver CS","2022","Department for Education (excl. agencies)","Lewisham and Southwark","London","G7","[c]","[c]","[c]","[c]"
"Leaver CS","2022","Department for Education (excl. agencies)","Lincolnshire CC","Outside London","G6","[c]","[c]","[c]","[c]"
"Leaver CS","2022","Department for Education (excl. agencies)","Manchester","Outside London","AO","[c]","[c]","[c]","[c]"
"Leaver CS","2022","Department for Education (excl. agencies)","Manchester","Outside London","EO","15","[c]","25000","25000"
"Leaver CS","2022","Department for Education (excl. agencies)","Manchester","Outside London","G6","[c]","[c]","[c]","[c]"
"Leaver CS","2022","Department for Education (excl. agencies)","Manchester","Outside London","G7","10","[c]","50860","50130"
"Leaver CS","2022","Department for Education (excl. agencies)","Manchester","Outside London","HEO","15","[c]","30660","29730"
"Leaver CS","2022","Department for Education (excl. agencies)","Manchester","Outside London","SCS level","[c]","[c]","[c]","[c]"
"Leaver CS","2022","Department for Education (excl. agencies)","Manchester","Outside London","SEO","20","[c]","37360","36500"
"Leaver CS","2022","Department for Education (excl. agencies)","Nottingham","Outside London","EO","[c]","[c]","[c]","[c]"
"Leaver CS","2022","Department for Education (excl. agencies)","Nottingham","Outside London","G7","[c]","[c]","[c]","[c]"
"Leaver CS","2022","Department for Education (excl. agencies)","Nottingham","Outside London","HEO","[c]","[c]","[c]","[c]"
"Leaver CS","2022","Department for Education (excl. agencies)","Nottingham","Outside London","SCS level","[c]","[c]","[c]","[c]"
"Leaver CS","2022","Department for Education (excl. agencies)","Nottingham","Outside London","SEO","[c]","[c]","[c]","[c]"
"Leaver CS","2022","Department for Education (excl. agencies)","Sheffield","Outside London","AO","[c]","[c]","[c]","[c]"
"Leaver CS","2022","Department for Education (excl. agencies)","Sheffield","Outside London","EO","10","[c]","[c]","[c]"
"Leaver CS","2022","Department for Education (excl. agencies)","Sheffield","Outside London","G6","5","[c]","[c]","[c]"
"Leaver CS","2022","Department for Education (excl. agencies)","Sheffield","Outside London","G7","10","[c]","[c]","[c]"
"Leaver CS","2022","Department for Education (excl. agencies)","Sheffield","Outside London","HEO","10","[c]","[c]","[c]"
"Leaver CS","2022","Department for Education (excl. agencies)","Sheffield","Outside London","SEO","10","[c]","[c]","[c]"
"Leaver CS","2022","Department for Education (excl. agencies)","Tyneside","Outside London","EO","[c]","[c]","[c]","[c]"
"Leaver CS","2022","Department for Education (excl. agencies)","Tyneside","Outside London","SEO","[c]","[c]","[c]","[c]"
"Leaver CS","2022","Department for Education (excl. agencies)","Westminster","London","AO","5","[c]","[c]","[c]"
"Leaver CS","2022","Department for Education (excl. agencies)","Westminster","London","EO","50","[c]","27770","28500"
"Leaver CS","2022","Department for Education (excl. agencies)","Westminster","London","G6","15","[c]","66900","66170"
"Leaver CS","2022","Department for Education (excl. agencies)","Westminster","London","G7","25","[c]","55690","54400"
"Leaver CS","2022","Department for Education (excl. agencies)","Westminster","London","HEO","30","[c]","35240","35890"
"Leaver CS","2022","Department for Education (excl. agencies)","Westminster","London","SCS level","10","[c]","[c]","[c]"
"Leaver CS","2022","Department for Education (excl. agencies)","Westminster","London","SEO","20","[c]","42940","43090"
"Leaver CS","2022","Department for Education (excl. agencies)","Wirral","Outside London","SEO","[c]","[c]","[c]","[c]"
"Leaver CS","2022","Department for Education (excl. agencies)","Worcestershire CC","Outside London","G6","[c]","[c]","[c]","[c]"
"Leaver CS","2022","Department for Environment, Food and Rural Affairs (excl. agencies)","Barnsley, Doncaster and Rotherham","Outside London","SEO","[c]","[c]","[c]","[c]"
"Leaver CS","2022","Department for Environment, Food and Rural Affairs (excl. agencies)","Berkshire","Outside London","EO","[c]","[c]","[c]","[c]"
"Leaver CS","2022","Department for Environment, Food and Rural Affairs (excl. agencies)","Berkshire","Outside London","G7","[c]","[c]","[c]","[c]"
"Leaver CS","2022","Department for Environment, Food and Rural Affairs (excl. agencies)","Berkshire","Outside London","HEO","10","[c]","[c]","[c]"
"Leaver CS","2022","Department for Environment, Food and Rural Affairs (excl. agencies)","Berkshire","Outside London","SCS level","[c]","[c]","[c]","[c]"
"Leaver CS","2022","Department for Environment, Food and Rural Affairs (excl. agencies)","Berkshire","Outside London","SEO","5","[c]","[c]","[c]"
"Leaver CS","2022","Department for Environment, Food and Rural Affairs (excl. agencies)","Birmingham","Outside London","SEO","[c]","[c]","[c]","[c]"
"Leaver CS","2022","Department for Environment, Food and Rural Affairs (excl. agencies)","Bournemouth, Christchurch and Poole","Outside London","HEO","[c]","[c]","[c]","[c]"
"Leaver CS","2022","Department for Environment, Food and Rural Affairs (excl. agencies)","Bristol, City of","Outside London","AO","[c]","[c]","[c]","[c]"
"Leaver CS","2022","Department for Environment, Food and Rural Affairs (excl. agencies)","Bristol, City of","Outside London","EO","[c]","[c]","[c]","[c]"
"Leaver CS","2022","Department for Environment, Food and Rural Affairs (excl. agencies)","Bristol, City of","Outside London","G6","[c]","[c]","[c]","[c]"
"Leaver CS","2022","Department for Environment, Food and Rural Affairs (excl. agencies)","Bristol, City of","Outside London","G7","10","[c]","[c]","[c]"
"Leaver CS","2022","Department for Environment, Food and Rural Affairs (excl. agencies)","Bristol, City of","Outside London","HEO","15","[c]","[c]","[c]"
"Leaver CS","2022","Department for Environment, Food and Rural Affairs (excl. agencies)","Bristol, City of","Outside London","SCS level","[c]","[c]","[c]","[c]"
"Leaver CS","2022","Department for Environment, Food and Rural Affairs (excl. agencies)","Bristol, City of","Outside London","SEO","15","[c]","[c]","[c]"
"Leaver CS","2022","Department for Environment, Food and Rural Affairs (excl. agencies)","Buckinghamshire","Outside London","EO","[c]","[c]","[c]","[c]"
"Leaver CS","2022","Department for Environment, Food and Rural Affairs (excl. agencies)","Cambridgeshire CC","Outside London","G7","[c]","[c]","[c]","[c]"
"Leaver CS","2022","Department for Environment, Food and Rural Affairs (excl. agencies)","Cambridgeshire CC","Outside London","HEO","[c]","[c]","[c]","[c]"
"Leaver CS","2022","Department for Environment, Food and Rural Affairs (excl. agencies)","Cambridgeshire CC","Outside London","SEO","[c]","[c]","[c]","[c]"
"Leaver CS","2022","Department for Environment, Food and Rural Affairs (excl. agencies)","Cardiff and Vale of Glamorgan","Outside London","HEO","[c]","[c]","[c]","[c]"
"Leaver CS","2022","Department for Environment, Food and Rural Affairs (excl. agencies)","Central Hampshire","Outside London","EO","[c]","[c]","[c]","[c]"
"Leaver CS","2022","Department for Environment, Food and Rural Affairs (excl. agencies)","Central Valleys","Outside London","G6","[c]","[c]","[c]","[c]"
"Leaver CS","2022","Department for Environment, Food and Rural Affairs (excl. agencies)","Cheshire East","Outside London","EO","[c]","[c]","[c]","[c]"
"Leaver CS","2022","Department for Environment, Food and Rural Affairs (excl. agencies)","Cheshire East","Outside London","G6","[c]","[c]","[c]","[c]"
"Leaver CS","2022","Department for Environment, Food and Rural Affairs (excl. agencies)","Cheshire East","Outside London","G7","[c]","[c]","[c]","[c]"
"Leaver CS","2022","Department for Environment, Food and Rural Affairs (excl. agencies)","City of Edinburgh","Outside London","HEO","[c]","[c]","[c]","[c]"
"Leaver CS","2022","Department for Environment, Food and Rural Affairs (excl. agencies)","Cornwall and Isles of Scilly","Outside London","G7","[c]","[c]","[c]","[c]"
"Leaver CS","2022","Department for Environment, Food and Rural Affairs (excl. agencies)","Darlington","Outside London","AO","[c]","[c]","[c]","[c]"
"Leaver CS","2022","Department for Environment, Food and Rural Affairs (excl. agencies)","Darlington","Outside London","G7","[c]","[c]","[c]","[c]"
"Leaver CS","2022","Department for Environment, Food and Rural Affairs (excl. agencies)","Devon CC","Outside London","EO","[c]","[c]","[c]","[c]"
"Leaver CS","2022","Department for Environment, Food and Rural Affairs (excl. agencies)","Devon CC","Outside London","G7","[c]","[c]","[c]","[c]"
"Leaver CS","2022","Department for Environment, Food and Rural Affairs (excl. agencies)","Devon CC","Outside London","HEO","[c]","[c]","[c]","[c]"
"Leaver CS","2022","Department for Environment, Food and Rural Affairs (excl. agencies)","Devon CC","Outside London","SEO","[c]","[c]","[c]","[c]"
"Leaver CS","2022","Department for Environment, Food and Rural Affairs (excl. agencies)","Dorset","Outside London","AO","[c]","[c]","[c]","[c]"
"Leaver CS","2022","Department for Environment, Food and Rural Affairs (excl. agencies)","Dorset","Outside London","EO","[c]","[c]","[c]","[c]"
"Leaver CS","2022","Department for Environment, Food and Rural Affairs (excl. agencies)","Dorset","Outside London","SEO","[c]","[c]","[c]","[c]"
"Leaver CS","2022","Department for Environment, Food and Rural Affairs (excl. agencies)","East Cumbria","Outside London","AO","[c]","[c]","[c]","[c]"
"Leaver CS","2022","Department for Environment, Food and Rural Affairs (excl. agencies)","East Cumbria","Outside London","HEO","[c]","[c]","[c]","[c]"
"Leaver CS","2022","Department for Environment, Food and Rural Affairs (excl. agencies)","East Lothian and Midlothian","Outside London","G7","[c]","[c]","[c]","[c]"
"Leaver CS","2022","Department for Environment, Food and Rural Affairs (excl. agencies)","Gwent Valleys","Outside London","G7","[c]","[c]","[c]","[c]"
"Leaver CS","2022","Department for Environment, Food and Rural Affairs (excl. agencies)","Inverness and Nairn, Moray, and Badenoch and Strathspey","Outside London","HEO","[c]","[c]","[c]","[c]"
"Leaver CS","2022","Department for Environment, Food and Rural Affairs (excl. agencies)","Kent Thames Gateway","Outside London","HEO","[c]","[c]","[c]","[c]"
"Leaver CS","2022","Department for Environment, Food and Rural Affairs (excl. agencies)","Leeds","Outside London","G7","[c]","[c]","[c]","[c]"
"Leaver CS","2022","Department for Environment, Food and Rural Affairs (excl. agencies)","Leeds","Outside London","SEO","[c]","[c]","[c]","[c]"
"Leaver CS","2022","Department for Environment, Food and Rural Affairs (excl. agencies)","Leicestershire CC and Rutland","Outside London","G7","[c]","[c]","[c]","[c]"
"Leaver CS","2022","Department for Environment, Food and Rural Affairs (excl. agencies)","Leicestershire CC and Rutland","Outside London","SEO","[c]","[c]","[c]","[c]"
"Leaver CS","2022","Department for Environment, Food and Rural Affairs (excl. agencies)","Lincolnshire CC","Outside London","AO","[c]","[c]","[c]","[c]"
"Leaver CS","2022","Department for Environment, Food and Rural Affairs (excl. agencies)","Lincolnshire CC","Outside London","EO","[c]","[c]","[c]","[c]"
"Leaver CS","2022","Department for Environment, Food and Rural Affairs (excl. agencies)","Lincolnshire CC","Outside London","SEO","[c]","[c]","[c]","[c]"
"Leaver CS","2022","Department for Environment, Food and Rural Affairs (excl. agencies)","Manchester","Outside London","G6","[c]","[c]","[c]","[c]"
"Leaver CS","2022","Department for Environment, Food and Rural Affairs (excl. agencies)","Manchester","Outside London","SEO","[c]","[c]","[c]","[c]"
"Leaver CS","2022","Department for Environment, Food and Rural Affairs (excl. agencies)","Mid Lancashire","Outside London","AO","[c]","[c]","[c]","[c]"
"Leaver CS","2022","Department for Environment, Food and Rural Affairs (excl. agencies)","Mid Lancashire","Outside London","EO","[c]","[c]","[c]","[c]"
"Leaver CS","2022","Department for Environment, Food and Rural Affairs (excl. agencies)","Mid Lancashire","Outside London","G6","[c]","[c]","[c]","[c]"
"Leaver CS","2022","Department for Environment, Food and Rural Affairs (excl. agencies)","Mid Lancashire","Outside London","HEO","[c]","[c]","[c]","[c]"
"Leaver CS","2022","Department for Environment, Food and Rural Affairs (excl. agencies)","Mid Lancashire","Outside London","SEO","[c]","[c]","[c]","[c]"
"Leaver CS","2022","Department for Environment, Food and Rural Affairs (excl. agencies)","North and West Norfolk","Outside London","SEO","[c]","[c]","[c]","[c]"
"Leaver CS","2022","Department for Environment, Food and Rural Affairs (excl. agencies)","Northumberland","Outside London","EO","[c]","[c]","[c]","[c]"
"Leaver CS","2022","Department for Environment, Food and Rural Affairs (excl. agencies)","Norwich and East Norfolk","Outside London","G7","[c]","[c]","[c]","[c]"
"Leaver CS","2022","Department for Environment, Food and Rural Affairs (excl. agencies)","Peterborough","Outside London","AO","[c]","[c]","[c]","[c]"
"Leaver CS","2022","Department for Environment, Food and Rural Affairs (excl. agencies)","Peterborough","Outside London","G7","[c]","[c]","[c]","[c]"
"Leaver CS","2022","Department for Environment, Food and Rural Affairs (excl. agencies)","Peterborough","Outside London","HEO","[c]","[c]","[c]","[c]"
"Leaver CS","2022","Department for Environment, Food and Rural Affairs (excl. agencies)","Peterborough","Outside London","SEO","[c]","[c]","[c]","[c]"
"Leaver CS","2022","Department for Environment, Food and Rural Affairs (excl. agencies)","Sefton","Outside London","HEO","[c]","[c]","[c]","[c]"
"Leaver CS","2022","Department for Environment, Food and Rural Affairs (excl. agencies)","Sheffield","Outside London","HEO","[c]","[c]","[c]","[c]"
"Leaver CS","2022","Department for Environment, Food and Rural Affairs (excl. agencies)","Sheffield","Outside London","SEO","[c]","[c]","[c]","[c]"
"Leaver CS","2022","Department for Environment, Food and Rural Affairs (excl. agencies)","Shropshire","Outside London","SCS level","[c]","[c]","[c]","[c]"
"Leaver CS","2022","Department for Environment, Food and Rural Affairs (excl. agencies)","Somerset CC","Outside London","HEO","[c]","[c]","[c]","[c]"
"Leaver CS","2022","Department for Environment, Food and Rural Affairs (excl. agencies)","South Lanarkshire","Outside London","G7","[c]","[c]","[c]","[c]"
"Leaver CS","2022","Department for Environment, Food and Rural Affairs (excl. agencies)","South Nottinghamshire","Outside London","SEO","[c]","[c]","[c]","[c]"
"Leaver CS","2022","Department for Environment, Food and Rural Affairs (excl. agencies)","Suffolk CC","Outside London","EO","[c]","[c]","[c]","[c]"
"Leaver CS","2022","Department for Environment, Food and Rural Affairs (excl. agencies)","Suffolk CC","Outside London","HEO","[c]","[c]","[c]","[c]"
"Leaver CS","2022","Department for Environment, Food and Rural Affairs (excl. agencies)","Tyneside","Outside London","AO","[c]","[c]","[c]","[c]"
"Leaver CS","2022","Department for Environment, Food and Rural Affairs (excl. agencies)","Tyneside","Outside London","HEO","[c]","[c]","[c]","[c]"
"Leaver CS","2022","Department for Environment, Food and Rural Affairs (excl. agencies)","Tyneside","Outside London","SEO","[c]","[c]","[c]","[c]"
"Leaver CS","2022","Department for Environment, Food and Rural Affairs (excl. agencies)","Warrington","Outside London","G7","[c]","[c]","[c]","[c]"
"Leaver CS","2022","Department for Environment, Food and Rural Affairs (excl. agencies)","Warrington","Outside London","HEO","[c]","[c]","[c]","[c]"
"Leaver CS","2022","Department for Environment, Food and Rural Affairs (excl. agencies)","Warrington","Outside London","SEO","[c]","[c]","[c]","[c]"
"Leaver CS","2022","Department for Environment, Food and Rural Affairs (excl. agencies)","Warwickshire CC","Outside London","HEO","[c]","[c]","[c]","[c]"
"Leaver CS","2022","Department for Environment, Food and Rural Affairs (excl. agencies)","Warwickshire CC","Outside London","SCS level","[c]","[c]","[c]","[c]"
"Leaver CS","2022","Department for Environment, Food and Rural Affairs (excl. agencies)","West Cumbria","Outside London","AO","[c]","[c]","[c]","[c]"
"Leaver CS","2022","Department for Environment, Food and Rural Affairs (excl. agencies)","West Cumbria","Outside London","HEO","[c]","[c]","[c]","[c]"
"Leaver CS","2022","Department for Environment, Food and Rural Affairs (excl. agencies)","West Surrey","Outside London","SCS level","[c]","[c]","[c]","[c]"
"Leaver CS","2022","Department for Environment, Food and Rural Affairs (excl. agencies)","West Sussex (South West)","Outside London","EO","[c]","[c]","[c]","[c]"
"Leaver CS","2022","Department for Environment, Food and Rural Affairs (excl. agencies)","West Sussex (South West)","Outside London","HEO","[c]","[c]","[c]","[c]"
"Leaver CS","2022","Department for Environment, Food and Rural Affairs (excl. agencies)","Westminster","London","AO","20","[c]","[c]","[c]"
"Leaver CS","2022","Department for Environment, Food and Rural Affairs (excl. agencies)","Westminster","London","EO","30","[c]","[c]","[c]"
"Leaver CS","2022","Department for Environment, Food and Rural Affairs (excl. agencies)","Westminster","London","G6","10","[c]","[c]","[c]"
"Leaver CS","2022","Department for Environment, Food and Rural Affairs (excl. agencies)","Westminster","London","G7","30","[c]","[c]","[c]"
"Leaver CS","2022","Department for Environment, Food and Rural Affairs (excl. agencies)","Westminster","London","HEO","110","[c]","[c]","[c]"
"Leaver CS","2022","Department for Environment, Food and Rural Affairs (excl. agencies)","Westminster","London","SCS level","10","[c]","[c]","[c]"
"Leaver CS","2022","Department for Environment, Food and Rural Affairs (excl. agencies)","Westminster","London","SEO","30","[c]","[c]","[c]"
"Leaver CS","2022","Department for Environment, Food and Rural Affairs (excl. agencies)","Worcestershire CC","Outside London","G7","[c]","[c]","[c]","[c]"
"Leaver CS","2022","Department for Environment, Food and Rural Affairs (excl. agencies)","Worcestershire CC","Outside London","SCS level","[c]","[c]","[c]","[c]"
"Leaver CS","2022","Department for Environment, Food and Rural Affairs (excl. agencies)","Worcestershire CC","Outside London","SEO","[c]","[c]","[c]","[c]"
"Leaver CS","2022","Department for Environment, Food and Rural Affairs (excl. agencies)","York","Outside London","AO","[c]","[c]","[c]","[c]"
"Leaver CS","2022","Department for Environment, Food and Rural Affairs (excl. agencies)","York","Outside London","EO","[c]","[c]","[c]","[c]"
"Leaver CS","2022","Department for Environment, Food and Rural Affairs (excl. agencies)","York","Outside London","G6","[c]","[c]","[c]","[c]"
"Leaver CS","2022","Department for Environment, Food and Rural Affairs (excl. agencies)","York","Outside London","G7","5","[c]","[c]","[c]"
"Leaver CS","2022","Department for Environment, Food and Rural Affairs (excl. agencies)","York","Outside London","HEO","5","[c]","[c]","[c]"
"Leaver CS","2022","Department for Environment, Food and Rural Affairs (excl. agencies)","York","Outside London","SEO","10","[c]","[c]","[c]"
"Leaver CS","2022","Department for International Trade","Birmingham","Outside London","HEO","[c]","[c]","[c]","[c]"
"Leaver CS","2022","Department for International Trade","Cardiff and Vale of Glamorgan","Outside London","G7","[c]","[c]","[c]","[c]"
"Leaver CS","2022","Department for International Trade","Darlington","Outside London","HEO","[c]","[c]","[c]","[c]"
"Leaver CS","2022","Department for International Trade","Leeds","Outside London","G6","[c]","[c]","[c]","[c]"
"Leaver CS","2022","Department for International Trade","Overseas","Overseas","G6","[c]","[c]","[c]","[c]"
"Leaver CS","2022","Department for International Trade","Overseas","Overseas","G7","[c]","[c]","[c]","[c]"
"Leaver CS","2022","Department for International Trade","Overseas","Overseas","HEO","[c]","[c]","[c]","[c]"
"Leaver CS","2022","Department for International Trade","Overseas","Overseas","SCS level","[c]","[c]","[c]","[c]"
"Leaver CS","2022","Department for International Trade","Overseas","Overseas","SEO","[c]","[c]","[c]","[c]"
"Leaver CS","2022","Department for International Trade","West Surrey","Outside London","HEO","[c]","[c]","[c]","[c]"
"Leaver CS","2022","Department for International Trade","Westminster","London","AO","10","[c]","[c]","[c]"
"Leaver CS","2022","Department for International Trade","Westminster","London","EO","80","[c]","[c]","[c]"
"Leaver CS","2022","Department for International Trade","Westminster","London","G6","10","[c]","[c]","[c]"
"Leaver CS","2022","Department for International Trade","Westminster","London","G7","40","[c]","[c]","[c]"
"Leaver CS","2022","Department for International Trade","Westminster","London","HEO","30","[c]","[c]","[c]"
"Leaver CS","2022","Department for International Trade","Westminster","London","SCS level","10","[c]","[c]","[c]"
"Leaver CS","2022","Department for International Trade","Westminster","London","SEO","20","[c]","[c]","[c]"
"Leaver CS","2022","Department for Levelling Up, Housing and Communities (excl. agencies)","Birmingham","Outside London","AO","[c]","[c]","[c]","[c]"
"Leaver CS","2022","Department for Levelling Up, Housing and Communities (excl. agencies)","Birmingham","Outside London","EO","[c]","[c]","[c]","[c]"
"Leaver CS","2022","Department for Levelling Up, Housing and Communities (excl. agencies)","Birmingham","Outside London","G6","[c]","[c]","[c]","[c]"
"Leaver CS","2022","Department for Levelling Up, Housing and Communities (excl. agencies)","Birmingham","Outside London","HEO","[c]","[c]","[c]","[c]"
"Leaver CS","2022","Department for Levelling Up, Housing and Communities (excl. agencies)","Birmingham","Outside London","SEO","[c]","[c]","[c]","[c]"
"Leaver CS","2022","Department for Levelling Up, Housing and Communities (excl. agencies)","Bristol, City of","Outside London","AA","[c]","[c]","[c]","[c]"
"Leaver CS","2022","Department for Levelling Up, Housing and Communities (excl. agencies)","Bristol, City of","Outside London","HEO","[c]","[c]","[c]","[c]"
"Leaver CS","2022","Department for Levelling Up, Housing and Communities (excl. agencies)","Bristol, City of","Outside London","SEO","[c]","[c]","[c]","[c]"
"Leaver CS","2022","Department for Levelling Up, Housing and Communities (excl. agencies)","Cambridgeshire CC","Outside London","G7","[c]","[c]","[c]","[c]"
"Leaver CS","2022","Department for Levelling Up, Housing and Communities (excl. agencies)","Cambridgeshire CC","Outside London","HEO","[c]","[c]","[c]","[c]"
"Leaver CS","2022","Department for Levelling Up, Housing and Communities (excl. agencies)","Cambridgeshire CC","Outside London","SEO","[c]","[c]","[c]","[c]"
"Leaver CS","2022","Department for Levelling Up, Housing and Communities (excl. agencies)","Devon CC","Outside London","SEO","[c]","[c]","[c]","[c]"
"Leaver CS","2022","Department for Levelling Up, Housing and Communities (excl. agencies)","Hertfordshire CC","Outside London","SEO","[c]","[c]","[c]","[c]"
"Leaver CS","2022","Department for Levelling Up, Housing and Communities (excl. agencies)","Leeds","Outside London","AA","[c]","[c]","[c]","[c]"
"Leaver CS","2022","Department for Levelling Up, Housing and Communities (excl. agencies)","Leeds","Outside London","G7","[c]","[c]","[c]","[c]"
"Leaver CS","2022","Department for Levelling Up, Housing and Communities (excl. agencies)","Leeds","Outside London","SEO","[c]","[c]","[c]","[c]"
"Leaver CS","2022","Department for Levelling Up, Housing and Communities (excl. agencies)","Manchester","Outside London","AA","[c]","[c]","[c]","[c]"
"Leaver CS","2022","Department for Levelling Up, Housing and Communities (excl. agencies)","Manchester","Outside London","SEO","[c]","[c]","[c]","[c]"
"Leaver CS","2022","Department for Levelling Up, Housing and Communities (excl. agencies)","Nottingham","Outside London","G6","[c]","[c]","[c]","[c]"
"Leaver CS","2022","Department for Levelling Up, Housing and Communities (excl. agencies)","Nottingham","Outside London","HEO","[c]","[c]","[c]","[c]"
"Leaver CS","2022","Department for Levelling Up, Housing and Communities (excl. agencies)","Plymouth","Outside London","HEO","[c]","[c]","[c]","[c]"
"Leaver CS","2022","Department for Levelling Up, Housing and Communities (excl. agencies)","Plymouth","Outside London","SEO","[c]","[c]","[c]","[c]"
"Leaver CS","2022","Department for Levelling Up, Housing and Communities (excl. agencies)","Sheffield","Outside London","G7","[c]","[c]","[c]","[c]"
"Leaver CS","2022","Department for Levelling Up, Housing and Communities (excl. agencies)","Tyneside","Outside London","AA","[c]","[c]","[c]","[c]"
"Leaver CS","2022","Department for Levelling Up, Housing and Communities (excl. agencies)","Tyneside","Outside London","HEO","[c]","[c]","[c]","[c]"
"Leaver CS","2022","Department for Levelling Up, Housing and Communities (excl. agencies)","Tyneside","Outside London","SEO","[c]","[c]","[c]","[c]"
"Leaver CS","2022","Department for Levelling Up, Housing and Communities (excl. agencies)","Unknown","Unknown","SEO","[c]","[c]","[c]","[c]"
"Leaver CS","2022","Department for Levelling Up, Housing and Communities (excl. agencies)","Warrington","Outside London","HEO","[c]","[c]","[c]","[c]"
"Leaver CS","2022","Department for Levelling Up, Housing and Communities (excl. agencies)","Westminster","London","AA","10","[c]","[c]","[c]"
"Leaver CS","2022","Department for Levelling Up, Housing and Communities (excl. agencies)","Westminster","London","AO","5","[c]","[c]","[c]"
"Leaver CS","2022","Department for Levelling Up, Housing and Communities (excl. agencies)","Westminster","London","EO","20","[c]","28610","27850"
"Leaver CS","2022","Department for Levelling Up, Housing and Communities (excl. agencies)","Westminster","London","G6","10","[c]","65460","64720"
"Leaver CS","2022","Department for Levelling Up, Housing and Communities (excl. agencies)","Westminster","London","G7","35","[c]","54560","53130"
"Leaver CS","2022","Department for Levelling Up, Housing and Communities (excl. agencies)","Westminster","London","HEO","20","[c]","33830","33210"
"Leaver CS","2022","Department for Levelling Up, Housing and Communities (excl. agencies)","Westminster","London","SCS level","10","[c]","89020","82990"
"Leaver CS","2022","Department for Levelling Up, Housing and Communities (excl. agencies)","Westminster","London","SEO","15","[c]","41720","40000"
"Leaver CS","2022","Department for Levelling Up, Housing and Communities (excl. agencies)","Wirral","Outside London","AO","[c]","[c]","[c]","[c]"
"Leaver CS","2022","Department for Levelling Up, Housing and Communities (excl. agencies)","Wolverhampton","Outside London","G7","[c]","[c]","[c]","[c]"
"Leaver CS","2022","Department for Transport (excl. agencies)","Birmingham","Outside London","EO","[c]","[c]","[c]","[c]"
"Leaver CS","2022","Department for Transport (excl. agencies)","Birmingham","Outside London","G7","[c]","[c]","[c]","[c]"
"Leaver CS","2022","Department for Transport (excl. agencies)","Birmingham","Outside London","HEO","[c]","[c]","[c]","[c]"
"Leaver CS","2022","Department for Transport (excl. agencies)","Derby","Outside London","G6","[c]","[c]","[c]","[c]"
"Leaver CS","2022","Department for Transport (excl. agencies)","East Sussex CC","Outside London","AO","[c]","[c]","[c]","[c]"
"Leaver CS","2022","Department for Transport (excl. agencies)","East Sussex CC","Outside London","EO","[c]","[c]","[c]","[c]"
"Leaver CS","2022","Department for Transport (excl. agencies)","East Sussex CC","Outside London","HEO","[c]","[c]","[c]","[c]"
"Leaver CS","2022","Department for Transport (excl. agencies)","East Sussex CC","Outside London","SEO","[c]","[c]","[c]","[c]"
"Leaver CS","2022","Department for Transport (excl. agencies)","Leeds","Outside London","G6","[c]","[c]","[c]","[c]"
"Leaver CS","2022","Department for Transport (excl. agencies)","Leeds","Outside London","SCS level","[c]","[c]","[c]","[c]"
"Leaver CS","2022","Department for Transport (excl. agencies)","Leeds","Outside London","SEO","[c]","[c]","[c]","[c]"
"Leaver CS","2022","Department for Transport (excl. agencies)","Lewisham and Southwark","London","AO","[c]","[c]","[c]","[c]"
"Leaver CS","2022","Department for Transport (excl. agencies)","Lewisham and Southwark","London","EO","[c]","[c]","[c]","[c]"
"Leaver CS","2022","Department for Transport (excl. agencies)","North Hampshire","Outside London","AO","[c]","[c]","[c]","[c]"
"Leaver CS","2022","Department for Transport (excl. agencies)","North Hampshire","Outside London","G7","[c]","[c]","[c]","[c]"
"Leaver CS","2022","Department for Transport (excl. agencies)","North Hampshire","Outside London","SCS level","[c]","[c]","[c]","[c]"
"Leaver CS","2022","Department for Transport (excl. agencies)","Southampton","Outside London","EO","[c]","[c]","[c]","[c]"
"Leaver CS","2022","Department for Transport (excl. agencies)","Southampton","Outside London","G6","[c]","[c]","[c]","[c]"
"Leaver CS","2022","Department for Transport (excl. agencies)","Southampton","Outside London","G7","[c]","[c]","[c]","[c]"
"Leaver CS","2022","Department for Transport (excl. agencies)","Swansea","Outside London","HEO","[c]","[c]","[c]","[c]"
"Leaver CS","2022","Department for Transport (excl. agencies)","West Surrey","Outside London","AO","[c]","[c]","[c]","[c]"
"Leaver CS","2022","Department for Transport (excl. agencies)","West Surrey","Outside London","G6","[c]","[c]","[c]","[c]"
"Leaver CS","2022","Department for Transport (excl. agencies)","West Surrey","Outside London","HEO","[c]","[c]","[c]","[c]"
"Leaver CS","2022","Department for Transport (excl. agencies)","Westminster","London","AA","[c]","[c]","[c]","[c]"
"Leaver CS","2022","Department for Transport (excl. agencies)","Westminster","London","AO","5","[c]","[c]","[c]"
"Leaver CS","2022","Department for Transport (excl. agencies)","Westminster","London","EO","25","[c]","29850","30270"
"Leaver CS","2022","Department for Transport (excl. agencies)","Westminster","London","G6","20","[c]","67320","66230"
"Leaver CS","2022","Department for Transport (excl. agencies)","Westminster","London","G7","40","[c]","56000","54760"
"Leaver CS","2022","Department for Transport (excl. agencies)","Westminster","London","HEO","50","[c]","35030","34710"
"Leaver CS","2022","Department for Transport (excl. agencies)","Westminster","London","SCS level","10","[c]","[c]","[c]"
"Leaver CS","2022","Department for Transport (excl. agencies)","Westminster","London","SEO","45","[c]","43680","43190"
"Leaver CS","2022","Department for Transport (excl. agencies)","Westminster","London","Unknown","[c]","[c]","[c]","[c]"
"Leaver CS","2022","Department for Work and Pensions (excl. agencies)","Aberdeen City and Aberdeenshire","Outside London","AO","5","[c]","[c]","[c]"
"Leaver CS","2022","Department for Work and Pensions (excl. agencies)","Aberdeen City and Aberdeenshire","Outside London","EO","20","[c]","27570","27570"
"Leaver CS","2022","Department for Work and Pensions (excl. agencies)","Angus and Dundee City","Outside London","AO","50","[c]","21110","21260"
"Leaver CS","2022","Department for Work and Pensions (excl. agencies)","Angus and Dundee City","Outside London","EO","20","[c]","27460","27570"
"Leaver CS","2022","Department for Work and Pensions (excl. agencies)","Angus and Dundee City","Outside London","HEO","[c]","[c]","[c]","[c]"
"Leaver CS","2022","Department for Work and Pensions (excl. agencies)","Angus and Dundee City","Outside London","SEO","[c]","[c]","[c]","[c]"
"Leaver CS","2022","Department for Work and Pensions (excl. agencies)","Barking & Dagenham and Havering","London","AO","5","[c]","[c]","[c]"
"Leaver CS","2022","Department for Work and Pensions (excl. agencies)","Barking & Dagenham and Havering","London","EO","40","[c]","30920","31060"
"Leaver CS","2022","Department for Work and Pensions (excl. agencies)","Barnet","London","AO","[c]","[c]","[c]","[c]"
"Leaver CS","2022","Department for Work and Pensions (excl. agencies)","Barnet","London","EO","35","[c]","31050","31060"
"Leaver CS","2022","Department for Work and Pensions (excl. agencies)","Barnsley, Doncaster and Rotherham","Outside London","AA","[c]","[c]","[c]","[c]"
"Leaver CS","2022","Department for Work and Pensions (excl. agencies)","Barnsley, Doncaster and Rotherham","Outside London","AO","65","[c]","21100","21260"
"Leaver CS","2022","Department for Work and Pensions (excl. agencies)","Barnsley, Doncaster and Rotherham","Outside London","EO","55","[c]","27460","27570"
"Leaver CS","2022","Department for Work and Pensions (excl. agencies)","Barnsley, Doncaster and Rotherham","Outside London","HEO","5","[c]","[c]","[c]"
"Leaver CS","2022","Department for Work and Pensions (excl. agencies)","Bath and North East Somerset, North Somerset and South Gloucestershire","Outside London","AO","10","[c]","[c]","[c]"
"Leaver CS","2022","Department for Work and Pensions (excl. agencies)","Bath and North East Somerset, North Somerset and South Gloucestershire","Outside London","EO","35","[c]","27520","27570"
"Leaver CS","2022","Department for Work and Pensions (excl. agencies)","Bedford","Outside London","AO","[c]","[c]","[c]","[c]"
"Leaver CS","2022","Department for Work and Pensions (excl. agencies)","Bedford","Outside London","EO","30","[c]","27800","27570"
"Leaver CS","2022","Department for Work and Pensions (excl. agencies)","Berkshire","Outside London","AO","5","[c]","[c]","[c]"
"Leaver CS","2022","Department for Work and Pensions (excl. agencies)","Berkshire","Outside London","EO","55","[c]","29300","29290"
"Leaver CS","2022","Department for Work and Pensions (excl. agencies)","Berkshire","Outside London","SEO","[c]","[c]","[c]","[c]"
"Leaver CS","2022","Department for Work and Pensions (excl. agencies)","Bexley and Greenwich","London","AO","5","[c]","[c]","[c]"
"Leaver CS","2022","Department for Work and Pensions (excl. agencies)","Bexley and Greenwich","London","EO","40","[c]","31160","31060"
"Leaver CS","2022","Department for Work and Pensions (excl. agencies)","Bexley and Greenwich","London","HEO","[c]","[c]","[c]","[c]"
"Leaver CS","2022","Department for Work and Pensions (excl. agencies)","Birmingham","Outside London","AA","[c]","[c]","[c]","[c]"
"Leaver CS","2022","Department for Work and Pensions (excl. agencies)","Birmingham","Outside London","AO","25","[c]","20870","21260"
"Leaver CS","2022","Department for Work and Pensions (excl. agencies)","Birmingham","Outside London","EO","110","[c]","27180","27570"
"Leaver CS","2022","Department for Work and Pensions (excl. agencies)","Birmingham","Outside London","HEO","10","[c]","[c]","[c]"
"Leaver CS","2022","Department for Work and Pensions (excl. agencies)","Birmingham","Outside London","SCS level","[c]","[c]","[c]","[c]"
"Leaver CS","2022","Department for Work and Pensions (excl. agencies)","Birmingham","Outside London","SEO","[c]","[c]","[c]","[c]"
"Leaver CS","2022","Department for Work and Pensions (excl. agencies)","Blackburn with Darwen","Outside London","AO","[c]","[c]","[c]","[c]"
"Leaver CS","2022","Department for Work and Pensions (excl. agencies)","Blackburn with Darwen","Outside London","EO","5","[c]","[c]","[c]"
"Leaver CS","2022","Department for Work and Pensions (excl. agencies)","Blackburn with Darwen","Outside London","G7","[c]","[c]","[c]","[c]"
"Leaver CS","2022","Department for Work and Pensions (excl. agencies)","Blackpool","Outside London","AA","[c]","[c]","[c]","[c]"
"Leaver CS","2022","Department for Work and Pensions (excl. agencies)","Blackpool","Outside London","AO","250","[c]","21120","21260"
"Leaver CS","2022","Department for Work and Pensions (excl. agencies)","Blackpool","Outside London","EO","85","[c]","27300","27570"
"Leaver CS","2022","Department for Work and Pensions (excl. agencies)","Blackpool","Outside London","G6","5","[c]","[c]","[c]"
"Leaver CS","2022","Department for Work and Pensions (excl. agencies)","Blackpool","Outside London","G7","20","[c]","51900","49560"
"Leaver CS","2022","Department for Work and Pensions (excl. agencies)","Blackpool","Outside London","HEO","15","[c]","33370","34290"
"Leaver CS","2022","Department for Work and Pensions (excl. agencies)","Blackpool","Outside London","SCS level","[c]","[c]","[c]","[c]"
"Leaver CS","2022","Department for Work and Pensions (excl. agencies)","Blackpool","Outside London","SEO","25","[c]","39880","38190"
"Leaver CS","2022","Department for Work and Pensions (excl. agencies)","Bournemouth, Christchurch and Poole","Outside London","EO","25","[c]","27500","27570"
"Leaver CS","2022","Department for Work and Pensions (excl. agencies)","Bradford","Outside London","AO","30","[c]","21150","21260"
"Leaver CS","2022","Department for Work and Pensions (excl. agencies)","Bradford","Outside London","EO","50","[c]","27480","27570"
"Leaver CS","2022","Department for Work and Pensions (excl. agencies)","Bradford","Outside London","G6","[c]","[c]","[c]","[c]"
"Leaver CS","2022","Department for Work and Pensions (excl. agencies)","Bradford","Outside London","HEO","[c]","[c]","[c]","[c]"
"Leaver CS","2022","Department for Work and Pensions (excl. agencies)","Breckland and South Norfolk","Outside London","EO","5","[c]","[c]","[c]"
"Leaver CS","2022","Department for Work and Pensions (excl. agencies)","Brent","London","AO","[c]","[c]","[c]","[c]"
"Leaver CS","2022","Department for Work and Pensions (excl. agencies)","Brent","London","EO","50","[c]","30970","31060"
"Leaver CS","2022","Department for Work and Pensions (excl. agencies)","Brent","London","HEO","[c]","[c]","[c]","[c]"
"Leaver CS","2022","Department for Work and Pensions (excl. agencies)","Bridgend and Neath Port Talbot","Outside London","AO","20","[c]","21180","21260"
"Leaver CS","2022","Department for Work and Pensions (excl. agencies)","Bridgend and Neath Port Talbot","Outside London","EO","10","[c]","[c]","[c]"
"Leaver CS","2022","Department for Work and Pensions (excl. agencies)","Bridgend and Neath Port Talbot","Outside London","HEO","[c]","[c]","[c]","[c]"
"Leaver CS","2022","Department for Work and Pensions (excl. agencies)","Brighton and Hove","Outside London","AO","5","[c]","[c]","[c]"
"Leaver CS","2022","Department for Work and Pensions (excl. agencies)","Brighton and Hove","Outside London","EO","25","[c]","27820","27570"
"Leaver CS","2022","Department for Work and Pensions (excl. agencies)","Brighton and Hove","Outside London","G7","[c]","[c]","[c]","[c]"
"Leaver CS","2022","Department for Work and Pensions (excl. agencies)","Bristol, City of","Outside London","AO","30","[c]","21130","21260"
"Leaver CS","2022","Department for Work and Pensions (excl. agencies)","Bristol, City of","Outside London","EO","55","[c]","27350","27570"
"Leaver CS","2022","Department for Work and Pensions (excl. agencies)","Bristol, City of","Outside London","HEO","[c]","[c]","[c]","[c]"
"Leaver CS","2022","Department for Work and Pensions (excl. agencies)","Bristol, City of","Outside London","SEO","[c]","[c]","[c]","[c]"
"Leaver CS","2022","Department for Work and Pensions (excl. agencies)","Bromley","London","AO","5","[c]","[c]","[c]"
"Leaver CS","2022","Department for Work and Pensions (excl. agencies)","Bromley","London","EO","30","[c]","31130","31060"
"Leaver CS","2022","Department for Work and Pensions (excl. agencies)","Bromley","London","HEO","[c]","[c]","[c]","[c]"
"Leaver CS","2022","Department for Work and Pensions (excl. agencies)","Buckinghamshire","Outside London","AO","[c]","[c]","[c]","[c]"
"Leaver CS","2022","Department for Work and Pensions (excl. agencies)","Buckinghamshire","Outside London","EO","25","[c]","28080","27570"
"Leaver CS","2022","Department for Work and Pensions (excl. agencies)","Buckinghamshire","Outside London","HEO","[c]","[c]","[c]","[c]"
"Leaver CS","2022","Department for Work and Pensions (excl. agencies)","Buckinghamshire","Outside London","SEO","[c]","[c]","[c]","[c]"
"Leaver CS","2022","Department for Work and Pensions (excl. agencies)","Caithness and Sutherland, and Ross and Cromarty","Outside London","AO","[c]","[c]","[c]","[c]"
"Leaver CS","2022","Department for Work and Pensions (excl. agencies)","Caithness and Sutherland, and Ross and Cromarty","Outside London","EO","[c]","[c]","[c]","[c]"
"Leaver CS","2022","Department for Work and Pensions (excl. agencies)","Calderdale and Kirklees","Outside London","AO","10","[c]","21180","21260"
"Leaver CS","2022","Department for Work and Pensions (excl. agencies)","Calderdale and Kirklees","Outside London","EO","60","[c]","27420","27570"
"Leaver CS","2022","Department for Work and Pensions (excl. agencies)","Calderdale and Kirklees","Outside London","G6","[c]","[c]","[c]","[c]"
"Leaver CS","2022","Department for Work and Pensions (excl. agencies)","Calderdale and Kirklees","Outside London","G7","[c]","[c]","[c]","[c]"
"Leaver CS","2022","Department for Work and Pensions (excl. agencies)","Calderdale and Kirklees","Outside London","HEO","5","[c]","[c]","[c]"
"Leaver CS","2022","Department for Work and Pensions (excl. agencies)","Calderdale and Kirklees","Outside London","SEO","[c]","[c]","[c]","[c]"
"Leaver CS","2022","Department for Work and Pensions (excl. agencies)","Cambridgeshire CC","Outside London","AO","[c]","[c]","[c]","[c]"
"Leaver CS","2022","Department for Work and Pensions (excl. agencies)","Cambridgeshire CC","Outside London","EO","40","[c]","27650","27570"
"Leaver CS","2022","Department for Work and Pensions (excl. agencies)","Cambridgeshire CC","Outside London","HEO","[c]","[c]","[c]","[c]"
"Leaver CS","2022","Department for Work and Pensions (excl. agencies)","Camden and City of London","London","AO","[c]","[c]","[c]","[c]"
"Leaver CS","2022","Department for Work and Pensions (excl. agencies)","Camden and City of London","London","EO","15","[c]","30970","31060"
"Leaver CS","2022","Department for Work and Pensions (excl. agencies)","Cardiff and Vale of Glamorgan","Outside London","AO","15","[c]","20990","21260"
"Leaver CS","2022","Department for Work and Pensions (excl. agencies)","Cardiff and Vale of Glamorgan","Outside London","EO","30","[c]","27430","27570"
"Leaver CS","2022","Department for Work and Pensions (excl. agencies)","Cardiff and Vale of Glamorgan","Outside London","HEO","[c]","[c]","[c]","[c]"
"Leaver CS","2022","Department for Work and Pensions (excl. agencies)","Cardiff and Vale of Glamorgan","Outside London","SEO","[c]","[c]","[c]","[c]"
"Leaver CS","2022","Department for Work and Pensions (excl. agencies)","Central Bedfordshire","Outside London","EO","5","[c]","[c]","[c]"
"Leaver CS","2022","Department for Work and Pensions (excl. agencies)","Central Hampshire","Outside London","EO","10","[c]","27570","27570"
"Leaver CS","2022","Department for Work and Pensions (excl. agencies)","Central Hampshire","Outside London","HEO","[c]","[c]","[c]","[c]"
"Leaver CS","2022","Department for Work and Pensions (excl. agencies)","Central Hampshire","Outside London","SEO","[c]","[c]","[c]","[c]"
"Leaver CS","2022","Department for Work and Pensions (excl. agencies)","Central Valleys","Outside London","AO","25","[c]","21210","21260"
"Leaver CS","2022","Department for Work and Pensions (excl. agencies)","Central Valleys","Outside London","EO","45","[c]","27500","27570"
"Leaver CS","2022","Department for Work and Pensions (excl. agencies)","Central Valleys","Outside London","HEO","[c]","[c]","[c]","[c]"
"Leaver CS","2022","Department for Work and Pensions (excl. agencies)","Central Valleys","Outside London","SEO","[c]","[c]","[c]","[c]"
"Leaver CS","2022","Department for Work and Pensions (excl. agencies)","Cheshire East","Outside London","AO","[c]","[c]","[c]","[c]"
"Leaver CS","2022","Department for Work and Pensions (excl. agencies)","Cheshire East","Outside London","EO","15","[c]","27570","27570"
"Leaver CS","2022","Department for Work and Pensions (excl. agencies)","Cheshire East","Outside London","HEO","[c]","[c]","[c]","[c]"
"Leaver CS","2022","Department for Work and Pensions (excl. agencies)","Cheshire West and Chester","Outside London","AO","20","[c]","21140","21260"
"Leaver CS","2022","Department for Work and Pensions (excl. agencies)","Cheshire West and Chester","Outside London","EO","15","[c]","27460","27570"
"Leaver CS","2022","Department for Work and Pensions (excl. agencies)","Cheshire West and Chester","Outside London","HEO","[c]","[c]","[c]","[c]"
"Leaver CS","2022","Department for Work and Pensions (excl. agencies)","Chorley and West Lancashire","Outside London","AO","[c]","[c]","[c]","[c]"
"Leaver CS","2022","Department for Work and Pensions (excl. agencies)","Chorley and West Lancashire","Outside London","EO","10","[c]","[c]","[c]"
"Leaver CS","2022","Department for Work and Pensions (excl. agencies)","Chorley and West Lancashire","Outside London","G7","[c]","[c]","[c]","[c]"
"Leaver CS","2022","Department for Work and Pensions (excl. agencies)","City of Edinburgh","Outside London","AO","[c]","[c]","[c]","[c]"
"Leaver CS","2022","Department for Work and Pensions (excl. agencies)","City of Edinburgh","Outside London","EO","30","[c]","27600","27570"
"Leaver CS","2022","Department for Work and Pensions (excl. agencies)","City of Edinburgh","Outside London","G7","[c]","[c]","[c]","[c]"
"Leaver CS","2022","Department for Work and Pensions (excl. agencies)","City of Edinburgh","Outside London","HEO","[c]","[c]","[c]","[c]"
"Leaver CS","2022","Department for Work and Pensions (excl. agencies)","City of Edinburgh","Outside London","SEO","[c]","[c]","[c]","[c]"
"Leaver CS","2022","Department for Work and Pensions (excl. agencies)","Clackmannanshire and Fife","Outside London","AO","35","[c]","20930","21260"
"Leaver CS","2022","Department for Work and Pensions (excl. agencies)","Clackmannanshire and Fife","Outside London","EO","30","[c]","27570","27570"
"Leaver CS","2022","Department for Work and Pensions (excl. agencies)","Clackmannanshire and Fife","Outside London","HEO","[c]","[c]","[c]","[c]"
"Leaver CS","2022","Department for Work and Pensions (excl. agencies)","Clackmannanshire and Fife","Outside London","SEO","[c]","[c]","[c]","[c]"
"Leaver CS","2022","Department for Work and Pensions (excl. agencies)","Conwy and Denbighshire","Outside London","AO","[c]","[c]","[c]","[c]"
"Leaver CS","2022","Department for Work and Pensions (excl. agencies)","Conwy and Denbighshire","Outside London","EO","10","[c]","27300","27570"
"Leaver CS","2022","Department for Work and Pensions (excl. agencies)","Conwy and Denbighshire","Outside London","HEO","[c]","[c]","[c]","[c]"
"Leaver CS","2022","Department for Work and Pensions (excl. agencies)","Cornwall and Isles of Scilly","Outside London","AO","55","[c]","21080","21260"
"Leaver CS","2022","Department for Work and Pensions (excl. agencies)","Cornwall and Isles of Scilly","Outside London","EO","30","[c]","27480","27570"
"Leaver CS","2022","Department for Work and Pensions (excl. agencies)","Cornwall and Isles of Scilly","Outside London","G7","[c]","[c]","[c]","[c]"
"Leaver CS","2022","Department for Work and Pensions (excl. agencies)","Cornwall and Isles of Scilly","Outside London","HEO","[c]","[c]","[c]","[c]"
"Leaver CS","2022","Department for Work and Pensions (excl. agencies)","Cornwall and Isles of Scilly","Outside London","SEO","[c]","[c]","[c]","[c]"
"Leaver CS","2022","Department for Work and Pensions (excl. agencies)","Coventry","Outside London","AO","15","[c]","21190","21260"
"Leaver CS","2022","Department for Work and Pensions (excl. agencies)","Coventry","Outside London","EO","25","[c]","27570","27570"
"Leaver CS","2022","Department for Work and Pensions (excl. agencies)","Coventry","Outside London","G7","[c]","[c]","[c]","[c]"
"Leaver CS","2022","Department for Work and Pensions (excl. agencies)","Coventry","Outside London","HEO","[c]","[c]","[c]","[c]"
"Leaver CS","2022","Department for Work and Pensions (excl. agencies)","Croydon","London","AO","10","[c]","25110","25110"
"Leaver CS","2022","Department for Work and Pensions (excl. agencies)","Croydon","London","EO","30","[c]","31140","31060"
"Leaver CS","2022","Department for Work and Pensions (excl. agencies)","Croydon","London","HEO","[c]","[c]","[c]","[c]"
"Leaver CS","2022","Department for Work and Pensions (excl. agencies)","Darlington","Outside London","AO","[c]","[c]","[c]","[c]"
"Leaver CS","2022","Department for Work and Pensions (excl. agencies)","Darlington","Outside London","EO","[c]","[c]","[c]","[c]"
"Leaver CS","2022","Department for Work and Pensions (excl. agencies)","Derby","Outside London","AO","35","[c]","21150","21260"
"Leaver CS","2022","Department for Work and Pensions (excl. agencies)","Derby","Outside London","EO","35","[c]","27570","27570"
"Leaver CS","2022","Department for Work and Pensions (excl. agencies)","Derby","Outside London","G6","[c]","[c]","[c]","[c]"
"Leaver CS","2022","Department for Work and Pensions (excl. agencies)","Derby","Outside London","HEO","[c]","[c]","[c]","[c]"
"Leaver CS","2022","Department for Work and Pensions (excl. agencies)","Derby","Outside London","SEO","[c]","[c]","[c]","[c]"
"Leaver CS","2022","Department for Work and Pensions (excl. agencies)","Devon CC","Outside London","AO","75","[c]","21080","21260"
"Leaver CS","2022","Department for Work and Pensions (excl. agencies)","Devon CC","Outside London","EO","40","[c]","27400","27570"
"Leaver CS","2022","Department for Work and Pensions (excl. agencies)","Devon CC","Outside London","G6","[c]","[c]","[c]","[c]"
"Leaver CS","2022","Department for Work and Pensions (excl. agencies)","Devon CC","Outside London","G7","[c]","[c]","[c]","[c]"
"Leaver CS","2022","Department for Work and Pensions (excl. agencies)","Devon CC","Outside London","HEO","5","[c]","[c]","[c]"
"Leaver CS","2022","Department for Work and Pensions (excl. agencies)","Dorset","Outside London","AO","[c]","[c]","[c]","[c]"
"Leaver CS","2022","Department for Work and Pensions (excl. agencies)","Dorset","Outside London","EO","5","[c]","[c]","[c]"
"Leaver CS","2022","Department for Work and Pensions (excl. agencies)","Dorset","Outside London","HEO","[c]","[c]","[c]","[c]"
"Leaver CS","2022","Department for Work and Pensions (excl. agencies)","Dudley","Outside London","AO","50","[c]","21120","21260"
"Leaver CS","2022","Department for Work and Pensions (excl. agencies)","Dudley","Outside London","EO","25","[c]","27190","27570"
"Leaver CS","2022","Department for Work and Pensions (excl. agencies)","Dudley","Outside London","HEO","[c]","[c]","[c]","[c]"
"Leaver CS","2022","Department for Work and Pensions (excl. agencies)","Dumfries and Galloway","Outside London","AO","[c]","[c]","[c]","[c]"
"Leaver CS","2022","Department for Work and Pensions (excl. agencies)","Dumfries and Galloway","Outside London","EO","[c]","[c]","[c]","[c]"
"Leaver CS","2022","Department for Work and Pensions (excl. agencies)","Dumfries and Galloway","Outside London","HEO","[c]","[c]","[c]","[c]"
"Leaver CS","2022","Department for Work and Pensions (excl. agencies)","Durham","Outside London","AO","30","[c]","21080","21260"
"Leaver CS","2022","Department for Work and Pensions (excl. agencies)","Durham","Outside London","EO","30","[c]","27230","27570"
"Leaver CS","2022","Department for Work and Pensions (excl. agencies)","Durham","Outside London","G7","[c]","[c]","[c]","[c]"
"Leaver CS","2022","Department for Work and Pensions (excl. agencies)","Durham","Outside London","HEO","[c]","[c]","[c]","[c]"
"Leaver CS","2022","Department for Work and Pensions (excl. agencies)","Durham","Outside London","SCS level","[c]","[c]","[c]","[c]"
"Leaver CS","2022","Department for Work and Pensions (excl. agencies)","Ealing","London","AA","[c]","[c]","[c]","[c]"
"Leaver CS","2022","Department for Work and Pensions (excl. agencies)","Ealing","London","AO","[c]","[c]","[c]","[c]"
"Leaver CS","2022","Department for Work and Pensions (excl. agencies)","Ealing","London","EO","35","[c]","31150","31060"
"Leaver CS","2022","Department for Work and Pensions (excl. agencies)","Ealing","London","G7","[c]","[c]","[c]","[c]"
"Leaver CS","2022","Department for Work and Pensions (excl. agencies)","Ealing","London","HEO","[c]","[c]","[c]","[c]"
"Leaver CS","2022","Department for Work and Pensions (excl. agencies)","East Ayrshire and North Ayrshire mainland","Outside London","AO","15","[c]","21100","21260"
"Leaver CS","2022","Department for Work and Pensions (excl. agencies)","East Ayrshire and North Ayrshire mainland","Outside London","EO","20","[c]","27230","27570"
"Leaver CS","2022","Department for Work and Pensions (excl. agencies)","East Ayrshire and North Ayrshire mainland","Outside London","HEO","[c]","[c]","[c]","[c]"
"Leaver CS","2022","Department for Work and Pensions (excl. agencies)","East Ayrshire and North Ayrshire mainland","Outside London","SEO","[c]","[c]","[c]","[c]"
"Leaver CS","2022","Department for Work and Pensions (excl. agencies)","East Cumbria","Outside London","AO","[c]","[c]","[c]","[c]"
"Leaver CS","2022","Department for Work and Pensions (excl. agencies)","East Cumbria","Outside London","EO","5","[c]","[c]","[c]"
"Leaver CS","2022","Department for Work and Pensions (excl. agencies)","East Cumbria","Outside London","HEO","[c]","[c]","[c]","[c]"
"Leaver CS","2022","Department for Work and Pensions (excl. agencies)","East Derbyshire","Outside London","AO","15","[c]","21050","21260"
"Leaver CS","2022","Department for Work and Pensions (excl. agencies)","East Derbyshire","Outside London","EO","20","[c]","27300","27570"
"Leaver CS","2022","Department for Work and Pensions (excl. agencies)","East Derbyshire","Outside London","HEO","[c]","[c]","[c]","[c]"
"Leaver CS","2022","Department for Work and Pensions (excl. agencies)","East Dunbartonshire, West Dunbartonshire, and Helensburgh and Lomond","Outside London","AO","20","[c]","21120","21260"
"Leaver CS","2022","Department for Work and Pensions (excl. agencies)","East Dunbartonshire, West Dunbartonshire, and Helensburgh and Lomond","Outside London","EO","15","[c]","27480","27570"
"Leaver CS","2022","Department for Work and Pensions (excl. agencies)","East Kent","Outside London","AO","40","[c]","24350","24250"
"Leaver CS","2022","Department for Work and Pensions (excl. agencies)","East Kent","Outside London","EO","25","[c]","30580","30580"
"Leaver CS","2022","Department for Work and Pensions (excl. agencies)","East Kent","Outside London","HEO","[c]","[c]","[c]","[c]"
"Leaver CS","2022","Department for Work and Pensions (excl. agencies)","East Lancashire","Outside London","AA","[c]","[c]","[c]","[c]"
"Leaver CS","2022","Department for Work and Pensions (excl. agencies)","East Lancashire","Outside London","AO","10","[c]","[c]","[c]"
"Leaver CS","2022","Department for Work and Pensions (excl. agencies)","East Lancashire","Outside London","EO","10","[c]","27570","27570"
"Leaver CS","2022","Department for Work and Pensions (excl. agencies)","East Lancashire","Outside London","HEO","[c]","[c]","[c]","[c]"
"Leaver CS","2022","Department for Work and Pensions (excl. agencies)","East Lancashire","Outside London","SEO","[c]","[c]","[c]","[c]"
"Leaver CS","2022","Department for Work and Pensions (excl. agencies)","East Lothian and Midlothian","Outside London","EO","[c]","[c]","[c]","[c]"
"Leaver CS","2022","Department for Work and Pensions (excl. agencies)","East Merseyside","Outside London","AO","10","[c]","20930","21010"
"Leaver CS","2022","Department for Work and Pensions (excl. agencies)","East Merseyside","Outside London","EO","25","[c]","26810","27570"
"Leaver CS","2022","Department for Work and Pensions (excl. agencies)","East Merseyside","Outside London","G7","[c]","[c]","[c]","[c]"
"Leaver CS","2022","Department for Work and Pensions (excl. agencies)","East Merseyside","Outside London","HEO","[c]","[c]","[c]","[c]"
"Leaver CS","2022","Department for Work and Pensions (excl. agencies)","East Riding of Yorkshire","Outside London","AO","[c]","[c]","[c]","[c]"
"Leaver CS","2022","Department for Work and Pensions (excl. agencies)","East Riding of Yorkshire","Outside London","EO","10","[c]","[c]","[c]"
"Leaver CS","2022","Department for Work and Pensions (excl. agencies)","East Riding of Yorkshire","Outside London","SEO","[c]","[c]","[c]","[c]"
"Leaver CS","2022","Department for Work and Pensions (excl. agencies)","East Surrey","Outside London","AO","5","[c]","[c]","[c]"
"Leaver CS","2022","Department for Work and Pensions (excl. agencies)","East Surrey","Outside London","EO","10","[c]","30230","29290"
"Leaver CS","2022","Department for Work and Pensions (excl. agencies)","East Surrey","Outside London","HEO","[c]","[c]","[c]","[c]"
"Leaver CS","2022","Department for Work and Pensions (excl. agencies)","East Sussex CC","Outside London","AO","75","[c]","21150","21260"
"Leaver CS","2022","Department for Work and Pensions (excl. agencies)","East Sussex CC","Outside London","EO","45","[c]","27420","27570"
"Leaver CS","2022","Department for Work and Pensions (excl. agencies)","East Sussex CC","Outside London","HEO","[c]","[c]","[c]","[c]"
"Leaver CS","2022","Department for Work and Pensions (excl. agencies)","Enfield","London","AO","[c]","[c]","[c]","[c]"
"Leaver CS","2022","Department for Work and Pensions (excl. agencies)","Enfield","London","EO","25","[c]","30830","31060"
"Leaver CS","2022","Department for Work and Pensions (excl. agencies)","Enfield","London","HEO","[c]","[c]","[c]","[c]"
"Leaver CS","2022","Department for Work and Pensions (excl. agencies)","Essex Haven Gateway","Outside London","AO","[c]","[c]","[c]","[c]"
"Leaver CS","2022","Department for Work and Pensions (excl. agencies)","Essex Haven Gateway","Outside London","EO","35","[c]","29790","29290"
"Leaver CS","2022","Department for Work and Pensions (excl. agencies)","Essex Haven Gateway","Outside London","HEO","[c]","[c]","[c]","[c]"
"Leaver CS","2022","Department for Work and Pensions (excl. agencies)","Essex Haven Gateway","Outside London","SEO","[c]","[c]","[c]","[c]"
"Leaver CS","2022","Department for Work and Pensions (excl. agencies)","Essex Thames Gateway","Outside London","AO","35","[c]","24260","24250"
"Leaver CS","2022","Department for Work and Pensions (excl. agencies)","Essex Thames Gateway","Outside London","EO","35","[c]","29840","29290"
"Leaver CS","2022","Department for Work and Pensions (excl. agencies)","Essex Thames Gateway","Outside London","HEO","[c]","[c]","[c]","[c]"
"Leaver CS","2022","Department for Work and Pensions (excl. agencies)","Falkirk","Outside London","AO","60","[c]","21150","21260"
"Leaver CS","2022","Department for Work and Pensions (excl. agencies)","Falkirk","Outside London","EO","15","[c]","27470","27570"
"Leaver CS","2022","Department for Work and Pensions (excl. agencies)","Falkirk","Outside London","HEO","[c]","[c]","[c]","[c]"
"Leaver CS","2022","Department for Work and Pensions (excl. agencies)","Falkirk","Outside London","SEO","[c]","[c]","[c]","[c]"
"Leaver CS","2022","Department for Work and Pensions (excl. agencies)","Flintshire and Wrexham","Outside London","AO","45","[c]","20930","21260"
"Leaver CS","2022","Department for Work and Pensions (excl. agencies)","Flintshire and Wrexham","Outside London","EO","15","[c]","27000","27570"
"Leaver CS","2022","Department for Work and Pensions (excl. agencies)","Flintshire and Wrexham","Outside London","HEO","[c]","[c]","[c]","[c]"
"Leaver CS","2022","Department for Work and Pensions (excl. agencies)","Flintshire and Wrexham","Outside London","SEO","[c]","[c]","[c]","[c]"
"Leaver CS","2022","Department for Work and Pensions (excl. agencies)","Glasgow City","Outside London","AO","100","[c]","21040","21260"
"Leaver CS","2022","Department for Work and Pensions (excl. agencies)","Glasgow City","Outside London","EO","70","[c]","27230","27570"
"Leaver CS","2022","Department for Work and Pensions (excl. agencies)","Glasgow City","Outside London","G6","[c]","[c]","[c]","[c]"
"Leaver CS","2022","Department for Work and Pensions (excl. agencies)","Glasgow City","Outside London","G7","[c]","[c]","[c]","[c]"
"Leaver CS","2022","Department for Work and Pensions (excl. agencies)","Glasgow City","Outside London","HEO","5","[c]","[c]","[c]"
"Leaver CS","2022","Department for Work and Pensions (excl. agencies)","Glasgow City","Outside London","SEO","[c]","[c]","[c]","[c]"
"Leaver CS","2022","Department for Work and Pensions (excl. agencies)","Gloucestershire CC","Outside London","AO","5","[c]","[c]","[c]"
"Leaver CS","2022","Department for Work and Pensions (excl. agencies)","Gloucestershire CC","Outside London","EO","30","[c]","27480","27570"
"Leaver CS","2022","Department for Work and Pensions (excl. agencies)","Gloucestershire CC","Outside London","HEO","[c]","[c]","[c]","[c]"
"Leaver CS","2022","Department for Work and Pensions (excl. agencies)","Gloucestershire CC","Outside London","SEO","[c]","[c]","[c]","[c]"
"Leaver CS","2022","Department for Work and Pensions (excl. agencies)","Greater Manchester North East","Outside London","AO","10","[c]","21090","21260"
"Leaver CS","2022","Department for Work and Pensions (excl. agencies)","Greater Manchester North East","Outside London","EO","40","[c]","27240","27570"
"Leaver CS","2022","Department for Work and Pensions (excl. agencies)","Greater Manchester North East","Outside London","G6","[c]","[c]","[c]","[c]"
"Leaver CS","2022","Department for Work and Pensions (excl. agencies)","Greater Manchester North East","Outside London","HEO","[c]","[c]","[c]","[c]"
"Leaver CS","2022","Department for Work and Pensions (excl. agencies)","Greater Manchester North East","Outside London","SEO","[c]","[c]","[c]","[c]"
"Leaver CS","2022","Department for Work and Pensions (excl. agencies)","Greater Manchester North West","Outside London","AO","55","[c]","20920","21260"
"Leaver CS","2022","Department for Work and Pensions (excl. agencies)","Greater Manchester North West","Outside London","EO","40","[c]","27340","27570"
"Leaver CS","2022","Department for Work and Pensions (excl. agencies)","Greater Manchester North West","Outside London","G7","[c]","[c]","[c]","[c]"
"Leaver CS","2022","Department for Work and Pensions (excl. agencies)","Greater Manchester North West","Outside London","HEO","[c]","[c]","[c]","[c]"
"Leaver CS","2022","Department for Work and Pensions (excl. agencies)","Greater Manchester South East","Outside London","AO","80","[c]","21070","21260"
"Leaver CS","2022","Department for Work and Pensions (excl. agencies)","Greater Manchester South East","Outside London","EO","25","[c]","27200","27570"
"Leaver CS","2022","Department for Work and Pensions (excl. agencies)","Greater Manchester South East","Outside London","G6","[c]","[c]","[c]","[c]"
"Leaver CS","2022","Department for Work and Pensions (excl. agencies)","Greater Manchester South East","Outside London","G7","[c]","[c]","[c]","[c]"
"Leaver CS","2022","Department for Work and Pensions (excl. agencies)","Greater Manchester South East","Outside London","SEO","[c]","[c]","[c]","[c]"
"Leaver CS","2022","Department for Work and Pensions (excl. agencies)","Greater Manchester South West","Outside London","AO","20","[c]","20960","21260"
"Leaver CS","2022","Department for Work and Pensions (excl. agencies)","Greater Manchester South West","Outside London","EO","30","[c]","27570","27570"
"Leaver CS","2022","Department for Work and Pensions (excl. agencies)","Greater Manchester South West","Outside London","HEO","[c]","[c]","[c]","[c]"
"Leaver CS","2022","Department for Work and Pensions (excl. agencies)","Gwent Valleys","Outside London","AO","10","[c]","20930","21010"
"Leaver CS","2022","Department for Work and Pensions (excl. agencies)","Gwent Valleys","Outside London","EO","15","[c]","27440","27570"
"Leaver CS","2022","Department for Work and Pensions (excl. agencies)","Gwent Valleys","Outside London","HEO","5","[c]","[c]","[c]"
"Leaver CS","2022","Department for Work and Pensions (excl. agencies)","Gwynedd","Outside London","AO","25","[c]","21200","21260"
"Leaver CS","2022","Department for Work and Pensions (excl. agencies)","Hackney and Newham","London","AO","15","[c]","24180","24290"
"Leaver CS","2022","Department for Work and Pensions (excl. agencies)","Hackney and Newham","London","EO","55","[c]","31080","31060"
"Leaver CS","2022","Department for Work and Pensions (excl. agencies)","Hackney and Newham","London","G6","[c]","[c]","[c]","[c]"
"Leaver CS","2022","Department for Work and Pensions (excl. agencies)","Hackney and Newham","London","HEO","[c]","[c]","[c]","[c]"
"Leaver CS","2022","Department for Work and Pensions (excl. agencies)","Haringey and Islington","London","AO","5","[c]","[c]","[c]"
"Leaver CS","2022","Department for Work and Pensions (excl. agencies)","Haringey and Islington","London","EO","45","[c]","31130","31060"
"Leaver CS","2022","Department for Work and Pensions (excl. agencies)","Haringey and Islington","London","HEO","[c]","[c]","[c]","[c]"
"Leaver CS","2022","Department for Work and Pensions (excl. agencies)","Harrow and Hillingdon","London","AO","5","[c]","[c]","[c]"
"Leaver CS","2022","Department for Work and Pensions (excl. agencies)","Harrow and Hillingdon","London","EO","45","[c]","30920","31060"
"Leaver CS","2022","Department for Work and Pensions (excl. agencies)","Harrow and Hillingdon","London","G7","[c]","[c]","[c]","[c]"
"Leaver CS","2022","Department for Work and Pensions (excl. agencies)","Harrow and Hillingdon","London","HEO","[c]","[c]","[c]","[c]"
"Leaver CS","2022","Department for Work and Pensions (excl. agencies)","Hartlepool and Stockton-on-Tees","Outside London","AA","[c]","[c]","[c]","[c]"
"Leaver CS","2022","Department for Work and Pensions (excl. agencies)","Hartlepool and Stockton-on-Tees","Outside London","AO","25","[c]","21010","21260"
"Leaver CS","2022","Department for Work and Pensions (excl. agencies)","Hartlepool and Stockton-on-Tees","Outside London","EO","20","[c]","27500","27570"
"Leaver CS","2022","Department for Work and Pensions (excl. agencies)","Hartlepool and Stockton-on-Tees","Outside London","G6","[c]","[c]","[c]","[c]"
"Leaver CS","2022","Department for Work and Pensions (excl. agencies)","Hartlepool and Stockton-on-Tees","Outside London","HEO","[c]","[c]","[c]","[c]"
"Leaver CS","2022","Department for Work and Pensions (excl. agencies)","Hartlepool and Stockton-on-Tees","Outside London","SEO","[c]","[c]","[c]","[c]"
"Leaver CS","2022","Department for Work and Pensions (excl. agencies)","Heart of Essex","Outside London","AO","[c]","[c]","[c]","[c]"
"Leaver CS","2022","Department for Work and Pensions (excl. agencies)","Heart of Essex","Outside London","EO","25","[c]","29530","29290"
"Leaver CS","2022","Department for Work and Pensions (excl. agencies)","Herefordshire, County of","Outside London","EO","15","[c]","27570","27570"
"Leaver CS","2022","Department for Work and Pensions (excl. agencies)","Hertfordshire CC","Outside London","AA","[c]","[c]","[c]","[c]"
"Leaver CS","2022","Department for Work and Pensions (excl. agencies)","Hertfordshire CC","Outside London","AO","20","[c]","24380","24250"
"Leaver CS","2022","Department for Work and Pensions (excl. agencies)","Hertfordshire CC","Outside London","EO","60","[c]","29660","29290"
"Leaver CS","2022","Department for Work and Pensions (excl. agencies)","Hertfordshire CC","Outside London","HEO","[c]","[c]","[c]","[c]"
"Leaver CS","2022","Department for Work and Pensions (excl. agencies)","Hounslow and Richmond upon Thames","London","AO","5","[c]","[c]","[c]"
"Leaver CS","2022","Department for Work and Pensions (excl. agencies)","Hounslow and Richmond upon Thames","London","EO","30","[c]","30660","31060"
"Leaver CS","2022","Department for Work and Pensions (excl. agencies)","Inverclyde, East Renfrewshire, and Renfrewshire","Outside London","AO","10","[c]","21050","21260"
"Leaver CS","2022","Department for Work and Pensions (excl. agencies)","Inverclyde, East Renfrewshire, and Renfrewshire","Outside London","EO","15","[c]","27150","27570"
"Leaver CS","2022","Department for Work and Pensions (excl. agencies)","Inverclyde, East Renfrewshire, and Renfrewshire","Outside London","HEO","[c]","[c]","[c]","[c]"
"Leaver CS","2022","Department for Work and Pensions (excl. agencies)","Inverness and Nairn, Moray, and Badenoch and Strathspey","Outside London","AO","10","[c]","20790","21010"
"Leaver CS","2022","Department for Work and Pensions (excl. agencies)","Inverness and Nairn, Moray, and Badenoch and Strathspey","Outside London","EO","15","[c]","27570","27570"
"Leaver CS","2022","Department for Work and Pensions (excl. agencies)","Inverness and Nairn, Moray, and Badenoch and Strathspey","Outside London","HEO","[c]","[c]","[c]","[c]"
"Leaver CS","2022","Department for Work and Pensions (excl. agencies)","Isle of Anglesey","Outside London","AO","[c]","[c]","[c]","[c]"
"Leaver CS","2022","Department for Work and Pensions (excl. agencies)","Isle of Anglesey","Outside London","EO","[c]","[c]","[c]","[c]"
"Leaver CS","2022","Department for Work and Pensions (excl. agencies)","Isle of Wight","Outside London","AO","10","[c]","[c]","[c]"
"Leaver CS","2022","Department for Work and Pensions (excl. agencies)","Isle of Wight","Outside London","EO","10","[c]","27570","27570"
"Leaver CS","2022","Department for Work and Pensions (excl. agencies)","Isle of Wight","Outside London","SEO","[c]","[c]","[c]","[c]"
"Leaver CS","2022","Department for Work and Pensions (excl. agencies)","Kensington & Chelsea and Hammersmith & Fulham","London","AO","5","[c]","[c]","[c]"
"Leaver CS","2022","Department for Work and Pensions (excl. agencies)","Kensington & Chelsea and Hammersmith & Fulham","London","EO","25","[c]","31100","31060"
"Leaver CS","2022","Department for Work and Pensions (excl. agencies)","Kent Thames Gateway","Outside London","AO","10","[c]","[c]","[c]"
"Leaver CS","2022","Department for Work and Pensions (excl. agencies)","Kent Thames Gateway","Outside London","EO","20","[c]","29750","29290"
"Leaver CS","2022","Department for Work and Pensions (excl. agencies)","Kent Thames Gateway","Outside London","G7","[c]","[c]","[c]","[c]"
"Leaver CS","2022","Department for Work and Pensions (excl. agencies)","Kingston upon Hull, City of","Outside London","AO","25","[c]","21030","21260"
"Leaver CS","2022","Department for Work and Pensions (excl. agencies)","Kingston upon Hull, City of","Outside London","EO","30","[c]","27520","27570"
"Leaver CS","2022","Department for Work and Pensions (excl. agencies)","Kingston upon Hull, City of","Outside London","HEO","[c]","[c]","[c]","[c]"
"Leaver CS","2022","Department for Work and Pensions (excl. agencies)","Lambeth","London","AO","10","[c]","[c]","[c]"
"Leaver CS","2022","Department for Work and Pensions (excl. agencies)","Lambeth","London","EO","55","[c]","31090","31060"
"Leaver CS","2022","Department for Work and Pensions (excl. agencies)","Lambeth","London","HEO","[c]","[c]","[c]","[c]"
"Leaver CS","2022","Department for Work and Pensions (excl. agencies)","Lancaster and Wyre","Outside London","AO","15","[c]","21230","21260"
"Leaver CS","2022","Department for Work and Pensions (excl. agencies)","Lancaster and Wyre","Outside London","EO","15","[c]","27460","27570"
"Leaver CS","2022","Department for Work and Pensions (excl. agencies)","Leeds","Outside London","AO","65","[c]","21200","21260"
"Leaver CS","2022","Department for Work and Pensions (excl. agencies)","Leeds","Outside London","EO","105","[c]","27310","27570"
"Leaver CS","2022","Department for Work and Pensions (excl. agencies)","Leeds","Outside London","G6","5","[c]","[c]","[c]"
"Leaver CS","2022","Department for Work and Pensions (excl. agencies)","Leeds","Outside London","G7","25","[c]","54170","52700"
"Leaver CS","2022","Department for Work and Pensions (excl. agencies)","Leeds","Outside London","HEO","30","[c]","33160","33090"
"Leaver CS","2022","Department for Work and Pensions (excl. agencies)","Leeds","Outside London","SCS level","[c]","[c]","[c]","[c]"
"Leaver CS","2022","Department for Work and Pensions (excl. agencies)","Leeds","Outside London","SEO","30","[c]","39370","39070"
"Leaver CS","2022","Department for Work and Pensions (excl. agencies)","Leicester","Outside London","AO","60","[c]","21130","21260"
"Leaver CS","2022","Department for Work and Pensions (excl. agencies)","Leicester","Outside London","EO","35","[c]","27570","27570"
"Leaver CS","2022","Department for Work and Pensions (excl. agencies)","Leicester","Outside London","G7","[c]","[c]","[c]","[c]"
"Leaver CS","2022","Department for Work and Pensions (excl. agencies)","Leicestershire CC and Rutland","Outside London","AO","[c]","[c]","[c]","[c]"
"Leaver CS","2022","Department for Work and Pensions (excl. agencies)","Leicestershire CC and Rutland","Outside London","EO","10","[c]","27570","27570"
"Leaver CS","2022","Department for Work and Pensions (excl. agencies)","Lewisham and Southwark","London","AO","5","[c]","[c]","[c]"
"Leaver CS","2022","Department for Work and Pensions (excl. agencies)","Lewisham and Southwark","London","EO","45","[c]","30950","31060"
"Leaver CS","2022","Department for Work and Pensions (excl. agencies)","Lincolnshire CC","Outside London","AO","15","[c]","21120","21260"
"Leaver CS","2022","Department for Work and Pensions (excl. agencies)","Lincolnshire CC","Outside London","EO","35","[c]","27530","27570"
"Leaver CS","2022","Department for Work and Pensions (excl. agencies)","Lincolnshire CC","Outside London","HEO","[c]","[c]","[c]","[c]"
"Leaver CS","2022","Department for Work and Pensions (excl. agencies)","Liverpool","Outside London","AO","15","[c]","21030","21260"
"Leaver CS","2022","Department for Work and Pensions (excl. agencies)","Liverpool","Outside London","EO","50","[c]","27440","27570"
"Leaver CS","2022","Department for Work and Pensions (excl. agencies)","Liverpool","Outside London","HEO","[c]","[c]","[c]","[c]"
"Leaver CS","2022","Department for Work and Pensions (excl. agencies)","Liverpool","Outside London","SEO","[c]","[c]","[c]","[c]"
"Leaver CS","2022","Department for Work and Pensions (excl. agencies)","Lochaber, Skye and Lochalsh, Arran and Cumbrae, and Argyll and Bute","Outside London","EO","[c]","[c]","[c]","[c]"
"Leaver CS","2022","Department for Work and Pensions (excl. agencies)","Lochaber, Skye and Lochalsh, Arran and Cumbrae, and Argyll and Bute","Outside London","HEO","[c]","[c]","[c]","[c]"
"Leaver CS","2022","Department for Work and Pensions (excl. agencies)","Luton","Outside London","AO","5","[c]","[c]","[c]"
"Leaver CS","2022","Department for Work and Pensions (excl. agencies)","Luton","Outside London","EO","15","[c]","27670","27570"
"Leaver CS","2022","Department for Work and Pensions (excl. agencies)","Manchester","Outside London","AO","40","[c]","21100","21260"
"Leaver CS","2022","Department for Work and Pensions (excl. agencies)","Manchester","Outside London","EO","80","[c]","27420","27570"
"Leaver CS","2022","Department for Work and Pensions (excl. agencies)","Manchester","Outside London","G6","10","[c]","72030","72930"
"Leaver CS","2022","Department for Work and Pensions (excl. agencies)","Manchester","Outside London","G7","15","[c]","55830","55000"
"Leaver CS","2022","Department for Work and Pensions (excl. agencies)","Manchester","Outside London","HEO","5","[c]","[c]","[c]"
"Leaver CS","2022","Department for Work and Pensions (excl. agencies)","Manchester","Outside London","SCS level","[c]","[c]","[c]","[c]"
"Leaver CS","2022","Department for Work and Pensions (excl. agencies)","Manchester","Outside London","SEO","20","[c]","39340","38770"
"Leaver CS","2022","Department for Work and Pensions (excl. agencies)","Medway","Outside London","AO","[c]","[c]","[c]","[c]"
"Leaver CS","2022","Department for Work and Pensions (excl. agencies)","Medway","Outside London","EO","25","[c]","29660","29290"
"Leaver CS","2022","Department for Work and Pensions (excl. agencies)","Medway","Outside London","HEO","[c]","[c]","[c]","[c]"
"Leaver CS","2022","Department for Work and Pensions (excl. agencies)","Merton, Kingston upon Thames and Sutton","London","AO","[c]","[c]","[c]","[c]"
"Leaver CS","2022","Department for Work and Pensions (excl. agencies)","Merton, Kingston upon Thames and Sutton","London","EO","40","[c]","31070","31060"
"Leaver CS","2022","Department for Work and Pensions (excl. agencies)","Merton, Kingston upon Thames and Sutton","London","SEO","[c]","[c]","[c]","[c]"
"Leaver CS","2022","Department for Work and Pensions (excl. agencies)","Mid Kent","Outside London","EO","20","[c]","29420","29290"
"Leaver CS","2022","Department for Work and Pensions (excl. agencies)","Mid Kent","Outside London","G6","[c]","[c]","[c]","[c]"
"Leaver CS","2022","Department for Work and Pensions (excl. agencies)","Mid Kent","Outside London","SEO","[c]","[c]","[c]","[c]"
"Leaver CS","2022","Department for Work and Pensions (excl. agencies)","Mid Lancashire","Outside London","AO","90","[c]","20950","21260"
"Leaver CS","2022","Department for Work and Pensions (excl. agencies)","Mid Lancashire","Outside London","EO","25","[c]","27220","27570"
"Leaver CS","2022","Department for Work and Pensions (excl. agencies)","Mid Lancashire","Outside London","HEO","[c]","[c]","[c]","[c]"
"Leaver CS","2022","Department for Work and Pensions (excl. agencies)","Mid Lancashire","Outside London","SEO","[c]","[c]","[c]","[c]"
"Leaver CS","2022","Department for Work and Pensions (excl. agencies)","Milton Keynes","Outside London","AO","10","[c]","[c]","[c]"
"Leaver CS","2022","Department for Work and Pensions (excl. agencies)","Milton Keynes","Outside London","EO","30","[c]","27760","27570"
"Leaver CS","2022","Department for Work and Pensions (excl. agencies)","Monmouthshire and Newport","Outside London","AO","[c]","[c]","[c]","[c]"
"Leaver CS","2022","Department for Work and Pensions (excl. agencies)","Monmouthshire and Newport","Outside London","EO","20","[c]","27490","27570"
"Leaver CS","2022","Department for Work and Pensions (excl. agencies)","Na h-Eileanan Siar","Outside London","AO","15","[c]","21250","21260"
"Leaver CS","2022","Department for Work and Pensions (excl. agencies)","Na h-Eileanan Siar","Outside London","EO","[c]","[c]","[c]","[c]"
"Leaver CS","2022","Department for Work and Pensions (excl. agencies)","North and North East Lincolnshire","Outside London","AO","15","[c]","21200","21260"
"Leaver CS","2022","Department for Work and Pensions (excl. agencies)","North and North East Lincolnshire","Outside London","EO","20","[c]","27480","27570"
"Leaver CS","2022","Department for Work and Pensions (excl. agencies)","North and North East Lincolnshire","Outside London","G6","[c]","[c]","[c]","[c]"
"Leaver CS","2022","Department for Work and Pensions (excl. agencies)","North and North East Lincolnshire","Outside London","HEO","[c]","[c]","[c]","[c]"
"Leaver CS","2022","Department for Work and Pensions (excl. agencies)","North and West Norfolk","Outside London","EO","10","[c]","[c]","[c]"
"Leaver CS","2022","Department for Work and Pensions (excl. agencies)","North and West Norfolk","Outside London","G7","[c]","[c]","[c]","[c]"
"Leaver CS","2022","Department for Work and Pensions (excl. agencies)","North Hampshire","Outside London","AO","5","[c]","[c]","[c]"
"Leaver CS","2022","Department for Work and Pensions (excl. agencies)","North Hampshire","Outside London","EO","20","[c]","27570","27570"
"Leaver CS","2022","Department for Work and Pensions (excl. agencies)","North Hampshire","Outside London","G7","[c]","[c]","[c]","[c]"
"Leaver CS","2022","Department for Work and Pensions (excl. agencies)","North Hampshire","Outside London","HEO","[c]","[c]","[c]","[c]"
"Leaver CS","2022","Department for Work and Pensions (excl. agencies)","North Lanarkshire","Outside London","AO","35","[c]","21090","21260"
"Leaver CS","2022","Department for Work and Pensions (excl. agencies)","North Lanarkshire","Outside London","EO","20","[c]","27290","27570"
"Leaver CS","2022","Department for Work and Pensions (excl. agencies)","North Northamptonshire","Outside London","AO","30","[c]","21120","21260"
"Leaver CS","2022","Department for Work and Pensions (excl. agencies)","North Northamptonshire","Outside London","EO","25","[c]","27460","27570"
"Leaver CS","2022","Department for Work and Pensions (excl. agencies)","North Nottinghamshire","Outside London","AO","[c]","[c]","[c]","[c]"
"Leaver CS","2022","Department for Work and Pensions (excl. agencies)","North Nottinghamshire","Outside London","EO","25","[c]","27400","27570"
"Leaver CS","2022","Department for Work and Pensions (excl. agencies)","North Yorkshire CC","Outside London","AO","[c]","[c]","[c]","[c]"
"Leaver CS","2022","Department for Work and Pensions (excl. agencies)","North Yorkshire CC","Outside London","EO","25","[c]","27500","27570"
"Leaver CS","2022","Department for Work and Pensions (excl. agencies)","North Yorkshire CC","Outside London","HEO","[c]","[c]","[c]","[c]"
"Leaver CS","2022","Department for Work and Pensions (excl. agencies)","Northumberland","Outside London","AO","[c]","[c]","[c]","[c]"
"Leaver CS","2022","Department for Work and Pensions (excl. agencies)","Northumberland","Outside London","EO","15","[c]","27360","27570"
"Leaver CS","2022","Department for Work and Pensions (excl. agencies)","Northumberland","Outside London","HEO","[c]","[c]","[c]","[c]"
"Leaver CS","2022","Department for Work and Pensions (excl. agencies)","Norwich and East Norfolk","Outside London","AO","20","[c]","21000","21140"
"Leaver CS","2022","Department for Work and Pensions (excl. agencies)","Norwich and East Norfolk","Outside London","EO","25","[c]","27450","27570"
"Leaver CS","2022","Department for Work and Pensions (excl. agencies)","Norwich and East Norfolk","Outside London","HEO","[c]","[c]","[c]","[c]"
"Leaver CS","2022","Department for Work and Pensions (excl. agencies)","Nottingham","Outside London","AA","[c]","[c]","[c]","[c]"
"Leaver CS","2022","Department for Work and Pensions (excl. agencies)","Nottingham","Outside London","AO","30","[c]","21240","21260"
"Leaver CS","2022","Department for Work and Pensions (excl. agencies)","Nottingham","Outside London","EO","35","[c]","27330","27570"
"Leaver CS","2022","Department for Work and Pensions (excl. agencies)","Nottingham","Outside London","HEO","5","[c]","[c]","[c]"
"Leaver CS","2022","Department for Work and Pensions (excl. agencies)","Nottingham","Outside London","SEO","[c]","[c]","[c]","[c]"
"Leaver CS","2022","Department for Work and Pensions (excl. agencies)","Orkney Islands","Outside London","EO","[c]","[c]","[c]","[c]"
"Leaver CS","2022","Department for Work and Pensions (excl. agencies)","Oxfordshire CC","Outside London","AO","[c]","[c]","[c]","[c]"
"Leaver CS","2022","Department for Work and Pensions (excl. agencies)","Oxfordshire CC","Outside London","EO","30","[c]","27920","27570"
"Leaver CS","2022","Department for Work and Pensions (excl. agencies)","Oxfordshire CC","Outside London","HEO","[c]","[c]","[c]","[c]"
"Leaver CS","2022","Department for Work and Pensions (excl. agencies)","Oxfordshire CC","Outside London","SEO","[c]","[c]","[c]","[c]"
"Leaver CS","2022","Department for Work and Pensions (excl. agencies)","Perth and Kinross, and Stirling","Outside London","AO","[c]","[c]","[c]","[c]"
"Leaver CS","2022","Department for Work and Pensions (excl. agencies)","Perth and Kinross, and Stirling","Outside London","EO","10","[c]","[c]","[c]"
"Leaver CS","2022","Department for Work and Pensions (excl. agencies)","Peterborough","Outside London","AO","10","[c]","[c]","[c]"
"Leaver CS","2022","Department for Work and Pensions (excl. agencies)","Peterborough","Outside London","EO","25","[c]","27570","27570"
"Leaver CS","2022","Department for Work and Pensions (excl. agencies)","Peterborough","Outside London","SEO","[c]","[c]","[c]","[c]"
"Leaver CS","2022","Department for Work and Pensions (excl. agencies)","Plymouth","Outside London","EO","10","[c]","[c]","[c]"
"Leaver CS","2022","Department for Work and Pensions (excl. agencies)","Plymouth","Outside London","HEO","[c]","[c]","[c]","[c]"
"Leaver CS","2022","Department for Work and Pensions (excl. agencies)","Plymouth","Outside London","SEO","[c]","[c]","[c]","[c]"
"Leaver CS","2022","Department for Work and Pensions (excl. agencies)","Portsmouth","Outside London","AO","15","[c]","20770","21010"
"Leaver CS","2022","Department for Work and Pensions (excl. agencies)","Portsmouth","Outside London","EO","20","[c]","27570","27570"
"Leaver CS","2022","Department for Work and Pensions (excl. agencies)","Portsmouth","Outside London","HEO","[c]","[c]","[c]","[c]"
"Leaver CS","2022","Department for Work and Pensions (excl. agencies)","Powys","Outside London","EO","5","[c]","[c]","[c]"
"Leaver CS","2022","Department for Work and Pensions (excl. agencies)","Redbridge and Waltham Forest","London","AO","25","[c]","24900","25110"
"Leaver CS","2022","Department for Work and Pensions (excl. agencies)","Redbridge and Waltham Forest","London","EO","45","[c]","31040","31060"
"Leaver CS","2022","Department for Work and Pensions (excl. agencies)","Redbridge and Waltham Forest","London","HEO","[c]","[c]","[c]","[c]"
"Leaver CS","2022","Department for Work and Pensions (excl. agencies)","Sandwell","Outside London","AO","10","[c]","[c]","[c]"
"Leaver CS","2022","Department for Work and Pensions (excl. agencies)","Sandwell","Outside London","EO","10","[c]","27160","27570"
"Leaver CS","2022","Department for Work and Pensions (excl. agencies)","Sandwell","Outside London","HEO","[c]","[c]","[c]","[c]"
"Leaver CS","2022","Department for Work and Pensions (excl. agencies)","Scottish Borders","Outside London","EO","10","[c]","27420","27570"
"Leaver CS","2022","Department for Work and Pensions (excl. agencies)","Scottish Borders","Outside London","HEO","[c]","[c]","[c]","[c]"
"Leaver CS","2022","Department for Work and Pensions (excl. agencies)","Sefton","Outside London","AO","30","[c]","21080","21260"
"Leaver CS","2022","Department for Work and Pensions (excl. agencies)","Sefton","Outside London","EO","35","[c]","27520","27570"
"Leaver CS","2022","Department for Work and Pensions (excl. agencies)","Sefton","Outside London","HEO","[c]","[c]","[c]","[c]"
"Leaver CS","2022","Department for Work and Pensions (excl. agencies)","Sheffield","Outside London","AO","70","[c]","21190","21260"
"Leaver CS","2022","Department for Work and Pensions (excl. agencies)","Sheffield","Outside London","EO","35","[c]","27520","27570"
"Leaver CS","2022","Department for Work and Pensions (excl. agencies)","Sheffield","Outside London","G6","5","[c]","[c]","[c]"
"Leaver CS","2022","Department for Work and Pensions (excl. agencies)","Sheffield","Outside London","G7","5","[c]","[c]","[c]"
"Leaver CS","2022","Department for Work and Pensions (excl. agencies)","Sheffield","Outside London","HEO","15","[c]","33670","34290"
"Leaver CS","2022","Department for Work and Pensions (excl. agencies)","Sheffield","Outside London","SEO","15","[c]","38500","38460"
"Leaver CS","2022","Department for Work and Pensions (excl. agencies)","Shropshire","Outside London","AO","[c]","[c]","[c]","[c]"
"Leaver CS","2022","Department for Work and Pensions (excl. agencies)","Shropshire","Outside London","EO","15","[c]","27570","27570"
"Leaver CS","2022","Department for Work and Pensions (excl. agencies)","Solihull","Outside London","AO","[c]","[c]","[c]","[c]"
"Leaver CS","2022","Department for Work and Pensions (excl. agencies)","Solihull","Outside London","EO","20","[c]","27490","27570"
"Leaver CS","2022","Department for Work and Pensions (excl. agencies)","Solihull","Outside London","HEO","[c]","[c]","[c]","[c]"
"Leaver CS","2022","Department for Work and Pensions (excl. agencies)","Somerset CC","Outside London","AO","20","[c]","21150","21260"
"Leaver CS","2022","Department for Work and Pensions (excl. agencies)","Somerset CC","Outside London","EO","20","[c]","27450","27570"
"Leaver CS","2022","Department for Work and Pensions (excl. agencies)","Somerset CC","Outside London","HEO","[c]","[c]","[c]","[c]"
"Leaver CS","2022","Department for Work and Pensions (excl. agencies)","South and West Derbyshire","Outside London","AO","[c]","[c]","[c]","[c]"
"Leaver CS","2022","Department for Work and Pensions (excl. agencies)","South and West Derbyshire","Outside London","EO","20","[c]","27570","27570"
"Leaver CS","2022","Department for Work and Pensions (excl. agencies)","South and West Derbyshire","Outside London","HEO","[c]","[c]","[c]","[c]"
"Leaver CS","2022","Department for Work and Pensions (excl. agencies)","South and West Derbyshire","Outside London","SEO","[c]","[c]","[c]","[c]"
"Leaver CS","2022","Department for Work and Pensions (excl. agencies)","South Ayrshire","Outside London","AO","[c]","[c]","[c]","[c]"
"Leaver CS","2022","Department for Work and Pensions (excl. agencies)","South Ayrshire","Outside London","EO","25","[c]","27570","27570"
"Leaver CS","2022","Department for Work and Pensions (excl. agencies)","South Ayrshire","Outside London","SEO","[c]","[c]","[c]","[c]"
"Leaver CS","2022","Department for Work and Pensions (excl. agencies)","South Hampshire","Outside London","AO","[c]","[c]","[c]","[c]"
"Leaver CS","2022","Department for Work and Pensions (excl. agencies)","South Hampshire","Outside London","EO","25","[c]","27500","27570"
"Leaver CS","2022","Department for Work and Pensions (excl. agencies)","South Hampshire","Outside London","HEO","[c]","[c]","[c]","[c]"
"Leaver CS","2022","Department for Work and Pensions (excl. agencies)","South Hampshire","Outside London","SEO","[c]","[c]","[c]","[c]"
"Leaver CS","2022","Department for Work and Pensions (excl. agencies)","South Lanarkshire","Outside London","AO","[c]","[c]","[c]","[c]"
"Leaver CS","2022","Department for Work and Pensions (excl. agencies)","South Lanarkshire","Outside London","EO","15","[c]","27330","27570"
"Leaver CS","2022","Department for Work and Pensions (excl. agencies)","South Nottinghamshire","Outside London","AO","[c]","[c]","[c]","[c]"
"Leaver CS","2022","Department for Work and Pensions (excl. agencies)","South Nottinghamshire","Outside London","EO","[c]","[c]","[c]","[c]"
"Leaver CS","2022","Department for Work and Pensions (excl. agencies)","South Teesside","Outside London","AO","25","[c]","21160","21260"
"Leaver CS","2022","Department for Work and Pensions (excl. agencies)","South Teesside","Outside London","EO","20","[c]","27490","27570"
"Leaver CS","2022","Department for Work and Pensions (excl. agencies)","South Teesside","Outside London","HEO","[c]","[c]","[c]","[c]"
"Leaver CS","2022","Department for Work and Pensions (excl. agencies)","South West Wales","Outside London","AO","30","[c]","20990","21260"
"Leaver CS","2022","Department for Work and Pensions (excl. agencies)","South West Wales","Outside London","EO","10","[c]","[c]","[c]"
"Leaver CS","2022","Department for Work and Pensions (excl. agencies)","South West Wales","Outside London","HEO","[c]","[c]","[c]","[c]"
"Leaver CS","2022","Department for Work and Pensions (excl. agencies)","South West Wales","Outside London","SEO","[c]","[c]","[c]","[c]"
"Leaver CS","2022","Department for Work and Pensions (excl. agencies)","Southampton","Outside London","AO","5","[c]","[c]","[c]"
"Leaver CS","2022","Department for Work and Pensions (excl. agencies)","Southampton","Outside London","EO","20","[c]","27500","27570"
"Leaver CS","2022","Department for Work and Pensions (excl. agencies)","Southampton","Outside London","HEO","[c]","[c]","[c]","[c]"
"Leaver CS","2022","Department for Work and Pensions (excl. agencies)","Southend-on-Sea","Outside London","AO","15","[c]","24250","24250"
"Leaver CS","2022","Department for Work and Pensions (excl. agencies)","Southend-on-Sea","Outside London","EO","15","[c]","29960","29290"
"Leaver CS","2022","Department for Work and Pensions (excl. agencies)","Southend-on-Sea","Outside London","G6","[c]","[c]","[c]","[c]"
"Leaver CS","2022","Department for Work and Pensions (excl. agencies)","Southend-on-Sea","Outside London","HEO","[c]","[c]","[c]","[c]"
"Leaver CS","2022","Department for Work and Pensions (excl. agencies)","Staffordshire CC","Outside London","AO","10","[c]","21220","21260"
"Leaver CS","2022","Department for Work and Pensions (excl. agencies)","Staffordshire CC","Outside London","EO","40","[c]","27590","27570"
"Leaver CS","2022","Department for Work and Pensions (excl. agencies)","Staffordshire CC","Outside London","HEO","[c]","[c]","[c]","[c]"
"Leaver CS","2022","Department for Work and Pensions (excl. agencies)","Stoke-on-Trent","Outside London","AO","20","[c]","20600","20430"
"Leaver CS","2022","Department for Work and Pensions (excl. agencies)","Stoke-on-Trent","Outside London","EO","25","[c]","27350","27570"
"Leaver CS","2022","Department for Work and Pensions (excl. agencies)","Stoke-on-Trent","Outside London","HEO","[c]","[c]","[c]","[c]"
"Leaver CS","2022","Department for Work and Pensions (excl. agencies)","Stoke-on-Trent","Outside London","SEO","[c]","[c]","[c]","[c]"
"Leaver CS","2022","Department for Work and Pensions (excl. agencies)","Suffolk CC","Outside London","AO","50","[c]","21240","21260"
"Leaver CS","2022","Department for Work and Pensions (excl. agencies)","Suffolk CC","Outside London","EO","50","[c]","27570","27570"
"Leaver CS","2022","Department for Work and Pensions (excl. agencies)","Suffolk CC","Outside London","HEO","[c]","[c]","[c]","[c]"
"Leaver CS","2022","Department for Work and Pensions (excl. agencies)","Sunderland","Outside London","AO","50","[c]","20990","21260"
"Leaver CS","2022","Department for Work and Pensions (excl. agencies)","Sunderland","Outside London","EO","55","[c]","27330","27570"
"Leaver CS","2022","Department for Work and Pensions (excl. agencies)","Sunderland","Outside London","G7","[c]","[c]","[c]","[c]"
"Leaver CS","2022","Department for Work and Pensions (excl. agencies)","Sunderland","Outside London","HEO","10","[c]","33500","34290"
"Leaver CS","2022","Department for Work and Pensions (excl. agencies)","Swansea","Outside London","AO","30","[c]","21200","21260"
"Leaver CS","2022","Department for Work and Pensions (excl. agencies)","Swansea","Outside London","EO","10","[c]","27440","27570"
"Leaver CS","2022","Department for Work and Pensions (excl. agencies)","Swindon","Outside London","AO","[c]","[c]","[c]","[c]"
"Leaver CS","2022","Department for Work and Pensions (excl. agencies)","Swindon","Outside London","EO","20","[c]","27840","27570"
"Leaver CS","2022","Department for Work and Pensions (excl. agencies)","Swindon","Outside London","HEO","[c]","[c]","[c]","[c]"
"Leaver CS","2022","Department for Work and Pensions (excl. agencies)","Telford and Wrekin","Outside London","AO","5","[c]","[c]","[c]"
"Leaver CS","2022","Department for Work and Pensions (excl. agencies)","Telford and Wrekin","Outside London","EO","25","[c]","27570","27570"
"Leaver CS","2022","Department for Work and Pensions (excl. agencies)","Telford and Wrekin","Outside London","HEO","[c]","[c]","[c]","[c]"
"Leaver CS","2022","Department for Work and Pensions (excl. agencies)","Thurrock","Outside London","AO","[c]","[c]","[c]","[c]"
"Leaver CS","2022","Department for Work and Pensions (excl. agencies)","Thurrock","Outside London","EO","5","[c]","[c]","[c]"
"Leaver CS","2022","Department for Work and Pensions (excl. agencies)","Torbay","Outside London","AO","10","[c]","21070","21140"
"Leaver CS","2022","Department for Work and Pensions (excl. agencies)","Torbay","Outside London","EO","10","[c]","[c]","[c]"
"Leaver CS","2022","Department for Work and Pensions (excl. agencies)","Tower Hamlets","London","AO","5","[c]","[c]","[c]"
"Leaver CS","2022","Department for Work and Pensions (excl. agencies)","Tower Hamlets","London","EO","25","[c]","31000","31060"
"Leaver CS","2022","Department for Work and Pensions (excl. agencies)","Tyneside","Outside London","AA","[c]","[c]","[c]","[c]"
"Leaver CS","2022","Department for Work and Pensions (excl. agencies)","Tyneside","Outside London","AO","385","[c]","21150","21260"
"Leaver CS","2022","Department for Work and Pensions (excl. agencies)","Tyneside","Outside London","EO","95","[c]","27350","27570"
"Leaver CS","2022","Department for Work and Pensions (excl. agencies)","Tyneside","Outside London","G6","10","[c]","[c]","[c]"
"Leaver CS","2022","Department for Work and Pensions (excl. agencies)","Tyneside","Outside London","G7","30","[c]","54870","54290"
"Leaver CS","2022","Department for Work and Pensions (excl. agencies)","Tyneside","Outside London","HEO","35","[c]","33060","33170"
"Leaver CS","2022","Department for Work and Pensions (excl. agencies)","Tyneside","Outside London","SCS level","[c]","[c]","[c]","[c]"
"Leaver CS","2022","Department for Work and Pensions (excl. agencies)","Tyneside","Outside London","SEO","30","[c]","39980","39490"
"Leaver CS","2022","Department for Work and Pensions (excl. agencies)","Unknown","Unknown","AA","[c]","[c]","[c]","[c]"
"Leaver CS","2022","Department for Work and Pensions (excl. agencies)","Unknown","Unknown","AO","15","[c]","21550","21260"
"Leaver CS","2022","Department for Work and Pensions (excl. agencies)","Unknown","Unknown","EO","50","[c]","28250","27570"
"Leaver CS","2022","Department for Work and Pensions (excl. agencies)","Unknown","Unknown","G6","[c]","[c]","[c]","[c]"
"Leaver CS","2022","Department for Work and Pensions (excl. agencies)","Unknown","Unknown","G7","5","[c]","[c]","[c]"
"Leaver CS","2022","Department for Work and Pensions (excl. agencies)","Unknown","Unknown","HEO","[c]","[c]","[c]","[c]"
"Leaver CS","2022","Department for Work and Pensions (excl. agencies)","Unknown","Unknown","SEO","5","[c]","[c]","[c]"
"Leaver CS","2022","Department for Work and Pensions (excl. agencies)","Wakefield","Outside London","AO","5","[c]","[c]","[c]"
"Leaver CS","2022","Department for Work and Pensions (excl. agencies)","Wakefield","Outside London","EO","25","[c]","27440","27570"
"Leaver CS","2022","Department for Work and Pensions (excl. agencies)","Wakefield","Outside London","HEO","[c]","[c]","[c]","[c]"
"Leaver CS","2022","Department for Work and Pensions (excl. agencies)","Walsall","Outside London","AA","[c]","[c]","[c]","[c]"
"Leaver CS","2022","Department for Work and Pensions (excl. agencies)","Walsall","Outside London","AO","15","[c]","21230","21260"
"Leaver CS","2022","Department for Work and Pensions (excl. agencies)","Walsall","Outside London","EO","15","[c]","27570","27570"
"Leaver CS","2022","Department for Work and Pensions (excl. agencies)","Wandsworth","London","AO","5","[c]","[c]","[c]"
"Leaver CS","2022","Department for Work and Pensions (excl. agencies)","Wandsworth","London","EO","10","[c]","31060","31060"
"Leaver CS","2022","Department for Work and Pensions (excl. agencies)","Warrington","Outside London","AO","10","[c]","[c]","[c]"
"Leaver CS","2022","Department for Work and Pensions (excl. agencies)","Warrington","Outside London","EO","20","[c]","27570","27570"
"Leaver CS","2022","Department for Work and Pensions (excl. agencies)","Warrington","Outside London","HEO","[c]","[c]","[c]","[c]"
"Leaver CS","2022","Department for Work and Pensions (excl. agencies)","Warrington","Outside London","SCS level","[c]","[c]","[c]","[c]"
"Leaver CS","2022","Department for Work and Pensions (excl. agencies)","Warwickshire CC","Outside London","AA","[c]","[c]","[c]","[c]"
"Leaver CS","2022","Department for Work and Pensions (excl. agencies)","Warwickshire CC","Outside London","AO","25","[c]","21020","21260"
"Leaver CS","2022","Department for Work and Pensions (excl. agencies)","Warwickshire CC","Outside London","EO","35","[c]","27530","27570"
"Leaver CS","2022","Department for Work and Pensions (excl. agencies)","Warwickshire CC","Outside London","HEO","[c]","[c]","[c]","[c]"
"Leaver CS","2022","Department for Work and Pensions (excl. agencies)","West Cumbria","Outside London","AO","[c]","[c]","[c]","[c]"
"Leaver CS","2022","Department for Work and Pensions (excl. agencies)","West Cumbria","Outside London","EO","15","[c]","27350","27570"
"Leaver CS","2022","Department for Work and Pensions (excl. agencies)","West Cumbria","Outside London","HEO","[c]","[c]","[c]","[c]"
"Leaver CS","2022","Department for Work and Pensions (excl. agencies)","West Essex","Outside London","AO","[c]","[c]","[c]","[c]"
"Leaver CS","2022","Department for Work and Pensions (excl. agencies)","West Essex","Outside London","EO","10","[c]","29720","29290"
"Leaver CS","2022","Department for Work and Pensions (excl. agencies)","West Kent","Outside London","AO","[c]","[c]","[c]","[c]"
"Leaver CS","2022","Department for Work and Pensions (excl. agencies)","West Kent","Outside London","EO","15","[c]","29550","29290"
"Leaver CS","2022","Department for Work and Pensions (excl. agencies)","West Kent","Outside London","HEO","[c]","[c]","[c]","[c]"
"Leaver CS","2022","Department for Work and Pensions (excl. agencies)","West Lothian","Outside London","AO","30","[c]","21170","21260"
"Leaver CS","2022","Department for Work and Pensions (excl. agencies)","West Lothian","Outside London","EO","5","[c]","[c]","[c]"
"Leaver CS","2022","Department for Work and Pensions (excl. agencies)","West Lothian","Outside London","HEO","[c]","[c]","[c]","[c]"
"Leaver CS","2022","Department for Work and Pensions (excl. agencies)","West Lothian","Outside London","SEO","[c]","[c]","[c]","[c]"
"Leaver CS","2022","Department for Work and Pensions (excl. agencies)","West Northamptonshire","Outside London","AO","[c]","[c]","[c]","[c]"
"Leaver CS","2022","Department for Work and Pensions (excl. agencies)","West Northamptonshire","Outside London","EO","40","[c]","27490","27570"
"Leaver CS","2022","Department for Work and Pensions (excl. agencies)","West Northamptonshire","Outside London","HEO","[c]","[c]","[c]","[c]"
"Leaver CS","2022","Department for Work and Pensions (excl. agencies)","West Northamptonshire","Outside London","SEO","[c]","[c]","[c]","[c]"
"Leaver CS","2022","Department for Work and Pensions (excl. agencies)","West Surrey","Outside London","AO","5","[c]","[c]","[c]"
"Leaver CS","2022","Department for Work and Pensions (excl. agencies)","West Surrey","Outside London","EO","30","[c]","29580","29290"
"Leaver CS","2022","Department for Work and Pensions (excl. agencies)","West Surrey","Outside London","G7","[c]","[c]","[c]","[c]"
"Leaver CS","2022","Department for Work and Pensions (excl. agencies)","West Surrey","Outside London","HEO","[c]","[c]","[c]","[c]"
"Leaver CS","2022","Department for Work and Pensions (excl. agencies)","West Surrey","Outside London","SEO","[c]","[c]","[c]","[c]"
"Leaver CS","2022","Department for Work and Pensions (excl. agencies)","West Sussex (North East)","Outside London","AO","[c]","[c]","[c]","[c]"
"Leaver CS","2022","Department for Work and Pensions (excl. agencies)","West Sussex (North East)","Outside London","EO","30","[c]","27620","27570"
"Leaver CS","2022","Department for Work and Pensions (excl. agencies)","West Sussex (South West)","Outside London","AO","10","[c]","20850","21010"
"Leaver CS","2022","Department for Work and Pensions (excl. agencies)","West Sussex (South West)","Outside London","EO","25","[c]","27520","27570"
"Leaver CS","2022","Department for Work and Pensions (excl. agencies)","West Sussex (South West)","Outside London","HEO","[c]","[c]","[c]","[c]"
"Leaver CS","2022","Department for Work and Pensions (excl. agencies)","West Sussex (South West)","Outside London","SEO","[c]","[c]","[c]","[c]"
"Leaver CS","2022","Department for Work and Pensions (excl. agencies)","Westminster","London","AO","30","[c]","25020","25110"
"Leaver CS","2022","Department for Work and Pensions (excl. agencies)","Westminster","London","EO","55","[c]","27960","31060"
"Leaver CS","2022","Department for Work and Pensions (excl. agencies)","Westminster","London","G6","10","[c]","70240","68340"
"Leaver CS","2022","Department for Work and Pensions (excl. agencies)","Westminster","London","G7","25","[c]","58720","57810"
"Leaver CS","2022","Department for Work and Pensions (excl. agencies)","Westminster","London","HEO","35","[c]","37750","36650"
"Leaver CS","2022","Department for Work and Pensions (excl. agencies)","Westminster","London","SCS level","10","[c]","88590","79550"
"Leaver CS","2022","Department for Work and Pensions (excl. agencies)","Westminster","London","SEO","20","[c]","43330","42680"
"Leaver CS","2022","Department for Work and Pensions (excl. agencies)","Wiltshire","Outside London","AO","5","[c]","[c]","[c]"
"Leaver CS","2022","Department for Work and Pensions (excl. agencies)","Wiltshire","Outside London","EO","25","[c]","27500","27570"
"Leaver CS","2022","Department for Work and Pensions (excl. agencies)","Wiltshire","Outside London","HEO","[c]","[c]","[c]","[c]"
"Leaver CS","2022","Department for Work and Pensions (excl. agencies)","Wirral","Outside London","AO","85","[c]","21040","21260"
"Leaver CS","2022","Department for Work and Pensions (excl. agencies)","Wirral","Outside London","EO","30","[c]","27370","27570"
"Leaver CS","2022","Department for Work and Pensions (excl. agencies)","Wirral","Outside London","G7","[c]","[c]","[c]","[c]"
"Leaver CS","2022","Department for Work and Pensions (excl. agencies)","Wirral","Outside London","HEO","[c]","[c]","[c]","[c]"
"Leaver CS","2022","Department for Work and Pensions (excl. agencies)","Wirral","Outside London","SEO","[c]","[c]","[c]","[c]"
"Leaver CS","2022","Department for Work and Pensions (excl. agencies)","Wolverhampton","Outside London","AO","15","[c]","21080","21260"
"Leaver CS","2022","Department for Work and Pensions (excl. agencies)","Wolverhampton","Outside London","EO","15","[c]","27830","27570"
"Leaver CS","2022","Department for Work and Pensions (excl. agencies)","Wolverhampton","Outside London","HEO","[c]","[c]","[c]","[c]"
"Leaver CS","2022","Department for Work and Pensions (excl. agencies)","Worcestershire CC","Outside London","AO","10","[c]","20690","20720"
"Leaver CS","2022","Department for Work and Pensions (excl. agencies)","Worcestershire CC","Outside London","EO","35","[c]","27520","27570"
"Leaver CS","2022","Department for Work and Pensions (excl. agencies)","York","Outside London","AO","[c]","[c]","[c]","[c]"
"Leaver CS","2022","Department for Work and Pensions (excl. agencies)","York","Outside London","EO","15","[c]","27470","27570"
"Leaver CS","2022","Department for Work and Pensions (excl. agencies)","York","Outside London","G7","[c]","[c]","[c]","[c]"
"Leaver CS","2022","Department of Health and Social Care (excl. agencies)","Birmingham","Outside London","EO","[c]","[c]","[c]","[c]"
"Leaver CS","2022","Department of Health and Social Care (excl. agencies)","Birmingham","Outside London","HEO","[c]","[c]","[c]","[c]"
"Leaver CS","2022","Department of Health and Social Care (excl. agencies)","Birmingham","Outside London","Unknown","[c]","[c]","[c]","[c]"
"Leaver CS","2022","Department of Health and Social Care (excl. agencies)","Bristol, City of","Outside London","G7","[c]","[c]","[c]","[c]"
"Leaver CS","2022","Department of Health and Social Care (excl. agencies)","Bristol, City of","Outside London","SEO","[c]","[c]","[c]","[c]"
"Leaver CS","2022","Department of Health and Social Care (excl. agencies)","Cambridgeshire CC","Outside London","G6","[c]","[c]","[c]","[c]"
"Leaver CS","2022","Department of Health and Social Care (excl. agencies)","Cambridgeshire CC","Outside London","G7","[c]","[c]","[c]","[c]"
"Leaver CS","2022","Department of Health and Social Care (excl. agencies)","East Lancashire","Outside London","EO","[c]","[c]","[c]","[c]"
"Leaver CS","2022","Department of Health and Social Care (excl. agencies)","East Lancashire","Outside London","SEO","[c]","[c]","[c]","[c]"
"Leaver CS","2022","Department of Health and Social Care (excl. agencies)","East Merseyside","Outside London","HEO","[c]","[c]","[c]","[c]"
"Leaver CS","2022","Department of Health and Social Care (excl. agencies)","Leeds","Outside London","AO","[c]","[c]","[c]","[c]"
"Leaver CS","2022","Department of Health and Social Care (excl. agencies)","Leeds","Outside London","EO","15","[c]","[c]","[c]"
"Leaver CS","2022","Department of Health and Social Care (excl. agencies)","Leeds","Outside London","G6","10","[c]","[c]","[c]"
"Leaver CS","2022","Department of Health and Social Care (excl. agencies)","Leeds","Outside London","G7","30","[c]","[c]","[c]"
"Leaver CS","2022","Department of Health and Social Care (excl. agencies)","Leeds","Outside London","HEO","25","[c]","[c]","[c]"
"Leaver CS","2022","Department of Health and Social Care (excl. agencies)","Leeds","Outside London","SCS level","5","[c]","[c]","[c]"
"Leaver CS","2022","Department of Health and Social Care (excl. agencies)","Leeds","Outside London","SEO","20","[c]","[c]","[c]"
"Leaver CS","2022","Department of Health and Social Care (excl. agencies)","Leeds","Outside London","Unknown","15","[c]","[c]","[c]"
"Leaver CS","2022","Department of Health and Social Care (excl. agencies)","Lewisham and Southwark","London","G6","[c]","[c]","[c]","[c]"
"Leaver CS","2022","Department of Health and Social Care (excl. agencies)","Nottingham","Outside London","HEO","[c]","[c]","[c]","[c]"
"Leaver CS","2022","Department of Health and Social Care (excl. agencies)","Oxfordshire CC","Outside London","G6","[c]","[c]","[c]","[c]"
"Leaver CS","2022","Department of Health and Social Care (excl. agencies)","Tyneside","Outside London","G6","[c]","[c]","[c]","[c]"
"Leaver CS","2022","Department of Health and Social Care (excl. agencies)","Unknown","Unknown","EO","15","[c]","[c]","[c]"
"Leaver CS","2022","Department of Health and Social Care (excl. agencies)","Unknown","Unknown","G6","5","[c]","[c]","[c]"
"Leaver CS","2022","Department of Health and Social Care (excl. agencies)","Unknown","Unknown","G7","10","[c]","[c]","[c]"
"Leaver CS","2022","Department of Health and Social Care (excl. agencies)","Unknown","Unknown","HEO","15","[c]","[c]","[c]"
"Leaver CS","2022","Department of Health and Social Care (excl. agencies)","Unknown","Unknown","SCS level","5","[c]","[c]","[c]"
"Leaver CS","2022","Department of Health and Social Care (excl. agencies)","Unknown","Unknown","SEO","20","[c]","[c]","[c]"
"Leaver CS","2022","Department of Health and Social Care (excl. agencies)","Unknown","Unknown","Unknown","5","[c]","[c]","[c]"
"Leaver CS","2022","Department of Health and Social Care (excl. agencies)","Westminster","London","AO","5","[c]","[c]","[c]"
"Leaver CS","2022","Department of Health and Social Care (excl. agencies)","Westminster","London","EO","70","[c]","[c]","[c]"
"Leaver CS","2022","Department of Health and Social Care (excl. agencies)","Westminster","London","G6","35","[c]","[c]","[c]"
"Leaver CS","2022","Department of Health and Social Care (excl. agencies)","Westminster","London","G7","75","[c]","[c]","[c]"
"Leaver CS","2022","Department of Health and Social Care (excl. agencies)","Westminster","London","HEO","90","[c]","[c]","[c]"
"Leaver CS","2022","Department of Health and Social Care (excl. agencies)","Westminster","London","SCS level","25","[c]","[c]","[c]"
"Leaver CS","2022","Department of Health and Social Care (excl. agencies)","Westminster","London","SEO","60","[c]","[c]","[c]"
"Leaver CS","2022","Department of Health and Social Care (excl. agencies)","Westminster","London","Unknown","45","[c]","[c]","[c]"
"Leaver CS","2022","Department of Health and Social Care (excl. agencies)","Wiltshire","Outside London","G6","[c]","[c]","[c]","[c]"
"Leaver CS","2022","Department of Health and Social Care (excl. agencies)","Wiltshire","Outside London","G7","[c]","[c]","[c]","[c]"
"Leaver CS","2022","Department of Health and Social Care (excl. agencies)","York","Outside London","AO","[c]","[c]","[c]","[c]"
"Leaver CS","2022","Disclosure Scotland","Glasgow City","Outside London","AA","5","[c]","[c]","[c]"
"Leaver CS","2022","Disclosure Scotland","Glasgow City","Outside London","EO","[c]","[c]","[c]","[c]"
"Leaver CS","2022","Disclosure Scotland","Glasgow City","Outside London","G7","[c]","[c]","[c]","[c]"
"Leaver CS","2022","Driver and Vehicle Licensing Agency","Unknown","Unknown","AA","105","[c]","18410","18310"
"Leaver CS","2022","Driver and Vehicle Licensing Agency","Unknown","Unknown","AO","220","[c]","21800","21840"
"Leaver CS","2022","Driver and Vehicle Licensing Agency","Unknown","Unknown","EO","35","[c]","26470","26470"
"Leaver CS","2022","Driver and Vehicle Licensing Agency","Unknown","Unknown","G6","5","[c]","[c]","[c]"
"Leaver CS","2022","Driver and Vehicle Licensing Agency","Unknown","Unknown","G7","10","[c]","53420","50110"
"Leaver CS","2022","Driver and Vehicle Licensing Agency","Unknown","Unknown","HEO","20","[c]","32740","32180"
"Leaver CS","2022","Driver and Vehicle Licensing Agency","Unknown","Unknown","SEO","25","[c]","41950","41090"
"Leaver CS","2022","Driver and Vehicle Standards Agency","Aberdeen City and Aberdeenshire","Outside London","EO","[c]","[c]","[c]","[c]"
"Leaver CS","2022","Driver and Vehicle Standards Agency","Barking & Dagenham and Havering","London","AO","[c]","[c]","[c]","[c]"
"Leaver CS","2022","Driver and Vehicle Standards Agency","Barking & Dagenham and Havering","London","EO","[c]","[c]","[c]","[c]"
"Leaver CS","2022","Driver and Vehicle Standards Agency","Barnet","London","EO","[c]","[c]","[c]","[c]"
"Leaver CS","2022","Driver and Vehicle Standards Agency","Barnsley, Doncaster and Rotherham","Outside London","AO","[c]","[c]","[c]","[c]"
"Leaver CS","2022","Driver and Vehicle Standards Agency","Barnsley, Doncaster and Rotherham","Outside London","EO","[c]","[c]","[c]","[c]"
"Leaver CS","2022","Driver and Vehicle Standards Agency","Bath and North East Somerset, North Somerset and South Gloucestershire","Outside London","EO","[c]","[c]","[c]","[c]"
"Leaver CS","2022","Driver and Vehicle Standards Agency","Bath and North East Somerset, North Somerset and South Gloucestershire","Outside London","HEO","[c]","[c]","[c]","[c]"
"Leaver CS","2022","Driver and Vehicle Standards Agency","Bedford","Outside London","EO","[c]","[c]","[c]","[c]"
"Leaver CS","2022","Driver and Vehicle Standards Agency","Bedford","Outside London","HEO","[c]","[c]","[c]","[c]"
"Leaver CS","2022","Driver and Vehicle Standards Agency","Berkshire","Outside London","EO","5","[c]","[c]","[c]"
"Leaver CS","2022","Driver and Vehicle Standards Agency","Bexley and Greenwich","London","AO","[c]","[c]","[c]","[c]"
"Leaver CS","2022","Driver and Vehicle Standards Agency","Bexley and Greenwich","London","EO","[c]","[c]","[c]","[c]"
"Leaver CS","2022","Driver and Vehicle Standards Agency","Bexley and Greenwich","London","HEO","[c]","[c]","[c]","[c]"
"Leaver CS","2022","Driver and Vehicle Standards Agency","Birmingham","Outside London","AO","[c]","[c]","[c]","[c]"
"Leaver CS","2022","Driver and Vehicle Standards Agency","Birmingham","Outside London","EO","5","[c]","[c]","[c]"
"Leaver CS","2022","Driver and Vehicle Standards Agency","Birmingham","Outside London","HEO","[c]","[c]","[c]","[c]"
"Leaver CS","2022","Driver and Vehicle Standards Agency","Blackburn with Darwen","Outside London","AO","[c]","[c]","[c]","[c]"
"Leaver CS","2022","Driver and Vehicle Standards Agency","Blackburn with Darwen","Outside London","EO","[c]","[c]","[c]","[c]"
"Leaver CS","2022","Driver and Vehicle Standards Agency","Bournemouth, Christchurch and Poole","Outside London","AO","[c]","[c]","[c]","[c]"
"Leaver CS","2022","Driver and Vehicle Standards Agency","Bournemouth, Christchurch and Poole","Outside London","EO","[c]","[c]","[c]","[c]"
"Leaver CS","2022","Driver and Vehicle Standards Agency","Bristol, City of","Outside London","AO","5","[c]","[c]","[c]"
"Leaver CS","2022","Driver and Vehicle Standards Agency","Bristol, City of","Outside London","EO","5","[c]","[c]","[c]"
"Leaver CS","2022","Driver and Vehicle Standards Agency","Bristol, City of","Outside London","G7","[c]","[c]","[c]","[c]"
"Leaver CS","2022","Driver and Vehicle Standards Agency","Bristol, City of","Outside London","HEO","[c]","[c]","[c]","[c]"
"Leaver CS","2022","Driver and Vehicle Standards Agency","Bristol, City of","Outside London","SEO","5","[c]","[c]","[c]"
"Leaver CS","2022","Driver and Vehicle Standards Agency","Bromley","London","EO","[c]","[c]","[c]","[c]"
"Leaver CS","2022","Driver and Vehicle Standards Agency","Calderdale and Kirklees","Outside London","EO","[c]","[c]","[c]","[c]"
"Leaver CS","2022","Driver and Vehicle Standards Agency","Cambridgeshire CC","Outside London","AO","[c]","[c]","[c]","[c]"
"Leaver CS","2022","Driver and Vehicle Standards Agency","Cambridgeshire CC","Outside London","EO","[c]","[c]","[c]","[c]"
"Leaver CS","2022","Driver and Vehicle Standards Agency","Cardiff and Vale of Glamorgan","Outside London","EO","[c]","[c]","[c]","[c]"
"Leaver CS","2022","Driver and Vehicle Standards Agency","Central Bedfordshire","Outside London","AO","[c]","[c]","[c]","[c]"
"Leaver CS","2022","Driver and Vehicle Standards Agency","Central Bedfordshire","Outside London","EO","[c]","[c]","[c]","[c]"
"Leaver CS","2022","Driver and Vehicle Standards Agency","Central Valleys","Outside London","EO","[c]","[c]","[c]","[c]"
"Leaver CS","2022","Driver and Vehicle Standards Agency","Cheshire East","Outside London","EO","[c]","[c]","[c]","[c]"
"Leaver CS","2022","Driver and Vehicle Standards Agency","Clackmannanshire and Fife","Outside London","EO","[c]","[c]","[c]","[c]"
"Leaver CS","2022","Driver and Vehicle Standards Agency","Cornwall and Isles of Scilly","Outside London","EO","[c]","[c]","[c]","[c]"
"Leaver CS","2022","Driver and Vehicle Standards Agency","Darlington","Outside London","EO","[c]","[c]","[c]","[c]"
"Leaver CS","2022","Driver and Vehicle Standards Agency","Derby","Outside London","EO","[c]","[c]","[c]","[c]"
"Leaver CS","2022","Driver and Vehicle Standards Agency","Devon CC","Outside London","EO","[c]","[c]","[c]","[c]"
"Leaver CS","2022","Driver and Vehicle Standards Agency","Devon CC","Outside London","HEO","[c]","[c]","[c]","[c]"
"Leaver CS","2022","Driver and Vehicle Standards Agency","Dorset","Outside London","EO","[c]","[c]","[c]","[c]"
"Leaver CS","2022","Driver and Vehicle Standards Agency","Dudley","Outside London","AO","[c]","[c]","[c]","[c]"
"Leaver CS","2022","Driver and Vehicle Standards Agency","Dudley","Outside London","EO","[c]","[c]","[c]","[c]"
"Leaver CS","2022","Driver and Vehicle Standards Agency","East Ayrshire and North Ayrshire mainland","Outside London","EO","5","[c]","[c]","[c]"
"Leaver CS","2022","Driver and Vehicle Standards Agency","East Cumbria","Outside London","EO","[c]","[c]","[c]","[c]"
"Leaver CS","2022","Driver and Vehicle Standards Agency","East Cumbria","Outside London","HEO","[c]","[c]","[c]","[c]"
"Leaver CS","2022","Driver and Vehicle Standards Agency","East Derbyshire","Outside London","EO","[c]","[c]","[c]","[c]"
"Leaver CS","2022","Driver and Vehicle Standards Agency","East Dunbartonshire, West Dunbartonshire, and Helensburgh and Lomond","Outside London","EO","[c]","[c]","[c]","[c]"
"Leaver CS","2022","Driver and Vehicle Standards Agency","East Kent","Outside London","AO","[c]","[c]","[c]","[c]"
"Leaver CS","2022","Driver and Vehicle Standards Agency","East Kent","Outside London","EO","[c]","[c]","[c]","[c]"
"Leaver CS","2022","Driver and Vehicle Standards Agency","East Lancashire","Outside London","EO","[c]","[c]","[c]","[c]"
"Leaver CS","2022","Driver and Vehicle Standards Agency","East Lothian and Midlothian","Outside London","EO","[c]","[c]","[c]","[c]"
"Leaver CS","2022","Driver and Vehicle Standards Agency","East Merseyside","Outside London","AO","[c]","[c]","[c]","[c]"
"Leaver CS","2022","Driver and Vehicle Standards Agency","East Riding of Yorkshire","Outside London","EO","[c]","[c]","[c]","[c]"
"Leaver CS","2022","Driver and Vehicle Standards Agency","East Surrey","Outside London","EO","[c]","[c]","[c]","[c]"
"Leaver CS","2022","Driver and Vehicle Standards Agency","East Sussex CC","Outside London","AO","5","[c]","[c]","[c]"
"Leaver CS","2022","Driver and Vehicle Standards Agency","East Sussex CC","Outside London","EO","[c]","[c]","[c]","[c]"
"Leaver CS","2022","Driver and Vehicle Standards Agency","Enfield","London","EO","[c]","[c]","[c]","[c]"
"Leaver CS","2022","Driver and Vehicle Standards Agency","Essex Thames Gateway","Outside London","EO","[c]","[c]","[c]","[c]"
"Leaver CS","2022","Driver and Vehicle Standards Agency","Flintshire and Wrexham","Outside London","EO","[c]","[c]","[c]","[c]"
"Leaver CS","2022","Driver and Vehicle Standards Agency","Glasgow City","Outside London","EO","[c]","[c]","[c]","[c]"
"Leaver CS","2022","Driver and Vehicle Standards Agency","Gloucestershire CC","Outside London","EO","[c]","[c]","[c]","[c]"
"Leaver CS","2022","Driver and Vehicle Standards Agency","Greater Manchester North East","Outside London","AA","[c]","[c]","[c]","[c]"
"Leaver CS","2022","Driver and Vehicle Standards Agency","Greater Manchester North East","Outside London","EO","[c]","[c]","[c]","[c]"
"Leaver CS","2022","Driver and Vehicle Standards Agency","Greater Manchester North East","Outside London","HEO","[c]","[c]","[c]","[c]"
"Leaver CS","2022","Driver and Vehicle Standards Agency","Greater Manchester North West","Outside London","EO","5","[c]","[c]","[c]"
"Leaver CS","2022","Driver and Vehicle Standards Agency","Greater Manchester South East","Outside London","AO","[c]","[c]","[c]","[c]"
"Leaver CS","2022","Driver and Vehicle Standards Agency","Greater Manchester South East","Outside London","EO","[c]","[c]","[c]","[c]"
"Leaver CS","2022","Driver and Vehicle Standards Agency","Greater Manchester South West","Outside London","EO","[c]","[c]","[c]","[c]"
"Leaver CS","2022","Driver and Vehicle Standards Agency","Gwynedd","Outside London","EO","[c]","[c]","[c]","[c]"
"Leaver CS","2022","Driver and Vehicle Standards Agency","Haringey and Islington","London","EO","[c]","[c]","[c]","[c]"
"Leaver CS","2022","Driver and Vehicle Standards Agency","Harrow and Hillingdon","London","AO","[c]","[c]","[c]","[c]"
"Leaver CS","2022","Driver and Vehicle Standards Agency","Harrow and Hillingdon","London","EO","5","[c]","[c]","[c]"
"Leaver CS","2022","Driver and Vehicle Standards Agency","Heart of Essex","Outside London","AO","[c]","[c]","[c]","[c]"
"Leaver CS","2022","Driver and Vehicle Standards Agency","Hertfordshire CC","Outside London","EO","[c]","[c]","[c]","[c]"
"Leaver CS","2022","Driver and Vehicle Standards Agency","Hounslow and Richmond upon Thames","London","EO","[c]","[c]","[c]","[c]"
"Leaver CS","2022","Driver and Vehicle Standards Agency","Inverness and Nairn, Moray, and Badenoch and Strathspey","Outside London","AO","[c]","[c]","[c]","[c]"
"Leaver CS","2022","Driver and Vehicle Standards Agency","Inverness and Nairn, Moray, and Badenoch and Strathspey","Outside London","EO","[c]","[c]","[c]","[c]"
"Leaver CS","2022","Driver and Vehicle Standards Agency","Inverness and Nairn, Moray, and Badenoch and Strathspey","Outside London","HEO","[c]","[c]","[c]","[c]"
"Leaver CS","2022","Driver and Vehicle Standards Agency","Kent Thames Gateway","Outside London","EO","[c]","[c]","[c]","[c]"
"Leaver CS","2022","Driver and Vehicle Standards Agency","Kingston upon Hull, City of","Outside London","AO","[c]","[c]","[c]","[c]"
"Leaver CS","2022","Driver and Vehicle Standards Agency","Lancaster and Wyre","Outside London","EO","[c]","[c]","[c]","[c]"
"Leaver CS","2022","Driver and Vehicle Standards Agency","Leeds","Outside London","AO","10","[c]","[c]","[c]"
"Leaver CS","2022","Driver and Vehicle Standards Agency","Leeds","Outside London","EO","5","[c]","[c]","[c]"
"Leaver CS","2022","Driver and Vehicle Standards Agency","Leeds","Outside London","SEO","[c]","[c]","[c]","[c]"
"Leaver CS","2022","Driver and Vehicle Standards Agency","Leicestershire CC and Rutland","Outside London","AO","[c]","[c]","[c]","[c]"
"Leaver CS","2022","Driver and Vehicle Standards Agency","Leicestershire CC and Rutland","Outside London","EO","[c]","[c]","[c]","[c]"
"Leaver CS","2022","Driver and Vehicle Standards Agency","Lincolnshire CC","Outside London","AO","[c]","[c]","[c]","[c]"
"Leaver CS","2022","Driver and Vehicle Standards Agency","Lincolnshire CC","Outside London","EO","[c]","[c]","[c]","[c]"
"Leaver CS","2022","Driver and Vehicle Standards Agency","Lincolnshire CC","Outside London","SEO","[c]","[c]","[c]","[c]"
"Leaver CS","2022","Driver and Vehicle Standards Agency","Liverpool","Outside London","EO","5","[c]","[c]","[c]"
"Leaver CS","2022","Driver and Vehicle Standards Agency","Luton","Outside London","EO","[c]","[c]","[c]","[c]"
"Leaver CS","2022","Driver and Vehicle Standards Agency","Manchester","Outside London","EO","[c]","[c]","[c]","[c]"
"Leaver CS","2022","Driver and Vehicle Standards Agency","Medway","Outside London","AO","[c]","[c]","[c]","[c]"
"Leaver CS","2022","Driver and Vehicle Standards Agency","Medway","Outside London","EO","[c]","[c]","[c]","[c]"
"Leaver CS","2022","Driver and Vehicle Standards Agency","Merton, Kingston upon Thames and Sutton","London","EO","[c]","[c]","[c]","[c]"
"Leaver CS","2022","Driver and Vehicle Standards Agency","Merton, Kingston upon Thames and Sutton","London","HEO","[c]","[c]","[c]","[c]"
"Leaver CS","2022","Driver and Vehicle Standards Agency","Mid Kent","Outside London","EO","5","[c]","[c]","[c]"
"Leaver CS","2022","Driver and Vehicle Standards Agency","Mid Lancashire","Outside London","AO","[c]","[c]","[c]","[c]"
"Leaver CS","2022","Driver and Vehicle Standards Agency","Mid Lancashire","Outside London","EO","[c]","[c]","[c]","[c]"
"Leaver CS","2022","Driver and Vehicle Standards Agency","Milton Keynes","Outside London","EO","[c]","[c]","[c]","[c]"
"Leaver CS","2022","Driver and Vehicle Standards Agency","Monmouthshire and Newport","Outside London","AO","[c]","[c]","[c]","[c]"
"Leaver CS","2022","Driver and Vehicle Standards Agency","Monmouthshire and Newport","Outside London","EO","[c]","[c]","[c]","[c]"
"Leaver CS","2022","Driver and Vehicle Standards Agency","Monmouthshire and Newport","Outside London","HEO","[c]","[c]","[c]","[c]"
"Leaver CS","2022","Driver and Vehicle Standards Agency","North and North East Lincolnshire","Outside London","AO","[c]","[c]","[c]","[c]"
"Leaver CS","2022","Driver and Vehicle Standards Agency","North and North East Lincolnshire","Outside London","EO","[c]","[c]","[c]","[c]"
"Leaver CS","2022","Driver and Vehicle Standards Agency","North and West Norfolk","Outside London","AO","[c]","[c]","[c]","[c]"
"Leaver CS","2022","Driver and Vehicle Standards Agency","North and West Norfolk","Outside London","EO","[c]","[c]","[c]","[c]"
"Leaver CS","2022","Driver and Vehicle Standards Agency","North Northamptonshire","Outside London","EO","[c]","[c]","[c]","[c]"
"Leaver CS","2022","Driver and Vehicle Standards Agency","North Northamptonshire","Outside London","HEO","[c]","[c]","[c]","[c]"
"Leaver CS","2022","Driver and Vehicle Standards Agency","North Nottinghamshire","Outside London","EO","[c]","[c]","[c]","[c]"
"Leaver CS","2022","Driver and Vehicle Standards Agency","North Yorkshire CC","Outside London","AO","[c]","[c]","[c]","[c]"
"Leaver CS","2022","Driver and Vehicle Standards Agency","North Yorkshire CC","Outside London","EO","[c]","[c]","[c]","[c]"
"Leaver CS","2022","Driver and Vehicle Standards Agency","Northumberland","Outside London","EO","[c]","[c]","[c]","[c]"
"Leaver CS","2022","Driver and Vehicle Standards Agency","Norwich and East Norfolk","Outside London","AO","[c]","[c]","[c]","[c]"
"Leaver CS","2022","Driver and Vehicle Standards Agency","Norwich and East Norfolk","Outside London","HEO","[c]","[c]","[c]","[c]"
"Leaver CS","2022","Driver and Vehicle Standards Agency","Nottingham","Outside London","AO","[c]","[c]","[c]","[c]"
"Leaver CS","2022","Driver and Vehicle Standards Agency","Nottingham","Outside London","EO","5","[c]","[c]","[c]"
"Leaver CS","2022","Driver and Vehicle Standards Agency","Nottingham","Outside London","G6","[c]","[c]","[c]","[c]"
"Leaver CS","2022","Driver and Vehicle Standards Agency","Nottingham","Outside London","G7","[c]","[c]","[c]","[c]"
"Leaver CS","2022","Driver and Vehicle Standards Agency","Nottingham","Outside London","HEO","5","[c]","[c]","[c]"
"Leaver CS","2022","Driver and Vehicle Standards Agency","Nottingham","Outside London","SEO","10","[c]","43970","44030"
"Leaver CS","2022","Driver and Vehicle Standards Agency","Oxfordshire CC","Outside London","EO","[c]","[c]","[c]","[c]"
"Leaver CS","2022","Driver and Vehicle Standards Agency","Perth and Kinross, and Stirling","Outside London","AO","[c]","[c]","[c]","[c]"
"Leaver CS","2022","Driver and Vehicle Standards Agency","Peterborough","Outside London","EO","[c]","[c]","[c]","[c]"
"Leaver CS","2022","Driver and Vehicle Standards Agency","Peterborough","Outside London","HEO","[c]","[c]","[c]","[c]"
"Leaver CS","2022","Driver and Vehicle Standards Agency","Plymouth","Outside London","AO","[c]","[c]","[c]","[c]"
"Leaver CS","2022","Driver and Vehicle Standards Agency","Plymouth","Outside London","EO","[c]","[c]","[c]","[c]"
"Leaver CS","2022","Driver and Vehicle Standards Agency","Plymouth","Outside London","HEO","[c]","[c]","[c]","[c]"
"Leaver CS","2022","Driver and Vehicle Standards Agency","Portsmouth","Outside London","EO","[c]","[c]","[c]","[c]"
"Leaver CS","2022","Driver and Vehicle Standards Agency","Powys","Outside London","EO","[c]","[c]","[c]","[c]"
"Leaver CS","2022","Driver and Vehicle Standards Agency","Redbridge and Waltham Forest","London","EO","10","[c]","[c]","[c]"
"Leaver CS","2022","Driver and Vehicle Standards Agency","Sandwell","Outside London","EO","[c]","[c]","[c]","[c]"
"Leaver CS","2022","Driver and Vehicle Standards Agency","Sheffield","Outside London","AO","[c]","[c]","[c]","[c]"
"Leaver CS","2022","Driver and Vehicle Standards Agency","Sheffield","Outside London","EO","5","[c]","[c]","[c]"
"Leaver CS","2022","Driver and Vehicle Standards Agency","Sheffield","Outside London","HEO","[c]","[c]","[c]","[c]"
"Leaver CS","2022","Driver and Vehicle Standards Agency","Shropshire","Outside London","EO","[c]","[c]","[c]","[c]"
"Leaver CS","2022","Driver and Vehicle Standards Agency","Somerset CC","Outside London","AO","[c]","[c]","[c]","[c]"
"Leaver CS","2022","Driver and Vehicle Standards Agency","South Ayrshire","Outside London","G7","[c]","[c]","[c]","[c]"
"Leaver CS","2022","Driver and Vehicle Standards Agency","South Hampshire","Outside London","EO","[c]","[c]","[c]","[c]"
"Leaver CS","2022","Driver and Vehicle Standards Agency","South Lanarkshire","Outside London","EO","[c]","[c]","[c]","[c]"
"Leaver CS","2022","Driver and Vehicle Standards Agency","South Nottinghamshire","Outside London","AO","[c]","[c]","[c]","[c]"
"Leaver CS","2022","Driver and Vehicle Standards Agency","South Nottinghamshire","Outside London","EO","[c]","[c]","[c]","[c]"
"Leaver CS","2022","Driver and Vehicle Standards Agency","South Teesside","Outside London","EO","[c]","[c]","[c]","[c]"
"Leaver CS","2022","Driver and Vehicle Standards Agency","South West Wales","Outside London","EO","[c]","[c]","[c]","[c]"
"Leaver CS","2022","Driver and Vehicle Standards Agency","South West Wales","Outside London","HEO","[c]","[c]","[c]","[c]"
"Leaver CS","2022","Driver and Vehicle Standards Agency","Southampton","Outside London","EO","[c]","[c]","[c]","[c]"
"Leaver CS","2022","Driver and Vehicle Standards Agency","Southend-on-Sea","Outside London","EO","[c]","[c]","[c]","[c]"
"Leaver CS","2022","Driver and Vehicle Standards Agency","Staffordshire CC","Outside London","AA","[c]","[c]","[c]","[c]"
"Leaver CS","2022","Driver and Vehicle Standards Agency","Staffordshire CC","Outside London","AO","[c]","[c]","[c]","[c]"
"Leaver CS","2022","Driver and Vehicle Standards Agency","Staffordshire CC","Outside London","EO","[c]","[c]","[c]","[c]"
"Leaver CS","2022","Driver and Vehicle Standards Agency","Staffordshire CC","Outside London","HEO","[c]","[c]","[c]","[c]"
"Leaver CS","2022","Driver and Vehicle Standards Agency","Stoke-on-Trent","Outside London","EO","[c]","[c]","[c]","[c]"
"Leaver CS","2022","Driver and Vehicle Standards Agency","Suffolk CC","Outside London","EO","[c]","[c]","[c]","[c]"
"Leaver CS","2022","Driver and Vehicle Standards Agency","Suffolk CC","Outside London","HEO","[c]","[c]","[c]","[c]"
"Leaver CS","2022","Driver and Vehicle Standards Agency","Sunderland","Outside London","EO","[c]","[c]","[c]","[c]"
"Leaver CS","2022","Driver and Vehicle Standards Agency","Swansea","Outside London","AO","5","[c]","[c]","[c]"
"Leaver CS","2022","Driver and Vehicle Standards Agency","Swansea","Outside London","EO","5","[c]","[c]","[c]"
"Leaver CS","2022","Driver and Vehicle Standards Agency","Swansea","Outside London","G7","[c]","[c]","[c]","[c]"
"Leaver CS","2022","Driver and Vehicle Standards Agency","Swansea","Outside London","HEO","5","[c]","[c]","[c]"
"Leaver CS","2022","Driver and Vehicle Standards Agency","Swansea","Outside London","SEO","[c]","[c]","[c]","[c]"
"Leaver CS","2022","Driver and Vehicle Standards Agency","Swindon","Outside London","AO","[c]","[c]","[c]","[c]"
"Leaver CS","2022","Driver and Vehicle Standards Agency","Swindon","Outside London","EO","[c]","[c]","[c]","[c]"
"Leaver CS","2022","Driver and Vehicle Standards Agency","Telford and Wrekin","Outside London","AO","[c]","[c]","[c]","[c]"
"Leaver CS","2022","Driver and Vehicle Standards Agency","Thurrock","Outside London","EO","[c]","[c]","[c]","[c]"
"Leaver CS","2022","Driver and Vehicle Standards Agency","Tyneside","Outside London","AA","[c]","[c]","[c]","[c]"
"Leaver CS","2022","Driver and Vehicle Standards Agency","Tyneside","Outside London","AO","15","[c]","21760","21840"
"Leaver CS","2022","Driver and Vehicle Standards Agency","Tyneside","Outside London","EO","5","[c]","[c]","[c]"
"Leaver CS","2022","Driver and Vehicle Standards Agency","Tyneside","Outside London","HEO","10","[c]","[c]","[c]"
"Leaver CS","2022","Driver and Vehicle Standards Agency","Tyneside","Outside London","SEO","[c]","[c]","[c]","[c]"
"Leaver CS","2022","Driver and Vehicle Standards Agency","Wakefield","Outside London","AO","[c]","[c]","[c]","[c]"
"Leaver CS","2022","Driver and Vehicle Standards Agency","Wakefield","Outside London","EO","[c]","[c]","[c]","[c]"
"Leaver CS","2022","Driver and Vehicle Standards Agency","Warwickshire CC","Outside London","EO","5","[c]","[c]","[c]"
"Leaver CS","2022","Driver and Vehicle Standards Agency","West Cumbria","Outside London","EO","[c]","[c]","[c]","[c]"
"Leaver CS","2022","Driver and Vehicle Standards Agency","West Essex","Outside London","EO","[c]","[c]","[c]","[c]"
"Leaver CS","2022","Driver and Vehicle Standards Agency","West Kent","Outside London","EO","[c]","[c]","[c]","[c]"
"Leaver CS","2022","Driver and Vehicle Standards Agency","West Lothian","Outside London","AO","[c]","[c]","[c]","[c]"
"Leaver CS","2022","Driver and Vehicle Standards Agency","West Lothian","Outside London","EO","[c]","[c]","[c]","[c]"
"Leaver CS","2022","Driver and Vehicle Standards Agency","West Northamptonshire","Outside London","AO","[c]","[c]","[c]","[c]"
"Leaver CS","2022","Driver and Vehicle Standards Agency","West Northamptonshire","Outside London","EO","[c]","[c]","[c]","[c]"
"Leaver CS","2022","Driver and Vehicle Standards Agency","West Surrey","Outside London","AO","[c]","[c]","[c]","[c]"
"Leaver CS","2022","Driver and Vehicle Standards Agency","West Surrey","Outside London","EO","[c]","[c]","[c]","[c]"
"Leaver CS","2022","Driver and Vehicle Standards Agency","West Sussex (North East)","Outside London","EO","[c]","[c]","[c]","[c]"
"Leaver CS","2022","Driver and Vehicle Standards Agency","West Sussex (South West)","Outside London","EO","[c]","[c]","[c]","[c]"
"Leaver CS","2022","Driver and Vehicle Standards Agency","Wiltshire","Outside London","EO","[c]","[c]","[c]","[c]"
"Leaver CS","2022","Driver and Vehicle Standards Agency","Wirral","Outside London","EO","[c]","[c]","[c]","[c]"
"Leaver CS","2022","Driver and Vehicle Standards Agency","Wolverhampton","Outside London","EO","[c]","[c]","[c]","[c]"
"Leaver CS","2022","Driver and Vehicle Standards Agency","Worcestershire CC","Outside London","EO","[c]","[c]","[c]","[c]"
"Leaver CS","2022","Education and Skills Funding Agency","Bristol, City of","Outside London","G6","[c]","[c]","[c]","[c]"
"Leaver CS","2022","Education and Skills Funding Agency","Cornwall and Isles of Scilly","Outside London","SEO","[c]","[c]","[c]","[c]"
"Leaver CS","2022","Education and Skills Funding Agency","Coventry","Outside London","AO","[c]","[c]","[c]","[c]"
"Leaver CS","2022","Education and Skills Funding Agency","Coventry","Outside London","EO","[c]","[c]","[c]","[c]"
"Leaver CS","2022","Education and Skills Funding Agency","Coventry","Outside London","G6","[c]","[c]","[c]","[c]"
"Leaver CS","2022","Education and Skills Funding Agency","Coventry","Outside London","G7","10","[c]","51620","50890"
"Leaver CS","2022","Education and Skills Funding Agency","Coventry","Outside London","HEO","[c]","[c]","[c]","[c]"
"Leaver CS","2022","Education and Skills Funding Agency","Coventry","Outside London","SCS level","[c]","[c]","[c]","[c]"
"Leaver CS","2022","Education and Skills Funding Agency","Coventry","Outside London","SEO","10","[c]","[c]","[c]"
"Leaver CS","2022","Education and Skills Funding Agency","Darlington","Outside London","EO","[c]","[c]","[c]","[c]"
"Leaver CS","2022","Education and Skills Funding Agency","Darlington","Outside London","G6","[c]","[c]","[c]","[c]"
"Leaver CS","2022","Education and Skills Funding Agency","Darlington","Outside London","G7","[c]","[c]","[c]","[c]"
"Leaver CS","2022","Education and Skills Funding Agency","Darlington","Outside London","SEO","[c]","[c]","[c]","[c]"
"Leaver CS","2022","Education and Skills Funding Agency","Derby","Outside London","G6","[c]","[c]","[c]","[c]"
"Leaver CS","2022","Education and Skills Funding Agency","Devon CC","Outside London","G7","[c]","[c]","[c]","[c]"
"Leaver CS","2022","Education and Skills Funding Agency","East Cumbria","Outside London","G7","[c]","[c]","[c]","[c]"
"Leaver CS","2022","Education and Skills Funding Agency","Manchester","Outside London","EO","[c]","[c]","[c]","[c]"
"Leaver CS","2022","Education and Skills Funding Agency","Manchester","Outside London","G7","[c]","[c]","[c]","[c]"
"Leaver CS","2022","Education and Skills Funding Agency","Manchester","Outside London","HEO","[c]","[c]","[c]","[c]"
"Leaver CS","2022","Education and Skills Funding Agency","Nottingham","Outside London","EO","[c]","[c]","[c]","[c]"
"Leaver CS","2022","Education and Skills Funding Agency","Sheffield","Outside London","EO","[c]","[c]","[c]","[c]"
"Leaver CS","2022","Education and Skills Funding Agency","Sheffield","Outside London","G6","[c]","[c]","[c]","[c]"
"Leaver CS","2022","Education and Skills Funding Agency","Sheffield","Outside London","G7","[c]","[c]","[c]","[c]"
"Leaver CS","2022","Education and Skills Funding Agency","Sheffield","Outside London","HEO","[c]","[c]","[c]","[c]"
"Leaver CS","2022","Education and Skills Funding Agency","Sheffield","Outside London","SCS level","[c]","[c]","[c]","[c]"
"Leaver CS","2022","Education and Skills Funding Agency","Sheffield","Outside London","SEO","[c]","[c]","[c]","[c]"
"Leaver CS","2022","Education and Skills Funding Agency","Westminster","London","EO","[c]","[c]","[c]","[c]"
"Leaver CS","2022","Education and Skills Funding Agency","Westminster","London","G6","[c]","[c]","[c]","[c]"
"Leaver CS","2022","Education and Skills Funding Agency","Westminster","London","G7","5","[c]","[c]","[c]"
"Leaver CS","2022","Education and Skills Funding Agency","Westminster","London","HEO","[c]","[c]","[c]","[c]"
"Leaver CS","2022","Education and Skills Funding Agency","Westminster","London","SCS level","[c]","[c]","[c]","[c]"
"Leaver CS","2022","Education and Skills Funding Agency","Westminster","London","SEO","[c]","[c]","[c]","[c]"
"Leaver CS","2022","Education Scotland","Aberdeen City and Aberdeenshire","Outside London","G6","[c]","[c]","[c]","[c]"
"Leaver CS","2022","Education Scotland","Angus and Dundee City","Outside London","G6","[c]","[c]","[c]","[c]"
"Leaver CS","2022","Education Scotland","City of Edinburgh","Outside London","SEO","[c]","[c]","[c]","[c]"
"Leaver CS","2022","Education Scotland","Dumfries and Galloway","Outside London","G6","[c]","[c]","[c]","[c]"
"Leaver CS","2022","Education Scotland","Glasgow City","Outside London","AO","[c]","[c]","[c]","[c]"
"Leaver CS","2022","Education Scotland","Glasgow City","Outside London","G6","5","[c]","[c]","[c]"
"Leaver CS","2022","Education Scotland","Glasgow City","Outside London","G7","[c]","[c]","[c]","[c]"
"Leaver CS","2022","Education Scotland","Glasgow City","Outside London","HEO","[c]","[c]","[c]","[c]"
"Leaver CS","2022","Education Scotland","Glasgow City","Outside London","SEO","5","[c]","[c]","[c]"
"Leaver CS","2022","Education Scotland","West Lothian","Outside London","AA","[c]","[c]","[c]","[c]"
"Leaver CS","2022","Education Scotland","West Lothian","Outside London","EO","[c]","[c]","[c]","[c]"
"Leaver CS","2022","Education Scotland","West Lothian","Outside London","G6","5","[c]","[c]","[c]"
"Leaver CS","2022","Education Scotland","West Lothian","Outside London","G7","[c]","[c]","[c]","[c]"
"Leaver CS","2022","Education Scotland","West Lothian","Outside London","SCS level","[c]","[c]","[c]","[c]"
"Leaver CS","2022","Education Scotland","West Lothian","Outside London","SEO","[c]","[c]","[c]","[c]"
"Leaver CS","2022","Estyn","Bridgend and Neath Port Talbot","Outside London","G6","[c]","[c]","[c]","[c]"
"Leaver CS","2022","Estyn","Cardiff and Vale of Glamorgan","Outside London","EO","[c]","[c]","[c]","[c]"
"Leaver CS","2022","Estyn","Cardiff and Vale of Glamorgan","Outside London","G7","[c]","[c]","[c]","[c]"
"Leaver CS","2022","Estyn","Cardiff and Vale of Glamorgan","Outside London","SCS level","[c]","[c]","[c]","[c]"
"Leaver CS","2022","Estyn","Flintshire and Wrexham","Outside London","G6","[c]","[c]","[c]","[c]"
"Leaver CS","2022","Estyn","Solihull","Outside London","G6","[c]","[c]","[c]","[c]"
"Leaver CS","2022","Estyn","South West Wales","Outside London","G6","[c]","[c]","[c]","[c]"
"Leaver CS","2022","FCDO Services","Milton Keynes","Outside London","AO","[c]","[c]","[c]","[c]"
"Leaver CS","2022","FCDO Services","Milton Keynes","Outside London","EO","10","[c]","26810","26590"
"Leaver CS","2022","FCDO Services","Milton Keynes","Outside London","G6","[c]","[c]","[c]","[c]"
"Leaver CS","2022","FCDO Services","Milton Keynes","Outside London","G7","10","[c]","58290","57880"
"Leaver CS","2022","FCDO Services","Milton Keynes","Outside London","HEO","15","[c]","32520","33390"
"Leaver CS","2022","FCDO Services","Milton Keynes","Outside London","SCS level","[c]","[c]","[c]","[c]"
"Leaver CS","2022","FCDO Services","Milton Keynes","Outside London","SEO","10","[c]","[c]","[c]"
"Leaver CS","2022","FCDO Services","Milton Keynes","Outside London","Unknown","[c]","[c]","[c]","[c]"
"Leaver CS","2022","FCDO Services","Overseas","Overseas","G7","[c]","[c]","[c]","[c]"
"Leaver CS","2022","FCDO Services","Overseas","Overseas","HEO","[c]","[c]","[c]","[c]"
"Leaver CS","2022","FCDO Services","Overseas","Overseas","SEO","[c]","[c]","[c]","[c]"
"Leaver CS","2022","FCDO Services","Westminster","London","AO","[c]","[c]","[c]","[c]"
"Leaver CS","2022","FCDO Services","Westminster","London","EO","[c]","[c]","[c]","[c]"
"Leaver CS","2022","FCDO Services","Westminster","London","G6","[c]","[c]","[c]","[c]"
"Leaver CS","2022","FCDO Services","Westminster","London","G7","[c]","[c]","[c]","[c]"
"Leaver CS","2022","FCDO Services","Westminster","London","HEO","[c]","[c]","[c]","[c]"
"Leaver CS","2022","FCDO Services","Westminster","London","SCS level","[c]","[c]","[c]","[c]"
"Leaver CS","2022","FCDO Services","Westminster","London","SEO","5","[c]","[c]","[c]"
"Leaver CS","2022","Food Standards Agency","Ards and North Down","Outside London","HEO","[c]","[c]","[c]","[c]"
"Leaver CS","2022","Food Standards Agency","Barnet","London","SCS level","[c]","[c]","[c]","[c]"
"Leaver CS","2022","Food Standards Agency","Barnsley, Doncaster and Rotherham","Outside London","EO","[c]","[c]","[c]","[c]"
"Leaver CS","2022","Food Standards Agency","Bath and North East Somerset, North Somerset and South Gloucestershire","Outside London","EO","[c]","[c]","[c]","[c]"
"Leaver CS","2022","Food Standards Agency","Bath and North East Somerset, North Somerset and South Gloucestershire","Outside London","SEO","[c]","[c]","[c]","[c]"
"Leaver CS","2022","Food Standards Agency","Belfast","Outside London","AO","[c]","[c]","[c]","[c]"
"Leaver CS","2022","Food Standards Agency","Belfast","Outside London","HEO","[c]","[c]","[c]","[c]"
"Leaver CS","2022","Food Standards Agency","Belfast","Outside London","SCS level","[c]","[c]","[c]","[c]"
"Leaver CS","2022","Food Standards Agency","Birmingham","Outside London","G7","[c]","[c]","[c]","[c]"
"Leaver CS","2022","Food Standards Agency","Birmingham","Outside London","HEO","[c]","[c]","[c]","[c]"
"Leaver CS","2022","Food Standards Agency","Bradford","Outside London","EO","[c]","[c]","[c]","[c]"
"Leaver CS","2022","Food Standards Agency","Cardiff and Vale of Glamorgan","Outside London","AO","[c]","[c]","[c]","[c]"
"Leaver CS","2022","Food Standards Agency","Cardiff and Vale of Glamorgan","Outside London","HEO","[c]","[c]","[c]","[c]"
"Leaver CS","2022","Food Standards Agency","Cardiff and Vale of Glamorgan","Outside London","SEO","[c]","[c]","[c]","[c]"
"Leaver CS","2022","Food Standards Agency","Central Valleys","Outside London","EO","[c]","[c]","[c]","[c]"
"Leaver CS","2022","Food Standards Agency","Central Valleys","Outside London","HEO","[c]","[c]","[c]","[c]"
"Leaver CS","2022","Food Standards Agency","Chorley and West Lancashire","Outside London","HEO","[c]","[c]","[c]","[c]"
"Leaver CS","2022","Food Standards Agency","Cornwall and Isles of Scilly","Outside London","EO","[c]","[c]","[c]","[c]"
"Leaver CS","2022","Food Standards Agency","Cornwall and Isles of Scilly","Outside London","G7","[c]","[c]","[c]","[c]"
"Leaver CS","2022","Food Standards Agency","Coventry","Outside London","G6","[c]","[c]","[c]","[c]"
"Leaver CS","2022","Food Standards Agency","Derby","Outside London","SEO","[c]","[c]","[c]","[c]"
"Leaver CS","2022","Food Standards Agency","Devon CC","Outside London","EO","[c]","[c]","[c]","[c]"
"Leaver CS","2022","Food Standards Agency","Devon CC","Outside London","HEO","[c]","[c]","[c]","[c]"
"Leaver CS","2022","Food Standards Agency","Dorset","Outside London","EO","[c]","[c]","[c]","[c]"
"Leaver CS","2022","Food Standards Agency","East Lancashire","Outside London","EO","[c]","[c]","[c]","[c]"
"Leaver CS","2022","Food Standards Agency","East Sussex CC","Outside London","HEO","[c]","[c]","[c]","[c]"
"Leaver CS","2022","Food Standards Agency","Essex Haven Gateway","Outside London","EO","[c]","[c]","[c]","[c]"
"Leaver CS","2022","Food Standards Agency","Fermanagh and Omagh","Outside London","SEO","[c]","[c]","[c]","[c]"
"Leaver CS","2022","Food Standards Agency","Gloucestershire CC","Outside London","EO","[c]","[c]","[c]","[c]"
"Leaver CS","2022","Food Standards Agency","Greater Manchester North East","Outside London","HEO","[c]","[c]","[c]","[c]"
"Leaver CS","2022","Food Standards Agency","Gwent Valleys","Outside London","HEO","[c]","[c]","[c]","[c]"
"Leaver CS","2022","Food Standards Agency","Harrow and Hillingdon","London","HEO","[c]","[c]","[c]","[c]"
"Leaver CS","2022","Food Standards Agency","Hertfordshire CC","Outside London","HEO","[c]","[c]","[c]","[c]"
"Leaver CS","2022","Food Standards Agency","Hertfordshire CC","Outside London","SEO","[c]","[c]","[c]","[c]"
"Leaver CS","2022","Food Standards Agency","Isle of Anglesey","Outside London","SEO","[c]","[c]","[c]","[c]"
"Leaver CS","2022","Food Standards Agency","Lincolnshire CC","Outside London","EO","[c]","[c]","[c]","[c]"
"Leaver CS","2022","Food Standards Agency","Lincolnshire CC","Outside London","SEO","[c]","[c]","[c]","[c]"
"Leaver CS","2022","Food Standards Agency","Mid Lancashire","Outside London","EO","[c]","[c]","[c]","[c]"
"Leaver CS","2022","Food Standards Agency","Newry, Mourne and Down","Outside London","AO","[c]","[c]","[c]","[c]"
"Leaver CS","2022","Food Standards Agency","North and North East Lincolnshire","Outside London","EO","[c]","[c]","[c]","[c]"
"Leaver CS","2022","Food Standards Agency","North Northamptonshire","Outside London","SEO","[c]","[c]","[c]","[c]"
"Leaver CS","2022","Food Standards Agency","North Yorkshire CC","Outside London","SEO","[c]","[c]","[c]","[c]"
"Leaver CS","2022","Food Standards Agency","Powys","Outside London","EO","[c]","[c]","[c]","[c]"
"Leaver CS","2022","Food Standards Agency","Redbridge and Waltham Forest","London","HEO","[c]","[c]","[c]","[c]"
"Leaver CS","2022","Food Standards Agency","Shropshire","Outside London","EO","[c]","[c]","[c]","[c]"
"Leaver CS","2022","Food Standards Agency","Shropshire","Outside London","HEO","[c]","[c]","[c]","[c]"
"Leaver CS","2022","Food Standards Agency","Somerset CC","Outside London","EO","[c]","[c]","[c]","[c]"
"Leaver CS","2022","Food Standards Agency","South Nottinghamshire","Outside London","HEO","[c]","[c]","[c]","[c]"
"Leaver CS","2022","Food Standards Agency","Staffordshire CC","Outside London","SEO","[c]","[c]","[c]","[c]"
"Leaver CS","2022","Food Standards Agency","Stoke-on-Trent","Outside London","HEO","[c]","[c]","[c]","[c]"
"Leaver CS","2022","Food Standards Agency","Suffolk CC","Outside London","HEO","[c]","[c]","[c]","[c]"
"Leaver CS","2022","Food Standards Agency","Thurrock","Outside London","EO","[c]","[c]","[c]","[c]"
"Leaver CS","2022","Food Standards Agency","West Sussex (South West)","Outside London","SEO","[c]","[c]","[c]","[c]"
"Leaver CS","2022","Food Standards Agency","Westminster","London","AO","[c]","[c]","[c]","[c]"
"Leaver CS","2022","Food Standards Agency","Westminster","London","EO","[c]","[c]","[c]","[c]"
"Leaver CS","2022","Food Standards Agency","Westminster","London","G7","[c]","[c]","[c]","[c]"
"Leaver CS","2022","Food Standards Agency","Westminster","London","HEO","[c]","[c]","[c]","[c]"
"Leaver CS","2022","Food Standards Agency","Westminster","London","SCS level","[c]","[c]","[c]","[c]"
"Leaver CS","2022","Food Standards Agency","Westminster","London","SEO","[c]","[c]","[c]","[c]"
"Leaver CS","2022","Food Standards Agency","York","Outside London","EO","[c]","[c]","[c]","[c]"
"Leaver CS","2022","Food Standards Agency","York","Outside London","HEO","[c]","[c]","[c]","[c]"
"Leaver CS","2022","Food Standards Agency","York","Outside London","SEO","[c]","[c]","[c]","[c]"
"Leaver CS","2022","Food Standards Scotland","Aberdeen City and Aberdeenshire","Outside London","AA","[c]","[c]","[c]","[c]"
"Leaver CS","2022","Food Standards Scotland","Aberdeen City and Aberdeenshire","Outside London","AO","[c]","[c]","[c]","[c]"
"Leaver CS","2022","Food Standards Scotland","Aberdeen City and Aberdeenshire","Outside London","EO","5","[c]","[c]","[c]"
"Leaver CS","2022","Food Standards Scotland","Aberdeen City and Aberdeenshire","Outside London","HEO","[c]","[c]","[c]","[c]"
"Leaver CS","2022","Food Standards Scotland","Aberdeen City and Aberdeenshire","Outside London","SEO","5","[c]","[c]","[c]"
"Leaver CS","2022","Food Standards Scotland","Angus and Dundee City","Outside London","EO","[c]","[c]","[c]","[c]"
"Leaver CS","2022","Food Standards Scotland","Angus and Dundee City","Outside London","HEO","[c]","[c]","[c]","[c]"
"Leaver CS","2022","Food Standards Scotland","North Lanarkshire","Outside London","HEO","[c]","[c]","[c]","[c]"
"Leaver CS","2022","Food Standards Scotland","Perth and Kinross, and Stirling","Outside London","EO","[c]","[c]","[c]","[c]"
"Leaver CS","2022","Foreign, Commonwealth and Development Office (excl. agencies)","Milton Keynes","Outside London","AO","5","[c]","[c]","[c]"
"Leaver CS","2022","Foreign, Commonwealth and Development Office (excl. agencies)","Milton Keynes","Outside London","EO","[c]","[c]","[c]","[c]"
"Leaver CS","2022","Foreign, Commonwealth and Development Office (excl. agencies)","Milton Keynes","Outside London","SEO","[c]","[c]","[c]","[c]"
"Leaver CS","2022","Foreign, Commonwealth and Development Office (excl. agencies)","Overseas","Overseas","G6","10","[c]","[c]","[c]"
"Leaver CS","2022","Foreign, Commonwealth and Development Office (excl. agencies)","Overseas","Overseas","G7","10","[c]","[c]","[c]"
"Leaver CS","2022","Foreign, Commonwealth and Development Office (excl. agencies)","Overseas","Overseas","HEO","[c]","[c]","[c]","[c]"
"Leaver CS","2022","Foreign, Commonwealth and Development Office (excl. agencies)","Overseas","Overseas","SCS level","5","[c]","[c]","[c]"
"Leaver CS","2022","Foreign, Commonwealth and Development Office (excl. agencies)","Overseas","Overseas","SEO","[c]","[c]","[c]","[c]"
"Leaver CS","2022","Foreign, Commonwealth and Development Office (excl. agencies)","South Lanarkshire","Outside London","AO","10","[c]","21560","21490"
"Leaver CS","2022","Foreign, Commonwealth and Development Office (excl. agencies)","South Lanarkshire","Outside London","EO","5","[c]","[c]","[c]"
"Leaver CS","2022","Foreign, Commonwealth and Development Office (excl. agencies)","South Lanarkshire","Outside London","G6","[c]","[c]","[c]","[c]"
"Leaver CS","2022","Foreign, Commonwealth and Development Office (excl. agencies)","South Lanarkshire","Outside London","G7","10","[c]","49640","49650"
"Leaver CS","2022","Foreign, Commonwealth and Development Office (excl. agencies)","South Lanarkshire","Outside London","HEO","15","[c]","33930","33930"
"Leaver CS","2022","Foreign, Commonwealth and Development Office (excl. agencies)","South Lanarkshire","Outside London","SCS level","[c]","[c]","[c]","[c]"
"Leaver CS","2022","Foreign, Commonwealth and Development Office (excl. agencies)","South Lanarkshire","Outside London","SEO","10","[c]","[c]","[c]"
"Leaver CS","2022","Foreign, Commonwealth and Development Office (excl. agencies)","Westminster","London","AA","30","[c]","[c]","[c]"
"Leaver CS","2022","Foreign, Commonwealth and Development Office (excl. agencies)","Westminster","London","AO","25","[c]","[c]","[c]"
"Leaver CS","2022","Foreign, Commonwealth and Development Office (excl. agencies)","Westminster","London","EO","20","[c]","[c]","[c]"
"Leaver CS","2022","Foreign, Commonwealth and Development Office (excl. agencies)","Westminster","London","G6","30","[c]","69910","71340"
"Leaver CS","2022","Foreign, Commonwealth and Development Office (excl. agencies)","Westminster","London","G7","40","[c]","54070","55060"
"Leaver CS","2022","Foreign, Commonwealth and Development Office (excl. agencies)","Westminster","London","HEO","55","[c]","37150","38600"
"Leaver CS","2022","Foreign, Commonwealth and Development Office (excl. agencies)","Westminster","London","SCS level","20","[c]","[c]","[c]"
"Leaver CS","2022","Foreign, Commonwealth and Development Office (excl. agencies)","Westminster","London","SEO","25","[c]","[c]","[c]"
"Leaver CS","2022","Forestry and Land Scotland","Aberdeen City and Aberdeenshire","Outside London","AO","5","[c]","[c]","[c]"
"Leaver CS","2022","Forestry and Land Scotland","Aberdeen City and Aberdeenshire","Outside London","EO","[c]","[c]","[c]","[c]"
"Leaver CS","2022","Forestry and Land Scotland","Caithness and Sutherland, and Ross and Cromarty","Outside London","AO","[c]","[c]","[c]","[c]"
"Leaver CS","2022","Forestry and Land Scotland","Caithness and Sutherland, and Ross and Cromarty","Outside London","EO","[c]","[c]","[c]","[c]"
"Leaver CS","2022","Forestry and Land Scotland","City of Edinburgh","Outside London","AA","[c]","[c]","[c]","[c]"
"Leaver CS","2022","Forestry and Land Scotland","City of Edinburgh","Outside London","AO","5","[c]","[c]","[c]"
"Leaver CS","2022","Forestry and Land Scotland","City of Edinburgh","Outside London","EO","[c]","[c]","[c]","[c]"
"Leaver CS","2022","Forestry and Land Scotland","City of Edinburgh","Outside London","HEO","[c]","[c]","[c]","[c]"
"Leaver CS","2022","Forestry and Land Scotland","City of Edinburgh","Outside London","SEO","[c]","[c]","[c]","[c]"
"Leaver CS","2022","Forestry and Land Scotland","Dumfries and Galloway","Outside London","AO","10","[c]","[c]","[c]"
"Leaver CS","2022","Forestry and Land Scotland","Dumfries and Galloway","Outside London","EO","5","[c]","[c]","[c]"
"Leaver CS","2022","Forestry and Land Scotland","Dumfries and Galloway","Outside London","HEO","[c]","[c]","[c]","[c]"
"Leaver CS","2022","Forestry and Land Scotland","East Dunbartonshire, West Dunbartonshire, and Helensburgh and Lomond","Outside London","EO","[c]","[c]","[c]","[c]"
"Leaver CS","2022","Forestry and Land Scotland","Inverness and Nairn, Moray, and Badenoch and Strathspey","Outside London","AA","[c]","[c]","[c]","[c]"
"Leaver CS","2022","Forestry and Land Scotland","Inverness and Nairn, Moray, and Badenoch and Strathspey","Outside London","AO","5","[c]","[c]","[c]"
"Leaver CS","2022","Forestry and Land Scotland","Inverness and Nairn, Moray, and Badenoch and Strathspey","Outside London","EO","[c]","[c]","[c]","[c]"
"Leaver CS","2022","Forestry and Land Scotland","Inverness and Nairn, Moray, and Badenoch and Strathspey","Outside London","G7","[c]","[c]","[c]","[c]"
"Leaver CS","2022","Forestry and Land Scotland","Inverness and Nairn, Moray, and Badenoch and Strathspey","Outside London","HEO","[c]","[c]","[c]","[c]"
"Leaver CS","2022","Forestry and Land Scotland","Inverness and Nairn, Moray, and Badenoch and Strathspey","Outside London","SEO","[c]","[c]","[c]","[c]"
"Leaver CS","2022","Forestry and Land Scotland","Lochaber, Skye and Lochalsh, Arran and Cumbrae, and Argyll and Bute","Outside London","AA","[c]","[c]","[c]","[c]"
"Leaver CS","2022","Forestry and Land Scotland","Lochaber, Skye and Lochalsh, Arran and Cumbrae, and Argyll and Bute","Outside London","AO","10","[c]","[c]","[c]"
"Leaver CS","2022","Forestry and Land Scotland","Lochaber, Skye and Lochalsh, Arran and Cumbrae, and Argyll and Bute","Outside London","EO","5","[c]","[c]","[c]"
"Leaver CS","2022","Forestry and Land Scotland","Lochaber, Skye and Lochalsh, Arran and Cumbrae, and Argyll and Bute","Outside London","HEO","[c]","[c]","[c]","[c]"
"Leaver CS","2022","Forestry and Land Scotland","Perth and Kinross, and Stirling","Outside London","AO","10","[c]","26280","25940"
"Leaver CS","2022","Forestry and Land Scotland","Perth and Kinross, and Stirling","Outside London","EO","[c]","[c]","[c]","[c]"
"Leaver CS","2022","Forestry and Land Scotland","Perth and Kinross, and Stirling","Outside London","HEO","[c]","[c]","[c]","[c]"
"Leaver CS","2022","Forestry and Land Scotland","Scottish Borders","Outside London","AO","5","[c]","[c]","[c]"
"Leaver CS","2022","Forestry and Land Scotland","Scottish Borders","Outside London","HEO","[c]","[c]","[c]","[c]"
"Leaver CS","2022","Forestry and Land Scotland","Unknown","Unknown","AO","5","[c]","[c]","[c]"
"Leaver CS","2022","Forestry and Land Scotland","Unknown","Unknown","EO","[c]","[c]","[c]","[c]"
"Leaver CS","2022","Forestry and Land Scotland","Unknown","Unknown","SEO","[c]","[c]","[c]","[c]"
"Leaver CS","2022","Forestry and Land Scotland","West Lothian","Outside London","AO","5","[c]","[c]","[c]"
"Leaver CS","2022","Forestry and Land Scotland","West Lothian","Outside London","EO","[c]","[c]","[c]","[c]"
"Leaver CS","2022","Forestry and Land Scotland","West Lothian","Outside London","SEO","[c]","[c]","[c]","[c]"
"Leaver CS","2022","Government Actuary's Department","Camden and City of London","London","AO","[c]","[c]","[c]","[c]"
"Leaver CS","2022","Government Actuary's Department","Camden and City of London","London","EO","[c]","[c]","[c]","[c]"
"Leaver CS","2022","Government Actuary's Department","Camden and City of London","London","G6","5","[c]","[c]","[c]"
"Leaver CS","2022","Government Actuary's Department","Camden and City of London","London","G7","[c]","[c]","[c]","[c]"
"Leaver CS","2022","Government Actuary's Department","Camden and City of London","London","HEO","[c]","[c]","[c]","[c]"
"Leaver CS","2022","Government Actuary's Department","Camden and City of London","London","SEO","10","[c]","47200","45580"
"Leaver CS","2022","Government Actuary's Department","City of Edinburgh","Outside London","G6","[c]","[c]","[c]","[c]"
"Leaver CS","2022","Government Internal Audit Agency","Berkshire","Outside London","G6","[c]","[c]","[c]","[c]"
"Leaver CS","2022","Government Internal Audit Agency","Birmingham","Outside London","G7","[c]","[c]","[c]","[c]"
"Leaver CS","2022","Government Internal Audit Agency","Birmingham","Outside London","HEO","[c]","[c]","[c]","[c]"
"Leaver CS","2022","Government Internal Audit Agency","Birmingham","Outside London","SCS level","[c]","[c]","[c]","[c]"
"Leaver CS","2022","Government Internal Audit Agency","Birmingham","Outside London","SEO","[c]","[c]","[c]","[c]"
"Leaver CS","2022","Government Internal Audit Agency","Blackpool","Outside London","SEO","[c]","[c]","[c]","[c]"
"Leaver CS","2022","Government Internal Audit Agency","Cardiff and Vale of Glamorgan","Outside London","HEO","[c]","[c]","[c]","[c]"
"Leaver CS","2022","Government Internal Audit Agency","Croydon","London","SEO","[c]","[c]","[c]","[c]"
"Leaver CS","2022","Government Internal Audit Agency","Falkirk","Outside London","SEO","[c]","[c]","[c]","[c]"
"Leaver CS","2022","Government Internal Audit Agency","Leeds","Outside London","HEO","[c]","[c]","[c]","[c]"
"Leaver CS","2022","Government Internal Audit Agency","Leeds","Outside London","SEO","[c]","[c]","[c]","[c]"
"Leaver CS","2022","Government Internal Audit Agency","Manchester","Outside London","G6","[c]","[c]","[c]","[c]"
"Leaver CS","2022","Government Internal Audit Agency","Manchester","Outside London","G7","[c]","[c]","[c]","[c]"
"Leaver CS","2022","Government Internal Audit Agency","Manchester","Outside London","SEO","[c]","[c]","[c]","[c]"
"Leaver CS","2022","Government Internal Audit Agency","Norwich and East Norfolk","Outside London","SEO","[c]","[c]","[c]","[c]"
"Leaver CS","2022","Government Internal Audit Agency","Nottingham","Outside London","SEO","[c]","[c]","[c]","[c]"
"Leaver CS","2022","Government Internal Audit Agency","Sheffield","Outside London","SEO","[c]","[c]","[c]","[c]"
"Leaver CS","2022","Government Internal Audit Agency","Swansea","Outside London","G7","[c]","[c]","[c]","[c]"
"Leaver CS","2022","Government Internal Audit Agency","Swindon","Outside London","HEO","[c]","[c]","[c]","[c]"
"Leaver CS","2022","Government Internal Audit Agency","Swindon","Outside London","SEO","[c]","[c]","[c]","[c]"
"Leaver CS","2022","Government Internal Audit Agency","Tyneside","Outside London","SEO","[c]","[c]","[c]","[c]"
"Leaver CS","2022","Government Internal Audit Agency","Westminster","London","G6","[c]","[c]","[c]","[c]"
"Leaver CS","2022","Government Internal Audit Agency","Westminster","London","G7","[c]","[c]","[c]","[c]"
"Leaver CS","2022","Government Internal Audit Agency","Westminster","London","HEO","[c]","[c]","[c]","[c]"
"Leaver CS","2022","Government Internal Audit Agency","Westminster","London","SEO","5","[c]","[c]","[c]"
"Leaver CS","2022","Government Legal Department","Bath and North East Somerset, North Somerset and South Gloucestershire","Outside London","SEO","[c]","[c]","[c]","[c]"
"Leaver CS","2022","Government Legal Department","Croydon","London","AO","[c]","[c]","[c]","[c]"
"Leaver CS","2022","Government Legal Department","Croydon","London","G6","[c]","[c]","[c]","[c]"
"Leaver CS","2022","Government Legal Department","Leeds","Outside London","G6","[c]","[c]","[c]","[c]"
"Leaver CS","2022","Government Legal Department","Leeds","Outside London","G7","[c]","[c]","[c]","[c]"
"Leaver CS","2022","Government Legal Department","Leeds","Outside London","HEO","[c]","[c]","[c]","[c]"
"Leaver CS","2022","Government Legal Department","Leeds","Outside London","SCS level","[c]","[c]","[c]","[c]"
"Leaver CS","2022","Government Legal Department","Manchester","Outside London","G6","[c]","[c]","[c]","[c]"
"Leaver CS","2022","Government Legal Department","Westminster","London","AO","5","[c]","[c]","[c]"
"Leaver CS","2022","Government Legal Department","Westminster","London","EO","40","[c]","28130","27350"
"Leaver CS","2022","Government Legal Department","Westminster","London","G6","50","[c]","68620","67690"
"Leaver CS","2022","Government Legal Department","Westminster","London","G7","65","[c]","52390","51250"
"Leaver CS","2022","Government Legal Department","Westminster","London","HEO","15","[c]","38430","43920"
"Leaver CS","2022","Government Legal Department","Westminster","London","SCS level","15","[c]","89310","81460"
"Leaver CS","2022","Government Legal Department","Westminster","London","SEO","[c]","[c]","[c]","[c]"
"Leaver CS","2022","Government Property Agency","Birmingham","Outside London","G7","[c]","[c]","[c]","[c]"
"Leaver CS","2022","Government Property Agency","Birmingham","Outside London","SEO","[c]","[c]","[c]","[c]"
"Leaver CS","2022","Government Property Agency","Bristol, City of","Outside London","G7","[c]","[c]","[c]","[c]"
"Leaver CS","2022","Government Property Agency","Leeds","Outside London","G6","[c]","[c]","[c]","[c]"
"Leaver CS","2022","Government Property Agency","Leeds","Outside London","SEO","[c]","[c]","[c]","[c]"
"Leaver CS","2022","Government Property Agency","Manchester","Outside London","G7","[c]","[c]","[c]","[c]"
"Leaver CS","2022","Government Property Agency","Westminster","London","EO","[c]","[c]","[c]","[c]"
"Leaver CS","2022","Government Property Agency","Westminster","London","G6","[c]","[c]","[c]","[c]"
"Leaver CS","2022","Government Property Agency","Westminster","London","G7","[c]","[c]","[c]","[c]"
"Leaver CS","2022","Government Property Agency","Westminster","London","SEO","[c]","[c]","[c]","[c]"
"Leaver CS","2022","Health and Safety Executive","Aberdeen City and Aberdeenshire","Outside London","AO","[c]","[c]","[c]","[c]"
"Leaver CS","2022","Health and Safety Executive","Aberdeen City and Aberdeenshire","Outside London","G7","[c]","[c]","[c]","[c]"
"Leaver CS","2022","Health and Safety Executive","Aberdeen City and Aberdeenshire","Outside London","HEO","[c]","[c]","[c]","[c]"
"Leaver CS","2022","Health and Safety Executive","Aberdeen City and Aberdeenshire","Outside London","SEO","5","[c]","[c]","[c]"
"Leaver CS","2022","Health and Safety Executive","Bedford","Outside London","EO","[c]","[c]","[c]","[c]"
"Leaver CS","2022","Health and Safety Executive","Bedford","Outside London","G7","[c]","[c]","[c]","[c]"
"Leaver CS","2022","Health and Safety Executive","Bedford","Outside London","HEO","[c]","[c]","[c]","[c]"
"Leaver CS","2022","Health and Safety Executive","Bedford","Outside London","SEO","[c]","[c]","[c]","[c]"
"Leaver CS","2022","Health and Safety Executive","Birmingham","Outside London","AO","[c]","[c]","[c]","[c]"
"Leaver CS","2022","Health and Safety Executive","Birmingham","Outside London","G7","[c]","[c]","[c]","[c]"
"Leaver CS","2022","Health and Safety Executive","Birmingham","Outside London","SEO","[c]","[c]","[c]","[c]"
"Leaver CS","2022","Health and Safety Executive","Bristol, City of","Outside London","SEO","[c]","[c]","[c]","[c]"
"Leaver CS","2022","Health and Safety Executive","Cardiff and Vale of Glamorgan","Outside London","AO","[c]","[c]","[c]","[c]"
"Leaver CS","2022","Health and Safety Executive","Cardiff and Vale of Glamorgan","Outside London","EO","[c]","[c]","[c]","[c]"
"Leaver CS","2022","Health and Safety Executive","Cardiff and Vale of Glamorgan","Outside London","G6","[c]","[c]","[c]","[c]"
"Leaver CS","2022","Health and Safety Executive","Cardiff and Vale of Glamorgan","Outside London","G7","[c]","[c]","[c]","[c]"
"Leaver CS","2022","Health and Safety Executive","Cardiff and Vale of Glamorgan","Outside London","SEO","[c]","[c]","[c]","[c]"
"Leaver CS","2022","Health and Safety Executive","Cheshire East","Outside London","AO","[c]","[c]","[c]","[c]"
"Leaver CS","2022","Health and Safety Executive","Cheshire East","Outside London","SEO","[c]","[c]","[c]","[c]"
"Leaver CS","2022","Health and Safety Executive","City of Edinburgh","Outside London","AO","[c]","[c]","[c]","[c]"
"Leaver CS","2022","Health and Safety Executive","City of Edinburgh","Outside London","EO","[c]","[c]","[c]","[c]"
"Leaver CS","2022","Health and Safety Executive","City of Edinburgh","Outside London","G7","[c]","[c]","[c]","[c]"
"Leaver CS","2022","Health and Safety Executive","City of Edinburgh","Outside London","HEO","[c]","[c]","[c]","[c]"
"Leaver CS","2022","Health and Safety Executive","East Cumbria","Outside London","AO","[c]","[c]","[c]","[c]"
"Leaver CS","2022","Health and Safety Executive","East Cumbria","Outside London","SEO","[c]","[c]","[c]","[c]"
"Leaver CS","2022","Health and Safety Executive","East Surrey","Outside London","AO","[c]","[c]","[c]","[c]"
"Leaver CS","2022","Health and Safety Executive","East Surrey","Outside London","G7","[c]","[c]","[c]","[c]"
"Leaver CS","2022","Health and Safety Executive","East Surrey","Outside London","SEO","[c]","[c]","[c]","[c]"
"Leaver CS","2022","Health and Safety Executive","Flintshire and Wrexham","Outside London","SEO","[c]","[c]","[c]","[c]"
"Leaver CS","2022","Health and Safety Executive","Glasgow City","Outside London","SEO","[c]","[c]","[c]","[c]"
"Leaver CS","2022","Health and Safety Executive","Heart of Essex","Outside London","AO","[c]","[c]","[c]","[c]"
"Leaver CS","2022","Health and Safety Executive","Heart of Essex","Outside London","SEO","[c]","[c]","[c]","[c]"
"Leaver CS","2022","Health and Safety Executive","Leeds","Outside London","AO","[c]","[c]","[c]","[c]"
"Leaver CS","2022","Health and Safety Executive","Leeds","Outside London","SEO","[c]","[c]","[c]","[c]"
"Leaver CS","2022","Health and Safety Executive","North Hampshire","Outside London","HEO","[c]","[c]","[c]","[c]"
"Leaver CS","2022","Health and Safety Executive","North Hampshire","Outside London","SEO","[c]","[c]","[c]","[c]"
"Leaver CS","2022","Health and Safety Executive","Norwich and East Norfolk","Outside London","SEO","[c]","[c]","[c]","[c]"
"Leaver CS","2022","Health and Safety Executive","Plymouth","Outside London","EO","[c]","[c]","[c]","[c]"
"Leaver CS","2022","Health and Safety Executive","Sefton","Outside London","AO","15","[c]","20570","20480"
"Leaver CS","2022","Health and Safety Executive","Sefton","Outside London","EO","15","[c]","27950","27840"
"Leaver CS","2022","Health and Safety Executive","Sefton","Outside London","G6","[c]","[c]","[c]","[c]"
"Leaver CS","2022","Health and Safety Executive","Sefton","Outside London","G7","10","[c]","61090","59630"
"Leaver CS","2022","Health and Safety Executive","Sefton","Outside London","HEO","15","[c]","33630","31710"
"Leaver CS","2022","Health and Safety Executive","Sefton","Outside London","SEO","15","[c]","45570","43030"
"Leaver CS","2022","Health and Safety Executive","Sheffield","Outside London","EO","[c]","[c]","[c]","[c]"
"Leaver CS","2022","Health and Safety Executive","Sheffield","Outside London","HEO","[c]","[c]","[c]","[c]"
"Leaver CS","2022","Health and Safety Executive","Sheffield","Outside London","SEO","[c]","[c]","[c]","[c]"
"Leaver CS","2022","Health and Safety Executive","South and West Derbyshire","Outside London","AO","[c]","[c]","[c]","[c]"
"Leaver CS","2022","Health and Safety Executive","South and West Derbyshire","Outside London","EO","10","[c]","[c]","[c]"
"Leaver CS","2022","Health and Safety Executive","South and West Derbyshire","Outside London","G6","[c]","[c]","[c]","[c]"
"Leaver CS","2022","Health and Safety Executive","South and West Derbyshire","Outside London","G7","[c]","[c]","[c]","[c]"
"Leaver CS","2022","Health and Safety Executive","South and West Derbyshire","Outside London","HEO","5","[c]","[c]","[c]"
"Leaver CS","2022","Health and Safety Executive","South and West Derbyshire","Outside London","SEO","10","[c]","43060","44200"
"Leaver CS","2022","Health and Safety Executive","South Nottinghamshire","Outside London","AO","[c]","[c]","[c]","[c]"
"Leaver CS","2022","Health and Safety Executive","South Nottinghamshire","Outside London","EO","[c]","[c]","[c]","[c]"
"Leaver CS","2022","Health and Safety Executive","South Nottinghamshire","Outside London","G7","[c]","[c]","[c]","[c]"
"Leaver CS","2022","Health and Safety Executive","South Nottinghamshire","Outside London","HEO","[c]","[c]","[c]","[c]"
"Leaver CS","2022","Health and Safety Executive","South Nottinghamshire","Outside London","SEO","[c]","[c]","[c]","[c]"
"Leaver CS","2022","Health and Safety Executive","South West Wales","Outside London","HEO","[c]","[c]","[c]","[c]"
"Leaver CS","2022","Health and Safety Executive","South West Wales","Outside London","SEO","[c]","[c]","[c]","[c]"
"Leaver CS","2022","Health and Safety Executive","Tower Hamlets","London","AO","[c]","[c]","[c]","[c]"
"Leaver CS","2022","Health and Safety Executive","Tower Hamlets","London","EO","[c]","[c]","[c]","[c]"
"Leaver CS","2022","Health and Safety Executive","Tower Hamlets","London","G7","[c]","[c]","[c]","[c]"
"Leaver CS","2022","Health and Safety Executive","Tower Hamlets","London","HEO","[c]","[c]","[c]","[c]"
"Leaver CS","2022","Health and Safety Executive","Tower Hamlets","London","SCS level","[c]","[c]","[c]","[c]"
"Leaver CS","2022","Health and Safety Executive","Tower Hamlets","London","SEO","[c]","[c]","[c]","[c]"
"Leaver CS","2022","Health and Safety Executive","Tyneside","Outside London","AO","[c]","[c]","[c]","[c]"
"Leaver CS","2022","Health and Safety Executive","Tyneside","Outside London","SEO","[c]","[c]","[c]","[c]"
"Leaver CS","2022","Health and Safety Executive","York","Outside London","AO","[c]","[c]","[c]","[c]"
"Leaver CS","2022","Health and Safety Executive","York","Outside London","EO","[c]","[c]","[c]","[c]"
"Leaver CS","2022","Health and Safety Executive","York","Outside London","G7","[c]","[c]","[c]","[c]"
"Leaver CS","2022","Health and Safety Executive","York","Outside London","HEO","5","[c]","[c]","[c]"
"Leaver CS","2022","Health and Safety Executive","York","Outside London","SEO","[c]","[c]","[c]","[c]"
"Leaver CS","2022","HM Courts and Tribunals Service","Aberdeen City and Aberdeenshire","Outside London","AO","[c]","[c]","[c]","[c]"
"Leaver CS","2022","HM Courts and Tribunals Service","Angus and Dundee City","Outside London","AO","[c]","[c]","[c]","[c]"
"Leaver CS","2022","HM Courts and Tribunals Service","Barking & Dagenham and Havering","London","AA","[c]","[c]","[c]","[c]"
"Leaver CS","2022","HM Courts and Tribunals Service","Barking & Dagenham and Havering","London","AO","5","[c]","[c]","[c]"
"Leaver CS","2022","HM Courts and Tribunals Service","Barking & Dagenham and Havering","London","EO","[c]","[c]","[c]","[c]"
"Leaver CS","2022","HM Courts and Tribunals Service","Barking & Dagenham and Havering","London","HEO","[c]","[c]","[c]","[c]"
"Leaver CS","2022","HM Courts and Tribunals Service","Barnet","London","AA","[c]","[c]","[c]","[c]"
"Leaver CS","2022","HM Courts and Tribunals Service","Barnet","London","AO","[c]","[c]","[c]","[c]"
"Leaver CS","2022","HM Courts and Tribunals Service","Barnet","London","HEO","[c]","[c]","[c]","[c]"
"Leaver CS","2022","HM Courts and Tribunals Service","Barnsley, Doncaster and Rotherham","Outside London","AO","5","[c]","[c]","[c]"
"Leaver CS","2022","HM Courts and Tribunals Service","Barnsley, Doncaster and Rotherham","Outside London","SEO","[c]","[c]","[c]","[c]"
"Leaver CS","2022","HM Courts and Tribunals Service","Bath and North East Somerset, North Somerset and South Gloucestershire","Outside London","AA","[c]","[c]","[c]","[c]"
"Leaver CS","2022","HM Courts and Tribunals Service","Bath and North East Somerset, North Somerset and South Gloucestershire","Outside London","AO","5","[c]","[c]","[c]"
"Leaver CS","2022","HM Courts and Tribunals Service","Bath and North East Somerset, North Somerset and South Gloucestershire","Outside London","EO","[c]","[c]","[c]","[c]"
"Leaver CS","2022","HM Courts and Tribunals Service","Bath and North East Somerset, North Somerset and South Gloucestershire","Outside London","G7","[c]","[c]","[c]","[c]"
"Leaver CS","2022","HM Courts and Tribunals Service","Bath and North East Somerset, North Somerset and South Gloucestershire","Outside London","SEO","[c]","[c]","[c]","[c]"
"Leaver CS","2022","HM Courts and Tribunals Service","Bedford","Outside London","AO","[c]","[c]","[c]","[c]"
"Leaver CS","2022","HM Courts and Tribunals Service","Bedford","Outside London","SEO","[c]","[c]","[c]","[c]"
"Leaver CS","2022","HM Courts and Tribunals Service","Berkshire","Outside London","AA","[c]","[c]","[c]","[c]"
"Leaver CS","2022","HM Courts and Tribunals Service","Berkshire","Outside London","AO","5","[c]","[c]","[c]"
"Leaver CS","2022","HM Courts and Tribunals Service","Berkshire","Outside London","EO","[c]","[c]","[c]","[c]"
"Leaver CS","2022","HM Courts and Tribunals Service","Berkshire","Outside London","SEO","[c]","[c]","[c]","[c]"
"Leaver CS","2022","HM Courts and Tribunals Service","Bexley and Greenwich","London","AA","10","[c]","[c]","[c]"
"Leaver CS","2022","HM Courts and Tribunals Service","Bexley and Greenwich","London","AO","[c]","[c]","[c]","[c]"
"Leaver CS","2022","HM Courts and Tribunals Service","Bexley and Greenwich","London","EO","5","[c]","[c]","[c]"
"Leaver CS","2022","HM Courts and Tribunals Service","Bexley and Greenwich","London","HEO","[c]","[c]","[c]","[c]"
"Leaver CS","2022","HM Courts and Tribunals Service","Birmingham","Outside London","AA","10","[c]","[c]","[c]"
"Leaver CS","2022","HM Courts and Tribunals Service","Birmingham","Outside London","AO","65","[c]","20640","20650"
"Leaver CS","2022","HM Courts and Tribunals Service","Birmingham","Outside London","EO","10","[c]","24380","25120"
"Leaver CS","2022","HM Courts and Tribunals Service","Birmingham","Outside London","G6","[c]","[c]","[c]","[c]"
"Leaver CS","2022","HM Courts and Tribunals Service","Birmingham","Outside London","G7","[c]","[c]","[c]","[c]"
"Leaver CS","2022","HM Courts and Tribunals Service","Birmingham","Outside London","HEO","[c]","[c]","[c]","[c]"
"Leaver CS","2022","HM Courts and Tribunals Service","Birmingham","Outside London","SEO","[c]","[c]","[c]","[c]"
"Leaver CS","2022","HM Courts and Tribunals Service","Blackburn with Darwen","Outside London","AO","[c]","[c]","[c]","[c]"
"Leaver CS","2022","HM Courts and Tribunals Service","Blackpool","Outside London","AA","[c]","[c]","[c]","[c]"
"Leaver CS","2022","HM Courts and Tribunals Service","Blackpool","Outside London","AO","[c]","[c]","[c]","[c]"
"Leaver CS","2022","HM Courts and Tribunals Service","Blackpool","Outside London","EO","[c]","[c]","[c]","[c]"
"Leaver CS","2022","HM Courts and Tribunals Service","Blackpool","Outside London","HEO","[c]","[c]","[c]","[c]"
"Leaver CS","2022","HM Courts and Tribunals Service","Blackpool","Outside London","SEO","[c]","[c]","[c]","[c]"
"Leaver CS","2022","HM Courts and Tribunals Service","Bournemouth, Christchurch and Poole","Outside London","AA","[c]","[c]","[c]","[c]"
"Leaver CS","2022","HM Courts and Tribunals Service","Bournemouth, Christchurch and Poole","Outside London","AO","5","[c]","[c]","[c]"
"Leaver CS","2022","HM Courts and Tribunals Service","Bournemouth, Christchurch and Poole","Outside London","EO","[c]","[c]","[c]","[c]"
"Leaver CS","2022","HM Courts and Tribunals Service","Bournemouth, Christchurch and Poole","Outside London","G6","[c]","[c]","[c]","[c]"
"Leaver CS","2022","HM Courts and Tribunals Service","Bournemouth, Christchurch and Poole","Outside London","HEO","[c]","[c]","[c]","[c]"
"Leaver CS","2022","HM Courts and Tribunals Service","Bournemouth, Christchurch and Poole","Outside London","SEO","[c]","[c]","[c]","[c]"
"Leaver CS","2022","HM Courts and Tribunals Service","Bradford","Outside London","AA","5","[c]","[c]","[c]"
"Leaver CS","2022","HM Courts and Tribunals Service","Bradford","Outside London","AO","10","[c]","19970","20100"
"Leaver CS","2022","HM Courts and Tribunals Service","Bradford","Outside London","EO","[c]","[c]","[c]","[c]"
"Leaver CS","2022","HM Courts and Tribunals Service","Bradford","Outside London","HEO","[c]","[c]","[c]","[c]"
"Leaver CS","2022","HM Courts and Tribunals Service","Bradford","Outside London","SEO","[c]","[c]","[c]","[c]"
"Leaver CS","2022","HM Courts and Tribunals Service","Brent","London","AA","5","[c]","[c]","[c]"
"Leaver CS","2022","HM Courts and Tribunals Service","Brent","London","AO","10","[c]","23690","23720"
"Leaver CS","2022","HM Courts and Tribunals Service","Brent","London","EO","[c]","[c]","[c]","[c]"
"Leaver CS","2022","HM Courts and Tribunals Service","Brent","London","HEO","[c]","[c]","[c]","[c]"
"Leaver CS","2022","HM Courts and Tribunals Service","Brent","London","SEO","[c]","[c]","[c]","[c]"
"Leaver CS","2022","HM Courts and Tribunals Service","Bridgend and Neath Port Talbot","Outside London","AO","5","[c]","[c]","[c]"
"Leaver CS","2022","HM Courts and Tribunals Service","Brighton and Hove","Outside London","AA","[c]","[c]","[c]","[c]"
"Leaver CS","2022","HM Courts and Tribunals Service","Brighton and Hove","Outside London","AO","20","[c]","20670","20970"
"Leaver CS","2022","HM Courts and Tribunals Service","Brighton and Hove","Outside London","EO","[c]","[c]","[c]","[c]"
"Leaver CS","2022","HM Courts and Tribunals Service","Brighton and Hove","Outside London","SEO","[c]","[c]","[c]","[c]"
"Leaver CS","2022","HM Courts and Tribunals Service","Bristol, City of","Outside London","AA","10","[c]","[c]","[c]"
"Leaver CS","2022","HM Courts and Tribunals Service","Bristol, City of","Outside London","AO","30","[c]","20390","20010"
"Leaver CS","2022","HM Courts and Tribunals Service","Bristol, City of","Outside London","EO","5","[c]","[c]","[c]"
"Leaver CS","2022","HM Courts and Tribunals Service","Bristol, City of","Outside London","HEO","[c]","[c]","[c]","[c]"
"Leaver CS","2022","HM Courts and Tribunals Service","Bristol, City of","Outside London","SEO","[c]","[c]","[c]","[c]"
"Leaver CS","2022","HM Courts and Tribunals Service","Bromley","London","AA","[c]","[c]","[c]","[c]"
"Leaver CS","2022","HM Courts and Tribunals Service","Bromley","London","AO","10","[c]","22490","22410"
"Leaver CS","2022","HM Courts and Tribunals Service","Bromley","London","SEO","[c]","[c]","[c]","[c]"
"Leaver CS","2022","HM Courts and Tribunals Service","Buckinghamshire","Outside London","AO","[c]","[c]","[c]","[c]"
"Leaver CS","2022","HM Courts and Tribunals Service","Buckinghamshire","Outside London","EO","[c]","[c]","[c]","[c]"
"Leaver CS","2022","HM Courts and Tribunals Service","Buckinghamshire","Outside London","HEO","[c]","[c]","[c]","[c]"
"Leaver CS","2022","HM Courts and Tribunals Service","Calderdale and Kirklees","Outside London","AO","[c]","[c]","[c]","[c]"
"Leaver CS","2022","HM Courts and Tribunals Service","Cambridgeshire CC","Outside London","AA","[c]","[c]","[c]","[c]"
"Leaver CS","2022","HM Courts and Tribunals Service","Cambridgeshire CC","Outside London","AO","5","[c]","[c]","[c]"
"Leaver CS","2022","HM Courts and Tribunals Service","Cambridgeshire CC","Outside London","EO","[c]","[c]","[c]","[c]"
"Leaver CS","2022","HM Courts and Tribunals Service","Camden and City of London","London","AA","10","[c]","20910","21650"
"Leaver CS","2022","HM Courts and Tribunals Service","Camden and City of London","London","AO","55","[c]","23440","23720"
"Leaver CS","2022","HM Courts and Tribunals Service","Camden and City of London","London","EO","10","[c]","[c]","[c]"
"Leaver CS","2022","HM Courts and Tribunals Service","Camden and City of London","London","G7","[c]","[c]","[c]","[c]"
"Leaver CS","2022","HM Courts and Tribunals Service","Camden and City of London","London","HEO","[c]","[c]","[c]","[c]"
"Leaver CS","2022","HM Courts and Tribunals Service","Camden and City of London","London","SEO","[c]","[c]","[c]","[c]"
"Leaver CS","2022","HM Courts and Tribunals Service","Cardiff and Vale of Glamorgan","Outside London","AA","[c]","[c]","[c]","[c]"
"Leaver CS","2022","HM Courts and Tribunals Service","Cardiff and Vale of Glamorgan","Outside London","AO","30","[c]","20010","20420"
"Leaver CS","2022","HM Courts and Tribunals Service","Cardiff and Vale of Glamorgan","Outside London","EO","5","[c]","[c]","[c]"
"Leaver CS","2022","HM Courts and Tribunals Service","Cardiff and Vale of Glamorgan","Outside London","SEO","[c]","[c]","[c]","[c]"
"Leaver CS","2022","HM Courts and Tribunals Service","Central Hampshire","Outside London","AA","[c]","[c]","[c]","[c]"
"Leaver CS","2022","HM Courts and Tribunals Service","Central Hampshire","Outside London","AO","5","[c]","[c]","[c]"
"Leaver CS","2022","HM Courts and Tribunals Service","Central Hampshire","Outside London","EO","[c]","[c]","[c]","[c]"
"Leaver CS","2022","HM Courts and Tribunals Service","Central Hampshire","Outside London","HEO","[c]","[c]","[c]","[c]"
"Leaver CS","2022","HM Courts and Tribunals Service","Central Hampshire","Outside London","SEO","[c]","[c]","[c]","[c]"
"Leaver CS","2022","HM Courts and Tribunals Service","Central Valleys","Outside London","AA","[c]","[c]","[c]","[c]"
"Leaver CS","2022","HM Courts and Tribunals Service","Central Valleys","Outside London","AO","[c]","[c]","[c]","[c]"
"Leaver CS","2022","HM Courts and Tribunals Service","Central Valleys","Outside London","EO","[c]","[c]","[c]","[c]"
"Leaver CS","2022","HM Courts and Tribunals Service","Cheshire East","Outside London","AA","[c]","[c]","[c]","[c]"
"Leaver CS","2022","HM Courts and Tribunals Service","Cheshire East","Outside London","AO","[c]","[c]","[c]","[c]"
"Leaver CS","2022","HM Courts and Tribunals Service","Cheshire East","Outside London","EO","[c]","[c]","[c]","[c]"
"Leaver CS","2022","HM Courts and Tribunals Service","Cheshire West and Chester","Outside London","AA","[c]","[c]","[c]","[c]"
"Leaver CS","2022","HM Courts and Tribunals Service","Cheshire West and Chester","Outside London","AO","[c]","[c]","[c]","[c]"
"Leaver CS","2022","HM Courts and Tribunals Service","Cheshire West and Chester","Outside London","SEO","[c]","[c]","[c]","[c]"
"Leaver CS","2022","HM Courts and Tribunals Service","City of Edinburgh","Outside London","G7","[c]","[c]","[c]","[c]"
"Leaver CS","2022","HM Courts and Tribunals Service","Conwy and Denbighshire","Outside London","AA","[c]","[c]","[c]","[c]"
"Leaver CS","2022","HM Courts and Tribunals Service","Conwy and Denbighshire","Outside London","SEO","[c]","[c]","[c]","[c]"
"Leaver CS","2022","HM Courts and Tribunals Service","Cornwall and Isles of Scilly","Outside London","AA","[c]","[c]","[c]","[c]"
"Leaver CS","2022","HM Courts and Tribunals Service","Cornwall and Isles of Scilly","Outside London","AO","10","[c]","[c]","[c]"
"Leaver CS","2022","HM Courts and Tribunals Service","Coventry","Outside London","AA","[c]","[c]","[c]","[c]"
"Leaver CS","2022","HM Courts and Tribunals Service","Coventry","Outside London","AO","5","[c]","[c]","[c]"
"Leaver CS","2022","HM Courts and Tribunals Service","Coventry","Outside London","EO","[c]","[c]","[c]","[c]"
"Leaver CS","2022","HM Courts and Tribunals Service","Coventry","Outside London","SEO","[c]","[c]","[c]","[c]"
"Leaver CS","2022","HM Courts and Tribunals Service","Croydon","London","AA","10","[c]","[c]","[c]"
"Leaver CS","2022","HM Courts and Tribunals Service","Croydon","London","AO","20","[c]","23250","23720"
"Leaver CS","2022","HM Courts and Tribunals Service","Croydon","London","EO","[c]","[c]","[c]","[c]"
"Leaver CS","2022","HM Courts and Tribunals Service","Croydon","London","G7","[c]","[c]","[c]","[c]"
"Leaver CS","2022","HM Courts and Tribunals Service","Croydon","London","SEO","[c]","[c]","[c]","[c]"
"Leaver CS","2022","HM Courts and Tribunals Service","Darlington","Outside London","AA","[c]","[c]","[c]","[c]"
"Leaver CS","2022","HM Courts and Tribunals Service","Darlington","Outside London","AO","5","[c]","[c]","[c]"
"Leaver CS","2022","HM Courts and Tribunals Service","Derby","Outside London","AA","[c]","[c]","[c]","[c]"
"Leaver CS","2022","HM Courts and Tribunals Service","Derby","Outside London","AO","15","[c]","20270","20970"
"Leaver CS","2022","HM Courts and Tribunals Service","Derby","Outside London","EO","[c]","[c]","[c]","[c]"
"Leaver CS","2022","HM Courts and Tribunals Service","Devon CC","Outside London","AA","5","[c]","[c]","[c]"
"Leaver CS","2022","HM Courts and Tribunals Service","Devon CC","Outside London","AO","10","[c]","[c]","[c]"
"Leaver CS","2022","HM Courts and Tribunals Service","Devon CC","Outside London","EO","[c]","[c]","[c]","[c]"
"Leaver CS","2022","HM Courts and Tribunals Service","Devon CC","Outside London","G7","[c]","[c]","[c]","[c]"
"Leaver CS","2022","HM Courts and Tribunals Service","Devon CC","Outside London","SEO","[c]","[c]","[c]","[c]"
"Leaver CS","2022","HM Courts and Tribunals Service","Dorset","Outside London","AO","[c]","[c]","[c]","[c]"
"Leaver CS","2022","HM Courts and Tribunals Service","Dudley","Outside London","AA","[c]","[c]","[c]","[c]"
"Leaver CS","2022","HM Courts and Tribunals Service","Dudley","Outside London","AO","[c]","[c]","[c]","[c]"
"Leaver CS","2022","HM Courts and Tribunals Service","Dudley","Outside London","EO","[c]","[c]","[c]","[c]"
"Leaver CS","2022","HM Courts and Tribunals Service","Dudley","Outside London","SEO","[c]","[c]","[c]","[c]"
"Leaver CS","2022","HM Courts and Tribunals Service","Durham","Outside London","AA","[c]","[c]","[c]","[c]"
"Leaver CS","2022","HM Courts and Tribunals Service","Durham","Outside London","AO","5","[c]","[c]","[c]"
"Leaver CS","2022","HM Courts and Tribunals Service","East Cumbria","Outside London","AA","[c]","[c]","[c]","[c]"
"Leaver CS","2022","HM Courts and Tribunals Service","East Cumbria","Outside London","AO","5","[c]","[c]","[c]"
"Leaver CS","2022","HM Courts and Tribunals Service","East Cumbria","Outside London","G6","[c]","[c]","[c]","[c]"
"Leaver CS","2022","HM Courts and Tribunals Service","East Derbyshire","Outside London","AA","[c]","[c]","[c]","[c]"
"Leaver CS","2022","HM Courts and Tribunals Service","East Derbyshire","Outside London","SEO","[c]","[c]","[c]","[c]"
"Leaver CS","2022","HM Courts and Tribunals Service","East Kent","Outside London","AA","5","[c]","[c]","[c]"
"Leaver CS","2022","HM Courts and Tribunals Service","East Kent","Outside London","AO","5","[c]","[c]","[c]"
"Leaver CS","2022","HM Courts and Tribunals Service","East Kent","Outside London","EO","[c]","[c]","[c]","[c]"
"Leaver CS","2022","HM Courts and Tribunals Service","East Lancashire","Outside London","AA","[c]","[c]","[c]","[c]"
"Leaver CS","2022","HM Courts and Tribunals Service","East Lancashire","Outside London","AO","[c]","[c]","[c]","[c]"
"Leaver CS","2022","HM Courts and Tribunals Service","East Merseyside","Outside London","AO","10","[c]","20750","20970"
"Leaver CS","2022","HM Courts and Tribunals Service","East Riding of Yorkshire","Outside London","AO","[c]","[c]","[c]","[c]"
"Leaver CS","2022","HM Courts and Tribunals Service","East Sussex CC","Outside London","AA","[c]","[c]","[c]","[c]"
"Leaver CS","2022","HM Courts and Tribunals Service","East Sussex CC","Outside London","AO","5","[c]","[c]","[c]"
"Leaver CS","2022","HM Courts and Tribunals Service","East Sussex CC","Outside London","EO","[c]","[c]","[c]","[c]"
"Leaver CS","2022","HM Courts and Tribunals Service","East Sussex CC","Outside London","SEO","[c]","[c]","[c]","[c]"
"Leaver CS","2022","HM Courts and Tribunals Service","Enfield","London","AA","[c]","[c]","[c]","[c]"
"Leaver CS","2022","HM Courts and Tribunals Service","Essex Thames Gateway","Outside London","AA","[c]","[c]","[c]","[c]"
"Leaver CS","2022","HM Courts and Tribunals Service","Essex Thames Gateway","Outside London","AO","5","[c]","[c]","[c]"
"Leaver CS","2022","HM Courts and Tribunals Service","Essex Thames Gateway","Outside London","EO","[c]","[c]","[c]","[c]"
"Leaver CS","2022","HM Courts and Tribunals Service","Essex Thames Gateway","Outside London","HEO","[c]","[c]","[c]","[c]"
"Leaver CS","2022","HM Courts and Tribunals Service","Essex Thames Gateway","Outside London","SEO","[c]","[c]","[c]","[c]"
"Leaver CS","2022","HM Courts and Tribunals Service","Flintshire and Wrexham","Outside London","AA","[c]","[c]","[c]","[c]"
"Leaver CS","2022","HM Courts and Tribunals Service","Flintshire and Wrexham","Outside London","AO","[c]","[c]","[c]","[c]"
"Leaver CS","2022","HM Courts and Tribunals Service","Flintshire and Wrexham","Outside London","G7","[c]","[c]","[c]","[c]"
"Leaver CS","2022","HM Courts and Tribunals Service","Glasgow City","Outside London","AA","[c]","[c]","[c]","[c]"
"Leaver CS","2022","HM Courts and Tribunals Service","Glasgow City","Outside London","AO","5","[c]","[c]","[c]"
"Leaver CS","2022","HM Courts and Tribunals Service","Glasgow City","Outside London","EO","[c]","[c]","[c]","[c]"
"Leaver CS","2022","HM Courts and Tribunals Service","Glasgow City","Outside London","G7","[c]","[c]","[c]","[c]"
"Leaver CS","2022","HM Courts and Tribunals Service","Glasgow City","Outside London","HEO","[c]","[c]","[c]","[c]"
"Leaver CS","2022","HM Courts and Tribunals Service","Gloucestershire CC","Outside London","AA","[c]","[c]","[c]","[c]"
"Leaver CS","2022","HM Courts and Tribunals Service","Gloucestershire CC","Outside London","AO","[c]","[c]","[c]","[c]"
"Leaver CS","2022","HM Courts and Tribunals Service","Gloucestershire CC","Outside London","EO","[c]","[c]","[c]","[c]"
"Leaver CS","2022","HM Courts and Tribunals Service","Greater Manchester North West","Outside London","AA","5","[c]","[c]","[c]"
"Leaver CS","2022","HM Courts and Tribunals Service","Greater Manchester North West","Outside London","AO","5","[c]","[c]","[c]"
"Leaver CS","2022","HM Courts and Tribunals Service","Greater Manchester North West","Outside London","EO","[c]","[c]","[c]","[c]"
"Leaver CS","2022","HM Courts and Tribunals Service","Greater Manchester North West","Outside London","SEO","[c]","[c]","[c]","[c]"
"Leaver CS","2022","HM Courts and Tribunals Service","Greater Manchester South East","Outside London","AA","[c]","[c]","[c]","[c]"
"Leaver CS","2022","HM Courts and Tribunals Service","Greater Manchester South East","Outside London","AO","[c]","[c]","[c]","[c]"
"Leaver CS","2022","HM Courts and Tribunals Service","Greater Manchester South East","Outside London","G6","[c]","[c]","[c]","[c]"
"Leaver CS","2022","HM Courts and Tribunals Service","Greater Manchester South East","Outside London","SEO","[c]","[c]","[c]","[c]"
"Leaver CS","2022","HM Courts and Tribunals Service","Greater Manchester South West","Outside London","AA","[c]","[c]","[c]","[c]"
"Leaver CS","2022","HM Courts and Tribunals Service","Greater Manchester South West","Outside London","AO","45","[c]","20670","20970"
"Leaver CS","2022","HM Courts and Tribunals Service","Greater Manchester South West","Outside London","EO","[c]","[c]","[c]","[c]"
"Leaver CS","2022","HM Courts and Tribunals Service","Greater Manchester South West","Outside London","HEO","[c]","[c]","[c]","[c]"
"Leaver CS","2022","HM Courts and Tribunals Service","Greater Manchester South West","Outside London","SEO","[c]","[c]","[c]","[c]"
"Leaver CS","2022","HM Courts and Tribunals Service","Gwent Valleys","Outside London","AO","5","[c]","[c]","[c]"
"Leaver CS","2022","HM Courts and Tribunals Service","Gwynedd","Outside London","AO","[c]","[c]","[c]","[c]"
"Leaver CS","2022","HM Courts and Tribunals Service","Gwynedd","Outside London","HEO","[c]","[c]","[c]","[c]"
"Leaver CS","2022","HM Courts and Tribunals Service","Gwynedd","Outside London","SEO","[c]","[c]","[c]","[c]"
"Leaver CS","2022","HM Courts and Tribunals Service","Hackney and Newham","London","AA","[c]","[c]","[c]","[c]"
"Leaver CS","2022","HM Courts and Tribunals Service","Hackney and Newham","London","AO","[c]","[c]","[c]","[c]"
"Leaver CS","2022","HM Courts and Tribunals Service","Haringey and Islington","London","AA","10","[c]","20080","20280"
"Leaver CS","2022","HM Courts and Tribunals Service","Haringey and Islington","London","AO","30","[c]","23210","23720"
"Leaver CS","2022","HM Courts and Tribunals Service","Haringey and Islington","London","EO","10","[c]","[c]","[c]"
"Leaver CS","2022","HM Courts and Tribunals Service","Haringey and Islington","London","HEO","[c]","[c]","[c]","[c]"
"Leaver CS","2022","HM Courts and Tribunals Service","Haringey and Islington","London","SEO","[c]","[c]","[c]","[c]"
"Leaver CS","2022","HM Courts and Tribunals Service","Harrow and Hillingdon","London","AA","[c]","[c]","[c]","[c]"
"Leaver CS","2022","HM Courts and Tribunals Service","Harrow and Hillingdon","London","AO","5","[c]","[c]","[c]"
"Leaver CS","2022","HM Courts and Tribunals Service","Harrow and Hillingdon","London","EO","[c]","[c]","[c]","[c]"
"Leaver CS","2022","HM Courts and Tribunals Service","Harrow and Hillingdon","London","SEO","[c]","[c]","[c]","[c]"
"Leaver CS","2022","HM Courts and Tribunals Service","Heart of Essex","Outside London","AA","[c]","[c]","[c]","[c]"
"Leaver CS","2022","HM Courts and Tribunals Service","Heart of Essex","Outside London","AO","15","[c]","20860","20970"
"Leaver CS","2022","HM Courts and Tribunals Service","Heart of Essex","Outside London","EO","5","[c]","[c]","[c]"
"Leaver CS","2022","HM Courts and Tribunals Service","Heart of Essex","Outside London","HEO","[c]","[c]","[c]","[c]"
"Leaver CS","2022","HM Courts and Tribunals Service","Herefordshire, County of","Outside London","SEO","[c]","[c]","[c]","[c]"
"Leaver CS","2022","HM Courts and Tribunals Service","Hertfordshire CC","Outside London","AA","5","[c]","[c]","[c]"
"Leaver CS","2022","HM Courts and Tribunals Service","Hertfordshire CC","Outside London","AO","5","[c]","[c]","[c]"
"Leaver CS","2022","HM Courts and Tribunals Service","Hertfordshire CC","Outside London","EO","[c]","[c]","[c]","[c]"
"Leaver CS","2022","HM Courts and Tribunals Service","Hertfordshire CC","Outside London","HEO","[c]","[c]","[c]","[c]"
"Leaver CS","2022","HM Courts and Tribunals Service","Hertfordshire CC","Outside London","SEO","[c]","[c]","[c]","[c]"
"Leaver CS","2022","HM Courts and Tribunals Service","Hounslow and Richmond upon Thames","London","AA","10","[c]","[c]","[c]"
"Leaver CS","2022","HM Courts and Tribunals Service","Hounslow and Richmond upon Thames","London","AO","15","[c]","23320","23720"
"Leaver CS","2022","HM Courts and Tribunals Service","Hounslow and Richmond upon Thames","London","EO","[c]","[c]","[c]","[c]"
"Leaver CS","2022","HM Courts and Tribunals Service","Hounslow and Richmond upon Thames","London","HEO","[c]","[c]","[c]","[c]"
"Leaver CS","2022","HM Courts and Tribunals Service","Kensington & Chelsea and Hammersmith & Fulham","London","HEO","[c]","[c]","[c]","[c]"
"Leaver CS","2022","HM Courts and Tribunals Service","Kent Thames Gateway","Outside London","AA","[c]","[c]","[c]","[c]"
"Leaver CS","2022","HM Courts and Tribunals Service","Kent Thames Gateway","Outside London","AO","[c]","[c]","[c]","[c]"
"Leaver CS","2022","HM Courts and Tribunals Service","Kingston upon Hull, City of","Outside London","AA","[c]","[c]","[c]","[c]"
"Leaver CS","2022","HM Courts and Tribunals Service","Kingston upon Hull, City of","Outside London","AO","5","[c]","[c]","[c]"
"Leaver CS","2022","HM Courts and Tribunals Service","Kingston upon Hull, City of","Outside London","EO","[c]","[c]","[c]","[c]"
"Leaver CS","2022","HM Courts and Tribunals Service","Lancaster and Wyre","Outside London","AA","[c]","[c]","[c]","[c]"
"Leaver CS","2022","HM Courts and Tribunals Service","Lancaster and Wyre","Outside London","AO","[c]","[c]","[c]","[c]"
"Leaver CS","2022","HM Courts and Tribunals Service","Leeds","Outside London","AA","10","[c]","18200","18160"
"Leaver CS","2022","HM Courts and Tribunals Service","Leeds","Outside London","AO","25","[c]","19710","19570"
"Leaver CS","2022","HM Courts and Tribunals Service","Leeds","Outside London","EO","5","[c]","[c]","[c]"
"Leaver CS","2022","HM Courts and Tribunals Service","Leeds","Outside London","G7","[c]","[c]","[c]","[c]"
"Leaver CS","2022","HM Courts and Tribunals Service","Leeds","Outside London","HEO","[c]","[c]","[c]","[c]"
"Leaver CS","2022","HM Courts and Tribunals Service","Leeds","Outside London","SCS level","[c]","[c]","[c]","[c]"
"Leaver CS","2022","HM Courts and Tribunals Service","Leeds","Outside London","SEO","[c]","[c]","[c]","[c]"
"Leaver CS","2022","HM Courts and Tribunals Service","Leicester","Outside London","AA","5","[c]","[c]","[c]"
"Leaver CS","2022","HM Courts and Tribunals Service","Leicester","Outside London","AO","25","[c]","20260","20370"
"Leaver CS","2022","HM Courts and Tribunals Service","Leicester","Outside London","EO","[c]","[c]","[c]","[c]"
"Leaver CS","2022","HM Courts and Tribunals Service","Leicester","Outside London","HEO","[c]","[c]","[c]","[c]"
"Leaver CS","2022","HM Courts and Tribunals Service","Leicester","Outside London","SEO","[c]","[c]","[c]","[c]"
"Leaver CS","2022","HM Courts and Tribunals Service","Leicestershire CC and Rutland","Outside London","AA","[c]","[c]","[c]","[c]"
"Leaver CS","2022","HM Courts and Tribunals Service","Leicestershire CC and Rutland","Outside London","AO","20","[c]","20220","20970"
"Leaver CS","2022","HM Courts and Tribunals Service","Lewisham and Southwark","London","AA","5","[c]","[c]","[c]"
"Leaver CS","2022","HM Courts and Tribunals Service","Lewisham and Southwark","London","AO","10","[c]","[c]","[c]"
"Leaver CS","2022","HM Courts and Tribunals Service","Lewisham and Southwark","London","EO","5","[c]","[c]","[c]"
"Leaver CS","2022","HM Courts and Tribunals Service","Lewisham and Southwark","London","SEO","[c]","[c]","[c]","[c]"
"Leaver CS","2022","HM Courts and Tribunals Service","Lincolnshire CC","Outside London","AO","10","[c]","[c]","[c]"
"Leaver CS","2022","HM Courts and Tribunals Service","Lincolnshire CC","Outside London","EO","[c]","[c]","[c]","[c]"
"Leaver CS","2022","HM Courts and Tribunals Service","Lincolnshire CC","Outside London","HEO","[c]","[c]","[c]","[c]"
"Leaver CS","2022","HM Courts and Tribunals Service","Liverpool","Outside London","AA","10","[c]","18120","17790"
"Leaver CS","2022","HM Courts and Tribunals Service","Liverpool","Outside London","AO","10","[c]","20900","20970"
"Leaver CS","2022","HM Courts and Tribunals Service","Liverpool","Outside London","EO","5","[c]","[c]","[c]"
"Leaver CS","2022","HM Courts and Tribunals Service","Liverpool","Outside London","G6","[c]","[c]","[c]","[c]"
"Leaver CS","2022","HM Courts and Tribunals Service","Liverpool","Outside London","G7","[c]","[c]","[c]","[c]"
"Leaver CS","2022","HM Courts and Tribunals Service","Liverpool","Outside London","SEO","[c]","[c]","[c]","[c]"
"Leaver CS","2022","HM Courts and Tribunals Service","Luton","Outside London","AA","5","[c]","[c]","[c]"
"Leaver CS","2022","HM Courts and Tribunals Service","Luton","Outside London","AO","10","[c]","20440","20370"
"Leaver CS","2022","HM Courts and Tribunals Service","Luton","Outside London","HEO","[c]","[c]","[c]","[c]"
"Leaver CS","2022","HM Courts and Tribunals Service","Luton","Outside London","SEO","[c]","[c]","[c]","[c]"
"Leaver CS","2022","HM Courts and Tribunals Service","Manchester","Outside London","AA","10","[c]","[c]","[c]"
"Leaver CS","2022","HM Courts and Tribunals Service","Manchester","Outside London","AO","35","[c]","20900","20970"
"Leaver CS","2022","HM Courts and Tribunals Service","Manchester","Outside London","EO","10","[c]","[c]","[c]"
"Leaver CS","2022","HM Courts and Tribunals Service","Manchester","Outside London","G6","[c]","[c]","[c]","[c]"
"Leaver CS","2022","HM Courts and Tribunals Service","Manchester","Outside London","G7","[c]","[c]","[c]","[c]"
"Leaver CS","2022","HM Courts and Tribunals Service","Manchester","Outside London","HEO","[c]","[c]","[c]","[c]"
"Leaver CS","2022","HM Courts and Tribunals Service","Manchester","Outside London","SCS level","[c]","[c]","[c]","[c]"
"Leaver CS","2022","HM Courts and Tribunals Service","Manchester","Outside London","SEO","5","[c]","[c]","[c]"
"Leaver CS","2022","HM Courts and Tribunals Service","Medway","Outside London","AA","[c]","[c]","[c]","[c]"
"Leaver CS","2022","HM Courts and Tribunals Service","Medway","Outside London","AO","[c]","[c]","[c]","[c]"
"Leaver CS","2022","HM Courts and Tribunals Service","Medway","Outside London","G6","[c]","[c]","[c]","[c]"
"Leaver CS","2022","HM Courts and Tribunals Service","Merton, Kingston upon Thames and Sutton","London","AA","[c]","[c]","[c]","[c]"
"Leaver CS","2022","HM Courts and Tribunals Service","Merton, Kingston upon Thames and Sutton","London","AO","15","[c]","22930","23720"
"Leaver CS","2022","HM Courts and Tribunals Service","Merton, Kingston upon Thames and Sutton","London","EO","[c]","[c]","[c]","[c]"
"Leaver CS","2022","HM Courts and Tribunals Service","Merton, Kingston upon Thames and Sutton","London","HEO","[c]","[c]","[c]","[c]"
"Leaver CS","2022","HM Courts and Tribunals Service","Merton, Kingston upon Thames and Sutton","London","SEO","[c]","[c]","[c]","[c]"
"Leaver CS","2022","HM Courts and Tribunals Service","Mid Kent","Outside London","AA","[c]","[c]","[c]","[c]"
"Leaver CS","2022","HM Courts and Tribunals Service","Mid Kent","Outside London","AO","10","[c]","[c]","[c]"
"Leaver CS","2022","HM Courts and Tribunals Service","Mid Kent","Outside London","EO","[c]","[c]","[c]","[c]"
"Leaver CS","2022","HM Courts and Tribunals Service","Mid Kent","Outside London","G7","[c]","[c]","[c]","[c]"
"Leaver CS","2022","HM Courts and Tribunals Service","Mid Kent","Outside London","HEO","[c]","[c]","[c]","[c]"
"Leaver CS","2022","HM Courts and Tribunals Service","Mid Kent","Outside London","SEO","[c]","[c]","[c]","[c]"
"Leaver CS","2022","HM Courts and Tribunals Service","Mid Lancashire","Outside London","AA","[c]","[c]","[c]","[c]"
"Leaver CS","2022","HM Courts and Tribunals Service","Mid Lancashire","Outside London","AO","5","[c]","[c]","[c]"
"Leaver CS","2022","HM Courts and Tribunals Service","Mid Lancashire","Outside London","EO","10","[c]","[c]","[c]"
"Leaver CS","2022","HM Courts and Tribunals Service","Mid Lancashire","Outside London","HEO","[c]","[c]","[c]","[c]"
"Leaver CS","2022","HM Courts and Tribunals Service","Mid Lancashire","Outside London","SEO","[c]","[c]","[c]","[c]"
"Leaver CS","2022","HM Courts and Tribunals Service","Milton Keynes","Outside London","AA","[c]","[c]","[c]","[c]"
"Leaver CS","2022","HM Courts and Tribunals Service","Milton Keynes","Outside London","AO","10","[c]","[c]","[c]"
"Leaver CS","2022","HM Courts and Tribunals Service","Milton Keynes","Outside London","EO","[c]","[c]","[c]","[c]"
"Leaver CS","2022","HM Courts and Tribunals Service","Milton Keynes","Outside London","G7","[c]","[c]","[c]","[c]"
"Leaver CS","2022","HM Courts and Tribunals Service","Milton Keynes","Outside London","SEO","[c]","[c]","[c]","[c]"
"Leaver CS","2022","HM Courts and Tribunals Service","Monmouthshire and Newport","Outside London","AA","[c]","[c]","[c]","[c]"
"Leaver CS","2022","HM Courts and Tribunals Service","Monmouthshire and Newport","Outside London","AO","10","[c]","20380","20710"
"Leaver CS","2022","HM Courts and Tribunals Service","Monmouthshire and Newport","Outside London","EO","[c]","[c]","[c]","[c]"
"Leaver CS","2022","HM Courts and Tribunals Service","Monmouthshire and Newport","Outside London","G7","[c]","[c]","[c]","[c]"
"Leaver CS","2022","HM Courts and Tribunals Service","Monmouthshire and Newport","Outside London","SEO","[c]","[c]","[c]","[c]"
"Leaver CS","2022","HM Courts and Tribunals Service","North and North East Lincolnshire","Outside London","AO","[c]","[c]","[c]","[c]"
"Leaver CS","2022","HM Courts and Tribunals Service","North and West Norfolk","Outside London","AA","[c]","[c]","[c]","[c]"
"Leaver CS","2022","HM Courts and Tribunals Service","North and West Norfolk","Outside London","AO","[c]","[c]","[c]","[c]"
"Leaver CS","2022","HM Courts and Tribunals Service","North and West Norfolk","Outside London","SEO","[c]","[c]","[c]","[c]"
"Leaver CS","2022","HM Courts and Tribunals Service","North Hampshire","Outside London","AA","[c]","[c]","[c]","[c]"
"Leaver CS","2022","HM Courts and Tribunals Service","North Hampshire","Outside London","AO","10","[c]","21040","20970"
"Leaver CS","2022","HM Courts and Tribunals Service","North Nottinghamshire","Outside London","AA","[c]","[c]","[c]","[c]"
"Leaver CS","2022","HM Courts and Tribunals Service","North Nottinghamshire","Outside London","AO","[c]","[c]","[c]","[c]"
"Leaver CS","2022","HM Courts and Tribunals Service","North Yorkshire CC","Outside London","AA","[c]","[c]","[c]","[c]"
"Leaver CS","2022","HM Courts and Tribunals Service","North Yorkshire CC","Outside London","AO","[c]","[c]","[c]","[c]"
"Leaver CS","2022","HM Courts and Tribunals Service","North Yorkshire CC","Outside London","G7","[c]","[c]","[c]","[c]"
"Leaver CS","2022","HM Courts and Tribunals Service","North Yorkshire CC","Outside London","SEO","[c]","[c]","[c]","[c]"
"Leaver CS","2022","HM Courts and Tribunals Service","Norwich and East Norfolk","Outside London","AA","[c]","[c]","[c]","[c]"
"Leaver CS","2022","HM Courts and Tribunals Service","Norwich and East Norfolk","Outside London","AO","5","[c]","[c]","[c]"
"Leaver CS","2022","HM Courts and Tribunals Service","Norwich and East Norfolk","Outside London","EO","[c]","[c]","[c]","[c]"
"Leaver CS","2022","HM Courts and Tribunals Service","Nottingham","Outside London","AA","5","[c]","[c]","[c]"
"Leaver CS","2022","HM Courts and Tribunals Service","Nottingham","Outside London","AO","25","[c]","19850","20100"
"Leaver CS","2022","HM Courts and Tribunals Service","Nottingham","Outside London","EO","[c]","[c]","[c]","[c]"
"Leaver CS","2022","HM Courts and Tribunals Service","Nottingham","Outside London","G7","[c]","[c]","[c]","[c]"
"Leaver CS","2022","HM Courts and Tribunals Service","Nottingham","Outside London","SEO","[c]","[c]","[c]","[c]"
"Leaver CS","2022","HM Courts and Tribunals Service","Oxfordshire CC","Outside London","AA","[c]","[c]","[c]","[c]"
"Leaver CS","2022","HM Courts and Tribunals Service","Oxfordshire CC","Outside London","AO","15","[c]","20800","20970"
"Leaver CS","2022","HM Courts and Tribunals Service","Oxfordshire CC","Outside London","EO","[c]","[c]","[c]","[c]"
"Leaver CS","2022","HM Courts and Tribunals Service","Peterborough","Outside London","AO","5","[c]","[c]","[c]"
"Leaver CS","2022","HM Courts and Tribunals Service","Peterborough","Outside London","EO","[c]","[c]","[c]","[c]"
"Leaver CS","2022","HM Courts and Tribunals Service","Peterborough","Outside London","G7","[c]","[c]","[c]","[c]"
"Leaver CS","2022","HM Courts and Tribunals Service","Plymouth","Outside London","AA","[c]","[c]","[c]","[c]"
"Leaver CS","2022","HM Courts and Tribunals Service","Plymouth","Outside London","AO","10","[c]","[c]","[c]"
"Leaver CS","2022","HM Courts and Tribunals Service","Plymouth","Outside London","EO","[c]","[c]","[c]","[c]"
"Leaver CS","2022","HM Courts and Tribunals Service","Portsmouth","Outside London","AA","[c]","[c]","[c]","[c]"
"Leaver CS","2022","HM Courts and Tribunals Service","Portsmouth","Outside London","AO","[c]","[c]","[c]","[c]"
"Leaver CS","2022","HM Courts and Tribunals Service","Portsmouth","Outside London","G6","[c]","[c]","[c]","[c]"
"Leaver CS","2022","HM Courts and Tribunals Service","Portsmouth","Outside London","SEO","[c]","[c]","[c]","[c]"
"Leaver CS","2022","HM Courts and Tribunals Service","Redbridge and Waltham Forest","London","AA","5","[c]","[c]","[c]"
"Leaver CS","2022","HM Courts and Tribunals Service","Redbridge and Waltham Forest","London","AO","5","[c]","[c]","[c]"
"Leaver CS","2022","HM Courts and Tribunals Service","Redbridge and Waltham Forest","London","HEO","[c]","[c]","[c]","[c]"
"Leaver CS","2022","HM Courts and Tribunals Service","Sefton","Outside London","AO","[c]","[c]","[c]","[c]"
"Leaver CS","2022","HM Courts and Tribunals Service","Sheffield","Outside London","AA","[c]","[c]","[c]","[c]"
"Leaver CS","2022","HM Courts and Tribunals Service","Sheffield","Outside London","AO","15","[c]","19990","20010"
"Leaver CS","2022","HM Courts and Tribunals Service","Sheffield","Outside London","EO","[c]","[c]","[c]","[c]"
"Leaver CS","2022","HM Courts and Tribunals Service","Sheffield","Outside London","G6","[c]","[c]","[c]","[c]"
"Leaver CS","2022","HM Courts and Tribunals Service","Sheffield","Outside London","HEO","[c]","[c]","[c]","[c]"
"Leaver CS","2022","HM Courts and Tribunals Service","Sheffield","Outside London","SEO","[c]","[c]","[c]","[c]"
"Leaver CS","2022","HM Courts and Tribunals Service","Shropshire","Outside London","AA","[c]","[c]","[c]","[c]"
"Leaver CS","2022","HM Courts and Tribunals Service","Shropshire","Outside London","AO","[c]","[c]","[c]","[c]"
"Leaver CS","2022","HM Courts and Tribunals Service","Somerset CC","Outside London","AA","5","[c]","[c]","[c]"
"Leaver CS","2022","HM Courts and Tribunals Service","Somerset CC","Outside London","AO","10","[c]","19730","19490"
"Leaver CS","2022","HM Courts and Tribunals Service","Somerset CC","Outside London","G6","[c]","[c]","[c]","[c]"
"Leaver CS","2022","HM Courts and Tribunals Service","Somerset CC","Outside London","SEO","[c]","[c]","[c]","[c]"
"Leaver CS","2022","HM Courts and Tribunals Service","South Hampshire","Outside London","AO","[c]","[c]","[c]","[c]"
"Leaver CS","2022","HM Courts and Tribunals Service","South Lanarkshire","Outside London","SEO","[c]","[c]","[c]","[c]"
"Leaver CS","2022","HM Courts and Tribunals Service","South Teesside","Outside London","AO","[c]","[c]","[c]","[c]"
"Leaver CS","2022","HM Courts and Tribunals Service","South Teesside","Outside London","EO","[c]","[c]","[c]","[c]"
"Leaver CS","2022","HM Courts and Tribunals Service","South Teesside","Outside London","G7","[c]","[c]","[c]","[c]"
"Leaver CS","2022","HM Courts and Tribunals Service","South Teesside","Outside London","SEO","[c]","[c]","[c]","[c]"
"Leaver CS","2022","HM Courts and Tribunals Service","South West Wales","Outside London","AA","[c]","[c]","[c]","[c]"
"Leaver CS","2022","HM Courts and Tribunals Service","South West Wales","Outside London","AO","[c]","[c]","[c]","[c]"
"Leaver CS","2022","HM Courts and Tribunals Service","South West Wales","Outside London","SEO","[c]","[c]","[c]","[c]"
"Leaver CS","2022","HM Courts and Tribunals Service","Southampton","Outside London","AA","[c]","[c]","[c]","[c]"
"Leaver CS","2022","HM Courts and Tribunals Service","Southampton","Outside London","AO","10","[c]","[c]","[c]"
"Leaver CS","2022","HM Courts and Tribunals Service","Southampton","Outside London","EO","[c]","[c]","[c]","[c]"
"Leaver CS","2022","HM Courts and Tribunals Service","Southampton","Outside London","HEO","[c]","[c]","[c]","[c]"
"Leaver CS","2022","HM Courts and Tribunals Service","Southampton","Outside London","SEO","[c]","[c]","[c]","[c]"
"Leaver CS","2022","HM Courts and Tribunals Service","Southend-on-Sea","Outside London","AA","[c]","[c]","[c]","[c]"
"Leaver CS","2022","HM Courts and Tribunals Service","Southend-on-Sea","Outside London","AO","[c]","[c]","[c]","[c]"
"Leaver CS","2022","HM Courts and Tribunals Service","Southend-on-Sea","Outside London","SEO","[c]","[c]","[c]","[c]"
"Leaver CS","2022","HM Courts and Tribunals Service","Staffordshire CC","Outside London","AA","[c]","[c]","[c]","[c]"
"Leaver CS","2022","HM Courts and Tribunals Service","Staffordshire CC","Outside London","AO","[c]","[c]","[c]","[c]"
"Leaver CS","2022","HM Courts and Tribunals Service","Staffordshire CC","Outside London","EO","[c]","[c]","[c]","[c]"
"Leaver CS","2022","HM Courts and Tribunals Service","Staffordshire CC","Outside London","HEO","[c]","[c]","[c]","[c]"
"Leaver CS","2022","HM Courts and Tribunals Service","Staffordshire CC","Outside London","SCS level","[c]","[c]","[c]","[c]"
"Leaver CS","2022","HM Courts and Tribunals Service","Stoke-on-Trent","Outside London","AA","5","[c]","[c]","[c]"
"Leaver CS","2022","HM Courts and Tribunals Service","Stoke-on-Trent","Outside London","AO","55","[c]","20120","20710"
"Leaver CS","2022","HM Courts and Tribunals Service","Stoke-on-Trent","Outside London","EO","[c]","[c]","[c]","[c]"
"Leaver CS","2022","HM Courts and Tribunals Service","Stoke-on-Trent","Outside London","G6","[c]","[c]","[c]","[c]"
"Leaver CS","2022","HM Courts and Tribunals Service","Suffolk CC","Outside London","AA","[c]","[c]","[c]","[c]"
"Leaver CS","2022","HM Courts and Tribunals Service","Suffolk CC","Outside London","AO","20","[c]","20360","20970"
"Leaver CS","2022","HM Courts and Tribunals Service","Suffolk CC","Outside London","EO","[c]","[c]","[c]","[c]"
"Leaver CS","2022","HM Courts and Tribunals Service","Swansea","Outside London","AA","[c]","[c]","[c]","[c]"
"Leaver CS","2022","HM Courts and Tribunals Service","Swansea","Outside London","AO","[c]","[c]","[c]","[c]"
"Leaver CS","2022","HM Courts and Tribunals Service","Swansea","Outside London","EO","[c]","[c]","[c]","[c]"
"Leaver CS","2022","HM Courts and Tribunals Service","Swindon","Outside London","AA","[c]","[c]","[c]","[c]"
"Leaver CS","2022","HM Courts and Tribunals Service","Swindon","Outside London","AO","5","[c]","[c]","[c]"
"Leaver CS","2022","HM Courts and Tribunals Service","Swindon","Outside London","HEO","[c]","[c]","[c]","[c]"
"Leaver CS","2022","HM Courts and Tribunals Service","Swindon","Outside London","SEO","[c]","[c]","[c]","[c]"
"Leaver CS","2022","HM Courts and Tribunals Service","Telford and Wrekin","Outside London","AO","[c]","[c]","[c]","[c]"
"Leaver CS","2022","HM Courts and Tribunals Service","Telford and Wrekin","Outside London","SEO","[c]","[c]","[c]","[c]"
"Leaver CS","2022","HM Courts and Tribunals Service","Torbay","Outside London","AO","[c]","[c]","[c]","[c]"
"Leaver CS","2022","HM Courts and Tribunals Service","Tower Hamlets","London","AA","[c]","[c]","[c]","[c]"
"Leaver CS","2022","HM Courts and Tribunals Service","Tower Hamlets","London","AO","25","[c]","23240","23720"
"Leaver CS","2022","HM Courts and Tribunals Service","Tower Hamlets","London","HEO","[c]","[c]","[c]","[c]"
"Leaver CS","2022","HM Courts and Tribunals Service","Tower Hamlets","London","SEO","[c]","[c]","[c]","[c]"
"Leaver CS","2022","HM Courts and Tribunals Service","Tyneside","Outside London","AA","10","[c]","[c]","[c]"
"Leaver CS","2022","HM Courts and Tribunals Service","Tyneside","Outside London","AO","15","[c]","20230","20230"
"Leaver CS","2022","HM Courts and Tribunals Service","Tyneside","Outside London","EO","[c]","[c]","[c]","[c]"
"Leaver CS","2022","HM Courts and Tribunals Service","Tyneside","Outside London","SEO","[c]","[c]","[c]","[c]"
"Leaver CS","2022","HM Courts and Tribunals Service","Unknown","Unknown","AO","5","[c]","[c]","[c]"
"Leaver CS","2022","HM Courts and Tribunals Service","Wakefield","Outside London","AA","[c]","[c]","[c]","[c]"
"Leaver CS","2022","HM Courts and Tribunals Service","Wakefield","Outside London","AO","[c]","[c]","[c]","[c]"
"Leaver CS","2022","HM Courts and Tribunals Service","Walsall","Outside London","AO","[c]","[c]","[c]","[c]"
"Leaver CS","2022","HM Courts and Tribunals Service","Walsall","Outside London","EO","[c]","[c]","[c]","[c]"
"Leaver CS","2022","HM Courts and Tribunals Service","Wandsworth","London","AA","[c]","[c]","[c]","[c]"
"Leaver CS","2022","HM Courts and Tribunals Service","Wandsworth","London","AO","15","[c]","23490","23720"
"Leaver CS","2022","HM Courts and Tribunals Service","Wandsworth","London","EO","[c]","[c]","[c]","[c]"
"Leaver CS","2022","HM Courts and Tribunals Service","Wandsworth","London","SEO","[c]","[c]","[c]","[c]"
"Leaver CS","2022","HM Courts and Tribunals Service","Warwickshire CC","Outside London","AA","[c]","[c]","[c]","[c]"
"Leaver CS","2022","HM Courts and Tribunals Service","Warwickshire CC","Outside London","AO","5","[c]","[c]","[c]"
"Leaver CS","2022","HM Courts and Tribunals Service","West Cumbria","Outside London","AO","[c]","[c]","[c]","[c]"
"Leaver CS","2022","HM Courts and Tribunals Service","West Cumbria","Outside London","EO","[c]","[c]","[c]","[c]"
"Leaver CS","2022","HM Courts and Tribunals Service","West Cumbria","Outside London","SEO","[c]","[c]","[c]","[c]"
"Leaver CS","2022","HM Courts and Tribunals Service","West Kent","Outside London","SEO","[c]","[c]","[c]","[c]"
"Leaver CS","2022","HM Courts and Tribunals Service","West Northamptonshire","Outside London","AA","10","[c]","18590","19200"
"Leaver CS","2022","HM Courts and Tribunals Service","West Northamptonshire","Outside London","AO","40","[c]","20230","20450"
"Leaver CS","2022","HM Courts and Tribunals Service","West Northamptonshire","Outside London","EO","[c]","[c]","[c]","[c]"
"Leaver CS","2022","HM Courts and Tribunals Service","West Northamptonshire","Outside London","SEO","[c]","[c]","[c]","[c]"
"Leaver CS","2022","HM Courts and Tribunals Service","West Surrey","Outside London","AA","[c]","[c]","[c]","[c]"
"Leaver CS","2022","HM Courts and Tribunals Service","West Surrey","Outside London","AO","5","[c]","[c]","[c]"
"Leaver CS","2022","HM Courts and Tribunals Service","West Surrey","Outside London","EO","[c]","[c]","[c]","[c]"
"Leaver CS","2022","HM Courts and Tribunals Service","West Surrey","Outside London","G6","[c]","[c]","[c]","[c]"
"Leaver CS","2022","HM Courts and Tribunals Service","West Surrey","Outside London","HEO","[c]","[c]","[c]","[c]"
"Leaver CS","2022","HM Courts and Tribunals Service","West Surrey","Outside London","SEO","[c]","[c]","[c]","[c]"
"Leaver CS","2022","HM Courts and Tribunals Service","West Sussex (North East)","Outside London","AA","[c]","[c]","[c]","[c]"
"Leaver CS","2022","HM Courts and Tribunals Service","West Sussex (South West)","Outside London","AA","[c]","[c]","[c]","[c]"
"Leaver CS","2022","HM Courts and Tribunals Service","West Sussex (South West)","Outside London","AO","[c]","[c]","[c]","[c]"
"Leaver CS","2022","HM Courts and Tribunals Service","West Sussex (South West)","Outside London","EO","[c]","[c]","[c]","[c]"
"Leaver CS","2022","HM Courts and Tribunals Service","West Sussex (South West)","Outside London","SEO","[c]","[c]","[c]","[c]"
"Leaver CS","2022","HM Courts and Tribunals Service","Westminster","London","AA","10","[c]","[c]","[c]"
"Leaver CS","2022","HM Courts and Tribunals Service","Westminster","London","AO","65","[c]","23390","23720"
"Leaver CS","2022","HM Courts and Tribunals Service","Westminster","London","EO","25","[c]","27770","28310"
"Leaver CS","2022","HM Courts and Tribunals Service","Westminster","London","G6","5","[c]","[c]","[c]"
"Leaver CS","2022","HM Courts and Tribunals Service","Westminster","London","G7","10","[c]","[c]","[c]"
"Leaver CS","2022","HM Courts and Tribunals Service","Westminster","London","HEO","35","[c]","31840","30850"
"Leaver CS","2022","HM Courts and Tribunals Service","Westminster","London","SCS level","[c]","[c]","[c]","[c]"
"Leaver CS","2022","HM Courts and Tribunals Service","Westminster","London","SEO","25","[c]","41850","41750"
"Leaver CS","2022","HM Courts and Tribunals Service","Wiltshire","Outside London","AA","[c]","[c]","[c]","[c]"
"Leaver CS","2022","HM Courts and Tribunals Service","Wiltshire","Outside London","AO","[c]","[c]","[c]","[c]"
"Leaver CS","2022","HM Courts and Tribunals Service","Wiltshire","Outside London","EO","[c]","[c]","[c]","[c]"
"Leaver CS","2022","HM Courts and Tribunals Service","Wirral","Outside London","AO","[c]","[c]","[c]","[c]"
"Leaver CS","2022","HM Courts and Tribunals Service","Wirral","Outside London","EO","[c]","[c]","[c]","[c]"
"Leaver CS","2022","HM Courts and Tribunals Service","Wirral","Outside London","HEO","[c]","[c]","[c]","[c]"
"Leaver CS","2022","HM Courts and Tribunals Service","Wirral","Outside London","SEO","[c]","[c]","[c]","[c]"
"Leaver CS","2022","HM Courts and Tribunals Service","Wolverhampton","Outside London","AA","5","[c]","[c]","[c]"
"Leaver CS","2022","HM Courts and Tribunals Service","Wolverhampton","Outside London","AO","[c]","[c]","[c]","[c]"
"Leaver CS","2022","HM Courts and Tribunals Service","Worcestershire CC","Outside London","AA","[c]","[c]","[c]","[c]"
"Leaver CS","2022","HM Courts and Tribunals Service","Worcestershire CC","Outside London","AO","15","[c]","20050","20370"
"Leaver CS","2022","HM Courts and Tribunals Service","Worcestershire CC","Outside London","EO","[c]","[c]","[c]","[c]"
"Leaver CS","2022","HM Courts and Tribunals Service","Worcestershire CC","Outside London","SEO","[c]","[c]","[c]","[c]"
"Leaver CS","2022","HM Courts and Tribunals Service","York","Outside London","AA","[c]","[c]","[c]","[c]"
"Leaver CS","2022","HM Courts and Tribunals Service","York","Outside London","AO","[c]","[c]","[c]","[c]"
"Leaver CS","2022","HM Land Registry","Coventry","Outside London","AA","[c]","[c]","[c]","[c]"
"Leaver CS","2022","HM Land Registry","Coventry","Outside London","AO","5","[c]","[c]","[c]"
"Leaver CS","2022","HM Land Registry","Coventry","Outside London","EO","5","[c]","[c]","[c]"
"Leaver CS","2022","HM Land Registry","Coventry","Outside London","G6","[c]","[c]","[c]","[c]"
"Leaver CS","2022","HM Land Registry","Coventry","Outside London","G7","[c]","[c]","[c]","[c]"
"Leaver CS","2022","HM Land Registry","Coventry","Outside London","HEO","5","[c]","[c]","[c]"
"Leaver CS","2022","HM Land Registry","Coventry","Outside London","SEO","[c]","[c]","[c]","[c]"
"Leaver CS","2022","HM Land Registry","Croydon","London","AA","[c]","[c]","[c]","[c]"
"Leaver CS","2022","HM Land Registry","Croydon","London","AO","15","[c]","25850","25850"
"Leaver CS","2022","HM Land Registry","Croydon","London","EO","15","[c]","30600","30600"
"Leaver CS","2022","HM Land Registry","Croydon","London","G6","[c]","[c]","[c]","[c]"
"Leaver CS","2022","HM Land Registry","Croydon","London","G7","[c]","[c]","[c]","[c]"
"Leaver CS","2022","HM Land Registry","Croydon","London","HEO","5","[c]","[c]","[c]"
"Leaver CS","2022","HM Land Registry","Croydon","London","SEO","5","[c]","[c]","[c]"
"Leaver CS","2022","HM Land Registry","Dorset","Outside London","AO","10","[c]","[c]","[c]"
"Leaver CS","2022","HM Land Registry","Dorset","Outside London","EO","10","[c]","[c]","[c]"
"Leaver CS","2022","HM Land Registry","Dorset","Outside London","HEO","10","[c]","[c]","[c]"
"Leaver CS","2022","HM Land Registry","Dorset","Outside London","SEO","[c]","[c]","[c]","[c]"
"Leaver CS","2022","HM Land Registry","Durham","Outside London","AO","15","[c]","22600","22600"
"Leaver CS","2022","HM Land Registry","Durham","Outside London","EO","15","[c]","27480","27130"
"Leaver CS","2022","HM Land Registry","Durham","Outside London","HEO","10","[c]","[c]","[c]"
"Leaver CS","2022","HM Land Registry","Durham","Outside London","SEO","[c]","[c]","[c]","[c]"
"Leaver CS","2022","HM Land Registry","Gloucestershire CC","Outside London","EO","10","[c]","[c]","[c]"
"Leaver CS","2022","HM Land Registry","Gloucestershire CC","Outside London","G6","[c]","[c]","[c]","[c]"
"Leaver CS","2022","HM Land Registry","Gloucestershire CC","Outside London","G7","[c]","[c]","[c]","[c]"
"Leaver CS","2022","HM Land Registry","Gloucestershire CC","Outside London","HEO","5","[c]","[c]","[c]"
"Leaver CS","2022","HM Land Registry","Gloucestershire CC","Outside London","SEO","[c]","[c]","[c]","[c]"
"Leaver CS","2022","HM Land Registry","Kingston upon Hull, City of","Outside London","AO","[c]","[c]","[c]","[c]"
"Leaver CS","2022","HM Land Registry","Kingston upon Hull, City of","Outside London","EO","[c]","[c]","[c]","[c]"
"Leaver CS","2022","HM Land Registry","Kingston upon Hull, City of","Outside London","G7","[c]","[c]","[c]","[c]"
"Leaver CS","2022","HM Land Registry","Kingston upon Hull, City of","Outside London","HEO","[c]","[c]","[c]","[c]"
"Leaver CS","2022","HM Land Registry","Kingston upon Hull, City of","Outside London","SEO","[c]","[c]","[c]","[c]"
"Leaver CS","2022","HM Land Registry","Leicester","Outside London","AO","[c]","[c]","[c]","[c]"
"Leaver CS","2022","HM Land Registry","Leicester","Outside London","EO","5","[c]","[c]","[c]"
"Leaver CS","2022","HM Land Registry","Leicester","Outside London","G7","[c]","[c]","[c]","[c]"
"Leaver CS","2022","HM Land Registry","Leicester","Outside London","HEO","10","[c]","[c]","[c]"
"Leaver CS","2022","HM Land Registry","Leicester","Outside London","SEO","[c]","[c]","[c]","[c]"
"Leaver CS","2022","HM Land Registry","Mid Lancashire","Outside London","AO","10","[c]","[c]","[c]"
"Leaver CS","2022","HM Land Registry","Mid Lancashire","Outside London","EO","10","[c]","[c]","[c]"
"Leaver CS","2022","HM Land Registry","Mid Lancashire","Outside London","G7","[c]","[c]","[c]","[c]"
"Leaver CS","2022","HM Land Registry","Mid Lancashire","Outside London","HEO","10","[c]","[c]","[c]"
"Leaver CS","2022","HM Land Registry","Nottingham","Outside London","AA","[c]","[c]","[c]","[c]"
"Leaver CS","2022","HM Land Registry","Nottingham","Outside London","AO","10","[c]","22550","22600"
"Leaver CS","2022","HM Land Registry","Nottingham","Outside London","EO","10","[c]","27130","27130"
"Leaver CS","2022","HM Land Registry","Nottingham","Outside London","G6","[c]","[c]","[c]","[c]"
"Leaver CS","2022","HM Land Registry","Nottingham","Outside London","G7","[c]","[c]","[c]","[c]"
"Leaver CS","2022","HM Land Registry","Nottingham","Outside London","HEO","[c]","[c]","[c]","[c]"
"Leaver CS","2022","HM Land Registry","Nottingham","Outside London","SCS level","[c]","[c]","[c]","[c]"
"Leaver CS","2022","HM Land Registry","Nottingham","Outside London","SEO","5","[c]","[c]","[c]"
"Leaver CS","2022","HM Land Registry","Peterborough","Outside London","AO","[c]","[c]","[c]","[c]"
"Leaver CS","2022","HM Land Registry","Peterborough","Outside London","EO","10","[c]","[c]","[c]"
"Leaver CS","2022","HM Land Registry","Peterborough","Outside London","G7","[c]","[c]","[c]","[c]"
"Leaver CS","2022","HM Land Registry","Peterborough","Outside London","HEO","[c]","[c]","[c]","[c]"
"Leaver CS","2022","HM Land Registry","Peterborough","Outside London","SEO","[c]","[c]","[c]","[c]"
"Leaver CS","2022","HM Land Registry","Plymouth","Outside London","AA","[c]","[c]","[c]","[c]"
"Leaver CS","2022","HM Land Registry","Plymouth","Outside London","AO","10","[c]","22550","22600"
"Leaver CS","2022","HM Land Registry","Plymouth","Outside London","EO","10","[c]","28500","27130"
"Leaver CS","2022","HM Land Registry","Plymouth","Outside London","G6","[c]","[c]","[c]","[c]"
"Leaver CS","2022","HM Land Registry","Plymouth","Outside London","G7","5","[c]","[c]","[c]"
"Leaver CS","2022","HM Land Registry","Plymouth","Outside London","HEO","20","[c]","36560","38450"
"Leaver CS","2022","HM Land Registry","Plymouth","Outside London","SEO","15","[c]","42780","43160"
"Leaver CS","2022","HM Land Registry","Swansea","Outside London","AO","10","[c]","[c]","[c]"
"Leaver CS","2022","HM Land Registry","Swansea","Outside London","EO","10","[c]","[c]","[c]"
"Leaver CS","2022","HM Land Registry","Swansea","Outside London","G6","[c]","[c]","[c]","[c]"
"Leaver CS","2022","HM Land Registry","Swansea","Outside London","G7","[c]","[c]","[c]","[c]"
"Leaver CS","2022","HM Land Registry","Swansea","Outside London","HEO","[c]","[c]","[c]","[c]"
"Leaver CS","2022","HM Land Registry","Swansea","Outside London","SEO","[c]","[c]","[c]","[c]"
"Leaver CS","2022","HM Land Registry","Telford and Wrekin","Outside London","AO","5","[c]","[c]","[c]"
"Leaver CS","2022","HM Land Registry","Telford and Wrekin","Outside London","EO","[c]","[c]","[c]","[c]"
"Leaver CS","2022","HM Land Registry","Telford and Wrekin","Outside London","G6","[c]","[c]","[c]","[c]"
"Leaver CS","2022","HM Land Registry","Telford and Wrekin","Outside London","G7","[c]","[c]","[c]","[c]"
"Leaver CS","2022","HM Land Registry","Telford and Wrekin","Outside London","HEO","[c]","[c]","[c]","[c]"
"Leaver CS","2022","HM Land Registry","Wirral","Outside London","AO","5","[c]","[c]","[c]"
"Leaver CS","2022","HM Land Registry","Wirral","Outside London","EO","5","[c]","[c]","[c]"
"Leaver CS","2022","HM Land Registry","Wirral","Outside London","HEO","5","[c]","[c]","[c]"
"Leaver CS","2022","HM Land Registry","Wirral","Outside London","SEO","5","[c]","[c]","[c]"
"Leaver CS","2022","HM Prison and Probation Service","Barking & Dagenham and Havering","London","Unknown","[c]","[c]","[c]","[c]"
"Leaver CS","2022","HM Prison and Probation Service","Barnet","London","Unknown","10","[c]","[c]","[c]"
"Leaver CS","2022","HM Prison and Probation Service","Barnsley, Doncaster and Rotherham","Outside London","AA","45","[c]","[c]","[c]"
"Leaver CS","2022","HM Prison and Probation Service","Barnsley, Doncaster and Rotherham","Outside London","AO","85","[c]","[c]","[c]"
"Leaver CS","2022","HM Prison and Probation Service","Barnsley, Doncaster and Rotherham","Outside London","EO","10","[c]","[c]","[c]"
"Leaver CS","2022","HM Prison and Probation Service","Barnsley, Doncaster and Rotherham","Outside London","HEO","[c]","[c]","[c]","[c]"
"Leaver CS","2022","HM Prison and Probation Service","Barnsley, Doncaster and Rotherham","Outside London","SEO","[c]","[c]","[c]","[c]"
"Leaver CS","2022","HM Prison and Probation Service","Barnsley, Doncaster and Rotherham","Outside London","Unknown","15","[c]","[c]","[c]"
"Leaver CS","2022","HM Prison and Probation Service","Bath and North East Somerset, North Somerset and South Gloucestershire","Outside London","AA","15","[c]","[c]","[c]"
"Leaver CS","2022","HM Prison and Probation Service","Bath and North East Somerset, North Somerset and South Gloucestershire","Outside London","AO","35","[c]","[c]","[c]"
"Leaver CS","2022","HM Prison and Probation Service","Bath and North East Somerset, North Somerset and South Gloucestershire","Outside London","EO","5","[c]","[c]","[c]"
"Leaver CS","2022","HM Prison and Probation Service","Bath and North East Somerset, North Somerset and South Gloucestershire","Outside London","HEO","[c]","[c]","[c]","[c]"
"Leaver CS","2022","HM Prison and Probation Service","Bath and North East Somerset, North Somerset and South Gloucestershire","Outside London","SEO","[c]","[c]","[c]","[c]"
"Leaver CS","2022","HM Prison and Probation Service","Bath and North East Somerset, North Somerset and South Gloucestershire","Outside London","Unknown","15","[c]","[c]","[c]"
"Leaver CS","2022","HM Prison and Probation Service","Bedford","Outside London","AA","20","[c]","[c]","[c]"
"Leaver CS","2022","HM Prison and Probation Service","Bedford","Outside London","AO","50","[c]","[c]","[c]"
"Leaver CS","2022","HM Prison and Probation Service","Bedford","Outside London","EO","5","[c]","[c]","[c]"
"Leaver CS","2022","HM Prison and Probation Service","Bedford","Outside London","HEO","[c]","[c]","[c]","[c]"
"Leaver CS","2022","HM Prison and Probation Service","Bedford","Outside London","SEO","[c]","[c]","[c]","[c]"
"Leaver CS","2022","HM Prison and Probation Service","Bedford","Outside London","Unknown","10","[c]","[c]","[c]"
"Leaver CS","2022","HM Prison and Probation Service","Berkshire","Outside London","Unknown","35","[c]","[c]","[c]"
"Leaver CS","2022","HM Prison and Probation Service","Bexley and Greenwich","London","AA","20","[c]","[c]","[c]"
"Leaver CS","2022","HM Prison and Probation Service","Bexley and Greenwich","London","AO","75","[c]","[c]","[c]"
"Leaver CS","2022","HM Prison and Probation Service","Bexley and Greenwich","London","EO","10","[c]","[c]","[c]"
"Leaver CS","2022","HM Prison and Probation Service","Bexley and Greenwich","London","HEO","5","[c]","[c]","[c]"
"Leaver CS","2022","HM Prison and Probation Service","Bexley and Greenwich","London","SEO","[c]","[c]","[c]","[c]"
"Leaver CS","2022","HM Prison and Probation Service","Bexley and Greenwich","London","Unknown","10","[c]","[c]","[c]"
"Leaver CS","2022","HM Prison and Probation Service","Birmingham","Outside London","AA","15","[c]","[c]","[c]"
"Leaver CS","2022","HM Prison and Probation Service","Birmingham","Outside London","AO","75","[c]","[c]","[c]"
"Leaver CS","2022","HM Prison and Probation Service","Birmingham","Outside London","EO","5","[c]","[c]","[c]"
"Leaver CS","2022","HM Prison and Probation Service","Birmingham","Outside London","HEO","[c]","[c]","[c]","[c]"
"Leaver CS","2022","HM Prison and Probation Service","Birmingham","Outside London","SEO","[c]","[c]","[c]","[c]"
"Leaver CS","2022","HM Prison and Probation Service","Birmingham","Outside London","Unknown","35","[c]","[c]","[c]"
"Leaver CS","2022","HM Prison and Probation Service","Blackburn with Darwen","Outside London","Unknown","[c]","[c]","[c]","[c]"
"Leaver CS","2022","HM Prison and Probation Service","Blackpool","Outside London","Unknown","5","[c]","[c]","[c]"
"Leaver CS","2022","HM Prison and Probation Service","Bournemouth, Christchurch and Poole","Outside London","HEO","[c]","[c]","[c]","[c]"
"Leaver CS","2022","HM Prison and Probation Service","Bournemouth, Christchurch and Poole","Outside London","Unknown","20","[c]","[c]","[c]"
"Leaver CS","2022","HM Prison and Probation Service","Bradford","Outside London","AO","[c]","[c]","[c]","[c]"
"Leaver CS","2022","HM Prison and Probation Service","Bradford","Outside London","Unknown","15","[c]","[c]","[c]"
"Leaver CS","2022","HM Prison and Probation Service","Breckland and South Norfolk","Outside London","AA","10","[c]","[c]","[c]"
"Leaver CS","2022","HM Prison and Probation Service","Breckland and South Norfolk","Outside London","AO","70","[c]","[c]","[c]"
"Leaver CS","2022","HM Prison and Probation Service","Breckland and South Norfolk","Outside London","EO","10","[c]","[c]","[c]"
"Leaver CS","2022","HM Prison and Probation Service","Breckland and South Norfolk","Outside London","G6","[c]","[c]","[c]","[c]"
"Leaver CS","2022","HM Prison and Probation Service","Breckland and South Norfolk","Outside London","G7","[c]","[c]","[c]","[c]"
"Leaver CS","2022","HM Prison and Probation Service","Breckland and South Norfolk","Outside London","HEO","[c]","[c]","[c]","[c]"
"Leaver CS","2022","HM Prison and Probation Service","Breckland and South Norfolk","Outside London","SEO","[c]","[c]","[c]","[c]"
"Leaver CS","2022","HM Prison and Probation Service","Breckland and South Norfolk","Outside London","Unknown","[c]","[c]","[c]","[c]"
"Leaver CS","2022","HM Prison and Probation Service","Brent","London","Unknown","10","[c]","[c]","[c]"
"Leaver CS","2022","HM Prison and Probation Service","Bridgend and Neath Port Talbot","Outside London","Unknown","5","[c]","[c]","[c]"
"Leaver CS","2022","HM Prison and Probation Service","Brighton and Hove","Outside London","SEO","[c]","[c]","[c]","[c]"
"Leaver CS","2022","HM Prison and Probation Service","Brighton and Hove","Outside London","Unknown","10","[c]","[c]","[c]"
"Leaver CS","2022","HM Prison and Probation Service","Bristol, City of","Outside London","AA","15","[c]","[c]","[c]"
"Leaver CS","2022","HM Prison and Probation Service","Bristol, City of","Outside London","AO","30","[c]","[c]","[c]"
"Leaver CS","2022","HM Prison and Probation Service","Bristol, City of","Outside London","EO","10","[c]","[c]","[c]"
"Leaver CS","2022","HM Prison and Probation Service","Bristol, City of","Outside London","G6","[c]","[c]","[c]","[c]"
"Leaver CS","2022","HM Prison and Probation Service","Bristol, City of","Outside London","HEO","[c]","[c]","[c]","[c]"
"Leaver CS","2022","HM Prison and Probation Service","Bristol, City of","Outside London","SEO","[c]","[c]","[c]","[c]"
"Leaver CS","2022","HM Prison and Probation Service","Bristol, City of","Outside London","Unknown","35","[c]","[c]","[c]"
"Leaver CS","2022","HM Prison and Probation Service","Bromley","London","Unknown","15","[c]","[c]","[c]"
"Leaver CS","2022","HM Prison and Probation Service","Buckinghamshire","Outside London","AA","15","[c]","[c]","[c]"
"Leaver CS","2022","HM Prison and Probation Service","Buckinghamshire","Outside London","AO","60","[c]","[c]","[c]"
"Leaver CS","2022","HM Prison and Probation Service","Buckinghamshire","Outside London","EO","10","[c]","[c]","[c]"
"Leaver CS","2022","HM Prison and Probation Service","Buckinghamshire","Outside London","G7","[c]","[c]","[c]","[c]"
"Leaver CS","2022","HM Prison and Probation Service","Buckinghamshire","Outside London","HEO","5","[c]","[c]","[c]"
"Leaver CS","2022","HM Prison and Probation Service","Buckinghamshire","Outside London","SEO","[c]","[c]","[c]","[c]"
"Leaver CS","2022","HM Prison and Probation Service","Buckinghamshire","Outside London","Unknown","5","[c]","[c]","[c]"
"Leaver CS","2022","HM Prison and Probation Service","Calderdale and Kirklees","Outside London","Unknown","10","[c]","[c]","[c]"
"Leaver CS","2022","HM Prison and Probation Service","Cambridgeshire CC","Outside London","AA","25","[c]","[c]","[c]"
"Leaver CS","2022","HM Prison and Probation Service","Cambridgeshire CC","Outside London","AO","65","[c]","[c]","[c]"
"Leaver CS","2022","HM Prison and Probation Service","Cambridgeshire CC","Outside London","EO","10","[c]","[c]","[c]"
"Leaver CS","2022","HM Prison and Probation Service","Cambridgeshire CC","Outside London","HEO","[c]","[c]","[c]","[c]"
"Leaver CS","2022","HM Prison and Probation Service","Cambridgeshire CC","Outside London","SEO","[c]","[c]","[c]","[c]"
"Leaver CS","2022","HM Prison and Probation Service","Cambridgeshire CC","Outside London","Unknown","25","[c]","[c]","[c]"
"Leaver CS","2022","HM Prison and Probation Service","Camden and City of London","London","Unknown","5","[c]","[c]","[c]"
"Leaver CS","2022","HM Prison and Probation Service","Cardiff and Vale of Glamorgan","Outside London","AA","10","[c]","[c]","[c]"
"Leaver CS","2022","HM Prison and Probation Service","Cardiff and Vale of Glamorgan","Outside London","AO","35","[c]","[c]","[c]"
"Leaver CS","2022","HM Prison and Probation Service","Cardiff and Vale of Glamorgan","Outside London","EO","[c]","[c]","[c]","[c]"
"Leaver CS","2022","HM Prison and Probation Service","Cardiff and Vale of Glamorgan","Outside London","G6","[c]","[c]","[c]","[c]"
"Leaver CS","2022","HM Prison and Probation Service","Cardiff and Vale of Glamorgan","Outside London","HEO","[c]","[c]","[c]","[c]"
"Leaver CS","2022","HM Prison and Probation Service","Cardiff and Vale of Glamorgan","Outside London","SEO","[c]","[c]","[c]","[c]"
"Leaver CS","2022","HM Prison and Probation Service","Cardiff and Vale of Glamorgan","Outside London","Unknown","25","[c]","[c]","[c]"
"Leaver CS","2022","HM Prison and Probation Service","Central Hampshire","Outside London","AA","20","[c]","[c]","[c]"
"Leaver CS","2022","HM Prison and Probation Service","Central Hampshire","Outside London","AO","55","[c]","[c]","[c]"
"Leaver CS","2022","HM Prison and Probation Service","Central Hampshire","Outside London","EO","[c]","[c]","[c]","[c]"
"Leaver CS","2022","HM Prison and Probation Service","Central Hampshire","Outside London","G6","[c]","[c]","[c]","[c]"
"Leaver CS","2022","HM Prison and Probation Service","Central Hampshire","Outside London","HEO","[c]","[c]","[c]","[c]"
"Leaver CS","2022","HM Prison and Probation Service","Central Hampshire","Outside London","Unknown","[c]","[c]","[c]","[c]"
"Leaver CS","2022","HM Prison and Probation Service","Central Valleys","Outside London","Unknown","5","[c]","[c]","[c]"
"Leaver CS","2022","HM Prison and Probation Service","Cheshire East","Outside London","AA","10","[c]","[c]","[c]"
"Leaver CS","2022","HM Prison and Probation Service","Cheshire East","Outside London","AO","25","[c]","[c]","[c]"
"Leaver CS","2022","HM Prison and Probation Service","Cheshire East","Outside London","EO","5","[c]","[c]","[c]"
"Leaver CS","2022","HM Prison and Probation Service","Cheshire East","Outside London","HEO","[c]","[c]","[c]","[c]"
"Leaver CS","2022","HM Prison and Probation Service","Cheshire East","Outside London","Unknown","[c]","[c]","[c]","[c]"
"Leaver CS","2022","HM Prison and Probation Service","Cheshire West and Chester","Outside London","Unknown","[c]","[c]","[c]","[c]"
"Leaver CS","2022","HM Prison and Probation Service","Chorley and West Lancashire","Outside London","AA","20","[c]","[c]","[c]"
"Leaver CS","2022","HM Prison and Probation Service","Chorley and West Lancashire","Outside London","AO","75","[c]","[c]","[c]"
"Leaver CS","2022","HM Prison and Probation Service","Chorley and West Lancashire","Outside London","EO","10","[c]","[c]","[c]"
"Leaver CS","2022","HM Prison and Probation Service","Chorley and West Lancashire","Outside London","HEO","[c]","[c]","[c]","[c]"
"Leaver CS","2022","HM Prison and Probation Service","Chorley and West Lancashire","Outside London","SEO","[c]","[c]","[c]","[c]"
"Leaver CS","2022","HM Prison and Probation Service","Chorley and West Lancashire","Outside London","Unknown","[c]","[c]","[c]","[c]"
"Leaver CS","2022","HM Prison and Probation Service","Conwy and Denbighshire","Outside London","Unknown","10","[c]","[c]","[c]"
"Leaver CS","2022","HM Prison and Probation Service","Cornwall and Isles of Scilly","Outside London","Unknown","10","[c]","[c]","[c]"
"Leaver CS","2022","HM Prison and Probation Service","Coventry","Outside London","Unknown","5","[c]","[c]","[c]"
"Leaver CS","2022","HM Prison and Probation Service","Croydon","London","AA","[c]","[c]","[c]","[c]"
"Leaver CS","2022","HM Prison and Probation Service","Croydon","London","AO","5","[c]","[c]","[c]"
"Leaver CS","2022","HM Prison and Probation Service","Croydon","London","EO","[c]","[c]","[c]","[c]"
"Leaver CS","2022","HM Prison and Probation Service","Croydon","London","G6","[c]","[c]","[c]","[c]"
"Leaver CS","2022","HM Prison and Probation Service","Croydon","London","G7","[c]","[c]","[c]","[c]"
"Leaver CS","2022","HM Prison and Probation Service","Croydon","London","HEO","5","[c]","[c]","[c]"
"Leaver CS","2022","HM Prison and Probation Service","Croydon","London","SEO","10","[c]","[c]","[c]"
"Leaver CS","2022","HM Prison and Probation Service","Croydon","London","Unknown","10","[c]","[c]","[c]"
"Leaver CS","2022","HM Prison and Probation Service","Darlington","Outside London","Unknown","[c]","[c]","[c]","[c]"
"Leaver CS","2022","HM Prison and Probation Service","Derby","Outside London","Unknown","20","[c]","[c]","[c]"
"Leaver CS","2022","HM Prison and Probation Service","Devon CC","Outside London","AA","25","[c]","[c]","[c]"
"Leaver CS","2022","HM Prison and Probation Service","Devon CC","Outside London","AO","85","[c]","[c]","[c]"
"Leaver CS","2022","HM Prison and Probation Service","Devon CC","Outside London","EO","15","[c]","[c]","[c]"
"Leaver CS","2022","HM Prison and Probation Service","Devon CC","Outside London","G6","[c]","[c]","[c]","[c]"
"Leaver CS","2022","HM Prison and Probation Service","Devon CC","Outside London","HEO","[c]","[c]","[c]","[c]"
"Leaver CS","2022","HM Prison and Probation Service","Devon CC","Outside London","SEO","[c]","[c]","[c]","[c]"
"Leaver CS","2022","HM Prison and Probation Service","Devon CC","Outside London","Unknown","15","[c]","[c]","[c]"
"Leaver CS","2022","HM Prison and Probation Service","Dorset","Outside London","AA","15","[c]","[c]","[c]"
"Leaver CS","2022","HM Prison and Probation Service","Dorset","Outside London","AO","70","[c]","[c]","[c]"
"Leaver CS","2022","HM Prison and Probation Service","Dorset","Outside London","EO","15","[c]","[c]","[c]"
"Leaver CS","2022","HM Prison and Probation Service","Dorset","Outside London","HEO","5","[c]","[c]","[c]"
"Leaver CS","2022","HM Prison and Probation Service","Dorset","Outside London","SCS level","[c]","[c]","[c]","[c]"
"Leaver CS","2022","HM Prison and Probation Service","Dorset","Outside London","SEO","[c]","[c]","[c]","[c]"
"Leaver CS","2022","HM Prison and Probation Service","Dorset","Outside London","Unknown","5","[c]","[c]","[c]"
"Leaver CS","2022","HM Prison and Probation Service","Dudley","Outside London","Unknown","[c]","[c]","[c]","[c]"
"Leaver CS","2022","HM Prison and Probation Service","Durham","Outside London","AA","40","[c]","[c]","[c]"
"Leaver CS","2022","HM Prison and Probation Service","Durham","Outside London","AO","120","[c]","[c]","[c]"
"Leaver CS","2022","HM Prison and Probation Service","Durham","Outside London","EO","10","[c]","[c]","[c]"
"Leaver CS","2022","HM Prison and Probation Service","Durham","Outside London","G6","[c]","[c]","[c]","[c]"
"Leaver CS","2022","HM Prison and Probation Service","Durham","Outside London","HEO","5","[c]","[c]","[c]"
"Leaver CS","2022","HM Prison and Probation Service","Durham","Outside London","SCS level","[c]","[c]","[c]","[c]"
"Leaver CS","2022","HM Prison and Probation Service","Durham","Outside London","SEO","10","[c]","[c]","[c]"
"Leaver CS","2022","HM Prison and Probation Service","Durham","Outside London","Unknown","10","[c]","[c]","[c]"
"Leaver CS","2022","HM Prison and Probation Service","Ealing","London","Unknown","10","[c]","[c]","[c]"
"Leaver CS","2022","HM Prison and Probation Service","East Cumbria","Outside London","Unknown","10","[c]","[c]","[c]"
"Leaver CS","2022","HM Prison and Probation Service","East Derbyshire","Outside London","Unknown","10","[c]","[c]","[c]"
"Leaver CS","2022","HM Prison and Probation Service","East Kent","Outside London","Unknown","20","[c]","[c]","[c]"
"Leaver CS","2022","HM Prison and Probation Service","East Lancashire","Outside London","Unknown","10","[c]","[c]","[c]"
"Leaver CS","2022","HM Prison and Probation Service","East Merseyside","Outside London","HEO","[c]","[c]","[c]","[c]"
"Leaver CS","2022","HM Prison and Probation Service","East Merseyside","Outside London","SEO","[c]","[c]","[c]","[c]"
"Leaver CS","2022","HM Prison and Probation Service","East Merseyside","Outside London","Unknown","15","[c]","[c]","[c]"
"Leaver CS","2022","HM Prison and Probation Service","East Riding of Yorkshire","Outside London","AA","30","[c]","[c]","[c]"
"Leaver CS","2022","HM Prison and Probation Service","East Riding of Yorkshire","Outside London","AO","95","[c]","[c]","[c]"
"Leaver CS","2022","HM Prison and Probation Service","East Riding of Yorkshire","Outside London","EO","5","[c]","[c]","[c]"
"Leaver CS","2022","HM Prison and Probation Service","East Riding of Yorkshire","Outside London","HEO","5","[c]","[c]","[c]"
"Leaver CS","2022","HM Prison and Probation Service","East Riding of Yorkshire","Outside London","Unknown","5","[c]","[c]","[c]"
"Leaver CS","2022","HM Prison and Probation Service","East Surrey","Outside London","AA","15","[c]","[c]","[c]"
"Leaver CS","2022","HM Prison and Probation Service","East Surrey","Outside London","AO","45","[c]","[c]","[c]"
"Leaver CS","2022","HM Prison and Probation Service","East Surrey","Outside London","EO","10","[c]","[c]","[c]"
"Leaver CS","2022","HM Prison and Probation Service","East Surrey","Outside London","HEO","[c]","[c]","[c]","[c]"
"Leaver CS","2022","HM Prison and Probation Service","East Surrey","Outside London","Unknown","[c]","[c]","[c]","[c]"
"Leaver CS","2022","HM Prison and Probation Service","East Sussex CC","Outside London","AA","15","[c]","[c]","[c]"
"Leaver CS","2022","HM Prison and Probation Service","East Sussex CC","Outside London","AO","45","[c]","[c]","[c]"
"Leaver CS","2022","HM Prison and Probation Service","East Sussex CC","Outside London","EO","[c]","[c]","[c]","[c]"
"Leaver CS","2022","HM Prison and Probation Service","East Sussex CC","Outside London","HEO","[c]","[c]","[c]","[c]"
"Leaver CS","2022","HM Prison and Probation Service","East Sussex CC","Outside London","Unknown","5","[c]","[c]","[c]"
"Leaver CS","2022","HM Prison and Probation Service","Enfield","London","Unknown","5","[c]","[c]","[c]"
"Leaver CS","2022","HM Prison and Probation Service","Essex Haven Gateway","Outside London","Unknown","15","[c]","[c]","[c]"
"Leaver CS","2022","HM Prison and Probation Service","Essex Thames Gateway","Outside London","Unknown","15","[c]","[c]","[c]"
"Leaver CS","2022","HM Prison and Probation Service","Flintshire and Wrexham","Outside London","AA","20","[c]","[c]","[c]"
"Leaver CS","2022","HM Prison and Probation Service","Flintshire and Wrexham","Outside London","AO","145","[c]","[c]","[c]"
"Leaver CS","2022","HM Prison and Probation Service","Flintshire and Wrexham","Outside London","EO","10","[c]","[c]","[c]"
"Leaver CS","2022","HM Prison and Probation Service","Flintshire and Wrexham","Outside London","HEO","[c]","[c]","[c]","[c]"
"Leaver CS","2022","HM Prison and Probation Service","Flintshire and Wrexham","Outside London","SEO","[c]","[c]","[c]","[c]"
"Leaver CS","2022","HM Prison and Probation Service","Flintshire and Wrexham","Outside London","Unknown","10","[c]","[c]","[c]"
"Leaver CS","2022","HM Prison and Probation Service","Gloucestershire CC","Outside London","Unknown","15","[c]","[c]","[c]"
"Leaver CS","2022","HM Prison and Probation Service","Greater Manchester North East","Outside London","AA","5","[c]","[c]","[c]"
"Leaver CS","2022","HM Prison and Probation Service","Greater Manchester North East","Outside London","AO","10","[c]","[c]","[c]"
"Leaver CS","2022","HM Prison and Probation Service","Greater Manchester North East","Outside London","HEO","[c]","[c]","[c]","[c]"
"Leaver CS","2022","HM Prison and Probation Service","Greater Manchester North East","Outside London","SEO","[c]","[c]","[c]","[c]"
"Leaver CS","2022","HM Prison and Probation Service","Greater Manchester North East","Outside London","Unknown","15","[c]","[c]","[c]"
"Leaver CS","2022","HM Prison and Probation Service","Greater Manchester North West","Outside London","AA","[c]","[c]","[c]","[c]"
"Leaver CS","2022","HM Prison and Probation Service","Greater Manchester North West","Outside London","AO","35","[c]","[c]","[c]"
"Leaver CS","2022","HM Prison and Probation Service","Greater Manchester North West","Outside London","EO","[c]","[c]","[c]","[c]"
"Leaver CS","2022","HM Prison and Probation Service","Greater Manchester North West","Outside London","HEO","[c]","[c]","[c]","[c]"
"Leaver CS","2022","HM Prison and Probation Service","Greater Manchester North West","Outside London","Unknown","5","[c]","[c]","[c]"
"Leaver CS","2022","HM Prison and Probation Service","Greater Manchester South East","Outside London","Unknown","5","[c]","[c]","[c]"
"Leaver CS","2022","HM Prison and Probation Service","Greater Manchester South West","Outside London","AO","[c]","[c]","[c]","[c]"
"Leaver CS","2022","HM Prison and Probation Service","Greater Manchester South West","Outside London","EO","[c]","[c]","[c]","[c]"
"Leaver CS","2022","HM Prison and Probation Service","Greater Manchester South West","Outside London","SCS level","[c]","[c]","[c]","[c]"
"Leaver CS","2022","HM Prison and Probation Service","Greater Manchester South West","Outside London","Unknown","20","[c]","[c]","[c]"
"Leaver CS","2022","HM Prison and Probation Service","Gwent Valleys","Outside London","Unknown","5","[c]","[c]","[c]"
"Leaver CS","2022","HM Prison and Probation Service","Gwynedd","Outside London","Unknown","[c]","[c]","[c]","[c]"
"Leaver CS","2022","HM Prison and Probation Service","Hackney and Newham","London","Unknown","15","[c]","[c]","[c]"
"Leaver CS","2022","HM Prison and Probation Service","Haringey and Islington","London","AA","10","[c]","[c]","[c]"
"Leaver CS","2022","HM Prison and Probation Service","Haringey and Islington","London","AO","55","[c]","[c]","[c]"
"Leaver CS","2022","HM Prison and Probation Service","Haringey and Islington","London","EO","5","[c]","[c]","[c]"
"Leaver CS","2022","HM Prison and Probation Service","Haringey and Islington","London","HEO","[c]","[c]","[c]","[c]"
"Leaver CS","2022","HM Prison and Probation Service","Haringey and Islington","London","SEO","[c]","[c]","[c]","[c]"
"Leaver CS","2022","HM Prison and Probation Service","Haringey and Islington","London","Unknown","20","[c]","[c]","[c]"
"Leaver CS","2022","HM Prison and Probation Service","Harrow and Hillingdon","London","Unknown","[c]","[c]","[c]","[c]"
"Leaver CS","2022","HM Prison and Probation Service","Hartlepool and Stockton-on-Tees","Outside London","AA","15","[c]","[c]","[c]"
"Leaver CS","2022","HM Prison and Probation Service","Hartlepool and Stockton-on-Tees","Outside London","AO","40","[c]","[c]","[c]"
"Leaver CS","2022","HM Prison and Probation Service","Hartlepool and Stockton-on-Tees","Outside London","EO","5","[c]","[c]","[c]"
"Leaver CS","2022","HM Prison and Probation Service","Hartlepool and Stockton-on-Tees","Outside London","HEO","[c]","[c]","[c]","[c]"
"Leaver CS","2022","HM Prison and Probation Service","Hartlepool and Stockton-on-Tees","Outside London","SEO","5","[c]","[c]","[c]"
"Leaver CS","2022","HM Prison and Probation Service","Hartlepool and Stockton-on-Tees","Outside London","Unknown","10","[c]","[c]","[c]"
"Leaver CS","2022","HM Prison and Probation Service","Heart of Essex","Outside London","AA","20","[c]","[c]","[c]"
"Leaver CS","2022","HM Prison and Probation Service","Heart of Essex","Outside London","AO","40","[c]","[c]","[c]"
"Leaver CS","2022","HM Prison and Probation Service","Heart of Essex","Outside London","EO","5","[c]","[c]","[c]"
"Leaver CS","2022","HM Prison and Probation Service","Heart of Essex","Outside London","HEO","[c]","[c]","[c]","[c]"
"Leaver CS","2022","HM Prison and Probation Service","Heart of Essex","Outside London","Unknown","10","[c]","[c]","[c]"
"Leaver CS","2022","HM Prison and Probation Service","Herefordshire, County of","Outside London","Unknown","[c]","[c]","[c]","[c]"
"Leaver CS","2022","HM Prison and Probation Service","Hertfordshire CC","Outside London","AA","10","[c]","[c]","[c]"
"Leaver CS","2022","HM Prison and Probation Service","Hertfordshire CC","Outside London","AO","50","[c]","[c]","[c]"
"Leaver CS","2022","HM Prison and Probation Service","Hertfordshire CC","Outside London","EO","15","[c]","[c]","[c]"
"Leaver CS","2022","HM Prison and Probation Service","Hertfordshire CC","Outside London","G6","[c]","[c]","[c]","[c]"
"Leaver CS","2022","HM Prison and Probation Service","Hertfordshire CC","Outside London","HEO","5","[c]","[c]","[c]"
"Leaver CS","2022","HM Prison and Probation Service","Hertfordshire CC","Outside London","Unknown","15","[c]","[c]","[c]"
"Leaver CS","2022","HM Prison and Probation Service","Hounslow and Richmond upon Thames","London","AA","10","[c]","[c]","[c]"
"Leaver CS","2022","HM Prison and Probation Service","Hounslow and Richmond upon Thames","London","AO","50","[c]","[c]","[c]"
"Leaver CS","2022","HM Prison and Probation Service","Hounslow and Richmond upon Thames","London","EO","15","[c]","[c]","[c]"
"Leaver CS","2022","HM Prison and Probation Service","Hounslow and Richmond upon Thames","London","HEO","[c]","[c]","[c]","[c]"
"Leaver CS","2022","HM Prison and Probation Service","Hounslow and Richmond upon Thames","London","SEO","[c]","[c]","[c]","[c]"
"Leaver CS","2022","HM Prison and Probation Service","Hounslow and Richmond upon Thames","London","Unknown","5","[c]","[c]","[c]"
"Leaver CS","2022","HM Prison and Probation Service","Isle of Anglesey","Outside London","Unknown","[c]","[c]","[c]","[c]"
"Leaver CS","2022","HM Prison and Probation Service","Isle of Wight","Outside London","AA","15","[c]","[c]","[c]"
"Leaver CS","2022","HM Prison and Probation Service","Isle of Wight","Outside London","AO","50","[c]","[c]","[c]"
"Leaver CS","2022","HM Prison and Probation Service","Isle of Wight","Outside London","EO","[c]","[c]","[c]","[c]"
"Leaver CS","2022","HM Prison and Probation Service","Isle of Wight","Outside London","HEO","5","[c]","[c]","[c]"
"Leaver CS","2022","HM Prison and Probation Service","Isle of Wight","Outside London","SEO","[c]","[c]","[c]","[c]"
"Leaver CS","2022","HM Prison and Probation Service","Isle of Wight","Outside London","Unknown","[c]","[c]","[c]","[c]"
"Leaver CS","2022","HM Prison and Probation Service","Kensington & Chelsea and Hammersmith & Fulham","London","AA","10","[c]","[c]","[c]"
"Leaver CS","2022","HM Prison and Probation Service","Kensington & Chelsea and Hammersmith & Fulham","London","AO","55","[c]","[c]","[c]"
"Leaver CS","2022","HM Prison and Probation Service","Kensington & Chelsea and Hammersmith & Fulham","London","EO","[c]","[c]","[c]","[c]"
"Leaver CS","2022","HM Prison and Probation Service","Kensington & Chelsea and Hammersmith & Fulham","London","G6","[c]","[c]","[c]","[c]"
"Leaver CS","2022","HM Prison and Probation Service","Kensington & Chelsea and Hammersmith & Fulham","London","HEO","[c]","[c]","[c]","[c]"
"Leaver CS","2022","HM Prison and Probation Service","Kensington & Chelsea and Hammersmith & Fulham","London","Unknown","30","[c]","[c]","[c]"
"Leaver CS","2022","HM Prison and Probation Service","Kent Thames Gateway","Outside London","AA","35","[c]","[c]","[c]"
"Leaver CS","2022","HM Prison and Probation Service","Kent Thames Gateway","Outside London","AO","95","[c]","[c]","[c]"
"Leaver CS","2022","HM Prison and Probation Service","Kent Thames Gateway","Outside London","EO","10","[c]","[c]","[c]"
"Leaver CS","2022","HM Prison and Probation Service","Kent Thames Gateway","Outside London","HEO","[c]","[c]","[c]","[c]"
"Leaver CS","2022","HM Prison and Probation Service","Kent Thames Gateway","Outside London","SEO","[c]","[c]","[c]","[c]"
"Leaver CS","2022","HM Prison and Probation Service","Kent Thames Gateway","Outside London","Unknown","10","[c]","[c]","[c]"
"Leaver CS","2022","HM Prison and Probation Service","Kingston upon Hull, City of","Outside London","AA","[c]","[c]","[c]","[c]"
"Leaver CS","2022","HM Prison and Probation Service","Kingston upon Hull, City of","Outside London","AO","30","[c]","[c]","[c]"
"Leaver CS","2022","HM Prison and Probation Service","Kingston upon Hull, City of","Outside London","EO","5","[c]","[c]","[c]"
"Leaver CS","2022","HM Prison and Probation Service","Kingston upon Hull, City of","Outside London","G6","[c]","[c]","[c]","[c]"
"Leaver CS","2022","HM Prison and Probation Service","Kingston upon Hull, City of","Outside London","HEO","5","[c]","[c]","[c]"
"Leaver CS","2022","HM Prison and Probation Service","Kingston upon Hull, City of","Outside London","Unknown","15","[c]","[c]","[c]"
"Leaver CS","2022","HM Prison and Probation Service","Lambeth","London","AA","[c]","[c]","[c]","[c]"
"Leaver CS","2022","HM Prison and Probation Service","Lambeth","London","AO","35","[c]","[c]","[c]"
"Leaver CS","2022","HM Prison and Probation Service","Lambeth","London","EO","[c]","[c]","[c]","[c]"
"Leaver CS","2022","HM Prison and Probation Service","Lambeth","London","SEO","[c]","[c]","[c]","[c]"
"Leaver CS","2022","HM Prison and Probation Service","Lambeth","London","Unknown","15","[c]","[c]","[c]"
"Leaver CS","2022","HM Prison and Probation Service","Lancaster and Wyre","Outside London","AA","10","[c]","[c]","[c]"
"Leaver CS","2022","HM Prison and Probation Service","Lancaster and Wyre","Outside London","AO","25","[c]","[c]","[c]"
"Leaver CS","2022","HM Prison and Probation Service","Lancaster and Wyre","Outside London","EO","5","[c]","[c]","[c]"
"Leaver CS","2022","HM Prison and Probation Service","Lancaster and Wyre","Outside London","HEO","[c]","[c]","[c]","[c]"
"Leaver CS","2022","HM Prison and Probation Service","Lancaster and Wyre","Outside London","SEO","[c]","[c]","[c]","[c]"
"Leaver CS","2022","HM Prison and Probation Service","Lancaster and Wyre","Outside London","Unknown","[c]","[c]","[c]","[c]"
"Leaver CS","2022","HM Prison and Probation Service","Leeds","Outside London","AA","55","[c]","[c]","[c]"
"Leaver CS","2022","HM Prison and Probation Service","Leeds","Outside London","AO","130","[c]","[c]","[c]"
"Leaver CS","2022","HM Prison and Probation Service","Leeds","Outside London","EO","15","[c]","[c]","[c]"
"Leaver CS","2022","HM Prison and Probation Service","Leeds","Outside London","HEO","5","[c]","[c]","[c]"
"Leaver CS","2022","HM Prison and Probation Service","Leeds","Outside London","SEO","[c]","[c]","[c]","[c]"
"Leaver CS","2022","HM Prison and Probation Service","Leeds","Outside London","Unknown","35","[c]","[c]","[c]"
"Leaver CS","2022","HM Prison and Probation Service","Leicester","Outside London","AA","10","[c]","[c]","[c]"
"Leaver CS","2022","HM Prison and Probation Service","Leicester","Outside London","AO","25","[c]","[c]","[c]"
"Leaver CS","2022","HM Prison and Probation Service","Leicester","Outside London","EO","[c]","[c]","[c]","[c]"
"Leaver CS","2022","HM Prison and Probation Service","Leicester","Outside London","HEO","[c]","[c]","[c]","[c]"
"Leaver CS","2022","HM Prison and Probation Service","Leicester","Outside London","Unknown","20","[c]","[c]","[c]"
"Leaver CS","2022","HM Prison and Probation Service","Leicestershire CC and Rutland","Outside London","AA","25","[c]","[c]","[c]"
"Leaver CS","2022","HM Prison and Probation Service","Leicestershire CC and Rutland","Outside London","AO","90","[c]","[c]","[c]"
"Leaver CS","2022","HM Prison and Probation Service","Leicestershire CC and Rutland","Outside London","EO","10","[c]","[c]","[c]"
"Leaver CS","2022","HM Prison and Probation Service","Leicestershire CC and Rutland","Outside London","HEO","15","[c]","[c]","[c]"
"Leaver CS","2022","HM Prison and Probation Service","Leicestershire CC and Rutland","Outside London","SEO","5","[c]","[c]","[c]"
"Leaver CS","2022","HM Prison and Probation Service","Leicestershire CC and Rutland","Outside London","Unknown","5","[c]","[c]","[c]"
"Leaver CS","2022","HM Prison and Probation Service","Lewisham and Southwark","London","Unknown","40","[c]","[c]","[c]"
"Leaver CS","2022","HM Prison and Probation Service","Lincolnshire CC","Outside London","AA","20","[c]","[c]","[c]"
"Leaver CS","2022","HM Prison and Probation Service","Lincolnshire CC","Outside London","AO","50","[c]","[c]","[c]"
"Leaver CS","2022","HM Prison and Probation Service","Lincolnshire CC","Outside London","EO","10","[c]","[c]","[c]"
"Leaver CS","2022","HM Prison and Probation Service","Lincolnshire CC","Outside London","HEO","[c]","[c]","[c]","[c]"
"Leaver CS","2022","HM Prison and Probation Service","Lincolnshire CC","Outside London","SEO","[c]","[c]","[c]","[c]"
"Leaver CS","2022","HM Prison and Probation Service","Lincolnshire CC","Outside London","Unknown","15","[c]","[c]","[c]"
"Leaver CS","2022","HM Prison and Probation Service","Liverpool","Outside London","AA","[c]","[c]","[c]","[c]"
"Leaver CS","2022","HM Prison and Probation Service","Liverpool","Outside London","AO","25","[c]","[c]","[c]"
"Leaver CS","2022","HM Prison and Probation Service","Liverpool","Outside London","EO","[c]","[c]","[c]","[c]"
"Leaver CS","2022","HM Prison and Probation Service","Liverpool","Outside London","HEO","[c]","[c]","[c]","[c]"
"Leaver CS","2022","HM Prison and Probation Service","Liverpool","Outside London","Unknown","20","[c]","[c]","[c]"
"Leaver CS","2022","HM Prison and Probation Service","Luton","Outside London","Unknown","20","[c]","[c]","[c]"
"Leaver CS","2022","HM Prison and Probation Service","Manchester","Outside London","AA","10","[c]","[c]","[c]"
"Leaver CS","2022","HM Prison and Probation Service","Manchester","Outside London","AO","45","[c]","[c]","[c]"
"Leaver CS","2022","HM Prison and Probation Service","Manchester","Outside London","EO","5","[c]","[c]","[c]"
"Leaver CS","2022","HM Prison and Probation Service","Manchester","Outside London","G6","[c]","[c]","[c]","[c]"
"Leaver CS","2022","HM Prison and Probation Service","Manchester","Outside London","HEO","[c]","[c]","[c]","[c]"
"Leaver CS","2022","HM Prison and Probation Service","Manchester","Outside London","Unknown","20","[c]","[c]","[c]"
"Leaver CS","2022","HM Prison and Probation Service","Medway","Outside London","AA","20","[c]","[c]","[c]"
"Leaver CS","2022","HM Prison and Probation Service","Medway","Outside London","AO","60","[c]","[c]","[c]"
"Leaver CS","2022","HM Prison and Probation Service","Medway","Outside London","EO","15","[c]","[c]","[c]"
"Leaver CS","2022","HM Prison and Probation Service","Medway","Outside London","HEO","[c]","[c]","[c]","[c]"
"Leaver CS","2022","HM Prison and Probation Service","Medway","Outside London","Unknown","5","[c]","[c]","[c]"
"Leaver CS","2022","HM Prison and Probation Service","Merton, Kingston upon Thames and Sutton","London","Unknown","15","[c]","[c]","[c]"
"Leaver CS","2022","HM Prison and Probation Service","Mid Kent","Outside London","AA","5","[c]","[c]","[c]"
"Leaver CS","2022","HM Prison and Probation Service","Mid Kent","Outside London","AO","30","[c]","[c]","[c]"
"Leaver CS","2022","HM Prison and Probation Service","Mid Kent","Outside London","EO","5","[c]","[c]","[c]"
"Leaver CS","2022","HM Prison and Probation Service","Mid Kent","Outside London","HEO","[c]","[c]","[c]","[c]"
"Leaver CS","2022","HM Prison and Probation Service","Mid Kent","Outside London","SEO","[c]","[c]","[c]","[c]"
"Leaver CS","2022","HM Prison and Probation Service","Mid Kent","Outside London","Unknown","10","[c]","[c]","[c]"
"Leaver CS","2022","HM Prison and Probation Service","Mid Lancashire","Outside London","AA","15","[c]","[c]","[c]"
"Leaver CS","2022","HM Prison and Probation Service","Mid Lancashire","Outside London","AO","30","[c]","[c]","[c]"
"Leaver CS","2022","HM Prison and Probation Service","Mid Lancashire","Outside London","EO","5","[c]","[c]","[c]"
"Leaver CS","2022","HM Prison and Probation Service","Mid Lancashire","Outside London","G6","[c]","[c]","[c]","[c]"
"Leaver CS","2022","HM Prison and Probation Service","Mid Lancashire","Outside London","HEO","[c]","[c]","[c]","[c]"
"Leaver CS","2022","HM Prison and Probation Service","Mid Lancashire","Outside London","SEO","[c]","[c]","[c]","[c]"
"Leaver CS","2022","HM Prison and Probation Service","Mid Lancashire","Outside London","Unknown","20","[c]","[c]","[c]"
"Leaver CS","2022","HM Prison and Probation Service","Milton Keynes","Outside London","AA","30","[c]","[c]","[c]"
"Leaver CS","2022","HM Prison and Probation Service","Milton Keynes","Outside London","AO","90","[c]","[c]","[c]"
"Leaver CS","2022","HM Prison and Probation Service","Milton Keynes","Outside London","EO","20","[c]","[c]","[c]"
"Leaver CS","2022","HM Prison and Probation Service","Milton Keynes","Outside London","HEO","[c]","[c]","[c]","[c]"
"Leaver CS","2022","HM Prison and Probation Service","Milton Keynes","Outside London","SEO","[c]","[c]","[c]","[c]"
"Leaver CS","2022","HM Prison and Probation Service","Milton Keynes","Outside London","Unknown","5","[c]","[c]","[c]"
"Leaver CS","2022","HM Prison and Probation Service","Monmouthshire and Newport","Outside London","AA","5","[c]","[c]","[c]"
"Leaver CS","2022","HM Prison and Probation Service","Monmouthshire and Newport","Outside London","AO","10","[c]","[c]","[c]"
"Leaver CS","2022","HM Prison and Probation Service","Monmouthshire and Newport","Outside London","EO","[c]","[c]","[c]","[c]"
"Leaver CS","2022","HM Prison and Probation Service","Monmouthshire and Newport","Outside London","HEO","[c]","[c]","[c]","[c]"
"Leaver CS","2022","HM Prison and Probation Service","Monmouthshire and Newport","Outside London","SEO","[c]","[c]","[c]","[c]"
"Leaver CS","2022","HM Prison and Probation Service","Monmouthshire and Newport","Outside London","Unknown","15","[c]","[c]","[c]"
"Leaver CS","2022","HM Prison and Probation Service","North and North East Lincolnshire","Outside London","Unknown","5","[c]","[c]","[c]"
"Leaver CS","2022","HM Prison and Probation Service","North and West Norfolk","Outside London","AA","10","[c]","[c]","[c]"
"Leaver CS","2022","HM Prison and Probation Service","North and West Norfolk","Outside London","AO","10","[c]","[c]","[c]"
"Leaver CS","2022","HM Prison and Probation Service","North and West Norfolk","Outside London","EO","[c]","[c]","[c]","[c]"
"Leaver CS","2022","HM Prison and Probation Service","North and West Norfolk","Outside London","HEO","[c]","[c]","[c]","[c]"
"Leaver CS","2022","HM Prison and Probation Service","North and West Norfolk","Outside London","Unknown","[c]","[c]","[c]","[c]"
"Leaver CS","2022","HM Prison and Probation Service","North Hampshire","Outside London","Unknown","10","[c]","[c]","[c]"
"Leaver CS","2022","HM Prison and Probation Service","North Northamptonshire","Outside London","Unknown","5","[c]","[c]","[c]"
"Leaver CS","2022","HM Prison and Probation Service","North Nottinghamshire","Outside London","AA","10","[c]","[c]","[c]"
"Leaver CS","2022","HM Prison and Probation Service","North Nottinghamshire","Outside London","AO","30","[c]","[c]","[c]"
"Leaver CS","2022","HM Prison and Probation Service","North Nottinghamshire","Outside London","EO","5","[c]","[c]","[c]"
"Leaver CS","2022","HM Prison and Probation Service","North Nottinghamshire","Outside London","HEO","[c]","[c]","[c]","[c]"
"Leaver CS","2022","HM Prison and Probation Service","North Nottinghamshire","Outside London","SEO","[c]","[c]","[c]","[c]"
"Leaver CS","2022","HM Prison and Probation Service","North Nottinghamshire","Outside London","Unknown","10","[c]","[c]","[c]"
"Leaver CS","2022","HM Prison and Probation Service","North Yorkshire CC","Outside London","Unknown","10","[c]","[c]","[c]"
"Leaver CS","2022","HM Prison and Probation Service","Northumberland","Outside London","SEO","[c]","[c]","[c]","[c]"
"Leaver CS","2022","HM Prison and Probation Service","Northumberland","Outside London","Unknown","[c]","[c]","[c]","[c]"
"Leaver CS","2022","HM Prison and Probation Service","Norwich and East Norfolk","Outside London","AA","15","[c]","[c]","[c]"
"Leaver CS","2022","HM Prison and Probation Service","Norwich and East Norfolk","Outside London","AO","65","[c]","[c]","[c]"
"Leaver CS","2022","HM Prison and Probation Service","Norwich and East Norfolk","Outside London","EO","5","[c]","[c]","[c]"
"Leaver CS","2022","HM Prison and Probation Service","Norwich and East Norfolk","Outside London","HEO","[c]","[c]","[c]","[c]"
"Leaver CS","2022","HM Prison and Probation Service","Norwich and East Norfolk","Outside London","SEO","[c]","[c]","[c]","[c]"
"Leaver CS","2022","HM Prison and Probation Service","Norwich and East Norfolk","Outside London","Unknown","35","[c]","[c]","[c]"
"Leaver CS","2022","HM Prison and Probation Service","Nottingham","Outside London","AA","5","[c]","[c]","[c]"
"Leaver CS","2022","HM Prison and Probation Service","Nottingham","Outside London","AO","40","[c]","[c]","[c]"
"Leaver CS","2022","HM Prison and Probation Service","Nottingham","Outside London","EO","[c]","[c]","[c]","[c]"
"Leaver CS","2022","HM Prison and Probation Service","Nottingham","Outside London","HEO","[c]","[c]","[c]","[c]"
"Leaver CS","2022","HM Prison and Probation Service","Nottingham","Outside London","SEO","[c]","[c]","[c]","[c]"
"Leaver CS","2022","HM Prison and Probation Service","Nottingham","Outside London","Unknown","15","[c]","[c]","[c]"
"Leaver CS","2022","HM Prison and Probation Service","Oxfordshire CC","Outside London","AA","20","[c]","[c]","[c]"
"Leaver CS","2022","HM Prison and Probation Service","Oxfordshire CC","Outside London","AO","95","[c]","[c]","[c]"
"Leaver CS","2022","HM Prison and Probation Service","Oxfordshire CC","Outside London","EO","15","[c]","[c]","[c]"
"Leaver CS","2022","HM Prison and Probation Service","Oxfordshire CC","Outside London","HEO","5","[c]","[c]","[c]"
"Leaver CS","2022","HM Prison and Probation Service","Oxfordshire CC","Outside London","SEO","[c]","[c]","[c]","[c]"
"Leaver CS","2022","HM Prison and Probation Service","Oxfordshire CC","Outside London","Unknown","30","[c]","[c]","[c]"
"Leaver CS","2022","HM Prison and Probation Service","Peterborough","Outside London","AO","[c]","[c]","[c]","[c]"
"Leaver CS","2022","HM Prison and Probation Service","Peterborough","Outside London","G6","[c]","[c]","[c]","[c]"
"Leaver CS","2022","HM Prison and Probation Service","Peterborough","Outside London","G7","[c]","[c]","[c]","[c]"
"Leaver CS","2022","HM Prison and Probation Service","Peterborough","Outside London","HEO","[c]","[c]","[c]","[c]"
"Leaver CS","2022","HM Prison and Probation Service","Peterborough","Outside London","SEO","[c]","[c]","[c]","[c]"
"Leaver CS","2022","HM Prison and Probation Service","Peterborough","Outside London","Unknown","5","[c]","[c]","[c]"
"Leaver CS","2022","HM Prison and Probation Service","Plymouth","Outside London","Unknown","10","[c]","[c]","[c]"
"Leaver CS","2022","HM Prison and Probation Service","Portsmouth","Outside London","Unknown","10","[c]","[c]","[c]"
"Leaver CS","2022","HM Prison and Probation Service","Powys","Outside London","Unknown","[c]","[c]","[c]","[c]"
"Leaver CS","2022","HM Prison and Probation Service","Redbridge and Waltham Forest","London","Unknown","10","[c]","[c]","[c]"
"Leaver CS","2022","HM Prison and Probation Service","Sandwell","Outside London","Unknown","[c]","[c]","[c]","[c]"
"Leaver CS","2022","HM Prison and Probation Service","Sefton","Outside London","Unknown","10","[c]","[c]","[c]"
"Leaver CS","2022","HM Prison and Probation Service","Sheffield","Outside London","Unknown","30","[c]","[c]","[c]"
"Leaver CS","2022","HM Prison and Probation Service","Shropshire","Outside London","AA","10","[c]","[c]","[c]"
"Leaver CS","2022","HM Prison and Probation Service","Shropshire","Outside London","AO","10","[c]","[c]","[c]"
"Leaver CS","2022","HM Prison and Probation Service","Shropshire","Outside London","EO","[c]","[c]","[c]","[c]"
"Leaver CS","2022","HM Prison and Probation Service","Shropshire","Outside London","HEO","[c]","[c]","[c]","[c]"
"Leaver CS","2022","HM Prison and Probation Service","Shropshire","Outside London","Unknown","5","[c]","[c]","[c]"
"Leaver CS","2022","HM Prison and Probation Service","Somerset CC","Outside London","Unknown","15","[c]","[c]","[c]"
"Leaver CS","2022","HM Prison and Probation Service","South and West Derbyshire","Outside London","AA","10","[c]","[c]","[c]"
"Leaver CS","2022","HM Prison and Probation Service","South and West Derbyshire","Outside London","AO","40","[c]","[c]","[c]"
"Leaver CS","2022","HM Prison and Probation Service","South and West Derbyshire","Outside London","EO","5","[c]","[c]","[c]"
"Leaver CS","2022","HM Prison and Probation Service","South and West Derbyshire","Outside London","G6","[c]","[c]","[c]","[c]"
"Leaver CS","2022","HM Prison and Probation Service","South and West Derbyshire","Outside London","HEO","[c]","[c]","[c]","[c]"
"Leaver CS","2022","HM Prison and Probation Service","South and West Derbyshire","Outside London","Unknown","5","[c]","[c]","[c]"
"Leaver CS","2022","HM Prison and Probation Service","South Hampshire","Outside London","Unknown","5","[c]","[c]","[c]"
"Leaver CS","2022","HM Prison and Probation Service","South Nottinghamshire","Outside London","AA","10","[c]","[c]","[c]"
"Leaver CS","2022","HM Prison and Probation Service","South Nottinghamshire","Outside London","AO","25","[c]","[c]","[c]"
"Leaver CS","2022","HM Prison and Probation Service","South Nottinghamshire","Outside London","EO","5","[c]","[c]","[c]"
"Leaver CS","2022","HM Prison and Probation Service","South Nottinghamshire","Outside London","G6","[c]","[c]","[c]","[c]"
"Leaver CS","2022","HM Prison and Probation Service","South Nottinghamshire","Outside London","HEO","[c]","[c]","[c]","[c]"
"Leaver CS","2022","HM Prison and Probation Service","South Nottinghamshire","Outside London","SEO","[c]","[c]","[c]","[c]"
"Leaver CS","2022","HM Prison and Probation Service","South Nottinghamshire","Outside London","Unknown","5","[c]","[c]","[c]"
"Leaver CS","2022","HM Prison and Probation Service","South Teesside","Outside London","Unknown","5","[c]","[c]","[c]"
"Leaver CS","2022","HM Prison and Probation Service","South West Wales","Outside London","Unknown","10","[c]","[c]","[c]"
"Leaver CS","2022","HM Prison and Probation Service","Southampton","Outside London","Unknown","10","[c]","[c]","[c]"
"Leaver CS","2022","HM Prison and Probation Service","Southend-on-Sea","Outside London","Unknown","5","[c]","[c]","[c]"
"Leaver CS","2022","HM Prison and Probation Service","Staffordshire CC","Outside London","AA","45","[c]","[c]","[c]"
"Leaver CS","2022","HM Prison and Probation Service","Staffordshire CC","Outside London","AO","150","[c]","[c]","[c]"
"Leaver CS","2022","HM Prison and Probation Service","Staffordshire CC","Outside London","EO","15","[c]","[c]","[c]"
"Leaver CS","2022","HM Prison and Probation Service","Staffordshire CC","Outside London","HEO","[c]","[c]","[c]","[c]"
"Leaver CS","2022","HM Prison and Probation Service","Staffordshire CC","Outside London","SEO","[c]","[c]","[c]","[c]"
"Leaver CS","2022","HM Prison and Probation Service","Staffordshire CC","Outside London","Unknown","15","[c]","[c]","[c]"
"Leaver CS","2022","HM Prison and Probation Service","Stoke-on-Trent","Outside London","Unknown","10","[c]","[c]","[c]"
"Leaver CS","2022","HM Prison and Probation Service","Suffolk CC","Outside London","AA","30","[c]","[c]","[c]"
"Leaver CS","2022","HM Prison and Probation Service","Suffolk CC","Outside London","AO","90","[c]","[c]","[c]"
"Leaver CS","2022","HM Prison and Probation Service","Suffolk CC","Outside London","EO","10","[c]","[c]","[c]"
"Leaver CS","2022","HM Prison and Probation Service","Suffolk CC","Outside London","G7","[c]","[c]","[c]","[c]"
"Leaver CS","2022","HM Prison and Probation Service","Suffolk CC","Outside London","HEO","[c]","[c]","[c]","[c]"
"Leaver CS","2022","HM Prison and Probation Service","Suffolk CC","Outside London","SEO","[c]","[c]","[c]","[c]"
"Leaver CS","2022","HM Prison and Probation Service","Suffolk CC","Outside London","Unknown","25","[c]","[c]","[c]"
"Leaver CS","2022","HM Prison and Probation Service","Sunderland","Outside London","Unknown","[c]","[c]","[c]","[c]"
"Leaver CS","2022","HM Prison and Probation Service","Swansea","Outside London","AA","10","[c]","[c]","[c]"
"Leaver CS","2022","HM Prison and Probation Service","Swansea","Outside London","AO","20","[c]","[c]","[c]"
"Leaver CS","2022","HM Prison and Probation Service","Swansea","Outside London","EO","[c]","[c]","[c]","[c]"
"Leaver CS","2022","HM Prison and Probation Service","Swansea","Outside London","HEO","[c]","[c]","[c]","[c]"
"Leaver CS","2022","HM Prison and Probation Service","Swansea","Outside London","Unknown","20","[c]","[c]","[c]"
"Leaver CS","2022","HM Prison and Probation Service","Swindon","Outside London","Unknown","[c]","[c]","[c]","[c]"
"Leaver CS","2022","HM Prison and Probation Service","Telford and Wrekin","Outside London","Unknown","[c]","[c]","[c]","[c]"
"Leaver CS","2022","HM Prison and Probation Service","Torbay","Outside London","Unknown","[c]","[c]","[c]","[c]"
"Leaver CS","2022","HM Prison and Probation Service","Tower Hamlets","London","Unknown","5","[c]","[c]","[c]"
"Leaver CS","2022","HM Prison and Probation Service","Tyneside","Outside London","Unknown","25","[c]","[c]","[c]"
"Leaver CS","2022","HM Prison and Probation Service","Unknown","Unknown","AA","[c]","[c]","[c]","[c]"
"Leaver CS","2022","HM Prison and Probation Service","Unknown","Unknown","AO","[c]","[c]","[c]","[c]"
"Leaver CS","2022","HM Prison and Probation Service","Unknown","Unknown","SEO","[c]","[c]","[c]","[c]"
"Leaver CS","2022","HM Prison and Probation Service","Unknown","Unknown","Unknown","215","[c]","[c]","[c]"
"Leaver CS","2022","HM Prison and Probation Service","Wakefield","Outside London","AA","25","[c]","[c]","[c]"
"Leaver CS","2022","HM Prison and Probation Service","Wakefield","Outside London","AO","55","[c]","[c]","[c]"
"Leaver CS","2022","HM Prison and Probation Service","Wakefield","Outside London","EO","10","[c]","[c]","[c]"
"Leaver CS","2022","HM Prison and Probation Service","Wakefield","Outside London","G6","[c]","[c]","[c]","[c]"
"Leaver CS","2022","HM Prison and Probation Service","Wakefield","Outside London","G7","[c]","[c]","[c]","[c]"
"Leaver CS","2022","HM Prison and Probation Service","Wakefield","Outside London","HEO","5","[c]","[c]","[c]"
"Leaver CS","2022","HM Prison and Probation Service","Wakefield","Outside London","SEO","[c]","[c]","[c]","[c]"
"Leaver CS","2022","HM Prison and Probation Service","Wakefield","Outside London","Unknown","10","[c]","[c]","[c]"
"Leaver CS","2022","HM Prison and Probation Service","Walsall","Outside London","Unknown","5","[c]","[c]","[c]"
"Leaver CS","2022","HM Prison and Probation Service","Wandsworth","London","AA","15","[c]","[c]","[c]"
"Leaver CS","2022","HM Prison and Probation Service","Wandsworth","London","AO","50","[c]","[c]","[c]"
"Leaver CS","2022","HM Prison and Probation Service","Wandsworth","London","EO","10","[c]","[c]","[c]"
"Leaver CS","2022","HM Prison and Probation Service","Wandsworth","London","G7","[c]","[c]","[c]","[c]"
"Leaver CS","2022","HM Prison and Probation Service","Wandsworth","London","HEO","[c]","[c]","[c]","[c]"
"Leaver CS","2022","HM Prison and Probation Service","Wandsworth","London","SEO","[c]","[c]","[c]","[c]"
"Leaver CS","2022","HM Prison and Probation Service","Wandsworth","London","Unknown","10","[c]","[c]","[c]"
"Leaver CS","2022","HM Prison and Probation Service","Warrington","Outside London","AA","20","[c]","[c]","[c]"
"Leaver CS","2022","HM Prison and Probation Service","Warrington","Outside London","AO","30","[c]","[c]","[c]"
"Leaver CS","2022","HM Prison and Probation Service","Warrington","Outside London","EO","5","[c]","[c]","[c]"
"Leaver CS","2022","HM Prison and Probation Service","Warrington","Outside London","HEO","[c]","[c]","[c]","[c]"
"Leaver CS","2022","HM Prison and Probation Service","Warrington","Outside London","Unknown","5","[c]","[c]","[c]"
"Leaver CS","2022","HM Prison and Probation Service","Warwickshire CC","Outside London","EO","[c]","[c]","[c]","[c]"
"Leaver CS","2022","HM Prison and Probation Service","Warwickshire CC","Outside London","G7","[c]","[c]","[c]","[c]"
"Leaver CS","2022","HM Prison and Probation Service","Warwickshire CC","Outside London","SEO","[c]","[c]","[c]","[c]"
"Leaver CS","2022","HM Prison and Probation Service","Warwickshire CC","Outside London","Unknown","15","[c]","[c]","[c]"
"Leaver CS","2022","HM Prison and Probation Service","West Cumbria","Outside London","AA","5","[c]","[c]","[c]"
"Leaver CS","2022","HM Prison and Probation Service","West Cumbria","Outside London","AO","15","[c]","[c]","[c]"
"Leaver CS","2022","HM Prison and Probation Service","West Cumbria","Outside London","EO","[c]","[c]","[c]","[c]"
"Leaver CS","2022","HM Prison and Probation Service","West Cumbria","Outside London","HEO","[c]","[c]","[c]","[c]"
"Leaver CS","2022","HM Prison and Probation Service","West Cumbria","Outside London","Unknown","10","[c]","[c]","[c]"
"Leaver CS","2022","HM Prison and Probation Service","West Essex","Outside London","Unknown","[c]","[c]","[c]","[c]"
"Leaver CS","2022","HM Prison and Probation Service","West Kent","Outside London","Unknown","[c]","[c]","[c]","[c]"
"Leaver CS","2022","HM Prison and Probation Service","West Northamptonshire","Outside London","AA","20","[c]","[c]","[c]"
"Leaver CS","2022","HM Prison and Probation Service","West Northamptonshire","Outside London","AO","40","[c]","[c]","[c]"
"Leaver CS","2022","HM Prison and Probation Service","West Northamptonshire","Outside London","EO","5","[c]","[c]","[c]"
"Leaver CS","2022","HM Prison and Probation Service","West Northamptonshire","Outside London","HEO","[c]","[c]","[c]","[c]"
"Leaver CS","2022","HM Prison and Probation Service","West Northamptonshire","Outside London","SEO","[c]","[c]","[c]","[c]"
"Leaver CS","2022","HM Prison and Probation Service","West Northamptonshire","Outside London","Unknown","5","[c]","[c]","[c]"
"Leaver CS","2022","HM Prison and Probation Service","West Surrey","Outside London","AA","20","[c]","[c]","[c]"
"Leaver CS","2022","HM Prison and Probation Service","West Surrey","Outside London","AO","50","[c]","[c]","[c]"
"Leaver CS","2022","HM Prison and Probation Service","West Surrey","Outside London","EO","5","[c]","[c]","[c]"
"Leaver CS","2022","HM Prison and Probation Service","West Surrey","Outside London","HEO","[c]","[c]","[c]","[c]"
"Leaver CS","2022","HM Prison and Probation Service","West Surrey","Outside London","SEO","[c]","[c]","[c]","[c]"
"Leaver CS","2022","HM Prison and Probation Service","West Surrey","Outside London","Unknown","30","[c]","[c]","[c]"
"Leaver CS","2022","HM Prison and Probation Service","West Sussex (North East)","Outside London","Unknown","[c]","[c]","[c]","[c]"
"Leaver CS","2022","HM Prison and Probation Service","West Sussex (South West)","Outside London","AA","[c]","[c]","[c]","[c]"
"Leaver CS","2022","HM Prison and Probation Service","West Sussex (South West)","Outside London","AO","10","[c]","[c]","[c]"
"Leaver CS","2022","HM Prison and Probation Service","West Sussex (South West)","Outside London","HEO","[c]","[c]","[c]","[c]"
"Leaver CS","2022","HM Prison and Probation Service","West Sussex (South West)","Outside London","Unknown","5","[c]","[c]","[c]"
"Leaver CS","2022","HM Prison and Probation Service","Westminster","London","AA","[c]","[c]","[c]","[c]"
"Leaver CS","2022","HM Prison and Probation Service","Westminster","London","AO","5","[c]","[c]","[c]"
"Leaver CS","2022","HM Prison and Probation Service","Westminster","London","EO","[c]","[c]","[c]","[c]"
"Leaver CS","2022","HM Prison and Probation Service","Westminster","London","G6","[c]","[c]","[c]","[c]"
"Leaver CS","2022","HM Prison and Probation Service","Westminster","London","G7","5","[c]","[c]","[c]"
"Leaver CS","2022","HM Prison and Probation Service","Westminster","London","HEO","[c]","[c]","[c]","[c]"
"Leaver CS","2022","HM Prison and Probation Service","Westminster","London","SCS level","[c]","[c]","[c]","[c]"
"Leaver CS","2022","HM Prison and Probation Service","Westminster","London","SEO","5","[c]","[c]","[c]"
"Leaver CS","2022","HM Prison and Probation Service","Westminster","London","Unknown","[c]","[c]","[c]","[c]"
"Leaver CS","2022","HM Prison and Probation Service","Wiltshire","Outside London","AA","20","[c]","[c]","[c]"
"Leaver CS","2022","HM Prison and Probation Service","Wiltshire","Outside London","AO","35","[c]","[c]","[c]"
"Leaver CS","2022","HM Prison and Probation Service","Wiltshire","Outside London","HEO","[c]","[c]","[c]","[c]"
"Leaver CS","2022","HM Prison and Probation Service","Wiltshire","Outside London","SEO","[c]","[c]","[c]","[c]"
"Leaver CS","2022","HM Prison and Probation Service","Wiltshire","Outside London","Unknown","10","[c]","[c]","[c]"
"Leaver CS","2022","HM Prison and Probation Service","Wirral","Outside London","Unknown","[c]","[c]","[c]","[c]"
"Leaver CS","2022","HM Prison and Probation Service","Wolverhampton","Outside London","Unknown","10","[c]","[c]","[c]"
"Leaver CS","2022","HM Prison and Probation Service","Worcestershire CC","Outside London","AA","10","[c]","[c]","[c]"
"Leaver CS","2022","HM Prison and Probation Service","Worcestershire CC","Outside London","AO","105","[c]","[c]","[c]"
"Leaver CS","2022","HM Prison and Probation Service","Worcestershire CC","Outside London","EO","10","[c]","[c]","[c]"
"Leaver CS","2022","HM Prison and Probation Service","Worcestershire CC","Outside London","HEO","5","[c]","[c]","[c]"
"Leaver CS","2022","HM Prison and Probation Service","Worcestershire CC","Outside London","SEO","[c]","[c]","[c]","[c]"
"Leaver CS","2022","HM Prison and Probation Service","Worcestershire CC","Outside London","Unknown","10","[c]","[c]","[c]"
"Leaver CS","2022","HM Prison and Probation Service","York","Outside London","AA","[c]","[c]","[c]","[c]"
"Leaver CS","2022","HM Prison and Probation Service","York","Outside London","AO","5","[c]","[c]","[c]"
"Leaver CS","2022","HM Prison and Probation Service","York","Outside London","EO","[c]","[c]","[c]","[c]"
"Leaver CS","2022","HM Prison and Probation Service","York","Outside London","SCS level","[c]","[c]","[c]","[c]"
"Leaver CS","2022","HM Prison and Probation Service","York","Outside London","Unknown","15","[c]","[c]","[c]"
"Leaver CS","2022","HM Revenue and Customs (excl. agencies)","Angus and Dundee City","Outside London","AO","100","[c]","[c]","[c]"
"Leaver CS","2022","HM Revenue and Customs (excl. agencies)","Angus and Dundee City","Outside London","EO","20","[c]","[c]","[c]"
"Leaver CS","2022","HM Revenue and Customs (excl. agencies)","Angus and Dundee City","Outside London","G6","[c]","[c]","[c]","[c]"
"Leaver CS","2022","HM Revenue and Customs (excl. agencies)","Angus and Dundee City","Outside London","G7","[c]","[c]","[c]","[c]"
"Leaver CS","2022","HM Revenue and Customs (excl. agencies)","Angus and Dundee City","Outside London","HEO","10","[c]","[c]","[c]"
"Leaver CS","2022","HM Revenue and Customs (excl. agencies)","Angus and Dundee City","Outside London","SEO","[c]","[c]","[c]","[c]"
"Leaver CS","2022","HM Revenue and Customs (excl. agencies)","Belfast","Outside London","AA","[c]","[c]","[c]","[c]"
"Leaver CS","2022","HM Revenue and Customs (excl. agencies)","Belfast","Outside London","AO","65","[c]","[c]","[c]"
"Leaver CS","2022","HM Revenue and Customs (excl. agencies)","Belfast","Outside London","EO","30","[c]","[c]","[c]"
"Leaver CS","2022","HM Revenue and Customs (excl. agencies)","Belfast","Outside London","G6","[c]","[c]","[c]","[c]"
"Leaver CS","2022","HM Revenue and Customs (excl. agencies)","Belfast","Outside London","G7","5","[c]","[c]","[c]"
"Leaver CS","2022","HM Revenue and Customs (excl. agencies)","Belfast","Outside London","HEO","10","[c]","[c]","[c]"
"Leaver CS","2022","HM Revenue and Customs (excl. agencies)","Belfast","Outside London","SEO","5","[c]","[c]","[c]"
"Leaver CS","2022","HM Revenue and Customs (excl. agencies)","Berkshire","Outside London","AO","[c]","[c]","[c]","[c]"
"Leaver CS","2022","HM Revenue and Customs (excl. agencies)","Berkshire","Outside London","EO","[c]","[c]","[c]","[c]"
"Leaver CS","2022","HM Revenue and Customs (excl. agencies)","Berkshire","Outside London","G7","[c]","[c]","[c]","[c]"
"Leaver CS","2022","HM Revenue and Customs (excl. agencies)","Berkshire","Outside London","HEO","5","[c]","[c]","[c]"
"Leaver CS","2022","HM Revenue and Customs (excl. agencies)","Berkshire","Outside London","SEO","[c]","[c]","[c]","[c]"
"Leaver CS","2022","HM Revenue and Customs (excl. agencies)","Birmingham","Outside London","AO","135","[c]","[c]","[c]"
"Leaver CS","2022","HM Revenue and Customs (excl. agencies)","Birmingham","Outside London","EO","50","[c]","[c]","[c]"
"Leaver CS","2022","HM Revenue and Customs (excl. agencies)","Birmingham","Outside London","G6","10","[c]","[c]","[c]"
"Leaver CS","2022","HM Revenue and Customs (excl. agencies)","Birmingham","Outside London","G7","5","[c]","[c]","[c]"
"Leaver CS","2022","HM Revenue and Customs (excl. agencies)","Birmingham","Outside London","HEO","35","[c]","[c]","[c]"
"Leaver CS","2022","HM Revenue and Customs (excl. agencies)","Birmingham","Outside London","SCS level","[c]","[c]","[c]","[c]"
"Leaver CS","2022","HM Revenue and Customs (excl. agencies)","Birmingham","Outside London","SEO","15","[c]","[c]","[c]"
"Leaver CS","2022","HM Revenue and Customs (excl. agencies)","Bradford","Outside London","AA","[c]","[c]","[c]","[c]"
"Leaver CS","2022","HM Revenue and Customs (excl. agencies)","Bradford","Outside London","AO","105","[c]","[c]","[c]"
"Leaver CS","2022","HM Revenue and Customs (excl. agencies)","Bradford","Outside London","EO","35","[c]","[c]","[c]"
"Leaver CS","2022","HM Revenue and Customs (excl. agencies)","Bradford","Outside London","G6","[c]","[c]","[c]","[c]"
"Leaver CS","2022","HM Revenue and Customs (excl. agencies)","Bradford","Outside London","G7","10","[c]","[c]","[c]"
"Leaver CS","2022","HM Revenue and Customs (excl. agencies)","Bradford","Outside London","HEO","5","[c]","[c]","[c]"
"Leaver CS","2022","HM Revenue and Customs (excl. agencies)","Bradford","Outside London","SCS level","[c]","[c]","[c]","[c]"
"Leaver CS","2022","HM Revenue and Customs (excl. agencies)","Bradford","Outside London","SEO","5","[c]","[c]","[c]"
"Leaver CS","2022","HM Revenue and Customs (excl. agencies)","Bristol, City of","Outside London","AO","10","[c]","[c]","[c]"
"Leaver CS","2022","HM Revenue and Customs (excl. agencies)","Bristol, City of","Outside London","EO","20","[c]","[c]","[c]"
"Leaver CS","2022","HM Revenue and Customs (excl. agencies)","Bristol, City of","Outside London","G6","[c]","[c]","[c]","[c]"
"Leaver CS","2022","HM Revenue and Customs (excl. agencies)","Bristol, City of","Outside London","G7","[c]","[c]","[c]","[c]"
"Leaver CS","2022","HM Revenue and Customs (excl. agencies)","Bristol, City of","Outside London","HEO","25","[c]","[c]","[c]"
"Leaver CS","2022","HM Revenue and Customs (excl. agencies)","Bristol, City of","Outside London","SEO","5","[c]","[c]","[c]"
"Leaver CS","2022","HM Revenue and Customs (excl. agencies)","Cardiff and Vale of Glamorgan","Outside London","AA","[c]","[c]","[c]","[c]"
"Leaver CS","2022","HM Revenue and Customs (excl. agencies)","Cardiff and Vale of Glamorgan","Outside London","AO","185","[c]","[c]","[c]"
"Leaver CS","2022","HM Revenue and Customs (excl. agencies)","Cardiff and Vale of Glamorgan","Outside London","EO","75","[c]","[c]","[c]"
"Leaver CS","2022","HM Revenue and Customs (excl. agencies)","Cardiff and Vale of Glamorgan","Outside London","G6","[c]","[c]","[c]","[c]"
"Leaver CS","2022","HM Revenue and Customs (excl. agencies)","Cardiff and Vale of Glamorgan","Outside London","G7","5","[c]","[c]","[c]"
"Leaver CS","2022","HM Revenue and Customs (excl. agencies)","Cardiff and Vale of Glamorgan","Outside London","HEO","30","[c]","[c]","[c]"
"Leaver CS","2022","HM Revenue and Customs (excl. agencies)","Cardiff and Vale of Glamorgan","Outside London","SEO","5","[c]","[c]","[c]"
"Leaver CS","2022","HM Revenue and Customs (excl. agencies)","City of Edinburgh","Outside London","AO","180","[c]","[c]","[c]"
"Leaver CS","2022","HM Revenue and Customs (excl. agencies)","City of Edinburgh","Outside London","EO","15","[c]","[c]","[c]"
"Leaver CS","2022","HM Revenue and Customs (excl. agencies)","City of Edinburgh","Outside London","G6","[c]","[c]","[c]","[c]"
"Leaver CS","2022","HM Revenue and Customs (excl. agencies)","City of Edinburgh","Outside London","G7","5","[c]","[c]","[c]"
"Leaver CS","2022","HM Revenue and Customs (excl. agencies)","City of Edinburgh","Outside London","HEO","20","[c]","[c]","[c]"
"Leaver CS","2022","HM Revenue and Customs (excl. agencies)","City of Edinburgh","Outside London","SEO","5","[c]","[c]","[c]"
"Leaver CS","2022","HM Revenue and Customs (excl. agencies)","Croydon","London","AO","25","[c]","[c]","[c]"
"Leaver CS","2022","HM Revenue and Customs (excl. agencies)","Croydon","London","EO","30","[c]","[c]","[c]"
"Leaver CS","2022","HM Revenue and Customs (excl. agencies)","Croydon","London","G6","10","[c]","[c]","[c]"
"Leaver CS","2022","HM Revenue and Customs (excl. agencies)","Croydon","London","G7","10","[c]","[c]","[c]"
"Leaver CS","2022","HM Revenue and Customs (excl. agencies)","Croydon","London","HEO","30","[c]","[c]","[c]"
"Leaver CS","2022","HM Revenue and Customs (excl. agencies)","Croydon","London","SCS level","[c]","[c]","[c]","[c]"
"Leaver CS","2022","HM Revenue and Customs (excl. agencies)","Croydon","London","SEO","10","[c]","[c]","[c]"
"Leaver CS","2022","HM Revenue and Customs (excl. agencies)","Croydon","London","Unknown","[c]","[c]","[c]","[c]"
"Leaver CS","2022","HM Revenue and Customs (excl. agencies)","Derry City and Strabane","Outside London","AO","[c]","[c]","[c]","[c]"
"Leaver CS","2022","HM Revenue and Customs (excl. agencies)","Derry City and Strabane","Outside London","SEO","[c]","[c]","[c]","[c]"
"Leaver CS","2022","HM Revenue and Customs (excl. agencies)","Durham","Outside London","AO","30","[c]","[c]","[c]"
"Leaver CS","2022","HM Revenue and Customs (excl. agencies)","Durham","Outside London","EO","[c]","[c]","[c]","[c]"
"Leaver CS","2022","HM Revenue and Customs (excl. agencies)","Durham","Outside London","HEO","[c]","[c]","[c]","[c]"
"Leaver CS","2022","HM Revenue and Customs (excl. agencies)","Durham","Outside London","SEO","[c]","[c]","[c]","[c]"
"Leaver CS","2022","HM Revenue and Customs (excl. agencies)","East Kent","Outside London","AO","[c]","[c]","[c]","[c]"
"Leaver CS","2022","HM Revenue and Customs (excl. agencies)","East Kent","Outside London","EO","5","[c]","[c]","[c]"
"Leaver CS","2022","HM Revenue and Customs (excl. agencies)","East Kent","Outside London","HEO","[c]","[c]","[c]","[c]"
"Leaver CS","2022","HM Revenue and Customs (excl. agencies)","East Kent","Outside London","SEO","[c]","[c]","[c]","[c]"
"Leaver CS","2022","HM Revenue and Customs (excl. agencies)","Glasgow City","Outside London","AO","40","[c]","[c]","[c]"
"Leaver CS","2022","HM Revenue and Customs (excl. agencies)","Glasgow City","Outside London","EO","10","[c]","[c]","[c]"
"Leaver CS","2022","HM Revenue and Customs (excl. agencies)","Glasgow City","Outside London","G6","[c]","[c]","[c]","[c]"
"Leaver CS","2022","HM Revenue and Customs (excl. agencies)","Glasgow City","Outside London","G7","[c]","[c]","[c]","[c]"
"Leaver CS","2022","HM Revenue and Customs (excl. agencies)","Glasgow City","Outside London","HEO","15","[c]","[c]","[c]"
"Leaver CS","2022","HM Revenue and Customs (excl. agencies)","Glasgow City","Outside London","SEO","10","[c]","[c]","[c]"
"Leaver CS","2022","HM Revenue and Customs (excl. agencies)","Greater Manchester South West","Outside London","AA","5","[c]","[c]","[c]"
"Leaver CS","2022","HM Revenue and Customs (excl. agencies)","Greater Manchester South West","Outside London","AO","175","[c]","[c]","[c]"
"Leaver CS","2022","HM Revenue and Customs (excl. agencies)","Greater Manchester South West","Outside London","EO","45","[c]","[c]","[c]"
"Leaver CS","2022","HM Revenue and Customs (excl. agencies)","Greater Manchester South West","Outside London","G6","5","[c]","[c]","[c]"
"Leaver CS","2022","HM Revenue and Customs (excl. agencies)","Greater Manchester South West","Outside London","G7","15","[c]","[c]","[c]"
"Leaver CS","2022","HM Revenue and Customs (excl. agencies)","Greater Manchester South West","Outside London","HEO","40","[c]","[c]","[c]"
"Leaver CS","2022","HM Revenue and Customs (excl. agencies)","Greater Manchester South West","Outside London","SCS level","[c]","[c]","[c]","[c]"
"Leaver CS","2022","HM Revenue and Customs (excl. agencies)","Greater Manchester South West","Outside London","SEO","15","[c]","[c]","[c]"
"Leaver CS","2022","HM Revenue and Customs (excl. agencies)","Gwynedd","Outside London","AO","[c]","[c]","[c]","[c]"
"Leaver CS","2022","HM Revenue and Customs (excl. agencies)","Hackney and Newham","London","AO","55","[c]","[c]","[c]"
"Leaver CS","2022","HM Revenue and Customs (excl. agencies)","Hackney and Newham","London","EO","75","[c]","[c]","[c]"
"Leaver CS","2022","HM Revenue and Customs (excl. agencies)","Hackney and Newham","London","G6","10","[c]","[c]","[c]"
"Leaver CS","2022","HM Revenue and Customs (excl. agencies)","Hackney and Newham","London","G7","30","[c]","[c]","[c]"
"Leaver CS","2022","HM Revenue and Customs (excl. agencies)","Hackney and Newham","London","HEO","55","[c]","[c]","[c]"
"Leaver CS","2022","HM Revenue and Customs (excl. agencies)","Hackney and Newham","London","SCS level","5","[c]","[c]","[c]"
"Leaver CS","2022","HM Revenue and Customs (excl. agencies)","Hackney and Newham","London","SEO","25","[c]","[c]","[c]"
"Leaver CS","2022","HM Revenue and Customs (excl. agencies)","Harrow and Hillingdon","London","AO","[c]","[c]","[c]","[c]"
"Leaver CS","2022","HM Revenue and Customs (excl. agencies)","Harrow and Hillingdon","London","EO","[c]","[c]","[c]","[c]"
"Leaver CS","2022","HM Revenue and Customs (excl. agencies)","Leeds","Outside London","AO","90","[c]","[c]","[c]"
"Leaver CS","2022","HM Revenue and Customs (excl. agencies)","Leeds","Outside London","EO","60","[c]","[c]","[c]"
"Leaver CS","2022","HM Revenue and Customs (excl. agencies)","Leeds","Outside London","G6","5","[c]","[c]","[c]"
"Leaver CS","2022","HM Revenue and Customs (excl. agencies)","Leeds","Outside London","G7","10","[c]","[c]","[c]"
"Leaver CS","2022","HM Revenue and Customs (excl. agencies)","Leeds","Outside London","HEO","30","[c]","[c]","[c]"
"Leaver CS","2022","HM Revenue and Customs (excl. agencies)","Leeds","Outside London","SCS level","[c]","[c]","[c]","[c]"
"Leaver CS","2022","HM Revenue and Customs (excl. agencies)","Leeds","Outside London","SEO","10","[c]","[c]","[c]"
"Leaver CS","2022","HM Revenue and Customs (excl. agencies)","Leicester","Outside London","AA","[c]","[c]","[c]","[c]"
"Leaver CS","2022","HM Revenue and Customs (excl. agencies)","Leicester","Outside London","AO","100","[c]","[c]","[c]"
"Leaver CS","2022","HM Revenue and Customs (excl. agencies)","Leicester","Outside London","EO","30","[c]","[c]","[c]"
"Leaver CS","2022","HM Revenue and Customs (excl. agencies)","Leicester","Outside London","G7","[c]","[c]","[c]","[c]"
"Leaver CS","2022","HM Revenue and Customs (excl. agencies)","Leicester","Outside London","HEO","15","[c]","[c]","[c]"
"Leaver CS","2022","HM Revenue and Customs (excl. agencies)","Leicester","Outside London","SEO","5","[c]","[c]","[c]"
"Leaver CS","2022","HM Revenue and Customs (excl. agencies)","Lincolnshire CC","Outside London","AO","[c]","[c]","[c]","[c]"
"Leaver CS","2022","HM Revenue and Customs (excl. agencies)","Liverpool","Outside London","AA","5","[c]","[c]","[c]"
"Leaver CS","2022","HM Revenue and Customs (excl. agencies)","Liverpool","Outside London","AO","135","[c]","[c]","[c]"
"Leaver CS","2022","HM Revenue and Customs (excl. agencies)","Liverpool","Outside London","EO","20","[c]","[c]","[c]"
"Leaver CS","2022","HM Revenue and Customs (excl. agencies)","Liverpool","Outside London","G6","5","[c]","[c]","[c]"
"Leaver CS","2022","HM Revenue and Customs (excl. agencies)","Liverpool","Outside London","G7","10","[c]","[c]","[c]"
"Leaver CS","2022","HM Revenue and Customs (excl. agencies)","Liverpool","Outside London","HEO","15","[c]","[c]","[c]"
"Leaver CS","2022","HM Revenue and Customs (excl. agencies)","Liverpool","Outside London","SEO","10","[c]","[c]","[c]"
"Leaver CS","2022","HM Revenue and Customs (excl. agencies)","Luton","Outside London","AO","[c]","[c]","[c]","[c]"
"Leaver CS","2022","HM Revenue and Customs (excl. agencies)","Manchester","Outside London","AA","[c]","[c]","[c]","[c]"
"Leaver CS","2022","HM Revenue and Customs (excl. agencies)","Manchester","Outside London","AO","20","[c]","[c]","[c]"
"Leaver CS","2022","HM Revenue and Customs (excl. agencies)","Manchester","Outside London","EO","15","[c]","[c]","[c]"
"Leaver CS","2022","HM Revenue and Customs (excl. agencies)","Manchester","Outside London","G6","[c]","[c]","[c]","[c]"
"Leaver CS","2022","HM Revenue and Customs (excl. agencies)","Manchester","Outside London","G7","[c]","[c]","[c]","[c]"
"Leaver CS","2022","HM Revenue and Customs (excl. agencies)","Manchester","Outside London","HEO","25","[c]","[c]","[c]"
"Leaver CS","2022","HM Revenue and Customs (excl. agencies)","Manchester","Outside London","SCS level","[c]","[c]","[c]","[c]"
"Leaver CS","2022","HM Revenue and Customs (excl. agencies)","Manchester","Outside London","SEO","10","[c]","[c]","[c]"
"Leaver CS","2022","HM Revenue and Customs (excl. agencies)","Mid Lancashire","Outside London","AA","5","[c]","[c]","[c]"
"Leaver CS","2022","HM Revenue and Customs (excl. agencies)","Mid Lancashire","Outside London","AO","80","[c]","[c]","[c]"
"Leaver CS","2022","HM Revenue and Customs (excl. agencies)","Mid Lancashire","Outside London","EO","15","[c]","[c]","[c]"
"Leaver CS","2022","HM Revenue and Customs (excl. agencies)","Mid Lancashire","Outside London","G6","[c]","[c]","[c]","[c]"
"Leaver CS","2022","HM Revenue and Customs (excl. agencies)","Mid Lancashire","Outside London","G7","[c]","[c]","[c]","[c]"
"Leaver CS","2022","HM Revenue and Customs (excl. agencies)","Mid Lancashire","Outside London","HEO","[c]","[c]","[c]","[c]"
"Leaver CS","2022","HM Revenue and Customs (excl. agencies)","Mid Lancashire","Outside London","SEO","[c]","[c]","[c]","[c]"
"Leaver CS","2022","HM Revenue and Customs (excl. agencies)","Milton Keynes","Outside London","AO","10","[c]","[c]","[c]"
"Leaver CS","2022","HM Revenue and Customs (excl. agencies)","Milton Keynes","Outside London","EO","[c]","[c]","[c]","[c]"
"Leaver CS","2022","HM Revenue and Customs (excl. agencies)","North Lanarkshire","Outside London","AA","10","[c]","[c]","[c]"
"Leaver CS","2022","HM Revenue and Customs (excl. agencies)","North Lanarkshire","Outside London","AO","90","[c]","[c]","[c]"
"Leaver CS","2022","HM Revenue and Customs (excl. agencies)","North Lanarkshire","Outside London","EO","20","[c]","[c]","[c]"
"Leaver CS","2022","HM Revenue and Customs (excl. agencies)","North Lanarkshire","Outside London","G6","[c]","[c]","[c]","[c]"
"Leaver CS","2022","HM Revenue and Customs (excl. agencies)","North Lanarkshire","Outside London","G7","[c]","[c]","[c]","[c]"
"Leaver CS","2022","HM Revenue and Customs (excl. agencies)","North Lanarkshire","Outside London","HEO","5","[c]","[c]","[c]"
"Leaver CS","2022","HM Revenue and Customs (excl. agencies)","North Lanarkshire","Outside London","SCS level","[c]","[c]","[c]","[c]"
"Leaver CS","2022","HM Revenue and Customs (excl. agencies)","North Lanarkshire","Outside London","SEO","[c]","[c]","[c]","[c]"
"Leaver CS","2022","HM Revenue and Customs (excl. agencies)","Nottingham","Outside London","AO","45","[c]","[c]","[c]"
"Leaver CS","2022","HM Revenue and Customs (excl. agencies)","Nottingham","Outside London","EO","70","[c]","[c]","[c]"
"Leaver CS","2022","HM Revenue and Customs (excl. agencies)","Nottingham","Outside London","G6","5","[c]","[c]","[c]"
"Leaver CS","2022","HM Revenue and Customs (excl. agencies)","Nottingham","Outside London","G7","20","[c]","[c]","[c]"
"Leaver CS","2022","HM Revenue and Customs (excl. agencies)","Nottingham","Outside London","HEO","30","[c]","[c]","[c]"
"Leaver CS","2022","HM Revenue and Customs (excl. agencies)","Nottingham","Outside London","SCS level","[c]","[c]","[c]","[c]"
"Leaver CS","2022","HM Revenue and Customs (excl. agencies)","Nottingham","Outside London","SEO","20","[c]","[c]","[c]"
"Leaver CS","2022","HM Revenue and Customs (excl. agencies)","Portsmouth","Outside London","AA","[c]","[c]","[c]","[c]"
"Leaver CS","2022","HM Revenue and Customs (excl. agencies)","Portsmouth","Outside London","AO","70","[c]","[c]","[c]"
"Leaver CS","2022","HM Revenue and Customs (excl. agencies)","Portsmouth","Outside London","EO","15","[c]","[c]","[c]"
"Leaver CS","2022","HM Revenue and Customs (excl. agencies)","Portsmouth","Outside London","G6","[c]","[c]","[c]","[c]"
"Leaver CS","2022","HM Revenue and Customs (excl. agencies)","Portsmouth","Outside London","G7","5","[c]","[c]","[c]"
"Leaver CS","2022","HM Revenue and Customs (excl. agencies)","Portsmouth","Outside London","HEO","15","[c]","[c]","[c]"
"Leaver CS","2022","HM Revenue and Customs (excl. agencies)","Portsmouth","Outside London","SCS level","[c]","[c]","[c]","[c]"
"Leaver CS","2022","HM Revenue and Customs (excl. agencies)","Portsmouth","Outside London","SEO","[c]","[c]","[c]","[c]"
"Leaver CS","2022","HM Revenue and Customs (excl. agencies)","Sefton","Outside London","AA","[c]","[c]","[c]","[c]"
"Leaver CS","2022","HM Revenue and Customs (excl. agencies)","Sefton","Outside London","AO","60","[c]","[c]","[c]"
"Leaver CS","2022","HM Revenue and Customs (excl. agencies)","Sefton","Outside London","EO","35","[c]","[c]","[c]"
"Leaver CS","2022","HM Revenue and Customs (excl. agencies)","Sefton","Outside London","G6","[c]","[c]","[c]","[c]"
"Leaver CS","2022","HM Revenue and Customs (excl. agencies)","Sefton","Outside London","G7","5","[c]","[c]","[c]"
"Leaver CS","2022","HM Revenue and Customs (excl. agencies)","Sefton","Outside London","HEO","10","[c]","[c]","[c]"
"Leaver CS","2022","HM Revenue and Customs (excl. agencies)","Sefton","Outside London","SEO","5","[c]","[c]","[c]"
"Leaver CS","2022","HM Revenue and Customs (excl. agencies)","South Lanarkshire","Outside London","AA","5","[c]","[c]","[c]"
"Leaver CS","2022","HM Revenue and Customs (excl. agencies)","South Lanarkshire","Outside London","AO","160","[c]","[c]","[c]"
"Leaver CS","2022","HM Revenue and Customs (excl. agencies)","South Lanarkshire","Outside London","EO","25","[c]","[c]","[c]"
"Leaver CS","2022","HM Revenue and Customs (excl. agencies)","South Lanarkshire","Outside London","G7","[c]","[c]","[c]","[c]"
"Leaver CS","2022","HM Revenue and Customs (excl. agencies)","South Lanarkshire","Outside London","HEO","10","[c]","[c]","[c]"
"Leaver CS","2022","HM Revenue and Customs (excl. agencies)","South Lanarkshire","Outside London","SEO","5","[c]","[c]","[c]"
"Leaver CS","2022","HM Revenue and Customs (excl. agencies)","Southend-on-Sea","Outside London","AA","[c]","[c]","[c]","[c]"
"Leaver CS","2022","HM Revenue and Customs (excl. agencies)","Southend-on-Sea","Outside London","AO","10","[c]","[c]","[c]"
"Leaver CS","2022","HM Revenue and Customs (excl. agencies)","Southend-on-Sea","Outside London","EO","10","[c]","[c]","[c]"
"Leaver CS","2022","HM Revenue and Customs (excl. agencies)","Southend-on-Sea","Outside London","G6","[c]","[c]","[c]","[c]"
"Leaver CS","2022","HM Revenue and Customs (excl. agencies)","Southend-on-Sea","Outside London","G7","5","[c]","[c]","[c]"
"Leaver CS","2022","HM Revenue and Customs (excl. agencies)","Southend-on-Sea","Outside London","HEO","15","[c]","[c]","[c]"
"Leaver CS","2022","HM Revenue and Customs (excl. agencies)","Southend-on-Sea","Outside London","SCS level","[c]","[c]","[c]","[c]"
"Leaver CS","2022","HM Revenue and Customs (excl. agencies)","Southend-on-Sea","Outside London","SEO","15","[c]","[c]","[c]"
"Leaver CS","2022","HM Revenue and Customs (excl. agencies)","Suffolk CC","Outside London","AO","10","[c]","[c]","[c]"
"Leaver CS","2022","HM Revenue and Customs (excl. agencies)","Suffolk CC","Outside London","EO","10","[c]","[c]","[c]"
"Leaver CS","2022","HM Revenue and Customs (excl. agencies)","Suffolk CC","Outside London","G7","[c]","[c]","[c]","[c]"
"Leaver CS","2022","HM Revenue and Customs (excl. agencies)","Suffolk CC","Outside London","HEO","10","[c]","[c]","[c]"
"Leaver CS","2022","HM Revenue and Customs (excl. agencies)","Sunderland","Outside London","AA","25","[c]","[c]","[c]"
"Leaver CS","2022","HM Revenue and Customs (excl. agencies)","Sunderland","Outside London","AO","175","[c]","[c]","[c]"
"Leaver CS","2022","HM Revenue and Customs (excl. agencies)","Sunderland","Outside London","EO","25","[c]","[c]","[c]"
"Leaver CS","2022","HM Revenue and Customs (excl. agencies)","Sunderland","Outside London","G7","[c]","[c]","[c]","[c]"
"Leaver CS","2022","HM Revenue and Customs (excl. agencies)","Sunderland","Outside London","HEO","5","[c]","[c]","[c]"
"Leaver CS","2022","HM Revenue and Customs (excl. agencies)","Sunderland","Outside London","SEO","5","[c]","[c]","[c]"
"Leaver CS","2022","HM Revenue and Customs (excl. agencies)","Telford and Wrekin","Outside London","AA","[c]","[c]","[c]","[c]"
"Leaver CS","2022","HM Revenue and Customs (excl. agencies)","Telford and Wrekin","Outside London","AO","[c]","[c]","[c]","[c]"
"Leaver CS","2022","HM Revenue and Customs (excl. agencies)","Telford and Wrekin","Outside London","EO","10","[c]","[c]","[c]"
"Leaver CS","2022","HM Revenue and Customs (excl. agencies)","Telford and Wrekin","Outside London","G6","10","[c]","[c]","[c]"
"Leaver CS","2022","HM Revenue and Customs (excl. agencies)","Telford and Wrekin","Outside London","G7","5","[c]","[c]","[c]"
"Leaver CS","2022","HM Revenue and Customs (excl. agencies)","Telford and Wrekin","Outside London","HEO","15","[c]","[c]","[c]"
"Leaver CS","2022","HM Revenue and Customs (excl. agencies)","Telford and Wrekin","Outside London","SCS level","[c]","[c]","[c]","[c]"
"Leaver CS","2022","HM Revenue and Customs (excl. agencies)","Telford and Wrekin","Outside London","SEO","10","[c]","[c]","[c]"
"Leaver CS","2022","HM Revenue and Customs (excl. agencies)","Tower Hamlets","London","AO","5","[c]","[c]","[c]"
"Leaver CS","2022","HM Revenue and Customs (excl. agencies)","Tower Hamlets","London","EO","10","[c]","[c]","[c]"
"Leaver CS","2022","HM Revenue and Customs (excl. agencies)","Tower Hamlets","London","G6","5","[c]","[c]","[c]"
"Leaver CS","2022","HM Revenue and Customs (excl. agencies)","Tower Hamlets","London","G7","5","[c]","[c]","[c]"
"Leaver CS","2022","HM Revenue and Customs (excl. agencies)","Tower Hamlets","London","HEO","[c]","[c]","[c]","[c]"
"Leaver CS","2022","HM Revenue and Customs (excl. agencies)","Tower Hamlets","London","SCS level","5","[c]","[c]","[c]"
"Leaver CS","2022","HM Revenue and Customs (excl. agencies)","Tower Hamlets","London","SEO","10","[c]","[c]","[c]"
"Leaver CS","2022","HM Revenue and Customs (excl. agencies)","Tower Hamlets","London","Unknown","[c]","[c]","[c]","[c]"
"Leaver CS","2022","HM Revenue and Customs (excl. agencies)","Tyneside","Outside London","AA","30","[c]","[c]","[c]"
"Leaver CS","2022","HM Revenue and Customs (excl. agencies)","Tyneside","Outside London","AO","315","[c]","[c]","[c]"
"Leaver CS","2022","HM Revenue and Customs (excl. agencies)","Tyneside","Outside London","EO","100","[c]","[c]","[c]"
"Leaver CS","2022","HM Revenue and Customs (excl. agencies)","Tyneside","Outside London","G6","5","[c]","[c]","[c]"
"Leaver CS","2022","HM Revenue and Customs (excl. agencies)","Tyneside","Outside London","G7","15","[c]","[c]","[c]"
"Leaver CS","2022","HM Revenue and Customs (excl. agencies)","Tyneside","Outside London","HEO","55","[c]","[c]","[c]"
"Leaver CS","2022","HM Revenue and Customs (excl. agencies)","Tyneside","Outside London","SCS level","[c]","[c]","[c]","[c]"
"Leaver CS","2022","HM Revenue and Customs (excl. agencies)","Tyneside","Outside London","SEO","20","[c]","[c]","[c]"
"Leaver CS","2022","HM Revenue and Customs (excl. agencies)","Unknown","Unknown","AO","10","[c]","[c]","[c]"
"Leaver CS","2022","HM Revenue and Customs (excl. agencies)","Unknown","Unknown","SEO","[c]","[c]","[c]","[c]"
"Leaver CS","2022","HM Revenue and Customs (excl. agencies)","West Lothian","Outside London","G7","[c]","[c]","[c]","[c]"
"Leaver CS","2022","HM Revenue and Customs (excl. agencies)","West Sussex (South West)","Outside London","AO","10","[c]","[c]","[c]"
"Leaver CS","2022","HM Revenue and Customs (excl. agencies)","West Sussex (South West)","Outside London","EO","10","[c]","[c]","[c]"
"Leaver CS","2022","HM Revenue and Customs (excl. agencies)","West Sussex (South West)","Outside London","G7","[c]","[c]","[c]","[c]"
"Leaver CS","2022","HM Revenue and Customs (excl. agencies)","West Sussex (South West)","Outside London","HEO","5","[c]","[c]","[c]"
"Leaver CS","2022","HM Revenue and Customs (excl. agencies)","West Sussex (South West)","Outside London","SCS level","[c]","[c]","[c]","[c]"
"Leaver CS","2022","HM Revenue and Customs (excl. agencies)","West Sussex (South West)","Outside London","SEO","[c]","[c]","[c]","[c]"
"Leaver CS","2022","HM Revenue and Customs (excl. agencies)","Westminster","London","AO","5","[c]","[c]","[c]"
"Leaver CS","2022","HM Revenue and Customs (excl. agencies)","Westminster","London","EO","5","[c]","[c]","[c]"
"Leaver CS","2022","HM Revenue and Customs (excl. agencies)","Westminster","London","G6","5","[c]","[c]","[c]"
"Leaver CS","2022","HM Revenue and Customs (excl. agencies)","Westminster","London","G7","15","[c]","[c]","[c]"
"Leaver CS","2022","HM Revenue and Customs (excl. agencies)","Westminster","London","HEO","10","[c]","[c]","[c]"
"Leaver CS","2022","HM Revenue and Customs (excl. agencies)","Westminster","London","SCS level","5","[c]","[c]","[c]"
"Leaver CS","2022","HM Revenue and Customs (excl. agencies)","Westminster","London","SEO","10","[c]","[c]","[c]"
"Leaver CS","2022","HM Revenue and Customs (excl. agencies)","Westminster","London","Unknown","[c]","[c]","[c]","[c]"
"Leaver CS","2022","HM Treasury (excl. agencies)","Darlington","Outside London","AO","[c]","[c]","[c]","[c]"
"Leaver CS","2022","HM Treasury (excl. agencies)","Darlington","Outside London","EO","[c]","[c]","[c]","[c]"
"Leaver CS","2022","HM Treasury (excl. agencies)","Norwich and East Norfolk","Outside London","AO","[c]","[c]","[c]","[c]"
"Leaver CS","2022","HM Treasury (excl. agencies)","Westminster","London","AO","40","[c]","[c]","[c]"
"Leaver CS","2022","HM Treasury (excl. agencies)","Westminster","London","EO","20","[c]","[c]","[c]"
"Leaver CS","2022","HM Treasury (excl. agencies)","Westminster","London","G6","25","[c]","[c]","[c]"
"Leaver CS","2022","HM Treasury (excl. agencies)","Westminster","London","G7","30","[c]","[c]","[c]"
"Leaver CS","2022","HM Treasury (excl. agencies)","Westminster","London","HEO","60","[c]","[c]","[c]"
"Leaver CS","2022","HM Treasury (excl. agencies)","Westminster","London","SCS level","5","[c]","[c]","[c]"
"Leaver CS","2022","Home Office","Aberdeen City and Aberdeenshire","Outside London","EO","5","[c]","[c]","[c]"
"Leaver CS","2022","Home Office","Aberdeen City and Aberdeenshire","Outside London","HEO","[c]","[c]","[c]","[c]"
"Leaver CS","2022","Home Office","Barnet","London","EO","[c]","[c]","[c]","[c]"
"Leaver CS","2022","Home Office","Barnet","London","HEO","[c]","[c]","[c]","[c]"
"Leaver CS","2022","Home Office","Barnet","London","SEO","[c]","[c]","[c]","[c]"
"Leaver CS","2022","Home Office","Barnsley, Doncaster and Rotherham","Outside London","AO","[c]","[c]","[c]","[c]"
"Leaver CS","2022","Home Office","Barnsley, Doncaster and Rotherham","Outside London","EO","[c]","[c]","[c]","[c]"
"Leaver CS","2022","Home Office","Bath and North East Somerset, North Somerset and South Gloucestershire","Outside London","EO","5","[c]","[c]","[c]"
"Leaver CS","2022","Home Office","Bedford","Outside London","AO","[c]","[c]","[c]","[c]"
"Leaver CS","2022","Home Office","Bedford","Outside London","EO","5","[c]","[c]","[c]"
"Leaver CS","2022","Home Office","Bedford","Outside London","G7","[c]","[c]","[c]","[c]"
"Leaver CS","2022","Home Office","Bedford","Outside London","HEO","[c]","[c]","[c]","[c]"
"Leaver CS","2022","Home Office","Bedford","Outside London","SEO","[c]","[c]","[c]","[c]"
"Leaver CS","2022","Home Office","Belfast","Outside London","AA","[c]","[c]","[c]","[c]"
"Leaver CS","2022","Home Office","Belfast","Outside London","AO","25","[c]","21600","21680"
"Leaver CS","2022","Home Office","Belfast","Outside London","EO","10","[c]","25100","24890"
"Leaver CS","2022","Home Office","Belfast","Outside London","HEO","5","[c]","[c]","[c]"
"Leaver CS","2022","Home Office","Berkshire","Outside London","AO","[c]","[c]","[c]","[c]"
"Leaver CS","2022","Home Office","Birmingham","Outside London","EO","10","[c]","25350","24890"
"Leaver CS","2022","Home Office","Birmingham","Outside London","HEO","[c]","[c]","[c]","[c]"
"Leaver CS","2022","Home Office","Bournemouth, Christchurch and Poole","Outside London","EO","[c]","[c]","[c]","[c]"
"Leaver CS","2022","Home Office","Bournemouth, Christchurch and Poole","Outside London","HEO","[c]","[c]","[c]","[c]"
"Leaver CS","2022","Home Office","Bournemouth, Christchurch and Poole","Outside London","SEO","[c]","[c]","[c]","[c]"
"Leaver CS","2022","Home Office","Breckland and South Norfolk","Outside London","EO","[c]","[c]","[c]","[c]"
"Leaver CS","2022","Home Office","Camden and City of London","London","AA","[c]","[c]","[c]","[c]"
"Leaver CS","2022","Home Office","Camden and City of London","London","EO","10","[c]","[c]","[c]"
"Leaver CS","2022","Home Office","Camden and City of London","London","G6","[c]","[c]","[c]","[c]"
"Leaver CS","2022","Home Office","Camden and City of London","London","HEO","[c]","[c]","[c]","[c]"
"Leaver CS","2022","Home Office","Camden and City of London","London","SEO","[c]","[c]","[c]","[c]"
"Leaver CS","2022","Home Office","Cardiff and Vale of Glamorgan","Outside London","AO","[c]","[c]","[c]","[c]"
"Leaver CS","2022","Home Office","Cardiff and Vale of Glamorgan","Outside London","EO","10","[c]","26970","24920"
"Leaver CS","2022","Home Office","Cardiff and Vale of Glamorgan","Outside London","G7","[c]","[c]","[c]","[c]"
"Leaver CS","2022","Home Office","Cardiff and Vale of Glamorgan","Outside London","HEO","[c]","[c]","[c]","[c]"
"Leaver CS","2022","Home Office","Cardiff and Vale of Glamorgan","Outside London","SEO","[c]","[c]","[c]","[c]"
"Leaver CS","2022","Home Office","Cheshire East","Outside London","SEO","[c]","[c]","[c]","[c]"
"Leaver CS","2022","Home Office","Cheshire West and Chester","Outside London","G7","[c]","[c]","[c]","[c]"
"Leaver CS","2022","Home Office","City of Edinburgh","Outside London","AO","[c]","[c]","[c]","[c]"
"Leaver CS","2022","Home Office","City of Edinburgh","Outside London","EO","5","[c]","[c]","[c]"
"Leaver CS","2022","Home Office","Croydon","London","AA","25","[c]","22340","22460"
"Leaver CS","2022","Home Office","Croydon","London","AO","45","[c]","25630","25630"
"Leaver CS","2022","Home Office","Croydon","London","EO","90","[c]","29000","28810"
"Leaver CS","2022","Home Office","Croydon","London","G6","20","[c]","71840","69260"
"Leaver CS","2022","Home Office","Croydon","London","G7","35","[c]","59490","59430"
"Leaver CS","2022","Home Office","Croydon","London","HEO","65","[c]","35950","35200"
"Leaver CS","2022","Home Office","Croydon","London","SCS level","[c]","[c]","[c]","[c]"
"Leaver CS","2022","Home Office","Croydon","London","SEO","45","[c]","43900","44080"
"Leaver CS","2022","Home Office","Darlington","Outside London","HEO","[c]","[c]","[c]","[c]"
"Leaver CS","2022","Home Office","Devon CC","Outside London","EO","[c]","[c]","[c]","[c]"
"Leaver CS","2022","Home Office","Devon CC","Outside London","SEO","[c]","[c]","[c]","[c]"
"Leaver CS","2022","Home Office","Durham","Outside London","AA","5","[c]","[c]","[c]"
"Leaver CS","2022","Home Office","Durham","Outside London","AO","35","[c]","21610","21680"
"Leaver CS","2022","Home Office","Durham","Outside London","EO","10","[c]","25360","25310"
"Leaver CS","2022","Home Office","Durham","Outside London","HEO","[c]","[c]","[c]","[c]"
"Leaver CS","2022","Home Office","Durham","Outside London","SEO","[c]","[c]","[c]","[c]"
"Leaver CS","2022","Home Office","East Kent","Outside London","AO","20","[c]","21770","21680"
"Leaver CS","2022","Home Office","East Kent","Outside London","EO","60","[c]","27720","27370"
"Leaver CS","2022","Home Office","East Kent","Outside London","G6","[c]","[c]","[c]","[c]"
"Leaver CS","2022","Home Office","East Kent","Outside London","HEO","10","[c]","[c]","[c]"
"Leaver CS","2022","Home Office","East Kent","Outside London","SCS level","[c]","[c]","[c]","[c]"
"Leaver CS","2022","Home Office","East Kent","Outside London","SEO","[c]","[c]","[c]","[c]"
"Leaver CS","2022","Home Office","East Lothian and Midlothian","Outside London","G6","[c]","[c]","[c]","[c]"
"Leaver CS","2022","Home Office","East Sussex CC","Outside London","EO","[c]","[c]","[c]","[c]"
"Leaver CS","2022","Home Office","Essex Haven Gateway","Outside London","AO","[c]","[c]","[c]","[c]"
"Leaver CS","2022","Home Office","Essex Haven Gateway","Outside London","EO","5","[c]","[c]","[c]"
"Leaver CS","2022","Home Office","Essex Thames Gateway","Outside London","EO","[c]","[c]","[c]","[c]"
"Leaver CS","2022","Home Office","Glasgow City","Outside London","AA","[c]","[c]","[c]","[c]"
"Leaver CS","2022","Home Office","Glasgow City","Outside London","AO","20","[c]","21610","21680"
"Leaver CS","2022","Home Office","Glasgow City","Outside London","EO","20","[c]","25090","24880"
"Leaver CS","2022","Home Office","Glasgow City","Outside London","G6","[c]","[c]","[c]","[c]"
"Leaver CS","2022","Home Office","Glasgow City","Outside London","G7","[c]","[c]","[c]","[c]"
"Leaver CS","2022","Home Office","Glasgow City","Outside London","HEO","[c]","[c]","[c]","[c]"
"Leaver CS","2022","Home Office","Glasgow City","Outside London","SEO","[c]","[c]","[c]","[c]"
"Leaver CS","2022","Home Office","Greater Manchester South West","Outside London","AA","[c]","[c]","[c]","[c]"
"Leaver CS","2022","Home Office","Greater Manchester South West","Outside London","AO","[c]","[c]","[c]","[c]"
"Leaver CS","2022","Home Office","Greater Manchester South West","Outside London","EO","15","[c]","25170","25040"
"Leaver CS","2022","Home Office","Greater Manchester South West","Outside London","G6","10","[c]","[c]","[c]"
"Leaver CS","2022","Home Office","Greater Manchester South West","Outside London","G7","10","[c]","[c]","[c]"
"Leaver CS","2022","Home Office","Greater Manchester South West","Outside London","HEO","10","[c]","31910","30830"
"Leaver CS","2022","Home Office","Greater Manchester South West","Outside London","SEO","10","[c]","39950","39050"
"Leaver CS","2022","Home Office","Hackney and Newham","London","AO","[c]","[c]","[c]","[c]"
"Leaver CS","2022","Home Office","Hackney and Newham","London","EO","[c]","[c]","[c]","[c]"
"Leaver CS","2022","Home Office","Haringey and Islington","London","HEO","[c]","[c]","[c]","[c]"
"Leaver CS","2022","Home Office","Harrow and Hillingdon","London","AA","[c]","[c]","[c]","[c]"
"Leaver CS","2022","Home Office","Harrow and Hillingdon","London","AO","20","[c]","25630","25630"
"Leaver CS","2022","Home Office","Harrow and Hillingdon","London","EO","85","[c]","31190","30410"
"Leaver CS","2022","Home Office","Harrow and Hillingdon","London","G7","[c]","[c]","[c]","[c]"
"Leaver CS","2022","Home Office","Harrow and Hillingdon","London","HEO","25","[c]","36490","36570"
"Leaver CS","2022","Home Office","Harrow and Hillingdon","London","SEO","5","[c]","[c]","[c]"
"Leaver CS","2022","Home Office","Hertfordshire CC","Outside London","AO","[c]","[c]","[c]","[c]"
"Leaver CS","2022","Home Office","Hounslow and Richmond upon Thames","London","AA","15","[c]","22380","22460"
"Leaver CS","2022","Home Office","Hounslow and Richmond upon Thames","London","EO","20","[c]","29080","28870"
"Leaver CS","2022","Home Office","Hounslow and Richmond upon Thames","London","G7","[c]","[c]","[c]","[c]"
"Leaver CS","2022","Home Office","Hounslow and Richmond upon Thames","London","HEO","[c]","[c]","[c]","[c]"
"Leaver CS","2022","Home Office","Hounslow and Richmond upon Thames","London","SEO","[c]","[c]","[c]","[c]"
"Leaver CS","2022","Home Office","Inverclyde, East Renfrewshire, and Renfrewshire","Outside London","AO","[c]","[c]","[c]","[c]"
"Leaver CS","2022","Home Office","Inverclyde, East Renfrewshire, and Renfrewshire","Outside London","EO","[c]","[c]","[c]","[c]"
"Leaver CS","2022","Home Office","Inverclyde, East Renfrewshire, and Renfrewshire","Outside London","G6","[c]","[c]","[c]","[c]"
"Leaver CS","2022","Home Office","Inverclyde, East Renfrewshire, and Renfrewshire","Outside London","HEO","[c]","[c]","[c]","[c]"
"Leaver CS","2022","Home Office","Isle of Anglesey","Outside London","EO","[c]","[c]","[c]","[c]"
"Leaver CS","2022","Home Office","Kensington & Chelsea and Hammersmith & Fulham","London","EO","[c]","[c]","[c]","[c]"
"Leaver CS","2022","Home Office","Kent Thames Gateway","Outside London","AO","[c]","[c]","[c]","[c]"
"Leaver CS","2022","Home Office","Kent Thames Gateway","Outside London","EO","[c]","[c]","[c]","[c]"
"Leaver CS","2022","Home Office","Kingston upon Hull, City of","Outside London","AO","[c]","[c]","[c]","[c]"
"Leaver CS","2022","Home Office","Kingston upon Hull, City of","Outside London","EO","10","[c]","25850","25310"
"Leaver CS","2022","Home Office","Kingston upon Hull, City of","Outside London","G7","[c]","[c]","[c]","[c]"
"Leaver CS","2022","Home Office","Kingston upon Hull, City of","Outside London","HEO","[c]","[c]","[c]","[c]"
"Leaver CS","2022","Home Office","Lambeth","London","EO","[c]","[c]","[c]","[c]"
"Leaver CS","2022","Home Office","Lambeth","London","G7","[c]","[c]","[c]","[c]"
"Leaver CS","2022","Home Office","Lambeth","London","HEO","[c]","[c]","[c]","[c]"
"Leaver CS","2022","Home Office","Lambeth","London","SCS level","[c]","[c]","[c]","[c]"
"Leaver CS","2022","Home Office","Lambeth","London","SEO","[c]","[c]","[c]","[c]"
"Leaver CS","2022","Home Office","Leeds","Outside London","AO","5","[c]","[c]","[c]"
"Leaver CS","2022","Home Office","Leeds","Outside London","EO","20","[c]","25280","24890"
"Leaver CS","2022","Home Office","Leeds","Outside London","G6","[c]","[c]","[c]","[c]"
"Leaver CS","2022","Home Office","Leeds","Outside London","HEO","5","[c]","[c]","[c]"
"Leaver CS","2022","Home Office","Leeds","Outside London","SEO","[c]","[c]","[c]","[c]"
"Leaver CS","2022","Home Office","Leicestershire CC and Rutland","Outside London","AO","[c]","[c]","[c]","[c]"
"Leaver CS","2022","Home Office","Leicestershire CC and Rutland","Outside London","EO","[c]","[c]","[c]","[c]"
"Leaver CS","2022","Home Office","Leicestershire CC and Rutland","Outside London","HEO","[c]","[c]","[c]","[c]"
"Leaver CS","2022","Home Office","Lewisham and Southwark","London","AO","[c]","[c]","[c]","[c]"
"Leaver CS","2022","Home Office","Lewisham and Southwark","London","EO","10","[c]","29280","28760"
"Leaver CS","2022","Home Office","Lewisham and Southwark","London","G6","[c]","[c]","[c]","[c]"
"Leaver CS","2022","Home Office","Lewisham and Southwark","London","G7","[c]","[c]","[c]","[c]"
"Leaver CS","2022","Home Office","Lisburn and Castlereagh","Outside London","EO","[c]","[c]","[c]","[c]"
"Leaver CS","2022","Home Office","Liverpool","Outside London","AA","15","[c]","18150","18240"
"Leaver CS","2022","Home Office","Liverpool","Outside London","AO","115","[c]","21710","21680"
"Leaver CS","2022","Home Office","Liverpool","Outside London","EO","100","[c]","25320","25040"
"Leaver CS","2022","Home Office","Liverpool","Outside London","G6","[c]","[c]","[c]","[c]"
"Leaver CS","2022","Home Office","Liverpool","Outside London","G7","5","[c]","[c]","[c]"
"Leaver CS","2022","Home Office","Liverpool","Outside London","HEO","10","[c]","31350","30860"
"Leaver CS","2022","Home Office","Liverpool","Outside London","SEO","[c]","[c]","[c]","[c]"
"Leaver CS","2022","Home Office","Luton","Outside London","AO","[c]","[c]","[c]","[c]"
"Leaver CS","2022","Home Office","Luton","Outside London","EO","15","[c]","29310","27370"
"Leaver CS","2022","Home Office","Manchester","Outside London","AO","[c]","[c]","[c]","[c]"
"Leaver CS","2022","Home Office","Manchester","Outside London","EO","30","[c]","27860","26410"
"Leaver CS","2022","Home Office","Manchester","Outside London","G7","[c]","[c]","[c]","[c]"
"Leaver CS","2022","Home Office","Manchester","Outside London","HEO","[c]","[c]","[c]","[c]"
"Leaver CS","2022","Home Office","Monmouthshire and Newport","Outside London","AO","25","[c]","21570","21680"
"Leaver CS","2022","Home Office","Monmouthshire and Newport","Outside London","EO","[c]","[c]","[c]","[c]"
"Leaver CS","2022","Home Office","Newry, Mourne and Down","Outside London","EO","[c]","[c]","[c]","[c]"
"Leaver CS","2022","Home Office","North and North East Lincolnshire","Outside London","AO","[c]","[c]","[c]","[c]"
"Leaver CS","2022","Home Office","North and North East Lincolnshire","Outside London","EO","[c]","[c]","[c]","[c]"
"Leaver CS","2022","Home Office","North and North East Lincolnshire","Outside London","SEO","[c]","[c]","[c]","[c]"
"Leaver CS","2022","Home Office","North Hampshire","Outside London","EO","[c]","[c]","[c]","[c]"
"Leaver CS","2022","Home Office","North Northamptonshire","Outside London","AO","[c]","[c]","[c]","[c]"
"Leaver CS","2022","Home Office","North Yorkshire CC","Outside London","G6","[c]","[c]","[c]","[c]"
"Leaver CS","2022","Home Office","Northumberland","Outside London","G6","[c]","[c]","[c]","[c]"
"Leaver CS","2022","Home Office","Overseas","Overseas","EO","[c]","[c]","[c]","[c]"
"Leaver CS","2022","Home Office","Overseas","Overseas","SCS level","[c]","[c]","[c]","[c]"
"Leaver CS","2022","Home Office","Overseas","Overseas","SEO","[c]","[c]","[c]","[c]"
"Leaver CS","2022","Home Office","Overseas","Overseas","Unknown","10","[c]","[c]","[c]"
"Leaver CS","2022","Home Office","Oxfordshire CC","Outside London","G6","[c]","[c]","[c]","[c]"
"Leaver CS","2022","Home Office","Peterborough","Outside London","AA","[c]","[c]","[c]","[c]"
"Leaver CS","2022","Home Office","Peterborough","Outside London","AO","15","[c]","21620","21680"
"Leaver CS","2022","Home Office","Peterborough","Outside London","EO","5","[c]","[c]","[c]"
"Leaver CS","2022","Home Office","Peterborough","Outside London","G7","[c]","[c]","[c]","[c]"
"Leaver CS","2022","Home Office","Peterborough","Outside London","SEO","[c]","[c]","[c]","[c]"
"Leaver CS","2022","Home Office","Plymouth","Outside London","EO","[c]","[c]","[c]","[c]"
"Leaver CS","2022","Home Office","Portsmouth","Outside London","AA","[c]","[c]","[c]","[c]"
"Leaver CS","2022","Home Office","Portsmouth","Outside London","AO","[c]","[c]","[c]","[c]"
"Leaver CS","2022","Home Office","Portsmouth","Outside London","EO","15","[c]","27220","24890"
"Leaver CS","2022","Home Office","Portsmouth","Outside London","HEO","[c]","[c]","[c]","[c]"
"Leaver CS","2022","Home Office","Portsmouth","Outside London","SEO","5","[c]","[c]","[c]"
"Leaver CS","2022","Home Office","Sefton","Outside London","AA","15","[c]","18130","18240"
"Leaver CS","2022","Home Office","Sefton","Outside London","AO","15","[c]","21650","21680"
"Leaver CS","2022","Home Office","Sefton","Outside London","EO","25","[c]","25090","24890"
"Leaver CS","2022","Home Office","Sefton","Outside London","G7","[c]","[c]","[c]","[c]"
"Leaver CS","2022","Home Office","Sefton","Outside London","HEO","5","[c]","[c]","[c]"
"Leaver CS","2022","Home Office","Sefton","Outside London","SEO","[c]","[c]","[c]","[c]"
"Leaver CS","2022","Home Office","Sheffield","Outside London","AA","10","[c]","[c]","[c]"
"Leaver CS","2022","Home Office","Sheffield","Outside London","AO","40","[c]","21610","21680"
"Leaver CS","2022","Home Office","Sheffield","Outside London","EO","30","[c]","25650","25310"
"Leaver CS","2022","Home Office","Sheffield","Outside London","G6","[c]","[c]","[c]","[c]"
"Leaver CS","2022","Home Office","Sheffield","Outside London","G7","10","[c]","[c]","[c]"
"Leaver CS","2022","Home Office","Sheffield","Outside London","HEO","15","[c]","32100","32740"
"Leaver CS","2022","Home Office","Sheffield","Outside London","SCS level","[c]","[c]","[c]","[c]"
"Leaver CS","2022","Home Office","Sheffield","Outside London","SEO","15","[c]","38890","38020"
"Leaver CS","2022","Home Office","Sheffield","Outside London","Unknown","[c]","[c]","[c]","[c]"
"Leaver CS","2022","Home Office","Shropshire","Outside London","G6","[c]","[c]","[c]","[c]"
"Leaver CS","2022","Home Office","Shropshire","Outside London","SEO","[c]","[c]","[c]","[c]"
"Leaver CS","2022","Home Office","Solihull","Outside London","AA","[c]","[c]","[c]","[c]"
"Leaver CS","2022","Home Office","Solihull","Outside London","AO","[c]","[c]","[c]","[c]"
"Leaver CS","2022","Home Office","Solihull","Outside London","EO","20","[c]","26950","26160"
"Leaver CS","2022","Home Office","Solihull","Outside London","G7","[c]","[c]","[c]","[c]"
"Leaver CS","2022","Home Office","Solihull","Outside London","HEO","5","[c]","[c]","[c]"
"Leaver CS","2022","Home Office","Solihull","Outside London","SEO","[c]","[c]","[c]","[c]"
"Leaver CS","2022","Home Office","South Hampshire","Outside London","EO","[c]","[c]","[c]","[c]"
"Leaver CS","2022","Home Office","South Lanarkshire","Outside London","EO","[c]","[c]","[c]","[c]"
"Leaver CS","2022","Home Office","South Teesside","Outside London","AO","[c]","[c]","[c]","[c]"
"Leaver CS","2022","Home Office","South Teesside","Outside London","EO","[c]","[c]","[c]","[c]"
"Leaver CS","2022","Home Office","South Teesside","Outside London","SEO","[c]","[c]","[c]","[c]"
"Leaver CS","2022","Home Office","South West Wales","Outside London","AO","[c]","[c]","[c]","[c]"
"Leaver CS","2022","Home Office","South West Wales","Outside London","EO","[c]","[c]","[c]","[c]"
"Leaver CS","2022","Home Office","Southampton","Outside London","EO","5","[c]","[c]","[c]"
"Leaver CS","2022","Home Office","Stoke-on-Trent","Outside London","EO","[c]","[c]","[c]","[c]"
"Leaver CS","2022","Home Office","Stoke-on-Trent","Outside London","HEO","[c]","[c]","[c]","[c]"
"Leaver CS","2022","Home Office","Suffolk CC","Outside London","AO","[c]","[c]","[c]","[c]"
"Leaver CS","2022","Home Office","Suffolk CC","Outside London","EO","10","[c]","[c]","[c]"
"Leaver CS","2022","Home Office","Suffolk CC","Outside London","HEO","[c]","[c]","[c]","[c]"
"Leaver CS","2022","Home Office","Thurrock","Outside London","AO","10","[c]","[c]","[c]"
"Leaver CS","2022","Home Office","Thurrock","Outside London","EO","10","[c]","26530","27330"
"Leaver CS","2022","Home Office","Thurrock","Outside London","HEO","[c]","[c]","[c]","[c]"
"Leaver CS","2022","Home Office","Thurrock","Outside London","SEO","[c]","[c]","[c]","[c]"
"Leaver CS","2022","Home Office","Tyneside","Outside London","AA","[c]","[c]","[c]","[c]"
"Leaver CS","2022","Home Office","Tyneside","Outside London","AO","[c]","[c]","[c]","[c]"
"Leaver CS","2022","Home Office","Tyneside","Outside London","EO","10","[c]","25020","24880"
"Leaver CS","2022","Home Office","Tyneside","Outside London","SEO","[c]","[c]","[c]","[c]"
"Leaver CS","2022","Home Office","Warwickshire CC","Outside London","AO","[c]","[c]","[c]","[c]"
"Leaver CS","2022","Home Office","Warwickshire CC","Outside London","EO","[c]","[c]","[c]","[c]"
"Leaver CS","2022","Home Office","West Essex","Outside London","AO","[c]","[c]","[c]","[c]"
"Leaver CS","2022","Home Office","West Essex","Outside London","EO","25","[c]","28030","27160"
"Leaver CS","2022","Home Office","West Essex","Outside London","G7","[c]","[c]","[c]","[c]"
"Leaver CS","2022","Home Office","West Essex","Outside London","HEO","[c]","[c]","[c]","[c]"
"Leaver CS","2022","Home Office","West Essex","Outside London","Unknown","[c]","[c]","[c]","[c]"
"Leaver CS","2022","Home Office","West Sussex (North East)","Outside London","AO","[c]","[c]","[c]","[c]"
"Leaver CS","2022","Home Office","West Sussex (North East)","Outside London","EO","35","[c]","27740","27720"
"Leaver CS","2022","Home Office","West Sussex (North East)","Outside London","HEO","[c]","[c]","[c]","[c]"
"Leaver CS","2022","Home Office","Westminster","London","AA","25","[c]","22450","22460"
"Leaver CS","2022","Home Office","Westminster","London","AO","15","[c]","25380","25630"
"Leaver CS","2022","Home Office","Westminster","London","EO","45","[c]","29270","28650"
"Leaver CS","2022","Home Office","Westminster","London","G6","20","[c]","70540","68940"
"Leaver CS","2022","Home Office","Westminster","London","G7","45","[c]","59110","57680"
"Leaver CS","2022","Home Office","Westminster","London","HEO","70","[c]","35670","35070"
"Leaver CS","2022","Home Office","Westminster","London","SCS level","15","[c]","99610","92310"
"Leaver CS","2022","Home Office","Westminster","London","SEO","45","[c]","42910","41970"
"Leaver CS","2022","Home Office","Westminster","London","Unknown","[c]","[c]","[c]","[c]"
"Leaver CS","2022","Institute for Apprenticeships and Technical Education","Coventry","Outside London","HEO","[c]","[c]","[c]","[c]"
"Leaver CS","2022","Institute for Apprenticeships and Technical Education","Coventry","Outside London","SEO","[c]","[c]","[c]","[c]"
"Leaver CS","2022","Institute for Apprenticeships and Technical Education","Sheffield","Outside London","G7","[c]","[c]","[c]","[c]"
"Leaver CS","2022","Institute for Apprenticeships and Technical Education","Westminster","London","EO","[c]","[c]","[c]","[c]"
"Leaver CS","2022","Institute for Apprenticeships and Technical Education","Westminster","London","G6","[c]","[c]","[c]","[c]"
"Leaver CS","2022","Institute for Apprenticeships and Technical Education","Westminster","London","G7","5","[c]","[c]","[c]"
"Leaver CS","2022","Institute for Apprenticeships and Technical Education","Westminster","London","HEO","[c]","[c]","[c]","[c]"
"Leaver CS","2022","Institute for Apprenticeships and Technical Education","Westminster","London","SEO","[c]","[c]","[c]","[c]"
"Leaver CS","2022","Intellectual Property Office","Monmouthshire and Newport","Outside London","AO","10","[c]","[c]","[c]"
"Leaver CS","2022","Intellectual Property Office","Monmouthshire and Newport","Outside London","EO","30","[c]","25290","24030"
"Leaver CS","2022","Intellectual Property Office","Monmouthshire and Newport","Outside London","G6","[c]","[c]","[c]","[c]"
"Leaver CS","2022","Intellectual Property Office","Monmouthshire and Newport","Outside London","G7","5","[c]","[c]","[c]"
"Leaver CS","2022","Intellectual Property Office","Monmouthshire and Newport","Outside London","HEO","5","[c]","[c]","[c]"
"Leaver CS","2022","Intellectual Property Office","Monmouthshire and Newport","Outside London","SCS level","[c]","[c]","[c]","[c]"
"Leaver CS","2022","Intellectual Property Office","Monmouthshire and Newport","Outside London","SEO","5","[c]","[c]","[c]"
"Leaver CS","2022","Intellectual Property Office","Westminster","London","EO","[c]","[c]","[c]","[c]"
"Leaver CS","2022","Intellectual Property Office","Westminster","London","G7","[c]","[c]","[c]","[c]"
"Leaver CS","2022","Legal Aid Agency","Birmingham","Outside London","AO","[c]","[c]","[c]","[c]"
"Leaver CS","2022","Legal Aid Agency","Birmingham","Outside London","EO","[c]","[c]","[c]","[c]"
"Leaver CS","2022","Legal Aid Agency","Bristol, City of","Outside London","AO","[c]","[c]","[c]","[c]"
"Leaver CS","2022","Legal Aid Agency","Bristol, City of","Outside London","EO","[c]","[c]","[c]","[c]"
"Leaver CS","2022","Legal Aid Agency","Bristol, City of","Outside London","HEO","[c]","[c]","[c]","[c]"
"Leaver CS","2022","Legal Aid Agency","Central Valleys","Outside London","AO","[c]","[c]","[c]","[c]"
"Leaver CS","2022","Legal Aid Agency","Central Valleys","Outside London","SEO","[c]","[c]","[c]","[c]"
"Leaver CS","2022","Legal Aid Agency","Gloucestershire CC","Outside London","SEO","[c]","[c]","[c]","[c]"
"Leaver CS","2022","Legal Aid Agency","Liverpool","Outside London","AA","[c]","[c]","[c]","[c]"
"Leaver CS","2022","Legal Aid Agency","Liverpool","Outside London","AO","5","[c]","[c]","[c]"
"Leaver CS","2022","Legal Aid Agency","Liverpool","Outside London","EO","[c]","[c]","[c]","[c]"
"Leaver CS","2022","Legal Aid Agency","Manchester","Outside London","AO","[c]","[c]","[c]","[c]"
"Leaver CS","2022","Legal Aid Agency","Manchester","Outside London","HEO","[c]","[c]","[c]","[c]"
"Leaver CS","2022","Legal Aid Agency","Nottingham","Outside London","AO","15","[c]","20090","20370"
"Leaver CS","2022","Legal Aid Agency","Nottingham","Outside London","EO","[c]","[c]","[c]","[c]"
"Leaver CS","2022","Legal Aid Agency","Tyneside","Outside London","AA","[c]","[c]","[c]","[c]"
"Leaver CS","2022","Legal Aid Agency","Tyneside","Outside London","AO","[c]","[c]","[c]","[c]"
"Leaver CS","2022","Legal Aid Agency","Tyneside","Outside London","EO","[c]","[c]","[c]","[c]"
"Leaver CS","2022","Legal Aid Agency","Tyneside","Outside London","SEO","[c]","[c]","[c]","[c]"
"Leaver CS","2022","Legal Aid Agency","Westminster","London","AA","[c]","[c]","[c]","[c]"
"Leaver CS","2022","Legal Aid Agency","Westminster","London","AO","[c]","[c]","[c]","[c]"
"Leaver CS","2022","Legal Aid Agency","Westminster","London","G6","[c]","[c]","[c]","[c]"
"Leaver CS","2022","Legal Aid Agency","Westminster","London","G7","[c]","[c]","[c]","[c]"
"Leaver CS","2022","Maritime and Coastguard Agency","Aberdeen City and Aberdeenshire","Outside London","AO","[c]","[c]","[c]","[c]"
"Leaver CS","2022","Maritime and Coastguard Agency","Aberdeen City and Aberdeenshire","Outside London","HEO","[c]","[c]","[c]","[c]"
"Leaver CS","2022","Maritime and Coastguard Agency","Ards and North Down","Outside London","G7","[c]","[c]","[c]","[c]"
"Leaver CS","2022","Maritime and Coastguard Agency","Ards and North Down","Outside London","HEO","[c]","[c]","[c]","[c]"
"Leaver CS","2022","Maritime and Coastguard Agency","Ards and North Down","Outside London","SEO","[c]","[c]","[c]","[c]"
"Leaver CS","2022","Maritime and Coastguard Agency","Bath and North East Somerset, North Somerset and South Gloucestershire","Outside London","HEO","[c]","[c]","[c]","[c]"
"Leaver CS","2022","Maritime and Coastguard Agency","Bexley and Greenwich","London","EO","[c]","[c]","[c]","[c]"
"Leaver CS","2022","Maritime and Coastguard Agency","Cardiff and Vale of Glamorgan","Outside London","AO","10","[c]","[c]","[c]"
"Leaver CS","2022","Maritime and Coastguard Agency","Cardiff and Vale of Glamorgan","Outside London","EO","[c]","[c]","[c]","[c]"
"Leaver CS","2022","Maritime and Coastguard Agency","Cardiff and Vale of Glamorgan","Outside London","HEO","[c]","[c]","[c]","[c]"
"Leaver CS","2022","Maritime and Coastguard Agency","Cornwall and Isles of Scilly","Outside London","AO","[c]","[c]","[c]","[c]"
"Leaver CS","2022","Maritime and Coastguard Agency","East Kent","Outside London","AO","10","[c]","[c]","[c]"
"Leaver CS","2022","Maritime and Coastguard Agency","East Kent","Outside London","EO","[c]","[c]","[c]","[c]"
"Leaver CS","2022","Maritime and Coastguard Agency","East Kent","Outside London","HEO","[c]","[c]","[c]","[c]"
"Leaver CS","2022","Maritime and Coastguard Agency","East Kent","Outside London","SEO","[c]","[c]","[c]","[c]"
"Leaver CS","2022","Maritime and Coastguard Agency","East Riding of Yorkshire","Outside London","G7","[c]","[c]","[c]","[c]"
"Leaver CS","2022","Maritime and Coastguard Agency","East Riding of Yorkshire","Outside London","HEO","[c]","[c]","[c]","[c]"
"Leaver CS","2022","Maritime and Coastguard Agency","East Riding of Yorkshire","Outside London","SEO","[c]","[c]","[c]","[c]"
"Leaver CS","2022","Maritime and Coastguard Agency","Essex Haven Gateway","Outside London","AO","[c]","[c]","[c]","[c]"
"Leaver CS","2022","Maritime and Coastguard Agency","Essex Haven Gateway","Outside London","G7","[c]","[c]","[c]","[c]"
"Leaver CS","2022","Maritime and Coastguard Agency","Essex Haven Gateway","Outside London","SEO","[c]","[c]","[c]","[c]"
"Leaver CS","2022","Maritime and Coastguard Agency","Inverclyde, East Renfrewshire, and Renfrewshire","Outside London","G7","[c]","[c]","[c]","[c]"
"Leaver CS","2022","Maritime and Coastguard Agency","Inverclyde, East Renfrewshire, and Renfrewshire","Outside London","HEO","[c]","[c]","[c]","[c]"
"Leaver CS","2022","Maritime and Coastguard Agency","Inverclyde, East Renfrewshire, and Renfrewshire","Outside London","SEO","[c]","[c]","[c]","[c]"
"Leaver CS","2022","Maritime and Coastguard Agency","Na h-Eileanan Siar","Outside London","AO","[c]","[c]","[c]","[c]"
"Leaver CS","2022","Maritime and Coastguard Agency","Na h-Eileanan Siar","Outside London","EO","[c]","[c]","[c]","[c]"
"Leaver CS","2022","Maritime and Coastguard Agency","Overseas","Overseas","G7","[c]","[c]","[c]","[c]"
"Leaver CS","2022","Maritime and Coastguard Agency","Plymouth","Outside London","HEO","[c]","[c]","[c]","[c]"
"Leaver CS","2022","Maritime and Coastguard Agency","Shetland Islands","Outside London","AO","[c]","[c]","[c]","[c]"
"Leaver CS","2022","Maritime and Coastguard Agency","South Hampshire","Outside London","AO","10","[c]","[c]","[c]"
"Leaver CS","2022","Maritime and Coastguard Agency","South Hampshire","Outside London","EO","5","[c]","[c]","[c]"
"Leaver CS","2022","Maritime and Coastguard Agency","South Hampshire","Outside London","HEO","[c]","[c]","[c]","[c]"
"Leaver CS","2022","Maritime and Coastguard Agency","South Hampshire","Outside London","SEO","[c]","[c]","[c]","[c]"
"Leaver CS","2022","Maritime and Coastguard Agency","South West Wales","Outside London","AO","[c]","[c]","[c]","[c]"
"Leaver CS","2022","Maritime and Coastguard Agency","South West Wales","Outside London","EO","[c]","[c]","[c]","[c]"
"Leaver CS","2022","Maritime and Coastguard Agency","Southampton","Outside London","AO","20","[c]","21730","21840"
"Leaver CS","2022","Maritime and Coastguard Agency","Southampton","Outside London","EO","10","[c]","[c]","[c]"
"Leaver CS","2022","Maritime and Coastguard Agency","Southampton","Outside London","G6","[c]","[c]","[c]","[c]"
"Leaver CS","2022","Maritime and Coastguard Agency","Southampton","Outside London","G7","10","[c]","54560","54510"
"Leaver CS","2022","Maritime and Coastguard Agency","Southampton","Outside London","HEO","20","[c]","32240","31040"
"Leaver CS","2022","Maritime and Coastguard Agency","Southampton","Outside London","SCS level","[c]","[c]","[c]","[c]"
"Leaver CS","2022","Maritime and Coastguard Agency","Southampton","Outside London","SEO","15","[c]","46880","46030"
"Leaver CS","2022","Maritime and Coastguard Agency","Torbay","Outside London","HEO","[c]","[c]","[c]","[c]"
"Leaver CS","2022","Medicines and Healthcare Products Regulatory Agency","Hertfordshire CC","Outside London","AO","[c]","[c]","[c]","[c]"
"Leaver CS","2022","Medicines and Healthcare Products Regulatory Agency","Hertfordshire CC","Outside London","EO","10","[c]","[c]","[c]"
"Leaver CS","2022","Medicines and Healthcare Products Regulatory Agency","Hertfordshire CC","Outside London","G6","5","[c]","[c]","[c]"
"Leaver CS","2022","Medicines and Healthcare Products Regulatory Agency","Hertfordshire CC","Outside London","G7","5","[c]","[c]","[c]"
"Leaver CS","2022","Medicines and Healthcare Products Regulatory Agency","Hertfordshire CC","Outside London","HEO","20","[c]","33360","33090"
"Leaver CS","2022","Medicines and Healthcare Products Regulatory Agency","Hertfordshire CC","Outside London","SEO","10","[c]","[c]","[c]"
"Leaver CS","2022","Medicines and Healthcare Products Regulatory Agency","Tower Hamlets","London","AO","10","[c]","23840","23800"
"Leaver CS","2022","Medicines and Healthcare Products Regulatory Agency","Tower Hamlets","London","EO","45","[c]","27940","27400"
"Leaver CS","2022","Medicines and Healthcare Products Regulatory Agency","Tower Hamlets","London","G6","20","[c]","68470","67120"
"Leaver CS","2022","Medicines and Healthcare Products Regulatory Agency","Tower Hamlets","London","G7","30","[c]","53800","53620"
"Leaver CS","2022","Medicines and Healthcare Products Regulatory Agency","Tower Hamlets","London","HEO","40","[c]","32970","32960"
"Leaver CS","2022","Medicines and Healthcare Products Regulatory Agency","Tower Hamlets","London","SCS level","40","[c]","90130","86330"
"Leaver CS","2022","Medicines and Healthcare Products Regulatory Agency","Tower Hamlets","London","SEO","35","[c]","41830","40930"
"Leaver CS","2022","Met Office","Berkshire","Outside London","SEO","[c]","[c]","[c]","[c]"
"Leaver CS","2022","Met Office","Cardiff and Vale of Glamorgan","Outside London","SEO","[c]","[c]","[c]","[c]"
"Leaver CS","2022","Met Office","Chorley and West Lancashire","Outside London","HEO","[c]","[c]","[c]","[c]"
"Leaver CS","2022","Met Office","City of Edinburgh","Outside London","EO","[c]","[c]","[c]","[c]"
"Leaver CS","2022","Met Office","City of Edinburgh","Outside London","SEO","[c]","[c]","[c]","[c]"
"Leaver CS","2022","Met Office","Devon CC","Outside London","AA","20","[c]","18400","17900"
"Leaver CS","2022","Met Office","Devon CC","Outside London","AO","[c]","[c]","[c]","[c]"
"Leaver CS","2022","Met Office","Devon CC","Outside London","EO","15","[c]","26380","26880"
"Leaver CS","2022","Met Office","Devon CC","Outside London","G6","5","[c]","[c]","[c]"
"Leaver CS","2022","Met Office","Devon CC","Outside London","G7","20","[c]","49890","48920"
"Leaver CS","2022","Met Office","Devon CC","Outside London","HEO","25","[c]","34190","33820"
"Leaver CS","2022","Met Office","Devon CC","Outside London","SEO","25","[c]","40890","39750"
"Leaver CS","2022","Met Office","Dumfries and Galloway","Outside London","HEO","[c]","[c]","[c]","[c]"
"Leaver CS","2022","Met Office","Harrow and Hillingdon","London","HEO","[c]","[c]","[c]","[c]"
"Leaver CS","2022","Met Office","Harrow and Hillingdon","London","SEO","[c]","[c]","[c]","[c]"
"Leaver CS","2022","Met Office","Hertfordshire CC","Outside London","EO","[c]","[c]","[c]","[c]"
"Leaver CS","2022","Met Office","Hertfordshire CC","Outside London","SEO","[c]","[c]","[c]","[c]"
"Leaver CS","2022","Met Office","Inverness and Nairn, Moray, and Badenoch and Strathspey","Outside London","HEO","[c]","[c]","[c]","[c]"
"Leaver CS","2022","Met Office","Isle of Anglesey","Outside London","HEO","[c]","[c]","[c]","[c]"
"Leaver CS","2022","Met Office","North Yorkshire CC","Outside London","SEO","[c]","[c]","[c]","[c]"
"Leaver CS","2022","Met Office","Oxfordshire CC","Outside London","HEO","[c]","[c]","[c]","[c]"
"Leaver CS","2022","Met Office","Oxfordshire CC","Outside London","SEO","[c]","[c]","[c]","[c]"
"Leaver CS","2022","Met Office","Shropshire","Outside London","HEO","[c]","[c]","[c]","[c]"
"Leaver CS","2022","Met Office","Suffolk CC","Outside London","HEO","[c]","[c]","[c]","[c]"
"Leaver CS","2022","Met Office","Westminster","London","HEO","[c]","[c]","[c]","[c]"
"Leaver CS","2022","Ministry of Defence (excl. agencies)","Aberdeen City and Aberdeenshire","Outside London","AA","[c]","[c]","[c]","[c]"
"Leaver CS","2022","Ministry of Defence (excl. agencies)","Aberdeen City and Aberdeenshire","Outside London","AO","10","[c]","34940","38980"
"Leaver CS","2022","Ministry of Defence (excl. agencies)","Aberdeen City and Aberdeenshire","Outside London","EO","[c]","[c]","[c]","[c]"
"Leaver CS","2022","Ministry of Defence (excl. agencies)","Angus and Dundee City","Outside London","AA","[c]","[c]","[c]","[c]"
"Leaver CS","2022","Ministry of Defence (excl. agencies)","Angus and Dundee City","Outside London","AO","[c]","[c]","[c]","[c]"
"Leaver CS","2022","Ministry of Defence (excl. agencies)","Angus and Dundee City","Outside London","EO","[c]","[c]","[c]","[c]"
"Leaver CS","2022","Ministry of Defence (excl. agencies)","Antrim and Newtownabbey","Outside London","AA","5","[c]","[c]","[c]"
"Leaver CS","2022","Ministry of Defence (excl. agencies)","Antrim and Newtownabbey","Outside London","AO","5","[c]","[c]","[c]"
"Leaver CS","2022","Ministry of Defence (excl. agencies)","Antrim and Newtownabbey","Outside London","EO","[c]","[c]","[c]","[c]"
"Leaver CS","2022","Ministry of Defence (excl. agencies)","Ards and North Down","Outside London","AA","5","[c]","[c]","[c]"
"Leaver CS","2022","Ministry of Defence (excl. agencies)","Ards and North Down","Outside London","AO","[c]","[c]","[c]","[c]"
"Leaver CS","2022","Ministry of Defence (excl. agencies)","Ards and North Down","Outside London","EO","[c]","[c]","[c]","[c]"
"Leaver CS","2022","Ministry of Defence (excl. agencies)","Ards and North Down","Outside London","HEO","[c]","[c]","[c]","[c]"
"Leaver CS","2022","Ministry of Defence (excl. agencies)","Barnet","London","Unknown","[c]","[c]","[c]","[c]"
"Leaver CS","2022","Ministry of Defence (excl. agencies)","Bath and North East Somerset, North Somerset and South Gloucestershire","Outside London","AA","[c]","[c]","[c]","[c]"
"Leaver CS","2022","Ministry of Defence (excl. agencies)","Bath and North East Somerset, North Somerset and South Gloucestershire","Outside London","AO","25","[c]","24270","21170"
"Leaver CS","2022","Ministry of Defence (excl. agencies)","Bath and North East Somerset, North Somerset and South Gloucestershire","Outside London","EO","15","[c]","24400","26350"
"Leaver CS","2022","Ministry of Defence (excl. agencies)","Bath and North East Somerset, North Somerset and South Gloucestershire","Outside London","G6","5","[c]","[c]","[c]"
"Leaver CS","2022","Ministry of Defence (excl. agencies)","Bath and North East Somerset, North Somerset and South Gloucestershire","Outside London","G7","15","[c]","56860","54540"
"Leaver CS","2022","Ministry of Defence (excl. agencies)","Bath and North East Somerset, North Somerset and South Gloucestershire","Outside London","HEO","45","[c]","34450","33300"
"Leaver CS","2022","Ministry of Defence (excl. agencies)","Bath and North East Somerset, North Somerset and South Gloucestershire","Outside London","SCS level","[c]","[c]","[c]","[c]"
"Leaver CS","2022","Ministry of Defence (excl. agencies)","Bath and North East Somerset, North Somerset and South Gloucestershire","Outside London","SEO","50","[c]","41660","40580"
"Leaver CS","2022","Ministry of Defence (excl. agencies)","Bath and North East Somerset, North Somerset and South Gloucestershire","Outside London","Unknown","[c]","[c]","[c]","[c]"
"Leaver CS","2022","Ministry of Defence (excl. agencies)","Belfast","Outside London","AA","[c]","[c]","[c]","[c]"
"Leaver CS","2022","Ministry of Defence (excl. agencies)","Belfast","Outside London","AO","[c]","[c]","[c]","[c]"
"Leaver CS","2022","Ministry of Defence (excl. agencies)","Berkshire","Outside London","AA","10","[c]","[c]","[c]"
"Leaver CS","2022","Ministry of Defence (excl. agencies)","Berkshire","Outside London","AO","75","[c]","29810","27680"
"Leaver CS","2022","Ministry of Defence (excl. agencies)","Berkshire","Outside London","EO","10","[c]","[c]","[c]"
"Leaver CS","2022","Ministry of Defence (excl. agencies)","Berkshire","Outside London","HEO","10","[c]","42680","37320"
"Leaver CS","2022","Ministry of Defence (excl. agencies)","Berkshire","Outside London","SEO","10","[c]","43700","42170"
"Leaver CS","2022","Ministry of Defence (excl. agencies)","Bexley and Greenwich","London","EO","[c]","[c]","[c]","[c]"
"Leaver CS","2022","Ministry of Defence (excl. agencies)","Bexley and Greenwich","London","HEO","[c]","[c]","[c]","[c]"
"Leaver CS","2022","Ministry of Defence (excl. agencies)","Bexley and Greenwich","London","SEO","[c]","[c]","[c]","[c]"
"Leaver CS","2022","Ministry of Defence (excl. agencies)","Bexley and Greenwich","London","Unknown","[c]","[c]","[c]","[c]"
"Leaver CS","2022","Ministry of Defence (excl. agencies)","Birmingham","Outside London","AA","[c]","[c]","[c]","[c]"
"Leaver CS","2022","Ministry of Defence (excl. agencies)","Birmingham","Outside London","AO","[c]","[c]","[c]","[c]"
"Leaver CS","2022","Ministry of Defence (excl. agencies)","Birmingham","Outside London","HEO","[c]","[c]","[c]","[c]"
"Leaver CS","2022","Ministry of Defence (excl. agencies)","Birmingham","Outside London","SEO","[c]","[c]","[c]","[c]"
"Leaver CS","2022","Ministry of Defence (excl. agencies)","Bournemouth, Christchurch and Poole","Outside London","AA","[c]","[c]","[c]","[c]"
"Leaver CS","2022","Ministry of Defence (excl. agencies)","Bournemouth, Christchurch and Poole","Outside London","AO","5","[c]","[c]","[c]"
"Leaver CS","2022","Ministry of Defence (excl. agencies)","Bournemouth, Christchurch and Poole","Outside London","EO","[c]","[c]","[c]","[c]"
"Leaver CS","2022","Ministry of Defence (excl. agencies)","Breckland and South Norfolk","Outside London","AA","[c]","[c]","[c]","[c]"
"Leaver CS","2022","Ministry of Defence (excl. agencies)","Breckland and South Norfolk","Outside London","AO","[c]","[c]","[c]","[c]"
"Leaver CS","2022","Ministry of Defence (excl. agencies)","Bristol, City of","Outside London","AA","[c]","[c]","[c]","[c]"
"Leaver CS","2022","Ministry of Defence (excl. agencies)","Bristol, City of","Outside London","AO","[c]","[c]","[c]","[c]"
"Leaver CS","2022","Ministry of Defence (excl. agencies)","Buckinghamshire","Outside London","AA","5","[c]","[c]","[c]"
"Leaver CS","2022","Ministry of Defence (excl. agencies)","Buckinghamshire","Outside London","AO","15","[c]","22350","23130"
"Leaver CS","2022","Ministry of Defence (excl. agencies)","Buckinghamshire","Outside London","EO","10","[c]","26300","27670"
"Leaver CS","2022","Ministry of Defence (excl. agencies)","Buckinghamshire","Outside London","G7","[c]","[c]","[c]","[c]"
"Leaver CS","2022","Ministry of Defence (excl. agencies)","Buckinghamshire","Outside London","HEO","15","[c]","34090","35000"
"Leaver CS","2022","Ministry of Defence (excl. agencies)","Buckinghamshire","Outside London","SEO","10","[c]","42910","42580"
"Leaver CS","2022","Ministry of Defence (excl. agencies)","Caithness and Sutherland, and Ross and Cromarty","Outside London","AA","[c]","[c]","[c]","[c]"
"Leaver CS","2022","Ministry of Defence (excl. agencies)","Caithness and Sutherland, and Ross and Cromarty","Outside London","AO","[c]","[c]","[c]","[c]"
"Leaver CS","2022","Ministry of Defence (excl. agencies)","Caithness and Sutherland, and Ross and Cromarty","Outside London","EO","[c]","[c]","[c]","[c]"
"Leaver CS","2022","Ministry of Defence (excl. agencies)","Calderdale and Kirklees","Outside London","HEO","[c]","[c]","[c]","[c]"
"Leaver CS","2022","Ministry of Defence (excl. agencies)","Cambridgeshire CC","Outside London","AA","[c]","[c]","[c]","[c]"
"Leaver CS","2022","Ministry of Defence (excl. agencies)","Cambridgeshire CC","Outside London","AO","25","[c]","25420","21480"
"Leaver CS","2022","Ministry of Defence (excl. agencies)","Cambridgeshire CC","Outside London","EO","20","[c]","28970","26930"
"Leaver CS","2022","Ministry of Defence (excl. agencies)","Cambridgeshire CC","Outside London","G6","5","[c]","[c]","[c]"
"Leaver CS","2022","Ministry of Defence (excl. agencies)","Cambridgeshire CC","Outside London","G7","10","[c]","[c]","[c]"
"Leaver CS","2022","Ministry of Defence (excl. agencies)","Cambridgeshire CC","Outside London","HEO","20","[c]","37010","33370"
"Leaver CS","2022","Ministry of Defence (excl. agencies)","Cambridgeshire CC","Outside London","SEO","15","[c]","44240","40660"
"Leaver CS","2022","Ministry of Defence (excl. agencies)","Camden and City of London","London","AA","[c]","[c]","[c]","[c]"
"Leaver CS","2022","Ministry of Defence (excl. agencies)","Camden and City of London","London","AO","5","[c]","[c]","[c]"
"Leaver CS","2022","Ministry of Defence (excl. agencies)","Camden and City of London","London","HEO","[c]","[c]","[c]","[c]"
"Leaver CS","2022","Ministry of Defence (excl. agencies)","Cardiff and Vale of Glamorgan","Outside London","AA","[c]","[c]","[c]","[c]"
"Leaver CS","2022","Ministry of Defence (excl. agencies)","Cardiff and Vale of Glamorgan","Outside London","AO","5","[c]","[c]","[c]"
"Leaver CS","2022","Ministry of Defence (excl. agencies)","Cardiff and Vale of Glamorgan","Outside London","EO","10","[c]","[c]","[c]"
"Leaver CS","2022","Ministry of Defence (excl. agencies)","Cardiff and Vale of Glamorgan","Outside London","G6","[c]","[c]","[c]","[c]"
"Leaver CS","2022","Ministry of Defence (excl. agencies)","Cardiff and Vale of Glamorgan","Outside London","G7","[c]","[c]","[c]","[c]"
"Leaver CS","2022","Ministry of Defence (excl. agencies)","Cardiff and Vale of Glamorgan","Outside London","HEO","[c]","[c]","[c]","[c]"
"Leaver CS","2022","Ministry of Defence (excl. agencies)","Cardiff and Vale of Glamorgan","Outside London","SEO","[c]","[c]","[c]","[c]"
"Leaver CS","2022","Ministry of Defence (excl. agencies)","Causeway Coast and Glens","Outside London","AA","[c]","[c]","[c]","[c]"
"Leaver CS","2022","Ministry of Defence (excl. agencies)","Causeway Coast and Glens","Outside London","AO","[c]","[c]","[c]","[c]"
"Leaver CS","2022","Ministry of Defence (excl. agencies)","Central Bedfordshire","Outside London","AA","10","[c]","[c]","[c]"
"Leaver CS","2022","Ministry of Defence (excl. agencies)","Central Bedfordshire","Outside London","AO","15","[c]","21360","21170"
"Leaver CS","2022","Ministry of Defence (excl. agencies)","Central Bedfordshire","Outside London","EO","5","[c]","[c]","[c]"
"Leaver CS","2022","Ministry of Defence (excl. agencies)","Central Bedfordshire","Outside London","HEO","10","[c]","[c]","[c]"
"Leaver CS","2022","Ministry of Defence (excl. agencies)","Central Bedfordshire","Outside London","SEO","[c]","[c]","[c]","[c]"
"Leaver CS","2022","Ministry of Defence (excl. agencies)","Central Hampshire","Outside London","AA","20","[c]","19630","19560"
"Leaver CS","2022","Ministry of Defence (excl. agencies)","Central Hampshire","Outside London","AO","30","[c]","23360","21170"
"Leaver CS","2022","Ministry of Defence (excl. agencies)","Central Hampshire","Outside London","EO","35","[c]","25940","26670"
"Leaver CS","2022","Ministry of Defence (excl. agencies)","Central Hampshire","Outside London","G6","5","[c]","[c]","[c]"
"Leaver CS","2022","Ministry of Defence (excl. agencies)","Central Hampshire","Outside London","G7","5","[c]","[c]","[c]"
"Leaver CS","2022","Ministry of Defence (excl. agencies)","Central Hampshire","Outside London","HEO","30","[c]","34310","33300"
"Leaver CS","2022","Ministry of Defence (excl. agencies)","Central Hampshire","Outside London","SEO","25","[c]","41990","40580"
"Leaver CS","2022","Ministry of Defence (excl. agencies)","Cheshire East","Outside London","AA","[c]","[c]","[c]","[c]"
"Leaver CS","2022","Ministry of Defence (excl. agencies)","Cheshire East","Outside London","AO","20","[c]","21380","21170"
"Leaver CS","2022","Ministry of Defence (excl. agencies)","Cheshire East","Outside London","EO","[c]","[c]","[c]","[c]"
"Leaver CS","2022","Ministry of Defence (excl. agencies)","Cheshire East","Outside London","HEO","10","[c]","[c]","[c]"
"Leaver CS","2022","Ministry of Defence (excl. agencies)","Cheshire East","Outside London","SEO","[c]","[c]","[c]","[c]"
"Leaver CS","2022","Ministry of Defence (excl. agencies)","Cheshire West and Chester","Outside London","AO","[c]","[c]","[c]","[c]"
"Leaver CS","2022","Ministry of Defence (excl. agencies)","Cheshire West and Chester","Outside London","EO","[c]","[c]","[c]","[c]"
"Leaver CS","2022","Ministry of Defence (excl. agencies)","Cheshire West and Chester","Outside London","SEO","[c]","[c]","[c]","[c]"
"Leaver CS","2022","Ministry of Defence (excl. agencies)","City of Edinburgh","Outside London","AA","[c]","[c]","[c]","[c]"
"Leaver CS","2022","Ministry of Defence (excl. agencies)","City of Edinburgh","Outside London","AO","10","[c]","[c]","[c]"
"Leaver CS","2022","Ministry of Defence (excl. agencies)","City of Edinburgh","Outside London","EO","[c]","[c]","[c]","[c]"
"Leaver CS","2022","Ministry of Defence (excl. agencies)","City of Edinburgh","Outside London","HEO","5","[c]","[c]","[c]"
"Leaver CS","2022","Ministry of Defence (excl. agencies)","City of Edinburgh","Outside London","SEO","[c]","[c]","[c]","[c]"
"Leaver CS","2022","Ministry of Defence (excl. agencies)","Clackmannanshire and Fife","Outside London","AA","[c]","[c]","[c]","[c]"
"Leaver CS","2022","Ministry of Defence (excl. agencies)","Clackmannanshire and Fife","Outside London","AO","5","[c]","[c]","[c]"
"Leaver CS","2022","Ministry of Defence (excl. agencies)","Clackmannanshire and Fife","Outside London","EO","[c]","[c]","[c]","[c]"
"Leaver CS","2022","Ministry of Defence (excl. agencies)","Clackmannanshire and Fife","Outside London","G7","[c]","[c]","[c]","[c]"
"Leaver CS","2022","Ministry of Defence (excl. agencies)","Clackmannanshire and Fife","Outside London","HEO","5","[c]","[c]","[c]"
"Leaver CS","2022","Ministry of Defence (excl. agencies)","Clackmannanshire and Fife","Outside London","SEO","5","[c]","[c]","[c]"
"Leaver CS","2022","Ministry of Defence (excl. agencies)","Conwy and Denbighshire","Outside London","AO","[c]","[c]","[c]","[c]"
"Leaver CS","2022","Ministry of Defence (excl. agencies)","Cornwall and Isles of Scilly","Outside London","AA","10","[c]","19290","19050"
"Leaver CS","2022","Ministry of Defence (excl. agencies)","Cornwall and Isles of Scilly","Outside London","AO","20","[c]","21580","21580"
"Leaver CS","2022","Ministry of Defence (excl. agencies)","Cornwall and Isles of Scilly","Outside London","EO","5","[c]","[c]","[c]"
"Leaver CS","2022","Ministry of Defence (excl. agencies)","Cornwall and Isles of Scilly","Outside London","G6","[c]","[c]","[c]","[c]"
"Leaver CS","2022","Ministry of Defence (excl. agencies)","Cornwall and Isles of Scilly","Outside London","G7","[c]","[c]","[c]","[c]"
"Leaver CS","2022","Ministry of Defence (excl. agencies)","Cornwall and Isles of Scilly","Outside London","HEO","5","[c]","[c]","[c]"
"Leaver CS","2022","Ministry of Defence (excl. agencies)","Cornwall and Isles of Scilly","Outside London","SEO","[c]","[c]","[c]","[c]"
"Leaver CS","2022","Ministry of Defence (excl. agencies)","Coventry","Outside London","HEO","[c]","[c]","[c]","[c]"
"Leaver CS","2022","Ministry of Defence (excl. agencies)","Darlington","Outside London","AO","[c]","[c]","[c]","[c]"
"Leaver CS","2022","Ministry of Defence (excl. agencies)","Derby","Outside London","AO","[c]","[c]","[c]","[c]"
"Leaver CS","2022","Ministry of Defence (excl. agencies)","Devon CC","Outside London","AA","15","[c]","20820","19810"
"Leaver CS","2022","Ministry of Defence (excl. agencies)","Devon CC","Outside London","AO","5","[c]","[c]","[c]"
"Leaver CS","2022","Ministry of Defence (excl. agencies)","Devon CC","Outside London","EO","[c]","[c]","[c]","[c]"
"Leaver CS","2022","Ministry of Defence (excl. agencies)","Devon CC","Outside London","HEO","[c]","[c]","[c]","[c]"
"Leaver CS","2022","Ministry of Defence (excl. agencies)","Dorset","Outside London","AA","10","[c]","[c]","[c]"
"Leaver CS","2022","Ministry of Defence (excl. agencies)","Dorset","Outside London","AO","15","[c]","21240","21170"
"Leaver CS","2022","Ministry of Defence (excl. agencies)","Dorset","Outside London","EO","10","[c]","[c]","[c]"
"Leaver CS","2022","Ministry of Defence (excl. agencies)","Dorset","Outside London","G6","[c]","[c]","[c]","[c]"
"Leaver CS","2022","Ministry of Defence (excl. agencies)","Dorset","Outside London","HEO","10","[c]","[c]","[c]"
"Leaver CS","2022","Ministry of Defence (excl. agencies)","Dorset","Outside London","SEO","[c]","[c]","[c]","[c]"
"Leaver CS","2022","Ministry of Defence (excl. agencies)","Dudley","Outside London","AO","[c]","[c]","[c]","[c]"
"Leaver CS","2022","Ministry of Defence (excl. agencies)","Durham","Outside London","AA","[c]","[c]","[c]","[c]"
"Leaver CS","2022","Ministry of Defence (excl. agencies)","Durham","Outside London","AO","[c]","[c]","[c]","[c]"
"Leaver CS","2022","Ministry of Defence (excl. agencies)","Ealing","London","AA","[c]","[c]","[c]","[c]"
"Leaver CS","2022","Ministry of Defence (excl. agencies)","Ealing","London","EO","[c]","[c]","[c]","[c]"
"Leaver CS","2022","Ministry of Defence (excl. agencies)","East Ayrshire and North Ayrshire mainland","Outside London","AO","[c]","[c]","[c]","[c]"
"Leaver CS","2022","Ministry of Defence (excl. agencies)","East Ayrshire and North Ayrshire mainland","Outside London","HEO","[c]","[c]","[c]","[c]"
"Leaver CS","2022","Ministry of Defence (excl. agencies)","East Cumbria","Outside London","AA","[c]","[c]","[c]","[c]"
"Leaver CS","2022","Ministry of Defence (excl. agencies)","East Cumbria","Outside London","AO","[c]","[c]","[c]","[c]"
"Leaver CS","2022","Ministry of Defence (excl. agencies)","East Cumbria","Outside London","HEO","[c]","[c]","[c]","[c]"
"Leaver CS","2022","Ministry of Defence (excl. agencies)","East Dunbartonshire, West Dunbartonshire, and Helensburgh and Lomond","Outside London","AA","10","[c]","20940","20060"
"Leaver CS","2022","Ministry of Defence (excl. agencies)","East Dunbartonshire, West Dunbartonshire, and Helensburgh and Lomond","Outside London","AO","55","[c]","34680","39070"
"Leaver CS","2022","Ministry of Defence (excl. agencies)","East Dunbartonshire, West Dunbartonshire, and Helensburgh and Lomond","Outside London","EO","15","[c]","38920","43920"
"Leaver CS","2022","Ministry of Defence (excl. agencies)","East Dunbartonshire, West Dunbartonshire, and Helensburgh and Lomond","Outside London","G6","[c]","[c]","[c]","[c]"
"Leaver CS","2022","Ministry of Defence (excl. agencies)","East Dunbartonshire, West Dunbartonshire, and Helensburgh and Lomond","Outside London","G7","[c]","[c]","[c]","[c]"
"Leaver CS","2022","Ministry of Defence (excl. agencies)","East Dunbartonshire, West Dunbartonshire, and Helensburgh and Lomond","Outside London","HEO","15","[c]","40920","36160"
"Leaver CS","2022","Ministry of Defence (excl. agencies)","East Dunbartonshire, West Dunbartonshire, and Helensburgh and Lomond","Outside London","SEO","[c]","[c]","[c]","[c]"
"Leaver CS","2022","Ministry of Defence (excl. agencies)","East Kent","Outside London","AA","5","[c]","[c]","[c]"
"Leaver CS","2022","Ministry of Defence (excl. agencies)","East Kent","Outside London","AO","5","[c]","[c]","[c]"
"Leaver CS","2022","Ministry of Defence (excl. agencies)","East Kent","Outside London","EO","[c]","[c]","[c]","[c]"
"Leaver CS","2022","Ministry of Defence (excl. agencies)","East Kent","Outside London","SEO","[c]","[c]","[c]","[c]"
"Leaver CS","2022","Ministry of Defence (excl. agencies)","East Lothian and Midlothian","Outside London","AO","[c]","[c]","[c]","[c]"
"Leaver CS","2022","Ministry of Defence (excl. agencies)","East Merseyside","Outside London","AO","[c]","[c]","[c]","[c]"
"Leaver CS","2022","Ministry of Defence (excl. agencies)","East Riding of Yorkshire","Outside London","AA","[c]","[c]","[c]","[c]"
"Leaver CS","2022","Ministry of Defence (excl. agencies)","East Riding of Yorkshire","Outside London","AO","5","[c]","[c]","[c]"
"Leaver CS","2022","Ministry of Defence (excl. agencies)","East Riding of Yorkshire","Outside London","EO","25","[c]","27450","26930"
"Leaver CS","2022","Ministry of Defence (excl. agencies)","East Riding of Yorkshire","Outside London","HEO","5","[c]","[c]","[c]"
"Leaver CS","2022","Ministry of Defence (excl. agencies)","East Surrey","Outside London","HEO","[c]","[c]","[c]","[c]"
"Leaver CS","2022","Ministry of Defence (excl. agencies)","East Surrey","Outside London","SEO","[c]","[c]","[c]","[c]"
"Leaver CS","2022","Ministry of Defence (excl. agencies)","East Sussex CC","Outside London","AA","[c]","[c]","[c]","[c]"
"Leaver CS","2022","Ministry of Defence (excl. agencies)","Essex Haven Gateway","Outside London","AA","5","[c]","[c]","[c]"
"Leaver CS","2022","Ministry of Defence (excl. agencies)","Essex Haven Gateway","Outside London","AO","30","[c]","25500","21380"
"Leaver CS","2022","Ministry of Defence (excl. agencies)","Essex Haven Gateway","Outside London","EO","10","[c]","31860","28400"
"Leaver CS","2022","Ministry of Defence (excl. agencies)","Essex Haven Gateway","Outside London","HEO","10","[c]","[c]","[c]"
"Leaver CS","2022","Ministry of Defence (excl. agencies)","Essex Haven Gateway","Outside London","SEO","[c]","[c]","[c]","[c]"
"Leaver CS","2022","Ministry of Defence (excl. agencies)","Flintshire and Wrexham","Outside London","AA","[c]","[c]","[c]","[c]"
"Leaver CS","2022","Ministry of Defence (excl. agencies)","Flintshire and Wrexham","Outside London","AO","[c]","[c]","[c]","[c]"
"Leaver CS","2022","Ministry of Defence (excl. agencies)","Flintshire and Wrexham","Outside London","G6","[c]","[c]","[c]","[c]"
"Leaver CS","2022","Ministry of Defence (excl. agencies)","Glasgow City","Outside London","AA","[c]","[c]","[c]","[c]"
"Leaver CS","2022","Ministry of Defence (excl. agencies)","Glasgow City","Outside London","AO","25","[c]","21590","21380"
"Leaver CS","2022","Ministry of Defence (excl. agencies)","Glasgow City","Outside London","EO","[c]","[c]","[c]","[c]"
"Leaver CS","2022","Ministry of Defence (excl. agencies)","Glasgow City","Outside London","G7","[c]","[c]","[c]","[c]"
"Leaver CS","2022","Ministry of Defence (excl. agencies)","Glasgow City","Outside London","HEO","10","[c]","[c]","[c]"
"Leaver CS","2022","Ministry of Defence (excl. agencies)","Glasgow City","Outside London","SEO","[c]","[c]","[c]","[c]"
"Leaver CS","2022","Ministry of Defence (excl. agencies)","Gloucestershire CC","Outside London","AA","[c]","[c]","[c]","[c]"
"Leaver CS","2022","Ministry of Defence (excl. agencies)","Gloucestershire CC","Outside London","AO","20","[c]","35060","39070"
"Leaver CS","2022","Ministry of Defence (excl. agencies)","Gloucestershire CC","Outside London","EO","5","[c]","[c]","[c]"
"Leaver CS","2022","Ministry of Defence (excl. agencies)","Gloucestershire CC","Outside London","G6","[c]","[c]","[c]","[c]"
"Leaver CS","2022","Ministry of Defence (excl. agencies)","Gloucestershire CC","Outside London","HEO","5","[c]","[c]","[c]"
"Leaver CS","2022","Ministry of Defence (excl. agencies)","Greater Manchester North East","Outside London","AO","[c]","[c]","[c]","[c]"
"Leaver CS","2022","Ministry of Defence (excl. agencies)","Greater Manchester South West","Outside London","AO","[c]","[c]","[c]","[c]"
"Leaver CS","2022","Ministry of Defence (excl. agencies)","Gwynedd","Outside London","AA","[c]","[c]","[c]","[c]"
"Leaver CS","2022","Ministry of Defence (excl. agencies)","Harrow and Hillingdon","London","AO","[c]","[c]","[c]","[c]"
"Leaver CS","2022","Ministry of Defence (excl. agencies)","Harrow and Hillingdon","London","EO","[c]","[c]","[c]","[c]"
"Leaver CS","2022","Ministry of Defence (excl. agencies)","Harrow and Hillingdon","London","HEO","[c]","[c]","[c]","[c]"
"Leaver CS","2022","Ministry of Defence (excl. agencies)","Harrow and Hillingdon","London","SCS level","[c]","[c]","[c]","[c]"
"Leaver CS","2022","Ministry of Defence (excl. agencies)","Herefordshire, County of","Outside London","AA","5","[c]","[c]","[c]"
"Leaver CS","2022","Ministry of Defence (excl. agencies)","Herefordshire, County of","Outside London","AO","25","[c]","28840","21710"
"Leaver CS","2022","Ministry of Defence (excl. agencies)","Herefordshire, County of","Outside London","EO","10","[c]","[c]","[c]"
"Leaver CS","2022","Ministry of Defence (excl. agencies)","Herefordshire, County of","Outside London","HEO","[c]","[c]","[c]","[c]"
"Leaver CS","2022","Ministry of Defence (excl. agencies)","Herefordshire, County of","Outside London","SEO","[c]","[c]","[c]","[c]"
"Leaver CS","2022","Ministry of Defence (excl. agencies)","Hertfordshire CC","Outside London","AA","[c]","[c]","[c]","[c]"
"Leaver CS","2022","Ministry of Defence (excl. agencies)","Hertfordshire CC","Outside London","AO","[c]","[c]","[c]","[c]"
"Leaver CS","2022","Ministry of Defence (excl. agencies)","Hertfordshire CC","Outside London","EO","10","[c]","[c]","[c]"
"Leaver CS","2022","Ministry of Defence (excl. agencies)","Hertfordshire CC","Outside London","G6","[c]","[c]","[c]","[c]"
"Leaver CS","2022","Ministry of Defence (excl. agencies)","Hertfordshire CC","Outside London","G7","[c]","[c]","[c]","[c]"
"Leaver CS","2022","Ministry of Defence (excl. agencies)","Hertfordshire CC","Outside London","HEO","10","[c]","[c]","[c]"
"Leaver CS","2022","Ministry of Defence (excl. agencies)","Hertfordshire CC","Outside London","SEO","[c]","[c]","[c]","[c]"
"Leaver CS","2022","Ministry of Defence (excl. agencies)","Hounslow and Richmond upon Thames","London","AA","[c]","[c]","[c]","[c]"
"Leaver CS","2022","Ministry of Defence (excl. agencies)","Hounslow and Richmond upon Thames","London","AO","5","[c]","[c]","[c]"
"Leaver CS","2022","Ministry of Defence (excl. agencies)","Hounslow and Richmond upon Thames","London","EO","15","[c]","29530","29250"
"Leaver CS","2022","Ministry of Defence (excl. agencies)","Hounslow and Richmond upon Thames","London","G6","10","[c]","54080","52590"
"Leaver CS","2022","Ministry of Defence (excl. agencies)","Hounslow and Richmond upon Thames","London","HEO","[c]","[c]","[c]","[c]"
"Leaver CS","2022","Ministry of Defence (excl. agencies)","Inverness and Nairn, Moray, and Badenoch and Strathspey","Outside London","AA","15","[c]","19990","19810"
"Leaver CS","2022","Ministry of Defence (excl. agencies)","Inverness and Nairn, Moray, and Badenoch and Strathspey","Outside London","AO","10","[c]","21330","21150"
"Leaver CS","2022","Ministry of Defence (excl. agencies)","Inverness and Nairn, Moray, and Badenoch and Strathspey","Outside London","EO","5","[c]","[c]","[c]"
"Leaver CS","2022","Ministry of Defence (excl. agencies)","Inverness and Nairn, Moray, and Badenoch and Strathspey","Outside London","HEO","[c]","[c]","[c]","[c]"
"Leaver CS","2022","Ministry of Defence (excl. agencies)","Inverness and Nairn, Moray, and Badenoch and Strathspey","Outside London","SCS level","[c]","[c]","[c]","[c]"
"Leaver CS","2022","Ministry of Defence (excl. agencies)","Isle of Anglesey","Outside London","AA","[c]","[c]","[c]","[c]"
"Leaver CS","2022","Ministry of Defence (excl. agencies)","Isle of Anglesey","Outside London","AO","[c]","[c]","[c]","[c]"
"Leaver CS","2022","Ministry of Defence (excl. agencies)","Isle of Anglesey","Outside London","EO","[c]","[c]","[c]","[c]"
"Leaver CS","2022","Ministry of Defence (excl. agencies)","Kensington & Chelsea and Hammersmith & Fulham","London","SEO","[c]","[c]","[c]","[c]"
"Leaver CS","2022","Ministry of Defence (excl. agencies)","Lambeth","London","AA","[c]","[c]","[c]","[c]"
"Leaver CS","2022","Ministry of Defence (excl. agencies)","Lancaster and Wyre","Outside London","AA","5","[c]","[c]","[c]"
"Leaver CS","2022","Ministry of Defence (excl. agencies)","Lancaster and Wyre","Outside London","AO","5","[c]","[c]","[c]"
"Leaver CS","2022","Ministry of Defence (excl. agencies)","Lancaster and Wyre","Outside London","EO","5","[c]","[c]","[c]"
"Leaver CS","2022","Ministry of Defence (excl. agencies)","Lancaster and Wyre","Outside London","HEO","[c]","[c]","[c]","[c]"
"Leaver CS","2022","Ministry of Defence (excl. agencies)","Lancaster and Wyre","Outside London","SCS level","[c]","[c]","[c]","[c]"
"Leaver CS","2022","Ministry of Defence (excl. agencies)","Leeds","Outside London","AO","[c]","[c]","[c]","[c]"
"Leaver CS","2022","Ministry of Defence (excl. agencies)","Leicester","Outside London","AO","[c]","[c]","[c]","[c]"
"Leaver CS","2022","Ministry of Defence (excl. agencies)","Leicestershire CC and Rutland","Outside London","AA","15","[c]","19060","19010"
"Leaver CS","2022","Ministry of Defence (excl. agencies)","Leicestershire CC and Rutland","Outside London","AO","10","[c]","[c]","[c]"
"Leaver CS","2022","Ministry of Defence (excl. agencies)","Leicestershire CC and Rutland","Outside London","EO","5","[c]","[c]","[c]"
"Leaver CS","2022","Ministry of Defence (excl. agencies)","Leicestershire CC and Rutland","Outside London","HEO","[c]","[c]","[c]","[c]"
"Leaver CS","2022","Ministry of Defence (excl. agencies)","Lincolnshire CC","Outside London","AA","25","[c]","19460","19560"
"Leaver CS","2022","Ministry of Defence (excl. agencies)","Lincolnshire CC","Outside London","AO","20","[c]","21290","21170"
"Leaver CS","2022","Ministry of Defence (excl. agencies)","Lincolnshire CC","Outside London","EO","25","[c]","28340","26670"
"Leaver CS","2022","Ministry of Defence (excl. agencies)","Lincolnshire CC","Outside London","G6","[c]","[c]","[c]","[c]"
"Leaver CS","2022","Ministry of Defence (excl. agencies)","Lincolnshire CC","Outside London","G7","[c]","[c]","[c]","[c]"
"Leaver CS","2022","Ministry of Defence (excl. agencies)","Lincolnshire CC","Outside London","HEO","10","[c]","34720","33630"
"Leaver CS","2022","Ministry of Defence (excl. agencies)","Lincolnshire CC","Outside London","SEO","5","[c]","[c]","[c]"
"Leaver CS","2022","Ministry of Defence (excl. agencies)","Lincolnshire CC","Outside London","Unknown","[c]","[c]","[c]","[c]"
"Leaver CS","2022","Ministry of Defence (excl. agencies)","Lisburn and Castlereagh","Outside London","AA","5","[c]","[c]","[c]"
"Leaver CS","2022","Ministry of Defence (excl. agencies)","Lisburn and Castlereagh","Outside London","AO","[c]","[c]","[c]","[c]"
"Leaver CS","2022","Ministry of Defence (excl. agencies)","Lisburn and Castlereagh","Outside London","EO","[c]","[c]","[c]","[c]"
"Leaver CS","2022","Ministry of Defence (excl. agencies)","Lisburn and Castlereagh","Outside London","G7","[c]","[c]","[c]","[c]"
"Leaver CS","2022","Ministry of Defence (excl. agencies)","Lisburn and Castlereagh","Outside London","HEO","[c]","[c]","[c]","[c]"
"Leaver CS","2022","Ministry of Defence (excl. agencies)","Lisburn and Castlereagh","Outside London","SEO","[c]","[c]","[c]","[c]"
"Leaver CS","2022","Ministry of Defence (excl. agencies)","Liverpool","Outside London","AA","[c]","[c]","[c]","[c]"
"Leaver CS","2022","Ministry of Defence (excl. agencies)","Liverpool","Outside London","AO","10","[c]","21660","21960"
"Leaver CS","2022","Ministry of Defence (excl. agencies)","Liverpool","Outside London","EO","[c]","[c]","[c]","[c]"
"Leaver CS","2022","Ministry of Defence (excl. agencies)","Liverpool","Outside London","HEO","[c]","[c]","[c]","[c]"
"Leaver CS","2022","Ministry of Defence (excl. agencies)","Liverpool","Outside London","SEO","[c]","[c]","[c]","[c]"
"Leaver CS","2022","Ministry of Defence (excl. agencies)","Lochaber, Skye and Lochalsh, Arran and Cumbrae, and Argyll and Bute","Outside London","AA","[c]","[c]","[c]","[c]"
"Leaver CS","2022","Ministry of Defence (excl. agencies)","Lochaber, Skye and Lochalsh, Arran and Cumbrae, and Argyll and Bute","Outside London","EO","[c]","[c]","[c]","[c]"
"Leaver CS","2022","Ministry of Defence (excl. agencies)","Manchester","Outside London","AO","[c]","[c]","[c]","[c]"
"Leaver CS","2022","Ministry of Defence (excl. agencies)","Manchester","Outside London","EO","[c]","[c]","[c]","[c]"
"Leaver CS","2022","Ministry of Defence (excl. agencies)","Manchester","Outside London","G6","[c]","[c]","[c]","[c]"
"Leaver CS","2022","Ministry of Defence (excl. agencies)","Manchester","Outside London","HEO","[c]","[c]","[c]","[c]"
"Leaver CS","2022","Ministry of Defence (excl. agencies)","Medway","Outside London","AO","5","[c]","[c]","[c]"
"Leaver CS","2022","Ministry of Defence (excl. agencies)","Medway","Outside London","EO","[c]","[c]","[c]","[c]"
"Leaver CS","2022","Ministry of Defence (excl. agencies)","Medway","Outside London","G6","[c]","[c]","[c]","[c]"
"Leaver CS","2022","Ministry of Defence (excl. agencies)","Medway","Outside London","HEO","[c]","[c]","[c]","[c]"
"Leaver CS","2022","Ministry of Defence (excl. agencies)","Medway","Outside London","SEO","[c]","[c]","[c]","[c]"
"Leaver CS","2022","Ministry of Defence (excl. agencies)","Merton, Kingston upon Thames and Sutton","London","EO","[c]","[c]","[c]","[c]"
"Leaver CS","2022","Ministry of Defence (excl. agencies)","Mid and East Antrim","Outside London","AA","[c]","[c]","[c]","[c]"
"Leaver CS","2022","Ministry of Defence (excl. agencies)","Mid Kent","Outside London","AA","[c]","[c]","[c]","[c]"
"Leaver CS","2022","Ministry of Defence (excl. agencies)","Mid Kent","Outside London","AO","[c]","[c]","[c]","[c]"
"Leaver CS","2022","Ministry of Defence (excl. agencies)","Mid Lancashire","Outside London","AA","[c]","[c]","[c]","[c]"
"Leaver CS","2022","Ministry of Defence (excl. agencies)","Mid Lancashire","Outside London","AO","5","[c]","[c]","[c]"
"Leaver CS","2022","Ministry of Defence (excl. agencies)","Mid Lancashire","Outside London","EO","[c]","[c]","[c]","[c]"
"Leaver CS","2022","Ministry of Defence (excl. agencies)","Mid Lancashire","Outside London","G7","[c]","[c]","[c]","[c]"
"Leaver CS","2022","Ministry of Defence (excl. agencies)","Mid Lancashire","Outside London","HEO","[c]","[c]","[c]","[c]"
"Leaver CS","2022","Ministry of Defence (excl. agencies)","Mid Lancashire","Outside London","SEO","[c]","[c]","[c]","[c]"
"Leaver CS","2022","Ministry of Defence (excl. agencies)","Monmouthshire and Newport","Outside London","AA","[c]","[c]","[c]","[c]"
"Leaver CS","2022","Ministry of Defence (excl. agencies)","Monmouthshire and Newport","Outside London","AO","[c]","[c]","[c]","[c]"
"Leaver CS","2022","Ministry of Defence (excl. agencies)","Monmouthshire and Newport","Outside London","SEO","[c]","[c]","[c]","[c]"
"Leaver CS","2022","Ministry of Defence (excl. agencies)","Newry, Mourne and Down","Outside London","AA","[c]","[c]","[c]","[c]"
"Leaver CS","2022","Ministry of Defence (excl. agencies)","North and West Norfolk","Outside London","AA","10","[c]","19650","19050"
"Leaver CS","2022","Ministry of Defence (excl. agencies)","North and West Norfolk","Outside London","AO","20","[c]","24530","21220"
"Leaver CS","2022","Ministry of Defence (excl. agencies)","North and West Norfolk","Outside London","EO","[c]","[c]","[c]","[c]"
"Leaver CS","2022","Ministry of Defence (excl. agencies)","North and West Norfolk","Outside London","G7","[c]","[c]","[c]","[c]"
"Leaver CS","2022","Ministry of Defence (excl. agencies)","North and West Norfolk","Outside London","HEO","[c]","[c]","[c]","[c]"
"Leaver CS","2022","Ministry of Defence (excl. agencies)","North Hampshire","Outside London","AA","[c]","[c]","[c]","[c]"
"Leaver CS","2022","Ministry of Defence (excl. agencies)","North Hampshire","Outside London","AO","15","[c]","22010","21170"
"Leaver CS","2022","Ministry of Defence (excl. agencies)","North Hampshire","Outside London","EO","10","[c]","27290","26510"
"Leaver CS","2022","Ministry of Defence (excl. agencies)","North Hampshire","Outside London","HEO","10","[c]","[c]","[c]"
"Leaver CS","2022","Ministry of Defence (excl. agencies)","North Hampshire","Outside London","SEO","[c]","[c]","[c]","[c]"
"Leaver CS","2022","Ministry of Defence (excl. agencies)","North Nottinghamshire","Outside London","AA","[c]","[c]","[c]","[c]"
"Leaver CS","2022","Ministry of Defence (excl. agencies)","North Nottinghamshire","Outside London","AO","[c]","[c]","[c]","[c]"
"Leaver CS","2022","Ministry of Defence (excl. agencies)","North Nottinghamshire","Outside London","HEO","[c]","[c]","[c]","[c]"
"Leaver CS","2022","Ministry of Defence (excl. agencies)","North Nottinghamshire","Outside London","SEO","[c]","[c]","[c]","[c]"
"Leaver CS","2022","Ministry of Defence (excl. agencies)","North Yorkshire CC","Outside London","AA","20","[c]","19220","19050"
"Leaver CS","2022","Ministry of Defence (excl. agencies)","North Yorkshire CC","Outside London","AO","55","[c]","27070","22080"
"Leaver CS","2022","Ministry of Defence (excl. agencies)","North Yorkshire CC","Outside London","EO","25","[c]","30610","31530"
"Leaver CS","2022","Ministry of Defence (excl. agencies)","North Yorkshire CC","Outside London","G6","[c]","[c]","[c]","[c]"
"Leaver CS","2022","Ministry of Defence (excl. agencies)","North Yorkshire CC","Outside London","G7","[c]","[c]","[c]","[c]"
"Leaver CS","2022","Ministry of Defence (excl. agencies)","North Yorkshire CC","Outside London","HEO","20","[c]","35480","35480"
"Leaver CS","2022","Ministry of Defence (excl. agencies)","North Yorkshire CC","Outside London","SEO","10","[c]","40840","40580"
"Leaver CS","2022","Ministry of Defence (excl. agencies)","Northumberland","Outside London","AO","[c]","[c]","[c]","[c]"
"Leaver CS","2022","Ministry of Defence (excl. agencies)","Northumberland","Outside London","G6","[c]","[c]","[c]","[c]"
"Leaver CS","2022","Ministry of Defence (excl. agencies)","Northumberland","Outside London","HEO","[c]","[c]","[c]","[c]"
"Leaver CS","2022","Ministry of Defence (excl. agencies)","Norwich and East Norfolk","Outside London","HEO","[c]","[c]","[c]","[c]"
"Leaver CS","2022","Ministry of Defence (excl. agencies)","Nottingham","Outside London","AA","[c]","[c]","[c]","[c]"
"Leaver CS","2022","Ministry of Defence (excl. agencies)","Overseas","Overseas","EO","5","[c]","[c]","[c]"
"Leaver CS","2022","Ministry of Defence (excl. agencies)","Overseas","Overseas","G6","5","[c]","[c]","[c]"
"Leaver CS","2022","Ministry of Defence (excl. agencies)","Overseas","Overseas","G7","[c]","[c]","[c]","[c]"
"Leaver CS","2022","Ministry of Defence (excl. agencies)","Overseas","Overseas","HEO","45","[c]","39700","39030"
"Leaver CS","2022","Ministry of Defence (excl. agencies)","Overseas","Overseas","SCS level","[c]","[c]","[c]","[c]"
"Leaver CS","2022","Ministry of Defence (excl. agencies)","Overseas","Overseas","SEO","5","[c]","[c]","[c]"
"Leaver CS","2022","Ministry of Defence (excl. agencies)","Overseas","Overseas","Unknown","[c]","[c]","[c]","[c]"
"Leaver CS","2022","Ministry of Defence (excl. agencies)","Oxfordshire CC","Outside London","AA","60","[c]","19400","19050"
"Leaver CS","2022","Ministry of Defence (excl. agencies)","Oxfordshire CC","Outside London","AO","100","[c]","21640","20970"
"Leaver CS","2022","Ministry of Defence (excl. agencies)","Oxfordshire CC","Outside London","EO","25","[c]","22950","26670"
"Leaver CS","2022","Ministry of Defence (excl. agencies)","Oxfordshire CC","Outside London","G6","[c]","[c]","[c]","[c]"
"Leaver CS","2022","Ministry of Defence (excl. agencies)","Oxfordshire CC","Outside London","G7","[c]","[c]","[c]","[c]"
"Leaver CS","2022","Ministry of Defence (excl. agencies)","Oxfordshire CC","Outside London","HEO","15","[c]","35020","33300"
"Leaver CS","2022","Ministry of Defence (excl. agencies)","Oxfordshire CC","Outside London","SEO","10","[c]","[c]","[c]"
"Leaver CS","2022","Ministry of Defence (excl. agencies)","Perth and Kinross, and Stirling","Outside London","AA","[c]","[c]","[c]","[c]"
"Leaver CS","2022","Ministry of Defence (excl. agencies)","Perth and Kinross, and Stirling","Outside London","AO","[c]","[c]","[c]","[c]"
"Leaver CS","2022","Ministry of Defence (excl. agencies)","Perth and Kinross, and Stirling","Outside London","EO","[c]","[c]","[c]","[c]"
"Leaver CS","2022","Ministry of Defence (excl. agencies)","Perth and Kinross, and Stirling","Outside London","G7","[c]","[c]","[c]","[c]"
"Leaver CS","2022","Ministry of Defence (excl. agencies)","Perth and Kinross, and Stirling","Outside London","HEO","5","[c]","[c]","[c]"
"Leaver CS","2022","Ministry of Defence (excl. agencies)","Perth and Kinross, and Stirling","Outside London","Unknown","[c]","[c]","[c]","[c]"
"Leaver CS","2022","Ministry of Defence (excl. agencies)","Peterborough","Outside London","AA","[c]","[c]","[c]","[c]"
"Leaver CS","2022","Ministry of Defence (excl. agencies)","Peterborough","Outside London","AO","5","[c]","[c]","[c]"
"Leaver CS","2022","Ministry of Defence (excl. agencies)","Peterborough","Outside London","EO","[c]","[c]","[c]","[c]"
"Leaver CS","2022","Ministry of Defence (excl. agencies)","Peterborough","Outside London","G7","[c]","[c]","[c]","[c]"
"Leaver CS","2022","Ministry of Defence (excl. agencies)","Peterborough","Outside London","SEO","[c]","[c]","[c]","[c]"
"Leaver CS","2022","Ministry of Defence (excl. agencies)","Plymouth","Outside London","AA","15","[c]","20830","19560"
"Leaver CS","2022","Ministry of Defence (excl. agencies)","Plymouth","Outside London","AO","30","[c]","28310","25680"
"Leaver CS","2022","Ministry of Defence (excl. agencies)","Plymouth","Outside London","EO","15","[c]","27620","26670"
"Leaver CS","2022","Ministry of Defence (excl. agencies)","Plymouth","Outside London","G7","5","[c]","[c]","[c]"
"Leaver CS","2022","Ministry of Defence (excl. agencies)","Plymouth","Outside London","HEO","5","[c]","[c]","[c]"
"Leaver CS","2022","Ministry of Defence (excl. agencies)","Plymouth","Outside London","SCS level","[c]","[c]","[c]","[c]"
"Leaver CS","2022","Ministry of Defence (excl. agencies)","Plymouth","Outside London","SEO","10","[c]","[c]","[c]"
"Leaver CS","2022","Ministry of Defence (excl. agencies)","Portsmouth","Outside London","AA","25","[c]","19660","19560"
"Leaver CS","2022","Ministry of Defence (excl. agencies)","Portsmouth","Outside London","AO","40","[c]","26640","22540"
"Leaver CS","2022","Ministry of Defence (excl. agencies)","Portsmouth","Outside London","EO","25","[c]","29480","26930"
"Leaver CS","2022","Ministry of Defence (excl. agencies)","Portsmouth","Outside London","G6","[c]","[c]","[c]","[c]"
"Leaver CS","2022","Ministry of Defence (excl. agencies)","Portsmouth","Outside London","G7","5","[c]","[c]","[c]"
"Leaver CS","2022","Ministry of Defence (excl. agencies)","Portsmouth","Outside London","HEO","20","[c]","35750","34690"
"Leaver CS","2022","Ministry of Defence (excl. agencies)","Portsmouth","Outside London","SCS level","[c]","[c]","[c]","[c]"
"Leaver CS","2022","Ministry of Defence (excl. agencies)","Portsmouth","Outside London","SEO","20","[c]","46670","40780"
"Leaver CS","2022","Ministry of Defence (excl. agencies)","Powys","Outside London","AA","5","[c]","[c]","[c]"
"Leaver CS","2022","Ministry of Defence (excl. agencies)","Powys","Outside London","AO","5","[c]","[c]","[c]"
"Leaver CS","2022","Ministry of Defence (excl. agencies)","Powys","Outside London","EO","[c]","[c]","[c]","[c]"
"Leaver CS","2022","Ministry of Defence (excl. agencies)","Powys","Outside London","HEO","5","[c]","[c]","[c]"
"Leaver CS","2022","Ministry of Defence (excl. agencies)","Sandwell","Outside London","AO","[c]","[c]","[c]","[c]"
"Leaver CS","2022","Ministry of Defence (excl. agencies)","Scottish Borders","Outside London","AA","[c]","[c]","[c]","[c]"
"Leaver CS","2022","Ministry of Defence (excl. agencies)","Sheffield","Outside London","AA","[c]","[c]","[c]","[c]"
"Leaver CS","2022","Ministry of Defence (excl. agencies)","Shropshire","Outside London","AA","[c]","[c]","[c]","[c]"
"Leaver CS","2022","Ministry of Defence (excl. agencies)","Shropshire","Outside London","AO","5","[c]","[c]","[c]"
"Leaver CS","2022","Ministry of Defence (excl. agencies)","Shropshire","Outside London","EO","25","[c]","28910","29670"
"Leaver CS","2022","Ministry of Defence (excl. agencies)","Shropshire","Outside London","G7","[c]","[c]","[c]","[c]"
"Leaver CS","2022","Ministry of Defence (excl. agencies)","Shropshire","Outside London","HEO","5","[c]","[c]","[c]"
"Leaver CS","2022","Ministry of Defence (excl. agencies)","Shropshire","Outside London","SEO","[c]","[c]","[c]","[c]"
"Leaver CS","2022","Ministry of Defence (excl. agencies)","Somerset CC","Outside London","AA","10","[c]","[c]","[c]"
"Leaver CS","2022","Ministry of Defence (excl. agencies)","Somerset CC","Outside London","AO","15","[c]","22240","21130"
"Leaver CS","2022","Ministry of Defence (excl. agencies)","Somerset CC","Outside London","EO","[c]","[c]","[c]","[c]"
"Leaver CS","2022","Ministry of Defence (excl. agencies)","Somerset CC","Outside London","HEO","5","[c]","[c]","[c]"
"Leaver CS","2022","Ministry of Defence (excl. agencies)","Somerset CC","Outside London","SEO","[c]","[c]","[c]","[c]"
"Leaver CS","2022","Ministry of Defence (excl. agencies)","South Hampshire","Outside London","AA","10","[c]","19960","19810"
"Leaver CS","2022","Ministry of Defence (excl. agencies)","South Hampshire","Outside London","AO","10","[c]","22410","21830"
"Leaver CS","2022","Ministry of Defence (excl. agencies)","South Hampshire","Outside London","EO","20","[c]","29510","29200"
"Leaver CS","2022","Ministry of Defence (excl. agencies)","South Hampshire","Outside London","G6","[c]","[c]","[c]","[c]"
"Leaver CS","2022","Ministry of Defence (excl. agencies)","South Hampshire","Outside London","G7","[c]","[c]","[c]","[c]"
"Leaver CS","2022","Ministry of Defence (excl. agencies)","South Hampshire","Outside London","HEO","10","[c]","[c]","[c]"
"Leaver CS","2022","Ministry of Defence (excl. agencies)","South Hampshire","Outside London","SEO","5","[c]","[c]","[c]"
"Leaver CS","2022","Ministry of Defence (excl. agencies)","South Hampshire","Outside London","Unknown","[c]","[c]","[c]","[c]"
"Leaver CS","2022","Ministry of Defence (excl. agencies)","South Nottinghamshire","Outside London","AA","[c]","[c]","[c]","[c]"
"Leaver CS","2022","Ministry of Defence (excl. agencies)","South Nottinghamshire","Outside London","AO","20","[c]","21950","21380"
"Leaver CS","2022","Ministry of Defence (excl. agencies)","South Nottinghamshire","Outside London","EO","[c]","[c]","[c]","[c]"
"Leaver CS","2022","Ministry of Defence (excl. agencies)","South Nottinghamshire","Outside London","HEO","5","[c]","[c]","[c]"
"Leaver CS","2022","Ministry of Defence (excl. agencies)","South Nottinghamshire","Outside London","SEO","5","[c]","[c]","[c]"
"Leaver CS","2022","Ministry of Defence (excl. agencies)","South Teesside","Outside London","AA","[c]","[c]","[c]","[c]"
"Leaver CS","2022","Ministry of Defence (excl. agencies)","South West Wales","Outside London","AA","[c]","[c]","[c]","[c]"
"Leaver CS","2022","Ministry of Defence (excl. agencies)","South West Wales","Outside London","AO","[c]","[c]","[c]","[c]"
"Leaver CS","2022","Ministry of Defence (excl. agencies)","South West Wales","Outside London","HEO","[c]","[c]","[c]","[c]"
"Leaver CS","2022","Ministry of Defence (excl. agencies)","Staffordshire CC","Outside London","AA","[c]","[c]","[c]","[c]"
"Leaver CS","2022","Ministry of Defence (excl. agencies)","Staffordshire CC","Outside London","AO","10","[c]","22040","21380"
"Leaver CS","2022","Ministry of Defence (excl. agencies)","Staffordshire CC","Outside London","EO","10","[c]","[c]","[c]"
"Leaver CS","2022","Ministry of Defence (excl. agencies)","Staffordshire CC","Outside London","G6","[c]","[c]","[c]","[c]"
"Leaver CS","2022","Ministry of Defence (excl. agencies)","Staffordshire CC","Outside London","G7","5","[c]","[c]","[c]"
"Leaver CS","2022","Ministry of Defence (excl. agencies)","Staffordshire CC","Outside London","HEO","10","[c]","33960","33300"
"Leaver CS","2022","Ministry of Defence (excl. agencies)","Staffordshire CC","Outside London","SCS level","[c]","[c]","[c]","[c]"
"Leaver CS","2022","Ministry of Defence (excl. agencies)","Staffordshire CC","Outside London","SEO","10","[c]","42870","40580"
"Leaver CS","2022","Ministry of Defence (excl. agencies)","Suffolk CC","Outside London","AA","10","[c]","[c]","[c]"
"Leaver CS","2022","Ministry of Defence (excl. agencies)","Suffolk CC","Outside London","AO","35","[c]","21650","21380"
"Leaver CS","2022","Ministry of Defence (excl. agencies)","Suffolk CC","Outside London","EO","15","[c]","27720","27720"
"Leaver CS","2022","Ministry of Defence (excl. agencies)","Suffolk CC","Outside London","G6","[c]","[c]","[c]","[c]"
"Leaver CS","2022","Ministry of Defence (excl. agencies)","Suffolk CC","Outside London","HEO","5","[c]","[c]","[c]"
"Leaver CS","2022","Ministry of Defence (excl. agencies)","Suffolk CC","Outside London","SCS level","[c]","[c]","[c]","[c]"
"Leaver CS","2022","Ministry of Defence (excl. agencies)","Suffolk CC","Outside London","SEO","[c]","[c]","[c]","[c]"
"Leaver CS","2022","Ministry of Defence (excl. agencies)","Sunderland","Outside London","AA","[c]","[c]","[c]","[c]"
"Leaver CS","2022","Ministry of Defence (excl. agencies)","Swansea","Outside London","AA","[c]","[c]","[c]","[c]"
"Leaver CS","2022","Ministry of Defence (excl. agencies)","Swindon","Outside London","SEO","[c]","[c]","[c]","[c]"
"Leaver CS","2022","Ministry of Defence (excl. agencies)","Telford and Wrekin","Outside London","AA","[c]","[c]","[c]","[c]"
"Leaver CS","2022","Ministry of Defence (excl. agencies)","Telford and Wrekin","Outside London","AO","5","[c]","[c]","[c]"
"Leaver CS","2022","Ministry of Defence (excl. agencies)","Telford and Wrekin","Outside London","EO","[c]","[c]","[c]","[c]"
"Leaver CS","2022","Ministry of Defence (excl. agencies)","Telford and Wrekin","Outside London","G6","[c]","[c]","[c]","[c]"
"Leaver CS","2022","Ministry of Defence (excl. agencies)","Telford and Wrekin","Outside London","G7","[c]","[c]","[c]","[c]"
"Leaver CS","2022","Ministry of Defence (excl. agencies)","Telford and Wrekin","Outside London","HEO","[c]","[c]","[c]","[c]"
"Leaver CS","2022","Ministry of Defence (excl. agencies)","Telford and Wrekin","Outside London","SEO","[c]","[c]","[c]","[c]"
"Leaver CS","2022","Ministry of Defence (excl. agencies)","Tower Hamlets","London","AA","[c]","[c]","[c]","[c]"
"Leaver CS","2022","Ministry of Defence (excl. agencies)","Tower Hamlets","London","EO","[c]","[c]","[c]","[c]"
"Leaver CS","2022","Ministry of Defence (excl. agencies)","Tyneside","Outside London","AA","[c]","[c]","[c]","[c]"
"Leaver CS","2022","Ministry of Defence (excl. agencies)","Tyneside","Outside London","AO","[c]","[c]","[c]","[c]"
"Leaver CS","2022","Ministry of Defence (excl. agencies)","Tyneside","Outside London","EO","[c]","[c]","[c]","[c]"
"Leaver CS","2022","Ministry of Defence (excl. agencies)","Tyneside","Outside London","HEO","[c]","[c]","[c]","[c]"
"Leaver CS","2022","Ministry of Defence (excl. agencies)","Tyneside","Outside London","SEO","[c]","[c]","[c]","[c]"
"Leaver CS","2022","Ministry of Defence (excl. agencies)","Unknown","Unknown","AA","[c]","[c]","[c]","[c]"
"Leaver CS","2022","Ministry of Defence (excl. agencies)","Unknown","Unknown","AO","[c]","[c]","[c]","[c]"
"Leaver CS","2022","Ministry of Defence (excl. agencies)","Unknown","Unknown","EO","5","[c]","[c]","[c]"
"Leaver CS","2022","Ministry of Defence (excl. agencies)","Unknown","Unknown","HEO","10","[c]","[c]","[c]"
"Leaver CS","2022","Ministry of Defence (excl. agencies)","Unknown","Unknown","SCS level","[c]","[c]","[c]","[c]"
"Leaver CS","2022","Ministry of Defence (excl. agencies)","Unknown","Unknown","SEO","[c]","[c]","[c]","[c]"
"Leaver CS","2022","Ministry of Defence (excl. agencies)","Unknown","Unknown","Unknown","[c]","[c]","[c]","[c]"
"Leaver CS","2022","Ministry of Defence (excl. agencies)","Wakefield","Outside London","AO","[c]","[c]","[c]","[c]"
"Leaver CS","2022","Ministry of Defence (excl. agencies)","Wandsworth","London","AA","[c]","[c]","[c]","[c]"
"Leaver CS","2022","Ministry of Defence (excl. agencies)","Wandsworth","London","AO","[c]","[c]","[c]","[c]"
"Leaver CS","2022","Ministry of Defence (excl. agencies)","Wandsworth","London","EO","[c]","[c]","[c]","[c]"
"Leaver CS","2022","Ministry of Defence (excl. agencies)","Warrington","Outside London","AO","[c]","[c]","[c]","[c]"
"Leaver CS","2022","Ministry of Defence (excl. agencies)","Warwickshire CC","Outside London","AA","10","[c]","[c]","[c]"
"Leaver CS","2022","Ministry of Defence (excl. agencies)","Warwickshire CC","Outside London","AO","[c]","[c]","[c]","[c]"
"Leaver CS","2022","Ministry of Defence (excl. agencies)","Warwickshire CC","Outside London","EO","[c]","[c]","[c]","[c]"
"Leaver CS","2022","Ministry of Defence (excl. agencies)","Warwickshire CC","Outside London","G7","[c]","[c]","[c]","[c]"
"Leaver CS","2022","Ministry of Defence (excl. agencies)","Warwickshire CC","Outside London","HEO","[c]","[c]","[c]","[c]"
"Leaver CS","2022","Ministry of Defence (excl. agencies)","West Cumbria","Outside London","AO","10","[c]","[c]","[c]"
"Leaver CS","2022","Ministry of Defence (excl. agencies)","West Cumbria","Outside London","EO","[c]","[c]","[c]","[c]"
"Leaver CS","2022","Ministry of Defence (excl. agencies)","West Cumbria","Outside London","HEO","[c]","[c]","[c]","[c]"
"Leaver CS","2022","Ministry of Defence (excl. agencies)","West Essex","Outside London","AA","10","[c]","[c]","[c]"
"Leaver CS","2022","Ministry of Defence (excl. agencies)","West Essex","Outside London","EO","[c]","[c]","[c]","[c]"
"Leaver CS","2022","Ministry of Defence (excl. agencies)","West Kent","Outside London","AO","[c]","[c]","[c]","[c]"
"Leaver CS","2022","Ministry of Defence (excl. agencies)","West Kent","Outside London","EO","[c]","[c]","[c]","[c]"
"Leaver CS","2022","Ministry of Defence (excl. agencies)","West Lothian","Outside London","AA","[c]","[c]","[c]","[c]"
"Leaver CS","2022","Ministry of Defence (excl. agencies)","West Northamptonshire","Outside London","AO","[c]","[c]","[c]","[c]"
"Leaver CS","2022","Ministry of Defence (excl. agencies)","West Northamptonshire","Outside London","HEO","[c]","[c]","[c]","[c]"
"Leaver CS","2022","Ministry of Defence (excl. agencies)","West Northamptonshire","Outside London","SEO","[c]","[c]","[c]","[c]"
"Leaver CS","2022","Ministry of Defence (excl. agencies)","West Surrey","Outside London","AA","5","[c]","[c]","[c]"
"Leaver CS","2022","Ministry of Defence (excl. agencies)","West Surrey","Outside London","AO","[c]","[c]","[c]","[c]"
"Leaver CS","2022","Ministry of Defence (excl. agencies)","West Surrey","Outside London","EO","[c]","[c]","[c]","[c]"
"Leaver CS","2022","Ministry of Defence (excl. agencies)","West Surrey","Outside London","G7","[c]","[c]","[c]","[c]"
"Leaver CS","2022","Ministry of Defence (excl. agencies)","West Surrey","Outside London","HEO","[c]","[c]","[c]","[c]"
"Leaver CS","2022","Ministry of Defence (excl. agencies)","West Sussex (South West)","Outside London","AO","[c]","[c]","[c]","[c]"
"Leaver CS","2022","Ministry of Defence (excl. agencies)","West Sussex (South West)","Outside London","HEO","[c]","[c]","[c]","[c]"
"Leaver CS","2022","Ministry of Defence (excl. agencies)","Westminster","London","AA","10","[c]","21910","22650"
"Leaver CS","2022","Ministry of Defence (excl. agencies)","Westminster","London","AO","30","[c]","27130","25390"
"Leaver CS","2022","Ministry of Defence (excl. agencies)","Westminster","London","EO","30","[c]","28580","30200"
"Leaver CS","2022","Ministry of Defence (excl. agencies)","Westminster","London","G6","15","[c]","70490","68250"
"Leaver CS","2022","Ministry of Defence (excl. agencies)","Westminster","London","G7","10","[c]","59080","59730"
"Leaver CS","2022","Ministry of Defence (excl. agencies)","Westminster","London","HEO","40","[c]","37490","37640"
"Leaver CS","2022","Ministry of Defence (excl. agencies)","Westminster","London","SCS level","5","[c]","[c]","[c]"
"Leaver CS","2022","Ministry of Defence (excl. agencies)","Westminster","London","SEO","40","[c]","44880","45200"
"Leaver CS","2022","Ministry of Defence (excl. agencies)","Wiltshire","Outside London","AA","20","[c]","20390","19810"
"Leaver CS","2022","Ministry of Defence (excl. agencies)","Wiltshire","Outside London","AO","60","[c]","23870","21380"
"Leaver CS","2022","Ministry of Defence (excl. agencies)","Wiltshire","Outside London","EO","80","[c]","28950","26670"
"Leaver CS","2022","Ministry of Defence (excl. agencies)","Wiltshire","Outside London","G6","5","[c]","[c]","[c]"
"Leaver CS","2022","Ministry of Defence (excl. agencies)","Wiltshire","Outside London","G7","15","[c]","57370","54540"
"Leaver CS","2022","Ministry of Defence (excl. agencies)","Wiltshire","Outside London","HEO","60","[c]","34800","33300"
"Leaver CS","2022","Ministry of Defence (excl. agencies)","Wiltshire","Outside London","SCS level","[c]","[c]","[c]","[c]"
"Leaver CS","2022","Ministry of Defence (excl. agencies)","Wiltshire","Outside London","SEO","45","[c]","41460","40580"
"Leaver CS","2022","Ministry of Defence (excl. agencies)","Wiltshire","Outside London","Unknown","[c]","[c]","[c]","[c]"
"Leaver CS","2022","Ministry of Defence (excl. agencies)","Wolverhampton","Outside London","AO","[c]","[c]","[c]","[c]"
"Leaver CS","2022","Ministry of Defence (excl. agencies)","Worcestershire CC","Outside London","AO","[c]","[c]","[c]","[c]"
"Leaver CS","2022","Ministry of Defence (excl. agencies)","York","Outside London","AA","[c]","[c]","[c]","[c]"
"Leaver CS","2022","Ministry of Defence (excl. agencies)","York","Outside London","AO","10","[c]","[c]","[c]"
"Leaver CS","2022","Ministry of Defence (excl. agencies)","York","Outside London","EO","[c]","[c]","[c]","[c]"
"Leaver CS","2022","Ministry of Defence (excl. agencies)","York","Outside London","G7","[c]","[c]","[c]","[c]"
"Leaver CS","2022","Ministry of Defence (excl. agencies)","York","Outside London","HEO","[c]","[c]","[c]","[c]"
"Leaver CS","2022","Ministry of Defence (excl. agencies)","York","Outside London","SEO","[c]","[c]","[c]","[c]"
"Leaver CS","2022","Ministry of Justice (excl. agencies)","Barnsley, Doncaster and Rotherham","Outside London","G7","[c]","[c]","[c]","[c]"
"Leaver CS","2022","Ministry of Justice (excl. agencies)","Barnsley, Doncaster and Rotherham","Outside London","SEO","[c]","[c]","[c]","[c]"
"Leaver CS","2022","Ministry of Justice (excl. agencies)","Berkshire","Outside London","EO","[c]","[c]","[c]","[c]"
"Leaver CS","2022","Ministry of Justice (excl. agencies)","Bexley and Greenwich","London","AO","[c]","[c]","[c]","[c]"
"Leaver CS","2022","Ministry of Justice (excl. agencies)","Bexley and Greenwich","London","EO","[c]","[c]","[c]","[c]"
"Leaver CS","2022","Ministry of Justice (excl. agencies)","Bexley and Greenwich","London","SEO","[c]","[c]","[c]","[c]"
"Leaver CS","2022","Ministry of Justice (excl. agencies)","Birmingham","Outside London","G6","[c]","[c]","[c]","[c]"
"Leaver CS","2022","Ministry of Justice (excl. agencies)","Birmingham","Outside London","G7","[c]","[c]","[c]","[c]"
"Leaver CS","2022","Ministry of Justice (excl. agencies)","Birmingham","Outside London","HEO","[c]","[c]","[c]","[c]"
"Leaver CS","2022","Ministry of Justice (excl. agencies)","Birmingham","Outside London","SEO","[c]","[c]","[c]","[c]"
"Leaver CS","2022","Ministry of Justice (excl. agencies)","Birmingham","Outside London","Unknown","[c]","[c]","[c]","[c]"
"Leaver CS","2022","Ministry of Justice (excl. agencies)","Blackburn with Darwen","Outside London","SCS level","[c]","[c]","[c]","[c]"
"Leaver CS","2022","Ministry of Justice (excl. agencies)","Bournemouth, Christchurch and Poole","Outside London","EO","[c]","[c]","[c]","[c]"
"Leaver CS","2022","Ministry of Justice (excl. agencies)","Bristol, City of","Outside London","G7","[c]","[c]","[c]","[c]"
"Leaver CS","2022","Ministry of Justice (excl. agencies)","Bristol, City of","Outside London","SEO","[c]","[c]","[c]","[c]"
"Leaver CS","2022","Ministry of Justice (excl. agencies)","Calderdale and Kirklees","Outside London","SEO","[c]","[c]","[c]","[c]"
"Leaver CS","2022","Ministry of Justice (excl. agencies)","Cambridgeshire CC","Outside London","SEO","[c]","[c]","[c]","[c]"
"Leaver CS","2022","Ministry of Justice (excl. agencies)","Camden and City of London","London","AO","[c]","[c]","[c]","[c]"
"Leaver CS","2022","Ministry of Justice (excl. agencies)","Camden and City of London","London","EO","[c]","[c]","[c]","[c]"
"Leaver CS","2022","Ministry of Justice (excl. agencies)","Camden and City of London","London","G7","[c]","[c]","[c]","[c]"
"Leaver CS","2022","Ministry of Justice (excl. agencies)","Camden and City of London","London","HEO","[c]","[c]","[c]","[c]"
"Leaver CS","2022","Ministry of Justice (excl. agencies)","Cardiff and Vale of Glamorgan","Outside London","AA","[c]","[c]","[c]","[c]"
"Leaver CS","2022","Ministry of Justice (excl. agencies)","Cheshire East","Outside London","G7","[c]","[c]","[c]","[c]"
"Leaver CS","2022","Ministry of Justice (excl. agencies)","Croydon","London","G7","[c]","[c]","[c]","[c]"
"Leaver CS","2022","Ministry of Justice (excl. agencies)","Croydon","London","HEO","[c]","[c]","[c]","[c]"
"Leaver CS","2022","Ministry of Justice (excl. agencies)","Croydon","London","SEO","[c]","[c]","[c]","[c]"
"Leaver CS","2022","Ministry of Justice (excl. agencies)","Devon CC","Outside London","HEO","[c]","[c]","[c]","[c]"
"Leaver CS","2022","Ministry of Justice (excl. agencies)","Devon CC","Outside London","SEO","[c]","[c]","[c]","[c]"
"Leaver CS","2022","Ministry of Justice (excl. agencies)","Devon CC","Outside London","Unknown","[c]","[c]","[c]","[c]"
"Leaver CS","2022","Ministry of Justice (excl. agencies)","Dorset","Outside London","SEO","[c]","[c]","[c]","[c]"
"Leaver CS","2022","Ministry of Justice (excl. agencies)","Durham","Outside London","G6","[c]","[c]","[c]","[c]"
"Leaver CS","2022","Ministry of Justice (excl. agencies)","Durham","Outside London","SEO","[c]","[c]","[c]","[c]"
"Leaver CS","2022","Ministry of Justice (excl. agencies)","East Merseyside","Outside London","SEO","[c]","[c]","[c]","[c]"
"Leaver CS","2022","Ministry of Justice (excl. agencies)","East Riding of Yorkshire","Outside London","AO","[c]","[c]","[c]","[c]"
"Leaver CS","2022","Ministry of Justice (excl. agencies)","Flintshire and Wrexham","Outside London","SEO","[c]","[c]","[c]","[c]"
"Leaver CS","2022","Ministry of Justice (excl. agencies)","Glasgow City","Outside London","G6","[c]","[c]","[c]","[c]"
"Leaver CS","2022","Ministry of Justice (excl. agencies)","Glasgow City","Outside London","G7","[c]","[c]","[c]","[c]"
"Leaver CS","2022","Ministry of Justice (excl. agencies)","Gloucestershire CC","Outside London","HEO","[c]","[c]","[c]","[c]"
"Leaver CS","2022","Ministry of Justice (excl. agencies)","Greater Manchester North East","Outside London","Unknown","[c]","[c]","[c]","[c]"
"Leaver CS","2022","Ministry of Justice (excl. agencies)","Greater Manchester South West","Outside London","AA","[c]","[c]","[c]","[c]"
"Leaver CS","2022","Ministry of Justice (excl. agencies)","Haringey and Islington","London","EO","[c]","[c]","[c]","[c]"
"Leaver CS","2022","Ministry of Justice (excl. agencies)","Haringey and Islington","London","G7","[c]","[c]","[c]","[c]"
"Leaver CS","2022","Ministry of Justice (excl. agencies)","Haringey and Islington","London","HEO","[c]","[c]","[c]","[c]"
"Leaver CS","2022","Ministry of Justice (excl. agencies)","Heart of Essex","Outside London","SEO","[c]","[c]","[c]","[c]"
"Leaver CS","2022","Ministry of Justice (excl. agencies)","Hertfordshire CC","Outside London","HEO","[c]","[c]","[c]","[c]"
"Leaver CS","2022","Ministry of Justice (excl. agencies)","Hounslow and Richmond upon Thames","London","EO","[c]","[c]","[c]","[c]"
"Leaver CS","2022","Ministry of Justice (excl. agencies)","Isle of Wight","Outside London","G7","[c]","[c]","[c]","[c]"
"Leaver CS","2022","Ministry of Justice (excl. agencies)","Kent Thames Gateway","Outside London","SEO","[c]","[c]","[c]","[c]"
"Leaver CS","2022","Ministry of Justice (excl. agencies)","Leeds","Outside London","EO","10","[c]","22240","21170"
"Leaver CS","2022","Ministry of Justice (excl. agencies)","Leeds","Outside London","G6","[c]","[c]","[c]","[c]"
"Leaver CS","2022","Ministry of Justice (excl. agencies)","Leeds","Outside London","G7","[c]","[c]","[c]","[c]"
"Leaver CS","2022","Ministry of Justice (excl. agencies)","Leeds","Outside London","HEO","[c]","[c]","[c]","[c]"
"Leaver CS","2022","Ministry of Justice (excl. agencies)","Leeds","Outside London","SEO","[c]","[c]","[c]","[c]"
"Leaver CS","2022","Ministry of Justice (excl. agencies)","Leicestershire CC and Rutland","Outside London","AO","[c]","[c]","[c]","[c]"
"Leaver CS","2022","Ministry of Justice (excl. agencies)","Leicestershire CC and Rutland","Outside London","EO","[c]","[c]","[c]","[c]"
"Leaver CS","2022","Ministry of Justice (excl. agencies)","Lewisham and Southwark","London","Unknown","[c]","[c]","[c]","[c]"
"Leaver CS","2022","Ministry of Justice (excl. agencies)","Liverpool","Outside London","EO","[c]","[c]","[c]","[c]"
"Leaver CS","2022","Ministry of Justice (excl. agencies)","Liverpool","Outside London","Unknown","[c]","[c]","[c]","[c]"
"Leaver CS","2022","Ministry of Justice (excl. agencies)","Manchester","Outside London","G6","[c]","[c]","[c]","[c]"
"Leaver CS","2022","Ministry of Justice (excl. agencies)","Manchester","Outside London","G7","[c]","[c]","[c]","[c]"
"Leaver CS","2022","Ministry of Justice (excl. agencies)","Manchester","Outside London","HEO","[c]","[c]","[c]","[c]"
"Leaver CS","2022","Ministry of Justice (excl. agencies)","Manchester","Outside London","SEO","[c]","[c]","[c]","[c]"
"Leaver CS","2022","Ministry of Justice (excl. agencies)","Medway","Outside London","HEO","[c]","[c]","[c]","[c]"
"Leaver CS","2022","Ministry of Justice (excl. agencies)","Mid Kent","Outside London","EO","[c]","[c]","[c]","[c]"
"Leaver CS","2022","Ministry of Justice (excl. agencies)","Mid Lancashire","Outside London","HEO","[c]","[c]","[c]","[c]"
"Leaver CS","2022","Ministry of Justice (excl. agencies)","Monmouthshire and Newport","Outside London","HEO","[c]","[c]","[c]","[c]"
"Leaver CS","2022","Ministry of Justice (excl. agencies)","North and West Norfolk","Outside London","AO","[c]","[c]","[c]","[c]"
"Leaver CS","2022","Ministry of Justice (excl. agencies)","North Northamptonshire","Outside London","EO","[c]","[c]","[c]","[c]"
"Leaver CS","2022","Ministry of Justice (excl. agencies)","North Nottinghamshire","Outside London","G7","[c]","[c]","[c]","[c]"
"Leaver CS","2022","Ministry of Justice (excl. agencies)","Nottingham","Outside London","G7","[c]","[c]","[c]","[c]"
"Leaver CS","2022","Ministry of Justice (excl. agencies)","Sheffield","Outside London","EO","[c]","[c]","[c]","[c]"
"Leaver CS","2022","Ministry of Justice (excl. agencies)","Sheffield","Outside London","G7","[c]","[c]","[c]","[c]"
"Leaver CS","2022","Ministry of Justice (excl. agencies)","Sheffield","Outside London","HEO","[c]","[c]","[c]","[c]"
"Leaver CS","2022","Ministry of Justice (excl. agencies)","Sheffield","Outside London","SEO","[c]","[c]","[c]","[c]"
"Leaver CS","2022","Ministry of Justice (excl. agencies)","Sheffield","Outside London","Unknown","[c]","[c]","[c]","[c]"
"Leaver CS","2022","Ministry of Justice (excl. agencies)","South and West Derbyshire","Outside London","G7","[c]","[c]","[c]","[c]"
"Leaver CS","2022","Ministry of Justice (excl. agencies)","South and West Derbyshire","Outside London","HEO","[c]","[c]","[c]","[c]"
"Leaver CS","2022","Ministry of Justice (excl. agencies)","South Teesside","Outside London","HEO","[c]","[c]","[c]","[c]"
"Leaver CS","2022","Ministry of Justice (excl. agencies)","Staffordshire CC","Outside London","AA","[c]","[c]","[c]","[c]"
"Leaver CS","2022","Ministry of Justice (excl. agencies)","Staffordshire CC","Outside London","AO","10","[c]","[c]","[c]"
"Leaver CS","2022","Ministry of Justice (excl. agencies)","Staffordshire CC","Outside London","EO","[c]","[c]","[c]","[c]"
"Leaver CS","2022","Ministry of Justice (excl. agencies)","Staffordshire CC","Outside London","G7","[c]","[c]","[c]","[c]"
"Leaver CS","2022","Ministry of Justice (excl. agencies)","Staffordshire CC","Outside London","SEO","[c]","[c]","[c]","[c]"
"Leaver CS","2022","Ministry of Justice (excl. agencies)","Suffolk CC","Outside London","SEO","[c]","[c]","[c]","[c]"
"Leaver CS","2022","Ministry of Justice (excl. agencies)","Tower Hamlets","London","AO","[c]","[c]","[c]","[c]"
"Leaver CS","2022","Ministry of Justice (excl. agencies)","Tower Hamlets","London","EO","10","[c]","[c]","[c]"
"Leaver CS","2022","Ministry of Justice (excl. agencies)","Tower Hamlets","London","G6","[c]","[c]","[c]","[c]"
"Leaver CS","2022","Ministry of Justice (excl. agencies)","Tower Hamlets","London","G7","15","[c]","61610","63500"
"Leaver CS","2022","Ministry of Justice (excl. agencies)","Tower Hamlets","London","HEO","20","[c]","33380","33930"
"Leaver CS","2022","Ministry of Justice (excl. agencies)","Tower Hamlets","London","SCS level","[c]","[c]","[c]","[c]"
"Leaver CS","2022","Ministry of Justice (excl. agencies)","Tower Hamlets","London","SEO","20","[c]","42660","41870"
"Leaver CS","2022","Ministry of Justice (excl. agencies)","Tower Hamlets","London","Unknown","[c]","[c]","[c]","[c]"
"Leaver CS","2022","Ministry of Justice (excl. agencies)","Tyneside","Outside London","HEO","[c]","[c]","[c]","[c]"
"Leaver CS","2022","Ministry of Justice (excl. agencies)","Unknown","Unknown","AA","[c]","[c]","[c]","[c]"
"Leaver CS","2022","Ministry of Justice (excl. agencies)","Wakefield","Outside London","EO","[c]","[c]","[c]","[c]"
"Leaver CS","2022","Ministry of Justice (excl. agencies)","Wakefield","Outside London","HEO","[c]","[c]","[c]","[c]"
"Leaver CS","2022","Ministry of Justice (excl. agencies)","Warrington","Outside London","HEO","[c]","[c]","[c]","[c]"
"Leaver CS","2022","Ministry of Justice (excl. agencies)","Warrington","Outside London","SEO","[c]","[c]","[c]","[c]"
"Leaver CS","2022","Ministry of Justice (excl. agencies)","Warwickshire CC","Outside London","AO","5","[c]","[c]","[c]"
"Leaver CS","2022","Ministry of Justice (excl. agencies)","Warwickshire CC","Outside London","HEO","[c]","[c]","[c]","[c]"
"Leaver CS","2022","Ministry of Justice (excl. agencies)","Westminster","London","AA","10","[c]","18890","18200"
"Leaver CS","2022","Ministry of Justice (excl. agencies)","Westminster","London","AO","10","[c]","21860","22880"
"Leaver CS","2022","Ministry of Justice (excl. agencies)","Westminster","London","EO","35","[c]","27260","26720"
"Leaver CS","2022","Ministry of Justice (excl. agencies)","Westminster","London","G6","10","[c]","69410","69480"
"Leaver CS","2022","Ministry of Justice (excl. agencies)","Westminster","London","G7","40","[c]","58570","57540"
"Leaver CS","2022","Ministry of Justice (excl. agencies)","Westminster","London","HEO","30","[c]","34490","34260"
"Leaver CS","2022","Ministry of Justice (excl. agencies)","Westminster","London","SCS level","10","[c]","[c]","[c]"
"Leaver CS","2022","Ministry of Justice (excl. agencies)","Westminster","London","SEO","35","[c]","42920","41750"
"Leaver CS","2022","Ministry of Justice (excl. agencies)","Westminster","London","Unknown","15","[c]","[c]","[c]"
"Leaver CS","2022","Ministry of Justice (excl. agencies)","Worcestershire CC","Outside London","G6","[c]","[c]","[c]","[c]"
"Leaver CS","2022","Ministry of Justice (excl. agencies)","Worcestershire CC","Outside London","SEO","[c]","[c]","[c]","[c]"
"Leaver CS","2022","National Crime Agency","Bath and North East Somerset, North Somerset and South Gloucestershire","Outside London","AO","5","[c]","[c]","[c]"
"Leaver CS","2022","National Crime Agency","Bath and North East Somerset, North Somerset and South Gloucestershire","Outside London","EO","15","[c]","30460","28840"
"Leaver CS","2022","National Crime Agency","Bath and North East Somerset, North Somerset and South Gloucestershire","Outside London","G7","[c]","[c]","[c]","[c]"
"Leaver CS","2022","National Crime Agency","Bath and North East Somerset, North Somerset and South Gloucestershire","Outside London","HEO","10","[c]","[c]","[c]"
"Leaver CS","2022","National Crime Agency","Bath and North East Somerset, North Somerset and South Gloucestershire","Outside London","SCS level","[c]","[c]","[c]","[c]"
"Leaver CS","2022","National Crime Agency","Bath and North East Somerset, North Somerset and South Gloucestershire","Outside London","SEO","5","[c]","[c]","[c]"
"Leaver CS","2022","National Crime Agency","Bedford","Outside London","AO","[c]","[c]","[c]","[c]"
"Leaver CS","2022","National Crime Agency","Bedford","Outside London","EO","[c]","[c]","[c]","[c]"
"Leaver CS","2022","National Crime Agency","Bedford","Outside London","HEO","[c]","[c]","[c]","[c]"
"Leaver CS","2022","National Crime Agency","Belfast","Outside London","EO","[c]","[c]","[c]","[c]"
"Leaver CS","2022","National Crime Agency","Belfast","Outside London","HEO","[c]","[c]","[c]","[c]"
"Leaver CS","2022","National Crime Agency","Berkshire","Outside London","EO","[c]","[c]","[c]","[c]"
"Leaver CS","2022","National Crime Agency","Berkshire","Outside London","HEO","[c]","[c]","[c]","[c]"
"Leaver CS","2022","National Crime Agency","Birmingham","Outside London","AO","[c]","[c]","[c]","[c]"
"Leaver CS","2022","National Crime Agency","Birmingham","Outside London","EO","10","[c]","32540","32820"
"Leaver CS","2022","National Crime Agency","Birmingham","Outside London","G6","[c]","[c]","[c]","[c]"
"Leaver CS","2022","National Crime Agency","Birmingham","Outside London","G7","[c]","[c]","[c]","[c]"
"Leaver CS","2022","National Crime Agency","Birmingham","Outside London","HEO","[c]","[c]","[c]","[c]"
"Leaver CS","2022","National Crime Agency","Birmingham","Outside London","SEO","[c]","[c]","[c]","[c]"
"Leaver CS","2022","National Crime Agency","Bridgend and Neath Port Talbot","Outside London","EO","[c]","[c]","[c]","[c]"
"Leaver CS","2022","National Crime Agency","Bromley","London","EO","[c]","[c]","[c]","[c]"
"Leaver CS","2022","National Crime Agency","Central Hampshire","Outside London","EO","[c]","[c]","[c]","[c]"
"Leaver CS","2022","National Crime Agency","Central Hampshire","Outside London","G7","[c]","[c]","[c]","[c]"
"Leaver CS","2022","National Crime Agency","Central Hampshire","Outside London","HEO","[c]","[c]","[c]","[c]"
"Leaver CS","2022","National Crime Agency","Chorley and West Lancashire","Outside London","EO","5","[c]","[c]","[c]"
"Leaver CS","2022","National Crime Agency","Chorley and West Lancashire","Outside London","HEO","[c]","[c]","[c]","[c]"
"Leaver CS","2022","National Crime Agency","Chorley and West Lancashire","Outside London","SEO","[c]","[c]","[c]","[c]"
"Leaver CS","2022","National Crime Agency","Coventry","Outside London","EO","[c]","[c]","[c]","[c]"
"Leaver CS","2022","National Crime Agency","Coventry","Outside London","HEO","[c]","[c]","[c]","[c]"
"Leaver CS","2022","National Crime Agency","Devon CC","Outside London","EO","[c]","[c]","[c]","[c]"
"Leaver CS","2022","National Crime Agency","East Kent","Outside London","AO","[c]","[c]","[c]","[c]"
"Leaver CS","2022","National Crime Agency","East Kent","Outside London","EO","[c]","[c]","[c]","[c]"
"Leaver CS","2022","National Crime Agency","Gloucestershire CC","Outside London","HEO","[c]","[c]","[c]","[c]"
"Leaver CS","2022","National Crime Agency","Heart of Essex","Outside London","AO","[c]","[c]","[c]","[c]"
"Leaver CS","2022","National Crime Agency","Hertfordshire CC","Outside London","EO","[c]","[c]","[c]","[c]"
"Leaver CS","2022","National Crime Agency","Hertfordshire CC","Outside London","G7","[c]","[c]","[c]","[c]"
"Leaver CS","2022","National Crime Agency","Hertfordshire CC","Outside London","HEO","[c]","[c]","[c]","[c]"
"Leaver CS","2022","National Crime Agency","Inverclyde, East Renfrewshire, and Renfrewshire","Outside London","HEO","[c]","[c]","[c]","[c]"
"Leaver CS","2022","National Crime Agency","Inverclyde, East Renfrewshire, and Renfrewshire","Outside London","SEO","[c]","[c]","[c]","[c]"
"Leaver CS","2022","National Crime Agency","Lambeth","London","AO","5","[c]","[c]","[c]"
"Leaver CS","2022","National Crime Agency","Lambeth","London","EO","30","[c]","35680","36320"
"Leaver CS","2022","National Crime Agency","Lambeth","London","G6","10","[c]","[c]","[c]"
"Leaver CS","2022","National Crime Agency","Lambeth","London","G7","10","[c]","60700","62150"
"Leaver CS","2022","National Crime Agency","Lambeth","London","HEO","25","[c]","41970","40880"
"Leaver CS","2022","National Crime Agency","Lambeth","London","SCS level","5","[c]","[c]","[c]"
"Leaver CS","2022","National Crime Agency","Lambeth","London","SEO","10","[c]","50800","48900"
"Leaver CS","2022","National Crime Agency","Leicestershire CC and Rutland","Outside London","AO","[c]","[c]","[c]","[c]"
"Leaver CS","2022","National Crime Agency","Leicestershire CC and Rutland","Outside London","EO","[c]","[c]","[c]","[c]"
"Leaver CS","2022","National Crime Agency","Leicestershire CC and Rutland","Outside London","HEO","[c]","[c]","[c]","[c]"
"Leaver CS","2022","National Crime Agency","Leicestershire CC and Rutland","Outside London","SEO","[c]","[c]","[c]","[c]"
"Leaver CS","2022","National Crime Agency","Medway","Outside London","HEO","[c]","[c]","[c]","[c]"
"Leaver CS","2022","National Crime Agency","Medway","Outside London","SEO","[c]","[c]","[c]","[c]"
"Leaver CS","2022","National Crime Agency","Merton, Kingston upon Thames and Sutton","London","EO","[c]","[c]","[c]","[c]"
"Leaver CS","2022","National Crime Agency","Nottingham","Outside London","AO","[c]","[c]","[c]","[c]"
"Leaver CS","2022","National Crime Agency","Nottingham","Outside London","EO","[c]","[c]","[c]","[c]"
"Leaver CS","2022","National Crime Agency","Overseas","Overseas","SEO","[c]","[c]","[c]","[c]"
"Leaver CS","2022","National Crime Agency","Sheffield","Outside London","EO","[c]","[c]","[c]","[c]"
"Leaver CS","2022","National Crime Agency","Sheffield","Outside London","HEO","[c]","[c]","[c]","[c]"
"Leaver CS","2022","National Crime Agency","South Nottinghamshire","Outside London","EO","[c]","[c]","[c]","[c]"
"Leaver CS","2022","National Crime Agency","Staffordshire CC","Outside London","EO","[c]","[c]","[c]","[c]"
"Leaver CS","2022","National Crime Agency","Staffordshire CC","Outside London","HEO","[c]","[c]","[c]","[c]"
"Leaver CS","2022","National Crime Agency","Sunderland","Outside London","EO","[c]","[c]","[c]","[c]"
"Leaver CS","2022","National Crime Agency","Unknown","Unknown","G7","[c]","[c]","[c]","[c]"
"Leaver CS","2022","National Crime Agency","Unknown","Unknown","HEO","[c]","[c]","[c]","[c]"
"Leaver CS","2022","National Crime Agency","Unknown","Unknown","SEO","[c]","[c]","[c]","[c]"
"Leaver CS","2022","National Crime Agency","Wakefield","Outside London","AO","[c]","[c]","[c]","[c]"
"Leaver CS","2022","National Crime Agency","Wakefield","Outside London","EO","10","[c]","[c]","[c]"
"Leaver CS","2022","National Crime Agency","Wakefield","Outside London","HEO","5","[c]","[c]","[c]"
"Leaver CS","2022","National Crime Agency","Wakefield","Outside London","SEO","[c]","[c]","[c]","[c]"
"Leaver CS","2022","National Crime Agency","Warrington","Outside London","AO","5","[c]","[c]","[c]"
"Leaver CS","2022","National Crime Agency","Warrington","Outside London","EO","20","[c]","31880","32890"
"Leaver CS","2022","National Crime Agency","Warrington","Outside London","G6","[c]","[c]","[c]","[c]"
"Leaver CS","2022","National Crime Agency","Warrington","Outside London","G7","[c]","[c]","[c]","[c]"
"Leaver CS","2022","National Crime Agency","Warrington","Outside London","HEO","10","[c]","41040","41100"
"Leaver CS","2022","National Crime Agency","Warrington","Outside London","SEO","10","[c]","[c]","[c]"
"Leaver CS","2022","National Crime Agency","West Sussex (North East)","Outside London","EO","[c]","[c]","[c]","[c]"
"Leaver CS","2022","National Crime Agency","West Sussex (North East)","Outside London","HEO","[c]","[c]","[c]","[c]"
"Leaver CS","2022","National Crime Agency","West Sussex (North East)","Outside London","SEO","[c]","[c]","[c]","[c]"
"Leaver CS","2022","National Infrastructure Commission","Camden and City of London","London","AO","[c]","[c]","[c]","[c]"
"Leaver CS","2022","National Infrastructure Commission","Camden and City of London","London","EO","[c]","[c]","[c]","[c]"
"Leaver CS","2022","National Infrastructure Commission","Camden and City of London","London","G7","[c]","[c]","[c]","[c]"
"Leaver CS","2022","National Infrastructure Commission","Camden and City of London","London","HEO","[c]","[c]","[c]","[c]"
"Leaver CS","2022","National Infrastructure Commission","Camden and City of London","London","SEO","[c]","[c]","[c]","[c]"
"Leaver CS","2022","National Records of Scotland","City of Edinburgh","Outside London","AA","10","[c]","[c]","[c]"
"Leaver CS","2022","National Records of Scotland","City of Edinburgh","Outside London","AO","[c]","[c]","[c]","[c]"
"Leaver CS","2022","National Records of Scotland","City of Edinburgh","Outside London","EO","10","[c]","27060","27230"
"Leaver CS","2022","National Records of Scotland","City of Edinburgh","Outside London","G6","[c]","[c]","[c]","[c]"
"Leaver CS","2022","National Records of Scotland","City of Edinburgh","Outside London","G7","[c]","[c]","[c]","[c]"
"Leaver CS","2022","National Records of Scotland","City of Edinburgh","Outside London","HEO","5","[c]","[c]","[c]"
"Leaver CS","2022","National Records of Scotland","City of Edinburgh","Outside London","SEO","5","[c]","[c]","[c]"
"Leaver CS","2022","National Records of Scotland","Dumfries and Galloway","Outside London","AA","[c]","[c]","[c]","[c]"
"Leaver CS","2022","National Savings and Investments","Durham","Outside London","SCS level","[c]","[c]","[c]","[c]"
"Leaver CS","2022","National Savings and Investments","Durham","Outside London","SEO","[c]","[c]","[c]","[c]"
"Leaver CS","2022","National Savings and Investments","Glasgow City","Outside London","SEO","[c]","[c]","[c]","[c]"
"Leaver CS","2022","National Savings and Investments","Mid Lancashire","Outside London","SEO","[c]","[c]","[c]","[c]"
"Leaver CS","2022","National Savings and Investments","Westminster","London","AO","[c]","[c]","[c]","[c]"
"Leaver CS","2022","National Savings and Investments","Westminster","London","EO","[c]","[c]","[c]","[c]"
"Leaver CS","2022","National Savings and Investments","Westminster","London","G6","[c]","[c]","[c]","[c]"
"Leaver CS","2022","National Savings and Investments","Westminster","London","G7","5","[c]","[c]","[c]"
"Leaver CS","2022","National Savings and Investments","Westminster","London","HEO","5","[c]","[c]","[c]"
"Leaver CS","2022","National Savings and Investments","Westminster","London","SCS level","[c]","[c]","[c]","[c]"
"Leaver CS","2022","National Savings and Investments","Westminster","London","SEO","5","[c]","[c]","[c]"
"Leaver CS","2022","Northern Ireland Office","Belfast","Outside London","EO","[c]","[c]","[c]","[c]"
"Leaver CS","2022","Northern Ireland Office","Belfast","Outside London","G7","[c]","[c]","[c]","[c]"
"Leaver CS","2022","Northern Ireland Office","Belfast","Outside London","HEO","[c]","[c]","[c]","[c]"
"Leaver CS","2022","Northern Ireland Office","Belfast","Outside London","SEO","[c]","[c]","[c]","[c]"
"Leaver CS","2022","Northern Ireland Office","Westminster","London","G7","[c]","[c]","[c]","[c]"
"Leaver CS","2022","Northern Ireland Office","Westminster","London","HEO","[c]","[c]","[c]","[c]"
"Leaver CS","2022","Northern Ireland Office","Westminster","London","SEO","[c]","[c]","[c]","[c]"
"Leaver CS","2022","Office for Budget Responsibility","Westminster","London","AO","[c]","[c]","[c]","[c]"
"Leaver CS","2022","Office for Standards in Education, Children's Services and Skills","Barking & Dagenham and Havering","London","SEO","[c]","[c]","[c]","[c]"
"Leaver CS","2022","Office for Standards in Education, Children's Services and Skills","Barnsley, Doncaster and Rotherham","Outside London","G7","[c]","[c]","[c]","[c]"
"Leaver CS","2022","Office for Standards in Education, Children's Services and Skills","Bath and North East Somerset, North Somerset and South Gloucestershire","Outside London","G6","[c]","[c]","[c]","[c]"
"Leaver CS","2022","Office for Standards in Education, Children's Services and Skills","Bedford","Outside London","G7","[c]","[c]","[c]","[c]"
"Leaver CS","2022","Office for Standards in Education, Children's Services and Skills","Bedford","Outside London","SEO","[c]","[c]","[c]","[c]"
"Leaver CS","2022","Office for Standards in Education, Children's Services and Skills","Belfast","Outside London","HEO","[c]","[c]","[c]","[c]"
"Leaver CS","2022","Office for Standards in Education, Children's Services and Skills","Berkshire","Outside London","SEO","[c]","[c]","[c]","[c]"
"Leaver CS","2022","Office for Standards in Education, Children's Services and Skills","Bexley and Greenwich","London","G7","[c]","[c]","[c]","[c]"
"Leaver CS","2022","Office for Standards in Education, Children's Services and Skills","Bexley and Greenwich","London","SEO","[c]","[c]","[c]","[c]"
"Leaver CS","2022","Office for Standards in Education, Children's Services and Skills","Birmingham","Outside London","G6","[c]","[c]","[c]","[c]"
"Leaver CS","2022","Office for Standards in Education, Children's Services and Skills","Birmingham","Outside London","HEO","[c]","[c]","[c]","[c]"
"Leaver CS","2022","Office for Standards in Education, Children's Services and Skills","Blackburn with Darwen","Outside London","G7","[c]","[c]","[c]","[c]"
"Leaver CS","2022","Office for Standards in Education, Children's Services and Skills","Bournemouth, Christchurch and Poole","Outside London","SEO","[c]","[c]","[c]","[c]"
"Leaver CS","2022","Office for Standards in Education, Children's Services and Skills","Brighton and Hove","Outside London","G7","[c]","[c]","[c]","[c]"
"Leaver CS","2022","Office for Standards in Education, Children's Services and Skills","Bristol, City of","Outside London","AA","[c]","[c]","[c]","[c]"
"Leaver CS","2022","Office for Standards in Education, Children's Services and Skills","Bristol, City of","Outside London","AO","[c]","[c]","[c]","[c]"
"Leaver CS","2022","Office for Standards in Education, Children's Services and Skills","Bristol, City of","Outside London","EO","[c]","[c]","[c]","[c]"
"Leaver CS","2022","Office for Standards in Education, Children's Services and Skills","Bristol, City of","Outside London","G7","[c]","[c]","[c]","[c]"
"Leaver CS","2022","Office for Standards in Education, Children's Services and Skills","Bristol, City of","Outside London","HEO","[c]","[c]","[c]","[c]"
"Leaver CS","2022","Office for Standards in Education, Children's Services and Skills","Bristol, City of","Outside London","SEO","[c]","[c]","[c]","[c]"
"Leaver CS","2022","Office for Standards in Education, Children's Services and Skills","Buckinghamshire","Outside London","SCS level","[c]","[c]","[c]","[c]"
"Leaver CS","2022","Office for Standards in Education, Children's Services and Skills","Buckinghamshire","Outside London","SEO","[c]","[c]","[c]","[c]"
"Leaver CS","2022","Office for Standards in Education, Children's Services and Skills","Cambridgeshire CC","Outside London","AO","[c]","[c]","[c]","[c]"
"Leaver CS","2022","Office for Standards in Education, Children's Services and Skills","Cambridgeshire CC","Outside London","G7","[c]","[c]","[c]","[c]"
"Leaver CS","2022","Office for Standards in Education, Children's Services and Skills","Cambridgeshire CC","Outside London","SCS level","[c]","[c]","[c]","[c]"
"Leaver CS","2022","Office for Standards in Education, Children's Services and Skills","Cambridgeshire CC","Outside London","SEO","[c]","[c]","[c]","[c]"
"Leaver CS","2022","Office for Standards in Education, Children's Services and Skills","Camden and City of London","London","SEO","[c]","[c]","[c]","[c]"
"Leaver CS","2022","Office for Standards in Education, Children's Services and Skills","Central Hampshire","Outside London","SEO","[c]","[c]","[c]","[c]"
"Leaver CS","2022","Office for Standards in Education, Children's Services and Skills","Chorley and West Lancashire","Outside London","SEO","[c]","[c]","[c]","[c]"
"Leaver CS","2022","Office for Standards in Education, Children's Services and Skills","Conwy and Denbighshire","Outside London","SEO","[c]","[c]","[c]","[c]"
"Leaver CS","2022","Office for Standards in Education, Children's Services and Skills","Cornwall and Isles of Scilly","Outside London","G6","[c]","[c]","[c]","[c]"
"Leaver CS","2022","Office for Standards in Education, Children's Services and Skills","Darlington","Outside London","SEO","[c]","[c]","[c]","[c]"
"Leaver CS","2022","Office for Standards in Education, Children's Services and Skills","Derby","Outside London","SEO","[c]","[c]","[c]","[c]"
"Leaver CS","2022","Office for Standards in Education, Children's Services and Skills","Devon CC","Outside London","G7","[c]","[c]","[c]","[c]"
"Leaver CS","2022","Office for Standards in Education, Children's Services and Skills","Dorset","Outside London","SEO","[c]","[c]","[c]","[c]"
"Leaver CS","2022","Office for Standards in Education, Children's Services and Skills","Dudley","Outside London","SEO","[c]","[c]","[c]","[c]"
"Leaver CS","2022","Office for Standards in Education, Children's Services and Skills","Dumfries and Galloway","Outside London","G7","[c]","[c]","[c]","[c]"
"Leaver CS","2022","Office for Standards in Education, Children's Services and Skills","Ealing","London","G7","[c]","[c]","[c]","[c]"
"Leaver CS","2022","Office for Standards in Education, Children's Services and Skills","East Cumbria","Outside London","G7","[c]","[c]","[c]","[c]"
"Leaver CS","2022","Office for Standards in Education, Children's Services and Skills","East Cumbria","Outside London","SEO","[c]","[c]","[c]","[c]"
"Leaver CS","2022","Office for Standards in Education, Children's Services and Skills","East Derbyshire","Outside London","G6","[c]","[c]","[c]","[c]"
"Leaver CS","2022","Office for Standards in Education, Children's Services and Skills","East Derbyshire","Outside London","G7","[c]","[c]","[c]","[c]"
"Leaver CS","2022","Office for Standards in Education, Children's Services and Skills","East Kent","Outside London","G7","[c]","[c]","[c]","[c]"
"Leaver CS","2022","Office for Standards in Education, Children's Services and Skills","East Merseyside","Outside London","G7","[c]","[c]","[c]","[c]"
"Leaver CS","2022","Office for Standards in Education, Children's Services and Skills","East Merseyside","Outside London","SEO","[c]","[c]","[c]","[c]"
"Leaver CS","2022","Office for Standards in Education, Children's Services and Skills","Enfield","London","G7","[c]","[c]","[c]","[c]"
"Leaver CS","2022","Office for Standards in Education, Children's Services and Skills","Essex Haven Gateway","Outside London","G7","[c]","[c]","[c]","[c]"
"Leaver CS","2022","Office for Standards in Education, Children's Services and Skills","Greater Manchester North East","Outside London","G6","[c]","[c]","[c]","[c]"
"Leaver CS","2022","Office for Standards in Education, Children's Services and Skills","Greater Manchester South East","Outside London","G7","[c]","[c]","[c]","[c]"
"Leaver CS","2022","Office for Standards in Education, Children's Services and Skills","Greater Manchester South East","Outside London","SEO","[c]","[c]","[c]","[c]"
"Leaver CS","2022","Office for Standards in Education, Children's Services and Skills","Greater Manchester South West","Outside London","G7","[c]","[c]","[c]","[c]"
"Leaver CS","2022","Office for Standards in Education, Children's Services and Skills","Gwent Valleys","Outside London","G7","[c]","[c]","[c]","[c]"
"Leaver CS","2022","Office for Standards in Education, Children's Services and Skills","Hackney and Newham","London","G7","[c]","[c]","[c]","[c]"
"Leaver CS","2022","Office for Standards in Education, Children's Services and Skills","Hackney and Newham","London","SEO","[c]","[c]","[c]","[c]"
"Leaver CS","2022","Office for Standards in Education, Children's Services and Skills","Hartlepool and Stockton-on-Tees","Outside London","G7","[c]","[c]","[c]","[c]"
"Leaver CS","2022","Office for Standards in Education, Children's Services and Skills","Heart of Essex","Outside London","SEO","[c]","[c]","[c]","[c]"
"Leaver CS","2022","Office for Standards in Education, Children's Services and Skills","Herefordshire, County of","Outside London","G7","[c]","[c]","[c]","[c]"
"Leaver CS","2022","Office for Standards in Education, Children's Services and Skills","Hertfordshire CC","Outside London","G7","[c]","[c]","[c]","[c]"
"Leaver CS","2022","Office for Standards in Education, Children's Services and Skills","Hertfordshire CC","Outside London","SEO","[c]","[c]","[c]","[c]"
"Leaver CS","2022","Office for Standards in Education, Children's Services and Skills","Leeds","Outside London","G7","[c]","[c]","[c]","[c]"
"Leaver CS","2022","Office for Standards in Education, Children's Services and Skills","Leicestershire CC and Rutland","Outside London","SEO","[c]","[c]","[c]","[c]"
"Leaver CS","2022","Office for Standards in Education, Children's Services and Skills","Lewisham and Southwark","London","SEO","[c]","[c]","[c]","[c]"
"Leaver CS","2022","Office for Standards in Education, Children's Services and Skills","Lincolnshire CC","Outside London","G6","[c]","[c]","[c]","[c]"
"Leaver CS","2022","Office for Standards in Education, Children's Services and Skills","Lincolnshire CC","Outside London","G7","[c]","[c]","[c]","[c]"
"Leaver CS","2022","Office for Standards in Education, Children's Services and Skills","Lincolnshire CC","Outside London","SEO","[c]","[c]","[c]","[c]"
"Leaver CS","2022","Office for Standards in Education, Children's Services and Skills","Manchester","Outside London","AO","15","[c]","21380","21410"
"Leaver CS","2022","Office for Standards in Education, Children's Services and Skills","Manchester","Outside London","EO","[c]","[c]","[c]","[c]"
"Leaver CS","2022","Office for Standards in Education, Children's Services and Skills","Manchester","Outside London","HEO","[c]","[c]","[c]","[c]"
"Leaver CS","2022","Office for Standards in Education, Children's Services and Skills","Manchester","Outside London","SEO","[c]","[c]","[c]","[c]"
"Leaver CS","2022","Office for Standards in Education, Children's Services and Skills","Medway","Outside London","G7","[c]","[c]","[c]","[c]"
"Leaver CS","2022","Office for Standards in Education, Children's Services and Skills","Mid Kent","Outside London","G7","[c]","[c]","[c]","[c]"
"Leaver CS","2022","Office for Standards in Education, Children's Services and Skills","Mid Lancashire","Outside London","SEO","[c]","[c]","[c]","[c]"
"Leaver CS","2022","Office for Standards in Education, Children's Services and Skills","Milton Keynes","Outside London","SEO","[c]","[c]","[c]","[c]"
"Leaver CS","2022","Office for Standards in Education, Children's Services and Skills","North and North East Lincolnshire","Outside London","G7","[c]","[c]","[c]","[c]"
"Leaver CS","2022","Office for Standards in Education, Children's Services and Skills","North and West Norfolk","Outside London","SEO","[c]","[c]","[c]","[c]"
"Leaver CS","2022","Office for Standards in Education, Children's Services and Skills","North Northamptonshire","Outside London","G7","[c]","[c]","[c]","[c]"
"Leaver CS","2022","Office for Standards in Education, Children's Services and Skills","North Nottinghamshire","Outside London","G7","[c]","[c]","[c]","[c]"
"Leaver CS","2022","Office for Standards in Education, Children's Services and Skills","North Yorkshire CC","Outside London","SCS level","[c]","[c]","[c]","[c]"
"Leaver CS","2022","Office for Standards in Education, Children's Services and Skills","Norwich and East Norfolk","Outside London","SEO","[c]","[c]","[c]","[c]"
"Leaver CS","2022","Office for Standards in Education, Children's Services and Skills","Nottingham","Outside London","AO","[c]","[c]","[c]","[c]"
"Leaver CS","2022","Office for Standards in Education, Children's Services and Skills","Nottingham","Outside London","EO","[c]","[c]","[c]","[c]"
"Leaver CS","2022","Office for Standards in Education, Children's Services and Skills","Oxfordshire CC","Outside London","SEO","[c]","[c]","[c]","[c]"
"Leaver CS","2022","Office for Standards in Education, Children's Services and Skills","Peterborough","Outside London","G7","[c]","[c]","[c]","[c]"
"Leaver CS","2022","Office for Standards in Education, Children's Services and Skills","Plymouth","Outside London","SEO","[c]","[c]","[c]","[c]"
"Leaver CS","2022","Office for Standards in Education, Children's Services and Skills","Portsmouth","Outside London","SEO","[c]","[c]","[c]","[c]"
"Leaver CS","2022","Office for Standards in Education, Children's Services and Skills","Redbridge and Waltham Forest","London","G6","[c]","[c]","[c]","[c]"
"Leaver CS","2022","Office for Standards in Education, Children's Services and Skills","Sefton","Outside London","SEO","[c]","[c]","[c]","[c]"
"Leaver CS","2022","Office for Standards in Education, Children's Services and Skills","Sheffield","Outside London","G7","[c]","[c]","[c]","[c]"
"Leaver CS","2022","Office for Standards in Education, Children's Services and Skills","Sheffield","Outside London","SEO","[c]","[c]","[c]","[c]"
"Leaver CS","2022","Office for Standards in Education, Children's Services and Skills","Shropshire","Outside London","SEO","[c]","[c]","[c]","[c]"
"Leaver CS","2022","Office for Standards in Education, Children's Services and Skills","Somerset CC","Outside London","SEO","[c]","[c]","[c]","[c]"
"Leaver CS","2022","Office for Standards in Education, Children's Services and Skills","South and West Derbyshire","Outside London","SEO","[c]","[c]","[c]","[c]"
"Leaver CS","2022","Office for Standards in Education, Children's Services and Skills","South Nottinghamshire","Outside London","G7","[c]","[c]","[c]","[c]"
"Leaver CS","2022","Office for Standards in Education, Children's Services and Skills","Staffordshire CC","Outside London","G6","[c]","[c]","[c]","[c]"
"Leaver CS","2022","Office for Standards in Education, Children's Services and Skills","Staffordshire CC","Outside London","G7","[c]","[c]","[c]","[c]"
"Leaver CS","2022","Office for Standards in Education, Children's Services and Skills","Staffordshire CC","Outside London","HEO","[c]","[c]","[c]","[c]"
"Leaver CS","2022","Office for Standards in Education, Children's Services and Skills","Staffordshire CC","Outside London","SEO","[c]","[c]","[c]","[c]"
"Leaver CS","2022","Office for Standards in Education, Children's Services and Skills","Suffolk CC","Outside London","G7","[c]","[c]","[c]","[c]"
"Leaver CS","2022","Office for Standards in Education, Children's Services and Skills","Telford and Wrekin","Outside London","SEO","[c]","[c]","[c]","[c]"
"Leaver CS","2022","Office for Standards in Education, Children's Services and Skills","Thurrock","Outside London","SEO","[c]","[c]","[c]","[c]"
"Leaver CS","2022","Office for Standards in Education, Children's Services and Skills","Tyneside","Outside London","SEO","[c]","[c]","[c]","[c]"
"Leaver CS","2022","Office for Standards in Education, Children's Services and Skills","Wandsworth","London","SEO","[c]","[c]","[c]","[c]"
"Leaver CS","2022","Office for Standards in Education, Children's Services and Skills","Warrington","Outside London","G6","[c]","[c]","[c]","[c]"
"Leaver CS","2022","Office for Standards in Education, Children's Services and Skills","Warrington","Outside London","G7","[c]","[c]","[c]","[c]"
"Leaver CS","2022","Office for Standards in Education, Children's Services and Skills","West Cumbria","Outside London","G7","[c]","[c]","[c]","[c]"
"Leaver CS","2022","Office for Standards in Education, Children's Services and Skills","West Essex","Outside London","G7","[c]","[c]","[c]","[c]"
"Leaver CS","2022","Office for Standards in Education, Children's Services and Skills","West Northamptonshire","Outside London","G7","[c]","[c]","[c]","[c]"
"Leaver CS","2022","Office for Standards in Education, Children's Services and Skills","West Northamptonshire","Outside London","SEO","[c]","[c]","[c]","[c]"
"Leaver CS","2022","Office for Standards in Education, Children's Services and Skills","West Surrey","Outside London","SEO","[c]","[c]","[c]","[c]"
"Leaver CS","2022","Office for Standards in Education, Children's Services and Skills","West Sussex (North East)","Outside London","SEO","[c]","[c]","[c]","[c]"
"Leaver CS","2022","Office for Standards in Education, Children's Services and Skills","West Sussex (South West)","Outside London","G7","[c]","[c]","[c]","[c]"
"Leaver CS","2022","Office for Standards in Education, Children's Services and Skills","West Sussex (South West)","Outside London","SEO","[c]","[c]","[c]","[c]"
"Leaver CS","2022","Office for Standards in Education, Children's Services and Skills","Westminster","London","AA","[c]","[c]","[c]","[c]"
"Leaver CS","2022","Office for Standards in Education, Children's Services and Skills","Westminster","London","AO","[c]","[c]","[c]","[c]"
"Leaver CS","2022","Office for Standards in Education, Children's Services and Skills","Westminster","London","EO","[c]","[c]","[c]","[c]"
"Leaver CS","2022","Office for Standards in Education, Children's Services and Skills","Westminster","London","G6","[c]","[c]","[c]","[c]"
"Leaver CS","2022","Office for Standards in Education, Children's Services and Skills","Westminster","London","G7","[c]","[c]","[c]","[c]"
"Leaver CS","2022","Office for Standards in Education, Children's Services and Skills","Westminster","London","HEO","[c]","[c]","[c]","[c]"
"Leaver CS","2022","Office for Standards in Education, Children's Services and Skills","Westminster","London","SEO","5","[c]","[c]","[c]"
"Leaver CS","2022","Office for Standards in Education, Children's Services and Skills","Wiltshire","Outside London","G6","[c]","[c]","[c]","[c]"
"Leaver CS","2022","Office for Standards in Education, Children's Services and Skills","Wiltshire","Outside London","G7","[c]","[c]","[c]","[c]"
"Leaver CS","2022","Office for Standards in Education, Children's Services and Skills","Wirral","Outside London","G7","[c]","[c]","[c]","[c]"
"Leaver CS","2022","Office for Standards in Education, Children's Services and Skills","Wirral","Outside London","SEO","[c]","[c]","[c]","[c]"
"Leaver CS","2022","Office for Standards in Education, Children's Services and Skills","Worcestershire CC","Outside London","G7","[c]","[c]","[c]","[c]"
"Leaver CS","2022","Office of Gas and Electricity Markets","Cardiff and Vale of Glamorgan","Outside London","SEO","[c]","[c]","[c]","[c]"
"Leaver CS","2022","Office of Gas and Electricity Markets","Glasgow City","Outside London","AO","10","[c]","19310","18430"
"Leaver CS","2022","Office of Gas and Electricity Markets","Glasgow City","Outside London","EO","25","[c]","24300","24050"
"Leaver CS","2022","Office of Gas and Electricity Markets","Glasgow City","Outside London","G6","[c]","[c]","[c]","[c]"
"Leaver CS","2022","Office of Gas and Electricity Markets","Glasgow City","Outside London","G7","10","[c]","52860","53120"
"Leaver CS","2022","Office of Gas and Electricity Markets","Glasgow City","Outside London","HEO","15","[c]","32630","32480"
"Leaver CS","2022","Office of Gas and Electricity Markets","Glasgow City","Outside London","SCS level","[c]","[c]","[c]","[c]"
"Leaver CS","2022","Office of Gas and Electricity Markets","Glasgow City","Outside London","SEO","15","[c]","38420","37780"
"Leaver CS","2022","Office of Gas and Electricity Markets","Tower Hamlets","London","AO","10","[c]","20830","20000"
"Leaver CS","2022","Office of Gas and Electricity Markets","Tower Hamlets","London","EO","20","[c]","27640","25880"
"Leaver CS","2022","Office of Gas and Electricity Markets","Tower Hamlets","London","G6","15","[c]","79110","80000"
"Leaver CS","2022","Office of Gas and Electricity Markets","Tower Hamlets","London","G7","45","[c]","57910","56100"
"Leaver CS","2022","Office of Gas and Electricity Markets","Tower Hamlets","London","HEO","30","[c]","35740","35980"
"Leaver CS","2022","Office of Gas and Electricity Markets","Tower Hamlets","London","SCS level","15","[c]","98880","95510"
"Leaver CS","2022","Office of Gas and Electricity Markets","Tower Hamlets","London","SEO","15","[c]","43250","44080"
"Leaver CS","2022","Office of Qualifications and Examinations Regulation","Coventry","Outside London","EO","5","[c]","[c]","[c]"
"Leaver CS","2022","Office of Qualifications and Examinations Regulation","Coventry","Outside London","G6","5","[c]","[c]","[c]"
"Leaver CS","2022","Office of Qualifications and Examinations Regulation","Coventry","Outside London","G7","[c]","[c]","[c]","[c]"
"Leaver CS","2022","Office of Qualifications and Examinations Regulation","Coventry","Outside London","HEO","5","[c]","[c]","[c]"
"Leaver CS","2022","Office of Qualifications and Examinations Regulation","Coventry","Outside London","SCS level","[c]","[c]","[c]","[c]"
"Leaver CS","2022","Office of Qualifications and Examinations Regulation","Coventry","Outside London","SEO","5","[c]","[c]","[c]"
"Leaver CS","2022","Office of Rail and Road","Birmingham","Outside London","G7","[c]","[c]","[c]","[c]"
"Leaver CS","2022","Office of Rail and Road","Bristol, City of","Outside London","G7","[c]","[c]","[c]","[c]"
"Leaver CS","2022","Office of Rail and Road","Bristol, City of","Outside London","HEO","[c]","[c]","[c]","[c]"
"Leaver CS","2022","Office of Rail and Road","Glasgow City","Outside London","EO","[c]","[c]","[c]","[c]"
"Leaver CS","2022","Office of Rail and Road","Glasgow City","Outside London","G7","[c]","[c]","[c]","[c]"
"Leaver CS","2022","Office of Rail and Road","Manchester","Outside London","G7","[c]","[c]","[c]","[c]"
"Leaver CS","2022","Office of Rail and Road","Manchester","Outside London","SEO","[c]","[c]","[c]","[c]"
"Leaver CS","2022","Office of Rail and Road","Tower Hamlets","London","AO","[c]","[c]","[c]","[c]"
"Leaver CS","2022","Office of Rail and Road","Tower Hamlets","London","EO","[c]","[c]","[c]","[c]"
"Leaver CS","2022","Office of Rail and Road","Tower Hamlets","London","G6","[c]","[c]","[c]","[c]"
"Leaver CS","2022","Office of Rail and Road","Tower Hamlets","London","G7","5","[c]","[c]","[c]"
"Leaver CS","2022","Office of Rail and Road","Tower Hamlets","London","HEO","[c]","[c]","[c]","[c]"
"Leaver CS","2022","Office of Rail and Road","Tower Hamlets","London","SCS level","[c]","[c]","[c]","[c]"
"Leaver CS","2022","Office of Rail and Road","Tower Hamlets","London","SEO","[c]","[c]","[c]","[c]"
"Leaver CS","2022","Office of Rail and Road","York","Outside London","G6","[c]","[c]","[c]","[c]"
"Leaver CS","2022","Office of Rail and Road","York","Outside London","HEO","[c]","[c]","[c]","[c]"
"Leaver CS","2022","Office of the Public Guardian","Birmingham","Outside London","AO","25","[c]","20670","20970"
"Leaver CS","2022","Office of the Public Guardian","Birmingham","Outside London","EO","5","[c]","[c]","[c]"
"Leaver CS","2022","Office of the Public Guardian","Birmingham","Outside London","G7","[c]","[c]","[c]","[c]"
"Leaver CS","2022","Office of the Public Guardian","Birmingham","Outside London","HEO","[c]","[c]","[c]","[c]"
"Leaver CS","2022","Office of the Public Guardian","Birmingham","Outside London","SEO","[c]","[c]","[c]","[c]"
"Leaver CS","2022","Office of the Public Guardian","Nottingham","Outside London","AA","[c]","[c]","[c]","[c]"
"Leaver CS","2022","Office of the Public Guardian","Nottingham","Outside London","AO","15","[c]","20160","20970"
"Leaver CS","2022","Office of the Public Guardian","Nottingham","Outside London","EO","[c]","[c]","[c]","[c]"
"Leaver CS","2022","Office of the Public Guardian","Nottingham","Outside London","HEO","[c]","[c]","[c]","[c]"
"Leaver CS","2022","Office of the Public Guardian","Nottingham","Outside London","SEO","[c]","[c]","[c]","[c]"
"Leaver CS","2022","Office of the Public Guardian","Westminster","London","EO","[c]","[c]","[c]","[c]"
"Leaver CS","2022","Office of the Scottish Charity Regulator","Angus and Dundee City","Outside London","G7","[c]","[c]","[c]","[c]"
"Leaver CS","2022","Office of the Scottish Charity Regulator","Angus and Dundee City","Outside London","HEO","[c]","[c]","[c]","[c]"
"Leaver CS","2022","Office of the Scottish Charity Regulator","Angus and Dundee City","Outside London","SEO","[c]","[c]","[c]","[c]"
"Leaver CS","2022","Office of the Secretary of State for Scotland (incl. Office of the Advocate General for Scotland)","City of Edinburgh","Outside London","G7","[c]","[c]","[c]","[c]"
"Leaver CS","2022","Office of the Secretary of State for Scotland (incl. Office of the Advocate General for Scotland)","City of Edinburgh","Outside London","HEO","[c]","[c]","[c]","[c]"
"Leaver CS","2022","Office of the Secretary of State for Scotland (incl. Office of the Advocate General for Scotland)","City of Edinburgh","Outside London","SCS level","[c]","[c]","[c]","[c]"
"Leaver CS","2022","Office of the Secretary of State for Scotland (incl. Office of the Advocate General for Scotland)","Westminster","London","AO","[c]","[c]","[c]","[c]"
"Leaver CS","2022","Office of the Secretary of State for Scotland (incl. Office of the Advocate General for Scotland)","Westminster","London","EO","[c]","[c]","[c]","[c]"
"Leaver CS","2022","Office of the Secretary of State for Scotland (incl. Office of the Advocate General for Scotland)","Westminster","London","HEO","[c]","[c]","[c]","[c]"
"Leaver CS","2022","Office of the Secretary of State for Scotland (incl. Office of the Advocate General for Scotland)","Westminster","London","SEO","[c]","[c]","[c]","[c]"
"Leaver CS","2022","Office of the Secretary of State for Wales","Cardiff and Vale of Glamorgan","Outside London","AO","[c]","[c]","[c]","[c]"
"Leaver CS","2022","Office of the Secretary of State for Wales","Cardiff and Vale of Glamorgan","Outside London","HEO","[c]","[c]","[c]","[c]"
"Leaver CS","2022","Office of the Secretary of State for Wales","Cardiff and Vale of Glamorgan","Outside London","SEO","[c]","[c]","[c]","[c]"
"Leaver CS","2022","Office of the Secretary of State for Wales","Westminster","London","AO","[c]","[c]","[c]","[c]"
"Leaver CS","2022","Office of the Secretary of State for Wales","Westminster","London","G7","[c]","[c]","[c]","[c]"
"Leaver CS","2022","Planning Inspectorate","Barnsley, Doncaster and Rotherham","Outside London","G6","[c]","[c]","[c]","[c]"
"Leaver CS","2022","Planning Inspectorate","Bath and North East Somerset, North Somerset and South Gloucestershire","Outside London","G6","[c]","[c]","[c]","[c]"
"Leaver CS","2022","Planning Inspectorate","Bath and North East Somerset, North Somerset and South Gloucestershire","Outside London","G7","[c]","[c]","[c]","[c]"
"Leaver CS","2022","Planning Inspectorate","Berkshire","Outside London","G7","[c]","[c]","[c]","[c]"
"Leaver CS","2022","Planning Inspectorate","Birmingham","Outside London","G7","[c]","[c]","[c]","[c]"
"Leaver CS","2022","Planning Inspectorate","Bridgend and Neath Port Talbot","Outside London","G7","[c]","[c]","[c]","[c]"
"Leaver CS","2022","Planning Inspectorate","Bristol, City of","Outside London","AO","20","[c]","20360","21270"
"Leaver CS","2022","Planning Inspectorate","Bristol, City of","Outside London","EO","[c]","[c]","[c]","[c]"
"Leaver CS","2022","Planning Inspectorate","Bristol, City of","Outside London","G6","10","[c]","[c]","[c]"
"Leaver CS","2022","Planning Inspectorate","Bristol, City of","Outside London","G7","[c]","[c]","[c]","[c]"
"Leaver CS","2022","Planning Inspectorate","Bristol, City of","Outside London","HEO","[c]","[c]","[c]","[c]"
"Leaver CS","2022","Planning Inspectorate","Bristol, City of","Outside London","SEO","5","[c]","[c]","[c]"
"Leaver CS","2022","Planning Inspectorate","Camden and City of London","London","G6","[c]","[c]","[c]","[c]"
"Leaver CS","2022","Planning Inspectorate","Cardiff and Vale of Glamorgan","Outside London","EO","[c]","[c]","[c]","[c]"
"Leaver CS","2022","Planning Inspectorate","Cardiff and Vale of Glamorgan","Outside London","G7","[c]","[c]","[c]","[c]"
"Leaver CS","2022","Planning Inspectorate","Dorset","Outside London","G7","[c]","[c]","[c]","[c]"
"Leaver CS","2022","Planning Inspectorate","East Sussex CC","Outside London","G7","[c]","[c]","[c]","[c]"
"Leaver CS","2022","Planning Inspectorate","Gloucestershire CC","Outside London","G6","[c]","[c]","[c]","[c]"
"Leaver CS","2022","Planning Inspectorate","Herefordshire, County of","Outside London","G6","[c]","[c]","[c]","[c]"
"Leaver CS","2022","Planning Inspectorate","Leeds","Outside London","G7","[c]","[c]","[c]","[c]"
"Leaver CS","2022","Planning Inspectorate","Northumberland","Outside London","G6","[c]","[c]","[c]","[c]"
"Leaver CS","2022","Planning Inspectorate","Shropshire","Outside London","G6","[c]","[c]","[c]","[c]"
"Leaver CS","2022","Planning Inspectorate","South and West Derbyshire","Outside London","G7","[c]","[c]","[c]","[c]"
"Leaver CS","2022","Planning Inspectorate","Warrington","Outside London","G6","[c]","[c]","[c]","[c]"
"Leaver CS","2022","Planning Inspectorate","Warrington","Outside London","G7","[c]","[c]","[c]","[c]"
"Leaver CS","2022","Planning Inspectorate","Wiltshire","Outside London","G7","[c]","[c]","[c]","[c]"
"Leaver CS","2022","Planning Inspectorate","Wolverhampton","Outside London","G6","[c]","[c]","[c]","[c]"
"Leaver CS","2022","Public Health England","Barnet","London","AA","[c]","[c]","[c]","[c]"
"Leaver CS","2022","Public Health England","Barnet","London","AO","10","[c]","23350","23780"
"Leaver CS","2022","Public Health England","Barnet","London","EO","5","[c]","[c]","[c]"
"Leaver CS","2022","Public Health England","Barnet","London","G6","[c]","[c]","[c]","[c]"
"Leaver CS","2022","Public Health England","Barnet","London","G7","[c]","[c]","[c]","[c]"
"Leaver CS","2022","Public Health England","Barnet","London","HEO","20","[c]","33390","32330"
"Leaver CS","2022","Public Health England","Barnet","London","SCS level","[c]","[c]","[c]","[c]"
"Leaver CS","2022","Public Health England","Barnet","London","SEO","10","[c]","41750","41030"
"Leaver CS","2022","Public Health England","Berkshire","Outside London","EO","[c]","[c]","[c]","[c]"
"Leaver CS","2022","Public Health England","Birmingham","Outside London","AO","5","[c]","[c]","[c]"
"Leaver CS","2022","Public Health England","Birmingham","Outside London","EO","20","[c]","24600","24100"
"Leaver CS","2022","Public Health England","Birmingham","Outside London","G6","5","[c]","[c]","[c]"
"Leaver CS","2022","Public Health England","Birmingham","Outside London","G7","30","[c]","53110","53220"
"Leaver CS","2022","Public Health England","Birmingham","Outside London","HEO","10","[c]","30050","29270"
"Leaver CS","2022","Public Health England","Birmingham","Outside London","SCS level","10","[c]","[c]","[c]"
"Leaver CS","2022","Public Health England","Birmingham","Outside London","SEO","25","[c]","39380","37980"
"Leaver CS","2022","Public Health England","Bristol, City of","Outside London","AA","[c]","[c]","[c]","[c]"
"Leaver CS","2022","Public Health England","Bristol, City of","Outside London","AO","[c]","[c]","[c]","[c]"
"Leaver CS","2022","Public Health England","Bristol, City of","Outside London","EO","[c]","[c]","[c]","[c]"
"Leaver CS","2022","Public Health England","Bristol, City of","Outside London","G6","[c]","[c]","[c]","[c]"
"Leaver CS","2022","Public Health England","Bristol, City of","Outside London","G7","10","[c]","50340","48860"
"Leaver CS","2022","Public Health England","Bristol, City of","Outside London","HEO","[c]","[c]","[c]","[c]"
"Leaver CS","2022","Public Health England","Bristol, City of","Outside London","SCS level","5","[c]","[c]","[c]"
"Leaver CS","2022","Public Health England","Bristol, City of","Outside London","SEO","15","[c]","39320","36690"
"Leaver CS","2022","Public Health England","Cambridgeshire CC","Outside London","AO","10","[c]","[c]","[c]"
"Leaver CS","2022","Public Health England","Cambridgeshire CC","Outside London","EO","10","[c]","[c]","[c]"
"Leaver CS","2022","Public Health England","Cambridgeshire CC","Outside London","G6","10","[c]","66910","64070"
"Leaver CS","2022","Public Health England","Cambridgeshire CC","Outside London","G7","25","[c]","53220","52610"
"Leaver CS","2022","Public Health England","Cambridgeshire CC","Outside London","HEO","20","[c]","30640","30460"
"Leaver CS","2022","Public Health England","Cambridgeshire CC","Outside London","SCS level","[c]","[c]","[c]","[c]"
"Leaver CS","2022","Public Health England","Cambridgeshire CC","Outside London","SEO","25","[c]","38550","37470"
"Leaver CS","2022","Public Health England","East Surrey","Outside London","EO","[c]","[c]","[c]","[c]"
"Leaver CS","2022","Public Health England","East Surrey","Outside London","G6","[c]","[c]","[c]","[c]"
"Leaver CS","2022","Public Health England","East Surrey","Outside London","G7","10","[c]","55610","53220"
"Leaver CS","2022","Public Health England","East Surrey","Outside London","HEO","[c]","[c]","[c]","[c]"
"Leaver CS","2022","Public Health England","East Surrey","Outside London","SCS level","[c]","[c]","[c]","[c]"
"Leaver CS","2022","Public Health England","East Surrey","Outside London","SEO","15","[c]","41430","40060"
"Leaver CS","2022","Public Health England","Flintshire and Wrexham","Outside London","HEO","[c]","[c]","[c]","[c]"
"Leaver CS","2022","Public Health England","Gloucestershire CC","Outside London","SCS level","[c]","[c]","[c]","[c]"
"Leaver CS","2022","Public Health England","Heart of Essex","Outside London","EO","[c]","[c]","[c]","[c]"
"Leaver CS","2022","Public Health England","Heart of Essex","Outside London","G6","[c]","[c]","[c]","[c]"
"Leaver CS","2022","Public Health England","Heart of Essex","Outside London","G7","10","[c]","[c]","[c]"
"Leaver CS","2022","Public Health England","Heart of Essex","Outside London","HEO","[c]","[c]","[c]","[c]"
"Leaver CS","2022","Public Health England","Heart of Essex","Outside London","SCS level","[c]","[c]","[c]","[c]"
"Leaver CS","2022","Public Health England","Heart of Essex","Outside London","SEO","15","[c]","40210","40060"
"Leaver CS","2022","Public Health England","Hertfordshire CC","Outside London","EO","[c]","[c]","[c]","[c]"
"Leaver CS","2022","Public Health England","Lambeth","London","AA","5","[c]","[c]","[c]"
"Leaver CS","2022","Public Health England","Lambeth","London","AO","25","[c]","21200","20790"
"Leaver CS","2022","Public Health England","Lambeth","London","EO","45","[c]","25500","26880"
"Leaver CS","2022","Public Health England","Lambeth","London","G6","35","[c]","66440","65310"
"Leaver CS","2022","Public Health England","Lambeth","London","G7","65","[c]","52870","52610"
"Leaver CS","2022","Public Health England","Lambeth","London","HEO","80","[c]","32060","32310"
"Leaver CS","2022","Public Health England","Lambeth","London","SCS level","35","[c]","101380","107720"
"Leaver CS","2022","Public Health England","Lambeth","London","SEO","95","[c]","39280","40060"
"Leaver CS","2022","Public Health England","Leeds","Outside London","AA","[c]","[c]","[c]","[c]"
"Leaver CS","2022","Public Health England","Leeds","Outside London","AO","25","[c]","20740","19880"
"Leaver CS","2022","Public Health England","Leeds","Outside London","EO","90","[c]","25490","25080"
"Leaver CS","2022","Public Health England","Leeds","Outside London","G6","[c]","[c]","[c]","[c]"
"Leaver CS","2022","Public Health England","Leeds","Outside London","G7","20","[c]","50990","50830"
"Leaver CS","2022","Public Health England","Leeds","Outside London","HEO","40","[c]","31510","31400"
"Leaver CS","2022","Public Health England","Leeds","Outside London","SCS level","[c]","[c]","[c]","[c]"
"Leaver CS","2022","Public Health England","Leeds","Outside London","SEO","50","[c]","39560","39030"
"Leaver CS","2022","Public Health England","Leicestershire CC and Rutland","Outside London","G6","[c]","[c]","[c]","[c]"
"Leaver CS","2022","Public Health England","Leicestershire CC and Rutland","Outside London","G7","5","[c]","[c]","[c]"
"Leaver CS","2022","Public Health England","Leicestershire CC and Rutland","Outside London","HEO","[c]","[c]","[c]","[c]"
"Leaver CS","2022","Public Health England","Leicestershire CC and Rutland","Outside London","SCS level","5","[c]","[c]","[c]"
"Leaver CS","2022","Public Health England","Leicestershire CC and Rutland","Outside London","SEO","15","[c]","40370","40060"
"Leaver CS","2022","Public Health England","Lewisham and Southwark","London","EO","30","[c]","26450","26880"
"Leaver CS","2022","Public Health England","Lewisham and Southwark","London","G6","20","[c]","75140","75870"
"Leaver CS","2022","Public Health England","Lewisham and Southwark","London","G7","75","[c]","53780","53220"
"Leaver CS","2022","Public Health England","Lewisham and Southwark","London","HEO","15","[c]","32560","32880"
"Leaver CS","2022","Public Health England","Lewisham and Southwark","London","SCS level","10","[c]","[c]","[c]"
"Leaver CS","2022","Public Health England","Lewisham and Southwark","London","SEO","45","[c]","40720","40560"
"Leaver CS","2022","Public Health England","Liverpool","Outside London","G6","[c]","[c]","[c]","[c]"
"Leaver CS","2022","Public Health England","Liverpool","Outside London","G7","5","[c]","[c]","[c]"
"Leaver CS","2022","Public Health England","Liverpool","Outside London","HEO","[c]","[c]","[c]","[c]"
"Leaver CS","2022","Public Health England","Liverpool","Outside London","SEO","15","[c]","41090","40060"
"Leaver CS","2022","Public Health England","Manchester","Outside London","AA","5","[c]","[c]","[c]"
"Leaver CS","2022","Public Health England","Manchester","Outside London","AO","10","[c]","19960","19750"
"Leaver CS","2022","Public Health England","Manchester","Outside London","EO","5","[c]","[c]","[c]"
"Leaver CS","2022","Public Health England","Manchester","Outside London","G6","[c]","[c]","[c]","[c]"
"Leaver CS","2022","Public Health England","Manchester","Outside London","G7","5","[c]","[c]","[c]"
"Leaver CS","2022","Public Health England","Manchester","Outside London","HEO","5","[c]","[c]","[c]"
"Leaver CS","2022","Public Health England","Manchester","Outside London","SCS level","10","[c]","[c]","[c]"
"Leaver CS","2022","Public Health England","Manchester","Outside London","SEO","10","[c]","40420","39010"
"Leaver CS","2022","Public Health England","Mid Kent","Outside London","AO","[c]","[c]","[c]","[c]"
"Leaver CS","2022","Public Health England","Mid Kent","Outside London","G6","[c]","[c]","[c]","[c]"
"Leaver CS","2022","Public Health England","Mid Kent","Outside London","G7","[c]","[c]","[c]","[c]"
"Leaver CS","2022","Public Health England","Mid Kent","Outside London","SCS level","5","[c]","[c]","[c]"
"Leaver CS","2022","Public Health England","North Yorkshire CC","Outside London","SEO","[c]","[c]","[c]","[c]"
"Leaver CS","2022","Public Health England","Nottingham","Outside London","EO","[c]","[c]","[c]","[c]"
"Leaver CS","2022","Public Health England","Nottingham","Outside London","SCS level","[c]","[c]","[c]","[c]"
"Leaver CS","2022","Public Health England","Oxfordshire CC","Outside London","AO","[c]","[c]","[c]","[c]"
"Leaver CS","2022","Public Health England","Oxfordshire CC","Outside London","EO","[c]","[c]","[c]","[c]"
"Leaver CS","2022","Public Health England","Oxfordshire CC","Outside London","G6","[c]","[c]","[c]","[c]"
"Leaver CS","2022","Public Health England","Oxfordshire CC","Outside London","G7","[c]","[c]","[c]","[c]"
"Leaver CS","2022","Public Health England","Oxfordshire CC","Outside London","HEO","5","[c]","[c]","[c]"
"Leaver CS","2022","Public Health England","Oxfordshire CC","Outside London","SCS level","[c]","[c]","[c]","[c]"
"Leaver CS","2022","Public Health England","Oxfordshire CC","Outside London","SEO","[c]","[c]","[c]","[c]"
"Leaver CS","2022","Public Health England","Sheffield","Outside London","EO","[c]","[c]","[c]","[c]"
"Leaver CS","2022","Public Health England","Sheffield","Outside London","SEO","[c]","[c]","[c]","[c]"
"Leaver CS","2022","Public Health England","Suffolk CC","Outside London","HEO","[c]","[c]","[c]","[c]"
"Leaver CS","2022","Public Health England","Tyneside","Outside London","AO","15","[c]","21200","20400"
"Leaver CS","2022","Public Health England","Tyneside","Outside London","EO","15","[c]","24710","23950"
"Leaver CS","2022","Public Health England","Tyneside","Outside London","G6","5","[c]","[c]","[c]"
"Leaver CS","2022","Public Health England","Tyneside","Outside London","G7","30","[c]","52730","52330"
"Leaver CS","2022","Public Health England","Tyneside","Outside London","HEO","15","[c]","31290","31320"
"Leaver CS","2022","Public Health England","Tyneside","Outside London","SCS level","5","[c]","[c]","[c]"
"Leaver CS","2022","Public Health England","Tyneside","Outside London","SEO","20","[c]","38760","37800"
"Leaver CS","2022","Public Health England","West Essex","Outside London","HEO","[c]","[c]","[c]","[c]"
"Leaver CS","2022","Public Health England","West Essex","Outside London","SEO","[c]","[c]","[c]","[c]"
"Leaver CS","2022","Public Health England","Westminster","London","SEO","[c]","[c]","[c]","[c]"
"Leaver CS","2022","Public Health England","Wiltshire","Outside London","AA","20","[c]","19090","19100"
"Leaver CS","2022","Public Health England","Wiltshire","Outside London","AO","20","[c]","20400","19880"
"Leaver CS","2022","Public Health England","Wiltshire","Outside London","EO","15","[c]","24060","23390"
"Leaver CS","2022","Public Health England","Wiltshire","Outside London","G6","[c]","[c]","[c]","[c]"
"Leaver CS","2022","Public Health England","Wiltshire","Outside London","G7","[c]","[c]","[c]","[c]"
"Leaver CS","2022","Public Health England","Wiltshire","Outside London","HEO","5","[c]","[c]","[c]"
"Leaver CS","2022","Public Health England","Wiltshire","Outside London","SEO","10","[c]","[c]","[c]"
"Leaver CS","2022","Public Health England","York","Outside London","AO","[c]","[c]","[c]","[c]"
"Leaver CS","2022","Public Health England","York","Outside London","G6","[c]","[c]","[c]","[c]"
"Leaver CS","2022","Public Health England","York","Outside London","G7","[c]","[c]","[c]","[c]"
"Leaver CS","2022","Public Health England","York","Outside London","HEO","[c]","[c]","[c]","[c]"
"Leaver CS","2022","Public Health England","York","Outside London","SCS level","5","[c]","[c]","[c]"
"Leaver CS","2022","Queen Elizabeth II Centre","Westminster","London","EO","[c]","[c]","[c]","[c]"
"Leaver CS","2022","Queen Elizabeth II Centre","Westminster","London","HEO","[c]","[c]","[c]","[c]"
"Leaver CS","2022","Registers of Scotland","City of Edinburgh","Outside London","AA","[c]","[c]","[c]","[c]"
"Leaver CS","2022","Registers of Scotland","City of Edinburgh","Outside London","AO","5","[c]","[c]","[c]"
"Leaver CS","2022","Registers of Scotland","City of Edinburgh","Outside London","EO","5","[c]","[c]","[c]"
"Leaver CS","2022","Registers of Scotland","City of Edinburgh","Outside London","G7","[c]","[c]","[c]","[c]"
"Leaver CS","2022","Registers of Scotland","City of Edinburgh","Outside London","HEO","10","[c]","[c]","[c]"
"Leaver CS","2022","Registers of Scotland","City of Edinburgh","Outside London","SEO","[c]","[c]","[c]","[c]"
"Leaver CS","2022","Registers of Scotland","Glasgow City","Outside London","AO","[c]","[c]","[c]","[c]"
"Leaver CS","2022","Registers of Scotland","Glasgow City","Outside London","EO","[c]","[c]","[c]","[c]"
"Leaver CS","2022","Registers of Scotland","Glasgow City","Outside London","SEO","[c]","[c]","[c]","[c]"
"Leaver CS","2022","Revenue Scotland","City of Edinburgh","Outside London","AO","[c]","[c]","[c]","[c]"
"Leaver CS","2022","Revenue Scotland","City of Edinburgh","Outside London","G6","[c]","[c]","[c]","[c]"
"Leaver CS","2022","Revenue Scotland","City of Edinburgh","Outside London","HEO","[c]","[c]","[c]","[c]"
"Leaver CS","2022","Revenue Scotland","City of Edinburgh","Outside London","SEO","[c]","[c]","[c]","[c]"
"Leaver CS","2022","Royal Fleet Auxiliary","Unknown","Unknown","Unknown","235","[c]","36010","33270"
"Leaver CS","2022","Rural Payments Agency","Berkshire","Outside London","AO","5","[c]","[c]","[c]"
"Leaver CS","2022","Rural Payments Agency","Berkshire","Outside London","EO","[c]","[c]","[c]","[c]"
"Leaver CS","2022","Rural Payments Agency","Berkshire","Outside London","G7","[c]","[c]","[c]","[c]"
"Leaver CS","2022","Rural Payments Agency","Berkshire","Outside London","HEO","[c]","[c]","[c]","[c]"
"Leaver CS","2022","Rural Payments Agency","Berkshire","Outside London","SEO","[c]","[c]","[c]","[c]"
"Leaver CS","2022","Rural Payments Agency","Bristol, City of","Outside London","AO","[c]","[c]","[c]","[c]"
"Leaver CS","2022","Rural Payments Agency","Cambridgeshire CC","Outside London","AO","[c]","[c]","[c]","[c]"
"Leaver CS","2022","Rural Payments Agency","Cambridgeshire CC","Outside London","EO","[c]","[c]","[c]","[c]"
"Leaver CS","2022","Rural Payments Agency","Cambridgeshire CC","Outside London","G6","[c]","[c]","[c]","[c]"
"Leaver CS","2022","Rural Payments Agency","Cheshire East","Outside London","AO","[c]","[c]","[c]","[c]"
"Leaver CS","2022","Rural Payments Agency","Cheshire East","Outside London","EO","[c]","[c]","[c]","[c]"
"Leaver CS","2022","Rural Payments Agency","Cheshire East","Outside London","SEO","[c]","[c]","[c]","[c]"
"Leaver CS","2022","Rural Payments Agency","Cornwall and Isles of Scilly","Outside London","EO","[c]","[c]","[c]","[c]"
"Leaver CS","2022","Rural Payments Agency","Devon CC","Outside London","AO","[c]","[c]","[c]","[c]"
"Leaver CS","2022","Rural Payments Agency","Devon CC","Outside London","EO","[c]","[c]","[c]","[c]"
"Leaver CS","2022","Rural Payments Agency","Devon CC","Outside London","G7","[c]","[c]","[c]","[c]"
"Leaver CS","2022","Rural Payments Agency","Devon CC","Outside London","HEO","[c]","[c]","[c]","[c]"
"Leaver CS","2022","Rural Payments Agency","Devon CC","Outside London","SEO","[c]","[c]","[c]","[c]"
"Leaver CS","2022","Rural Payments Agency","East Cumbria","Outside London","AO","5","[c]","[c]","[c]"
"Leaver CS","2022","Rural Payments Agency","East Cumbria","Outside London","EO","[c]","[c]","[c]","[c]"
"Leaver CS","2022","Rural Payments Agency","East Cumbria","Outside London","G6","[c]","[c]","[c]","[c]"
"Leaver CS","2022","Rural Payments Agency","East Cumbria","Outside London","HEO","[c]","[c]","[c]","[c]"
"Leaver CS","2022","Rural Payments Agency","Gwynedd","Outside London","AO","[c]","[c]","[c]","[c]"
"Leaver CS","2022","Rural Payments Agency","Heart of Essex","Outside London","HEO","[c]","[c]","[c]","[c]"
"Leaver CS","2022","Rural Payments Agency","Leeds","Outside London","AO","[c]","[c]","[c]","[c]"
"Leaver CS","2022","Rural Payments Agency","Leeds","Outside London","EO","[c]","[c]","[c]","[c]"
"Leaver CS","2022","Rural Payments Agency","Leeds","Outside London","HEO","[c]","[c]","[c]","[c]"
"Leaver CS","2022","Rural Payments Agency","Northumberland","Outside London","HEO","[c]","[c]","[c]","[c]"
"Leaver CS","2022","Rural Payments Agency","Nottingham","Outside London","AO","[c]","[c]","[c]","[c]"
"Leaver CS","2022","Rural Payments Agency","Nottingham","Outside London","EO","[c]","[c]","[c]","[c]"
"Leaver CS","2022","Rural Payments Agency","Nottingham","Outside London","HEO","[c]","[c]","[c]","[c]"
"Leaver CS","2022","Rural Payments Agency","Peterborough","Outside London","AO","[c]","[c]","[c]","[c]"
"Leaver CS","2022","Rural Payments Agency","Shropshire","Outside London","EO","[c]","[c]","[c]","[c]"
"Leaver CS","2022","Rural Payments Agency","Shropshire","Outside London","G7","[c]","[c]","[c]","[c]"
"Leaver CS","2022","Rural Payments Agency","Somerset CC","Outside London","AO","[c]","[c]","[c]","[c]"
"Leaver CS","2022","Rural Payments Agency","Somerset CC","Outside London","EO","[c]","[c]","[c]","[c]"
"Leaver CS","2022","Rural Payments Agency","Tyneside","Outside London","AO","15","[c]","21100","21300"
"Leaver CS","2022","Rural Payments Agency","Tyneside","Outside London","EO","5","[c]","[c]","[c]"
"Leaver CS","2022","Rural Payments Agency","Tyneside","Outside London","HEO","[c]","[c]","[c]","[c]"
"Leaver CS","2022","Rural Payments Agency","Warwickshire CC","Outside London","HEO","[c]","[c]","[c]","[c]"
"Leaver CS","2022","Rural Payments Agency","West Cumbria","Outside London","AO","20","[c]","21270","21300"
"Leaver CS","2022","Rural Payments Agency","West Cumbria","Outside London","EO","[c]","[c]","[c]","[c]"
"Leaver CS","2022","Rural Payments Agency","West Cumbria","Outside London","SEO","[c]","[c]","[c]","[c]"
"Leaver CS","2022","Rural Payments Agency","Worcestershire CC","Outside London","AO","15","[c]","21260","21300"
"Leaver CS","2022","Rural Payments Agency","Worcestershire CC","Outside London","EO","5","[c]","[c]","[c]"
"Leaver CS","2022","Rural Payments Agency","Worcestershire CC","Outside London","HEO","[c]","[c]","[c]","[c]"
"Leaver CS","2022","Rural Payments Agency","York","Outside London","AO","10","[c]","21210","21300"
"Leaver CS","2022","Rural Payments Agency","York","Outside London","EO","10","[c]","[c]","[c]"
"Leaver CS","2022","Rural Payments Agency","York","Outside London","HEO","[c]","[c]","[c]","[c]"
"Leaver CS","2022","Scottish Courts and Tribunals Service","Aberdeen City and Aberdeenshire","Outside London","AA","[c]","[c]","[c]","[c]"
"Leaver CS","2022","Scottish Courts and Tribunals Service","Aberdeen City and Aberdeenshire","Outside London","AO","[c]","[c]","[c]","[c]"
"Leaver CS","2022","Scottish Courts and Tribunals Service","Aberdeen City and Aberdeenshire","Outside London","EO","[c]","[c]","[c]","[c]"
"Leaver CS","2022","Scottish Courts and Tribunals Service","Aberdeen City and Aberdeenshire","Outside London","SEO","[c]","[c]","[c]","[c]"
"Leaver CS","2022","Scottish Courts and Tribunals Service","Angus and Dundee City","Outside London","AA","[c]","[c]","[c]","[c]"
"Leaver CS","2022","Scottish Courts and Tribunals Service","Angus and Dundee City","Outside London","AO","[c]","[c]","[c]","[c]"
"Leaver CS","2022","Scottish Courts and Tribunals Service","Angus and Dundee City","Outside London","EO","[c]","[c]","[c]","[c]"
"Leaver CS","2022","Scottish Courts and Tribunals Service","Caithness and Sutherland, and Ross and Cromarty","Outside London","AA","[c]","[c]","[c]","[c]"
"Leaver CS","2022","Scottish Courts and Tribunals Service","Caithness and Sutherland, and Ross and Cromarty","Outside London","AO","[c]","[c]","[c]","[c]"
"Leaver CS","2022","Scottish Courts and Tribunals Service","City of Edinburgh","Outside London","AA","10","[c]","20950","20950"
"Leaver CS","2022","Scottish Courts and Tribunals Service","City of Edinburgh","Outside London","AO","20","[c]","23670","23780"
"Leaver CS","2022","Scottish Courts and Tribunals Service","City of Edinburgh","Outside London","EO","5","[c]","[c]","[c]"
"Leaver CS","2022","Scottish Courts and Tribunals Service","City of Edinburgh","Outside London","G6","[c]","[c]","[c]","[c]"
"Leaver CS","2022","Scottish Courts and Tribunals Service","City of Edinburgh","Outside London","G7","5","[c]","[c]","[c]"
"Leaver CS","2022","Scottish Courts and Tribunals Service","City of Edinburgh","Outside London","HEO","5","[c]","[c]","[c]"
"Leaver CS","2022","Scottish Courts and Tribunals Service","City of Edinburgh","Outside London","SEO","10","[c]","[c]","[c]"
"Leaver CS","2022","Scottish Courts and Tribunals Service","Clackmannanshire and Fife","Outside London","AA","5","[c]","[c]","[c]"
"Leaver CS","2022","Scottish Courts and Tribunals Service","Clackmannanshire and Fife","Outside London","AO","[c]","[c]","[c]","[c]"
"Leaver CS","2022","Scottish Courts and Tribunals Service","Clackmannanshire and Fife","Outside London","EO","[c]","[c]","[c]","[c]"
"Leaver CS","2022","Scottish Courts and Tribunals Service","Dumfries and Galloway","Outside London","AA","[c]","[c]","[c]","[c]"
"Leaver CS","2022","Scottish Courts and Tribunals Service","Dumfries and Galloway","Outside London","AO","[c]","[c]","[c]","[c]"
"Leaver CS","2022","Scottish Courts and Tribunals Service","Dumfries and Galloway","Outside London","EO","[c]","[c]","[c]","[c]"
"Leaver CS","2022","Scottish Courts and Tribunals Service","East Ayrshire and North Ayrshire mainland","Outside London","AA","[c]","[c]","[c]","[c]"
"Leaver CS","2022","Scottish Courts and Tribunals Service","East Ayrshire and North Ayrshire mainland","Outside London","AO","[c]","[c]","[c]","[c]"
"Leaver CS","2022","Scottish Courts and Tribunals Service","East Ayrshire and North Ayrshire mainland","Outside London","EO","[c]","[c]","[c]","[c]"
"Leaver CS","2022","Scottish Courts and Tribunals Service","East Dunbartonshire, West Dunbartonshire, and Helensburgh and Lomond","Outside London","AO","[c]","[c]","[c]","[c]"
"Leaver CS","2022","Scottish Courts and Tribunals Service","East Dunbartonshire, West Dunbartonshire, and Helensburgh and Lomond","Outside London","EO","[c]","[c]","[c]","[c]"
"Leaver CS","2022","Scottish Courts and Tribunals Service","Falkirk","Outside London","AO","[c]","[c]","[c]","[c]"
"Leaver CS","2022","Scottish Courts and Tribunals Service","Glasgow City","Outside London","AA","10","[c]","20950","20950"
"Leaver CS","2022","Scottish Courts and Tribunals Service","Glasgow City","Outside London","AO","[c]","[c]","[c]","[c]"
"Leaver CS","2022","Scottish Courts and Tribunals Service","Glasgow City","Outside London","EO","[c]","[c]","[c]","[c]"
"Leaver CS","2022","Scottish Courts and Tribunals Service","Glasgow City","Outside London","HEO","[c]","[c]","[c]","[c]"
"Leaver CS","2022","Scottish Courts and Tribunals Service","Glasgow City","Outside London","SEO","[c]","[c]","[c]","[c]"
"Leaver CS","2022","Scottish Courts and Tribunals Service","Inverclyde, East Renfrewshire, and Renfrewshire","Outside London","AA","[c]","[c]","[c]","[c]"
"Leaver CS","2022","Scottish Courts and Tribunals Service","Inverclyde, East Renfrewshire, and Renfrewshire","Outside London","AO","[c]","[c]","[c]","[c]"
"Leaver CS","2022","Scottish Courts and Tribunals Service","Inverclyde, East Renfrewshire, and Renfrewshire","Outside London","EO","[c]","[c]","[c]","[c]"
"Leaver CS","2022","Scottish Courts and Tribunals Service","Inverclyde, East Renfrewshire, and Renfrewshire","Outside London","G7","[c]","[c]","[c]","[c]"
"Leaver CS","2022","Scottish Courts and Tribunals Service","Inverclyde, East Renfrewshire, and Renfrewshire","Outside London","HEO","[c]","[c]","[c]","[c]"
"Leaver CS","2022","Scottish Courts and Tribunals Service","Inverness and Nairn, Moray, and Badenoch and Strathspey","Outside London","AA","[c]","[c]","[c]","[c]"
"Leaver CS","2022","Scottish Courts and Tribunals Service","Inverness and Nairn, Moray, and Badenoch and Strathspey","Outside London","AO","[c]","[c]","[c]","[c]"
"Leaver CS","2022","Scottish Courts and Tribunals Service","Inverness and Nairn, Moray, and Badenoch and Strathspey","Outside London","EO","[c]","[c]","[c]","[c]"
"Leaver CS","2022","Scottish Courts and Tribunals Service","Lochaber, Skye and Lochalsh, Arran and Cumbrae, and Argyll and Bute","Outside London","AO","[c]","[c]","[c]","[c]"
"Leaver CS","2022","Scottish Courts and Tribunals Service","North Lanarkshire","Outside London","AA","[c]","[c]","[c]","[c]"
"Leaver CS","2022","Scottish Courts and Tribunals Service","North Lanarkshire","Outside London","AO","[c]","[c]","[c]","[c]"
"Leaver CS","2022","Scottish Courts and Tribunals Service","North Lanarkshire","Outside London","EO","[c]","[c]","[c]","[c]"
"Leaver CS","2022","Scottish Courts and Tribunals Service","North Lanarkshire","Outside London","SEO","[c]","[c]","[c]","[c]"
"Leaver CS","2022","Scottish Courts and Tribunals Service","Perth and Kinross, and Stirling","Outside London","AO","[c]","[c]","[c]","[c]"
"Leaver CS","2022","Scottish Courts and Tribunals Service","Perth and Kinross, and Stirling","Outside London","EO","[c]","[c]","[c]","[c]"
"Leaver CS","2022","Scottish Courts and Tribunals Service","Scottish Borders","Outside London","AA","[c]","[c]","[c]","[c]"
"Leaver CS","2022","Scottish Courts and Tribunals Service","South Ayrshire","Outside London","AA","[c]","[c]","[c]","[c]"
"Leaver CS","2022","Scottish Courts and Tribunals Service","South Lanarkshire","Outside London","AO","15","[c]","23340","23780"
"Leaver CS","2022","Scottish Courts and Tribunals Service","South Lanarkshire","Outside London","EO","[c]","[c]","[c]","[c]"
"Leaver CS","2022","Scottish Courts and Tribunals Service","South Lanarkshire","Outside London","G6","[c]","[c]","[c]","[c]"
"Leaver CS","2022","Scottish Courts and Tribunals Service","South Lanarkshire","Outside London","HEO","[c]","[c]","[c]","[c]"
"Leaver CS","2022","Scottish Courts and Tribunals Service","South Lanarkshire","Outside London","SEO","[c]","[c]","[c]","[c]"
"Leaver CS","2022","Scottish Courts and Tribunals Service","West Lothian","Outside London","AO","[c]","[c]","[c]","[c]"
"Leaver CS","2022","Scottish Courts and Tribunals Service","West Lothian","Outside London","EO","[c]","[c]","[c]","[c]"
"Leaver CS","2022","Scottish Forestry","Aberdeen City and Aberdeenshire","Outside London","AO","[c]","[c]","[c]","[c]"
"Leaver CS","2022","Scottish Forestry","Caithness and Sutherland, and Ross and Cromarty","Outside London","AO","[c]","[c]","[c]","[c]"
"Leaver CS","2022","Scottish Forestry","Caithness and Sutherland, and Ross and Cromarty","Outside London","SEO","[c]","[c]","[c]","[c]"
"Leaver CS","2022","Scottish Forestry","City of Edinburgh","Outside London","EO","[c]","[c]","[c]","[c]"
"Leaver CS","2022","Scottish Forestry","City of Edinburgh","Outside London","G7","[c]","[c]","[c]","[c]"
"Leaver CS","2022","Scottish Forestry","City of Edinburgh","Outside London","HEO","[c]","[c]","[c]","[c]"
"Leaver CS","2022","Scottish Forestry","City of Edinburgh","Outside London","SEO","[c]","[c]","[c]","[c]"
"Leaver CS","2022","Scottish Forestry","Lochaber, Skye and Lochalsh, Arran and Cumbrae, and Argyll and Bute","Outside London","EO","[c]","[c]","[c]","[c]"
"Leaver CS","2022","Scottish Forestry","Perth and Kinross, and Stirling","Outside London","EO","[c]","[c]","[c]","[c]"
"Leaver CS","2022","Scottish Forestry","Perth and Kinross, and Stirling","Outside London","SEO","[c]","[c]","[c]","[c]"
"Leaver CS","2022","Scottish Forestry","South Lanarkshire","Outside London","AO","[c]","[c]","[c]","[c]"
"Leaver CS","2022","Scottish Forestry","South Lanarkshire","Outside London","EO","[c]","[c]","[c]","[c]"
"Leaver CS","2022","Scottish Forestry","South Lanarkshire","Outside London","HEO","[c]","[c]","[c]","[c]"
"Leaver CS","2022","Scottish Forestry","Unknown","Unknown","SEO","[c]","[c]","[c]","[c]"
"Leaver CS","2022","Scottish Government (excl. agencies)","Aberdeen City and Aberdeenshire","Outside London","AA","[c]","[c]","[c]","[c]"
"Leaver CS","2022","Scottish Government (excl. agencies)","Aberdeen City and Aberdeenshire","Outside London","AO","[c]","[c]","[c]","[c]"
"Leaver CS","2022","Scottish Government (excl. agencies)","Aberdeen City and Aberdeenshire","Outside London","EO","10","[c]","[c]","[c]"
"Leaver CS","2022","Scottish Government (excl. agencies)","Aberdeen City and Aberdeenshire","Outside London","G6","[c]","[c]","[c]","[c]"
"Leaver CS","2022","Scottish Government (excl. agencies)","Aberdeen City and Aberdeenshire","Outside London","G7","[c]","[c]","[c]","[c]"
"Leaver CS","2022","Scottish Government (excl. agencies)","Aberdeen City and Aberdeenshire","Outside London","HEO","[c]","[c]","[c]","[c]"
"Leaver CS","2022","Scottish Government (excl. agencies)","Aberdeen City and Aberdeenshire","Outside London","SEO","[c]","[c]","[c]","[c]"
"Leaver CS","2022","Scottish Government (excl. agencies)","Caithness and Sutherland, and Ross and Cromarty","Outside London","HEO","[c]","[c]","[c]","[c]"
"Leaver CS","2022","Scottish Government (excl. agencies)","Camden and City of London","London","G7","[c]","[c]","[c]","[c]"
"Leaver CS","2022","Scottish Government (excl. agencies)","City of Edinburgh","Outside London","AA","40","[c]","23330","22140"
"Leaver CS","2022","Scottish Government (excl. agencies)","City of Edinburgh","Outside London","AO","25","[c]","27980","25930"
"Leaver CS","2022","Scottish Government (excl. agencies)","City of Edinburgh","Outside London","EO","35","[c]","28720","28990"
"Leaver CS","2022","Scottish Government (excl. agencies)","City of Edinburgh","Outside London","G6","30","[c]","75370","75340"
"Leaver CS","2022","Scottish Government (excl. agencies)","City of Edinburgh","Outside London","G7","30","[c]","58000","62170"
"Leaver CS","2022","Scottish Government (excl. agencies)","City of Edinburgh","Outside London","HEO","60","[c]","34600","36130"
"Leaver CS","2022","Scottish Government (excl. agencies)","City of Edinburgh","Outside London","SCS level","15","[c]","94590","88280"
"Leaver CS","2022","Scottish Government (excl. agencies)","City of Edinburgh","Outside London","SEO","70","[c]","44330","46850"
"Leaver CS","2022","Scottish Government (excl. agencies)","Clackmannanshire and Fife","Outside London","HEO","[c]","[c]","[c]","[c]"
"Leaver CS","2022","Scottish Government (excl. agencies)","Dumfries and Galloway","Outside London","AA","[c]","[c]","[c]","[c]"
"Leaver CS","2022","Scottish Government (excl. agencies)","Dumfries and Galloway","Outside London","HEO","[c]","[c]","[c]","[c]"
"Leaver CS","2022","Scottish Government (excl. agencies)","Glasgow City","Outside London","AA","[c]","[c]","[c]","[c]"
"Leaver CS","2022","Scottish Government (excl. agencies)","Glasgow City","Outside London","AO","[c]","[c]","[c]","[c]"
"Leaver CS","2022","Scottish Government (excl. agencies)","Glasgow City","Outside London","EO","10","[c]","27230","27230"
"Leaver CS","2022","Scottish Government (excl. agencies)","Glasgow City","Outside London","G6","[c]","[c]","[c]","[c]"
"Leaver CS","2022","Scottish Government (excl. agencies)","Glasgow City","Outside London","G7","10","[c]","[c]","[c]"
"Leaver CS","2022","Scottish Government (excl. agencies)","Glasgow City","Outside London","HEO","10","[c]","[c]","[c]"
"Leaver CS","2022","Scottish Government (excl. agencies)","Glasgow City","Outside London","SCS level","[c]","[c]","[c]","[c]"
"Leaver CS","2022","Scottish Government (excl. agencies)","Glasgow City","Outside London","SEO","10","[c]","44470","47490"
"Leaver CS","2022","Scottish Government (excl. agencies)","Inverness and Nairn, Moray, and Badenoch and Strathspey","Outside London","AA","[c]","[c]","[c]","[c]"
"Leaver CS","2022","Scottish Government (excl. agencies)","Inverness and Nairn, Moray, and Badenoch and Strathspey","Outside London","EO","[c]","[c]","[c]","[c]"
"Leaver CS","2022","Scottish Government (excl. agencies)","Inverness and Nairn, Moray, and Badenoch and Strathspey","Outside London","HEO","[c]","[c]","[c]","[c]"
"Leaver CS","2022","Scottish Government (excl. agencies)","Lochaber, Skye and Lochalsh, Arran and Cumbrae, and Argyll and Bute","Outside London","EO","[c]","[c]","[c]","[c]"
"Leaver CS","2022","Scottish Government (excl. agencies)","Na h-Eileanan Siar","Outside London","AA","[c]","[c]","[c]","[c]"
"Leaver CS","2022","Scottish Government (excl. agencies)","Orkney Islands","Outside London","EO","[c]","[c]","[c]","[c]"
"Leaver CS","2022","Scottish Government (excl. agencies)","Overseas","Overseas","HEO","[c]","[c]","[c]","[c]"
"Leaver CS","2022","Scottish Government (excl. agencies)","Overseas","Overseas","SCS level","[c]","[c]","[c]","[c]"
"Leaver CS","2022","Scottish Government (excl. agencies)","Perth and Kinross, and Stirling","Outside London","AA","[c]","[c]","[c]","[c]"
"Leaver CS","2022","Scottish Government (excl. agencies)","Perth and Kinross, and Stirling","Outside London","EO","[c]","[c]","[c]","[c]"
"Leaver CS","2022","Scottish Government (excl. agencies)","Perth and Kinross, and Stirling","Outside London","HEO","[c]","[c]","[c]","[c]"
"Leaver CS","2022","Scottish Government (excl. agencies)","Perth and Kinross, and Stirling","Outside London","SEO","[c]","[c]","[c]","[c]"
"Leaver CS","2022","Scottish Government (excl. agencies)","Scottish Borders","Outside London","HEO","[c]","[c]","[c]","[c]"
"Leaver CS","2022","Scottish Government (excl. agencies)","Shetland Islands","Outside London","EO","[c]","[c]","[c]","[c]"
"Leaver CS","2022","Scottish Government (excl. agencies)","South Ayrshire","Outside London","EO","[c]","[c]","[c]","[c]"
"Leaver CS","2022","Scottish Government (excl. agencies)","South Lanarkshire","Outside London","AO","[c]","[c]","[c]","[c]"
"Leaver CS","2022","Scottish Government (excl. agencies)","West Lothian","Outside London","HEO","[c]","[c]","[c]","[c]"
"Leaver CS","2022","Scottish Government (excl. agencies)","West Lothian","Outside London","SEO","[c]","[c]","[c]","[c]"
"Leaver CS","2022","Scottish Housing Regulator","Glasgow City","Outside London","EO","[c]","[c]","[c]","[c]"
"Leaver CS","2022","Scottish Housing Regulator","Glasgow City","Outside London","G6","[c]","[c]","[c]","[c]"
"Leaver CS","2022","Scottish Housing Regulator","Glasgow City","Outside London","G7","[c]","[c]","[c]","[c]"
"Leaver CS","2022","Scottish Housing Regulator","Glasgow City","Outside London","SEO","[c]","[c]","[c]","[c]"
"Leaver CS","2022","Scottish Prison Service","Aberdeen City and Aberdeenshire","Outside London","AA","[c]","[c]","[c]","[c]"
"Leaver CS","2022","Scottish Prison Service","Aberdeen City and Aberdeenshire","Outside London","AO","15","[c]","23940","22910"
"Leaver CS","2022","Scottish Prison Service","Aberdeen City and Aberdeenshire","Outside London","EO","10","[c]","[c]","[c]"
"Leaver CS","2022","Scottish Prison Service","Aberdeen City and Aberdeenshire","Outside London","HEO","[c]","[c]","[c]","[c]"
"Leaver CS","2022","Scottish Prison Service","Aberdeen City and Aberdeenshire","Outside London","SEO","[c]","[c]","[c]","[c]"
"Leaver CS","2022","Scottish Prison Service","City of Edinburgh","Outside London","AA","[c]","[c]","[c]","[c]"
"Leaver CS","2022","Scottish Prison Service","City of Edinburgh","Outside London","AO","10","[c]","26040","26900"
"Leaver CS","2022","Scottish Prison Service","City of Edinburgh","Outside London","EO","20","[c]","33920","35000"
"Leaver CS","2022","Scottish Prison Service","City of Edinburgh","Outside London","G6","[c]","[c]","[c]","[c]"
"Leaver CS","2022","Scottish Prison Service","City of Edinburgh","Outside London","G7","5","[c]","[c]","[c]"
"Leaver CS","2022","Scottish Prison Service","City of Edinburgh","Outside London","HEO","[c]","[c]","[c]","[c]"
"Leaver CS","2022","Scottish Prison Service","City of Edinburgh","Outside London","SEO","15","[c]","45560","46020"
"Leaver CS","2022","Scottish Prison Service","Clackmannanshire and Fife","Outside London","AA","[c]","[c]","[c]","[c]"
"Leaver CS","2022","Scottish Prison Service","Clackmannanshire and Fife","Outside London","AO","15","[c]","25590","26900"
"Leaver CS","2022","Scottish Prison Service","Clackmannanshire and Fife","Outside London","EO","15","[c]","35000","35000"
"Leaver CS","2022","Scottish Prison Service","Clackmannanshire and Fife","Outside London","HEO","[c]","[c]","[c]","[c]"
"Leaver CS","2022","Scottish Prison Service","Clackmannanshire and Fife","Outside London","SEO","[c]","[c]","[c]","[c]"
"Leaver CS","2022","Scottish Prison Service","Dumfries and Galloway","Outside London","AO","5","[c]","[c]","[c]"
"Leaver CS","2022","Scottish Prison Service","Dumfries and Galloway","Outside London","EO","5","[c]","[c]","[c]"
"Leaver CS","2022","Scottish Prison Service","Dumfries and Galloway","Outside London","G6","[c]","[c]","[c]","[c]"
"Leaver CS","2022","Scottish Prison Service","Dumfries and Galloway","Outside London","HEO","[c]","[c]","[c]","[c]"
"Leaver CS","2022","Scottish Prison Service","East Dunbartonshire, West Dunbartonshire, and Helensburgh and Lomond","Outside London","AA","[c]","[c]","[c]","[c]"
"Leaver CS","2022","Scottish Prison Service","East Dunbartonshire, West Dunbartonshire, and Helensburgh and Lomond","Outside London","AO","10","[c]","24270","24270"
"Leaver CS","2022","Scottish Prison Service","East Dunbartonshire, West Dunbartonshire, and Helensburgh and Lomond","Outside London","EO","10","[c]","34430","35000"
"Leaver CS","2022","Scottish Prison Service","East Dunbartonshire, West Dunbartonshire, and Helensburgh and Lomond","Outside London","HEO","[c]","[c]","[c]","[c]"
"Leaver CS","2022","Scottish Prison Service","Falkirk","Outside London","AA","5","[c]","[c]","[c]"
"Leaver CS","2022","Scottish Prison Service","Falkirk","Outside London","AO","10","[c]","23710","21640"
"Leaver CS","2022","Scottish Prison Service","Falkirk","Outside London","EO","10","[c]","34760","35000"
"Leaver CS","2022","Scottish Prison Service","Falkirk","Outside London","G6","[c]","[c]","[c]","[c]"
"Leaver CS","2022","Scottish Prison Service","Falkirk","Outside London","G7","[c]","[c]","[c]","[c]"
"Leaver CS","2022","Scottish Prison Service","Falkirk","Outside London","HEO","5","[c]","[c]","[c]"
"Leaver CS","2022","Scottish Prison Service","Falkirk","Outside London","SEO","[c]","[c]","[c]","[c]"
"Leaver CS","2022","Scottish Prison Service","Glasgow City","Outside London","AA","[c]","[c]","[c]","[c]"
"Leaver CS","2022","Scottish Prison Service","Glasgow City","Outside London","AO","15","[c]","25230","26900"
"Leaver CS","2022","Scottish Prison Service","Glasgow City","Outside London","EO","20","[c]","34240","35000"
"Leaver CS","2022","Scottish Prison Service","Glasgow City","Outside London","G7","[c]","[c]","[c]","[c]"
"Leaver CS","2022","Scottish Prison Service","Glasgow City","Outside London","HEO","[c]","[c]","[c]","[c]"
"Leaver CS","2022","Scottish Prison Service","Glasgow City","Outside London","SEO","[c]","[c]","[c]","[c]"
"Leaver CS","2022","Scottish Prison Service","Inverclyde, East Renfrewshire, and Renfrewshire","Outside London","AO","10","[c]","[c]","[c]"
"Leaver CS","2022","Scottish Prison Service","Inverclyde, East Renfrewshire, and Renfrewshire","Outside London","EO","5","[c]","[c]","[c]"
"Leaver CS","2022","Scottish Prison Service","Inverclyde, East Renfrewshire, and Renfrewshire","Outside London","HEO","[c]","[c]","[c]","[c]"
"Leaver CS","2022","Scottish Prison Service","Inverness and Nairn, Moray, and Badenoch and Strathspey","Outside London","AO","10","[c]","[c]","[c]"
"Leaver CS","2022","Scottish Prison Service","Inverness and Nairn, Moray, and Badenoch and Strathspey","Outside London","EO","[c]","[c]","[c]","[c]"
"Leaver CS","2022","Scottish Prison Service","Inverness and Nairn, Moray, and Badenoch and Strathspey","Outside London","SEO","[c]","[c]","[c]","[c]"
"Leaver CS","2022","Scottish Prison Service","North Lanarkshire","Outside London","AA","[c]","[c]","[c]","[c]"
"Leaver CS","2022","Scottish Prison Service","North Lanarkshire","Outside London","AO","5","[c]","[c]","[c]"
"Leaver CS","2022","Scottish Prison Service","North Lanarkshire","Outside London","EO","10","[c]","34310","35000"
"Leaver CS","2022","Scottish Prison Service","North Lanarkshire","Outside London","G7","[c]","[c]","[c]","[c]"
"Leaver CS","2022","Scottish Prison Service","North Lanarkshire","Outside London","HEO","[c]","[c]","[c]","[c]"
"Leaver CS","2022","Scottish Prison Service","North Lanarkshire","Outside London","SEO","[c]","[c]","[c]","[c]"
"Leaver CS","2022","Scottish Prison Service","Perth and Kinross, and Stirling","Outside London","AA","5","[c]","[c]","[c]"
"Leaver CS","2022","Scottish Prison Service","Perth and Kinross, and Stirling","Outside London","AO","20","[c]","25470","26900"
"Leaver CS","2022","Scottish Prison Service","Perth and Kinross, and Stirling","Outside London","EO","20","[c]","34400","35000"
"Leaver CS","2022","Scottish Prison Service","Perth and Kinross, and Stirling","Outside London","G7","[c]","[c]","[c]","[c]"
"Leaver CS","2022","Scottish Prison Service","Perth and Kinross, and Stirling","Outside London","HEO","[c]","[c]","[c]","[c]"
"Leaver CS","2022","Scottish Prison Service","Perth and Kinross, and Stirling","Outside London","SEO","[c]","[c]","[c]","[c]"
"Leaver CS","2022","Scottish Prison Service","West Lothian","Outside London","AA","[c]","[c]","[c]","[c]"
"Leaver CS","2022","Scottish Public Pensions Agency","Scottish Borders","Outside London","AO","5","[c]","[c]","[c]"
"Leaver CS","2022","Scottish Public Pensions Agency","Scottish Borders","Outside London","EO","5","[c]","[c]","[c]"
"Leaver CS","2022","Scottish Public Pensions Agency","Scottish Borders","Outside London","G6","[c]","[c]","[c]","[c]"
"Leaver CS","2022","Scottish Public Pensions Agency","Scottish Borders","Outside London","HEO","[c]","[c]","[c]","[c]"
"Leaver CS","2022","Serious Fraud Office","Sheffield","Outside London","HEO","[c]","[c]","[c]","[c]"
"Leaver CS","2022","Serious Fraud Office","Westminster","London","AA","[c]","[c]","[c]","[c]"
"Leaver CS","2022","Serious Fraud Office","Westminster","London","AO","[c]","[c]","[c]","[c]"
"Leaver CS","2022","Serious Fraud Office","Westminster","London","EO","5","[c]","[c]","[c]"
"Leaver CS","2022","Serious Fraud Office","Westminster","London","G6","[c]","[c]","[c]","[c]"
"Leaver CS","2022","Serious Fraud Office","Westminster","London","G7","15","[c]","54950","53590"
"Leaver CS","2022","Serious Fraud Office","Westminster","London","HEO","10","[c]","[c]","[c]"
"Leaver CS","2022","Serious Fraud Office","Westminster","London","SEO","10","[c]","40890","40000"
"Leaver CS","2022","Social Security Scotland","Angus and Dundee City","Outside London","AA","10","[c]","[c]","[c]"
"Leaver CS","2022","Social Security Scotland","Angus and Dundee City","Outside London","EO","[c]","[c]","[c]","[c]"
"Leaver CS","2022","Social Security Scotland","City of Edinburgh","Outside London","EO","[c]","[c]","[c]","[c]"
"Leaver CS","2022","Social Security Scotland","City of Edinburgh","Outside London","G7","[c]","[c]","[c]","[c]"
"Leaver CS","2022","Social Security Scotland","Glasgow City","Outside London","AA","10","[c]","[c]","[c]"
"Leaver CS","2022","Social Security Scotland","Glasgow City","Outside London","AO","[c]","[c]","[c]","[c]"
"Leaver CS","2022","Social Security Scotland","Glasgow City","Outside London","EO","5","[c]","[c]","[c]"
"Leaver CS","2022","Social Security Scotland","Glasgow City","Outside London","G6","[c]","[c]","[c]","[c]"
"Leaver CS","2022","Social Security Scotland","Glasgow City","Outside London","G7","[c]","[c]","[c]","[c]"
"Leaver CS","2022","Social Security Scotland","Glasgow City","Outside London","SEO","[c]","[c]","[c]","[c]"
"Leaver CS","2022","Standards and Testing Agency","Manchester","Outside London","G7","[c]","[c]","[c]","[c]"
"Leaver CS","2022","Standards and Testing Agency","Westminster","London","HEO","[c]","[c]","[c]","[c]"
"Leaver CS","2022","Student Awards Agency for Scotland","City of Edinburgh","Outside London","AA","20","[c]","21280","21050"
"Leaver CS","2022","Student Awards Agency for Scotland","City of Edinburgh","Outside London","AO","[c]","[c]","[c]","[c]"
"Leaver CS","2022","Student Awards Agency for Scotland","City of Edinburgh","Outside London","EO","[c]","[c]","[c]","[c]"
"Leaver CS","2022","Student Awards Agency for Scotland","City of Edinburgh","Outside London","G7","[c]","[c]","[c]","[c]"
"Leaver CS","2022","Student Awards Agency for Scotland","City of Edinburgh","Outside London","HEO","[c]","[c]","[c]","[c]"
"Leaver CS","2022","Student Awards Agency for Scotland","City of Edinburgh","Outside London","SEO","[c]","[c]","[c]","[c]"
"Leaver CS","2022","Submarine Delivery Agency","Bath and North East Somerset, North Somerset and South Gloucestershire","Outside London","Unknown","95","[c]","38490","36680"
"Leaver CS","2022","Submarine Delivery Agency","Caithness and Sutherland, and Ross and Cromarty","Outside London","Unknown","5","[c]","[c]","[c]"
"Leaver CS","2022","Submarine Delivery Agency","Clackmannanshire and Fife","Outside London","Unknown","[c]","[c]","[c]","[c]"
"Leaver CS","2022","Submarine Delivery Agency","Derby","Outside London","Unknown","[c]","[c]","[c]","[c]"
"Leaver CS","2022","Submarine Delivery Agency","East Dunbartonshire, West Dunbartonshire, and Helensburgh and Lomond","Outside London","Unknown","10","[c]","[c]","[c]"
"Leaver CS","2022","Submarine Delivery Agency","Overseas","Overseas","Unknown","[c]","[c]","[c]","[c]"
"Leaver CS","2022","Submarine Delivery Agency","Plymouth","Outside London","Unknown","5","[c]","[c]","[c]"
"Leaver CS","2022","Submarine Delivery Agency","West Cumbria","Outside London","Unknown","20","[c]","39470","40430"
"Leaver CS","2022","Submarine Delivery Agency","Wiltshire","Outside London","Unknown","[c]","[c]","[c]","[c]"
"Leaver CS","2022","Teaching Regulation Agency","Coventry","Outside London","AO","[c]","[c]","[c]","[c]"
"Leaver CS","2022","Teaching Regulation Agency","Coventry","Outside London","EO","[c]","[c]","[c]","[c]"
"Leaver CS","2022","Teaching Regulation Agency","Nottingham","Outside London","EO","[c]","[c]","[c]","[c]"
"Leaver CS","2022","The Insolvency Service","Berkshire","Outside London","G7","[c]","[c]","[c]","[c]"
"Leaver CS","2022","The Insolvency Service","Birmingham","Outside London","AA","[c]","[c]","[c]","[c]"
"Leaver CS","2022","The Insolvency Service","Birmingham","Outside London","AO","10","[c]","[c]","[c]"
"Leaver CS","2022","The Insolvency Service","Birmingham","Outside London","G6","[c]","[c]","[c]","[c]"
"Leaver CS","2022","The Insolvency Service","Birmingham","Outside London","HEO","[c]","[c]","[c]","[c]"
"Leaver CS","2022","The Insolvency Service","Birmingham","Outside London","SEO","[c]","[c]","[c]","[c]"
"Leaver CS","2022","The Insolvency Service","Blackpool","Outside London","AA","[c]","[c]","[c]","[c]"
"Leaver CS","2022","The Insolvency Service","Blackpool","Outside London","AO","[c]","[c]","[c]","[c]"
"Leaver CS","2022","The Insolvency Service","Brighton and Hove","Outside London","HEO","[c]","[c]","[c]","[c]"
"Leaver CS","2022","The Insolvency Service","Bristol, City of","Outside London","AO","[c]","[c]","[c]","[c]"
"Leaver CS","2022","The Insolvency Service","Bristol, City of","Outside London","HEO","[c]","[c]","[c]","[c]"
"Leaver CS","2022","The Insolvency Service","Bristol, City of","Outside London","SEO","[c]","[c]","[c]","[c]"
"Leaver CS","2022","The Insolvency Service","Cambridgeshire CC","Outside London","HEO","[c]","[c]","[c]","[c]"
"Leaver CS","2022","The Insolvency Service","Cardiff and Vale of Glamorgan","Outside London","AO","[c]","[c]","[c]","[c]"
"Leaver CS","2022","The Insolvency Service","Cardiff and Vale of Glamorgan","Outside London","HEO","[c]","[c]","[c]","[c]"
"Leaver CS","2022","The Insolvency Service","City of Edinburgh","Outside London","AO","[c]","[c]","[c]","[c]"
"Leaver CS","2022","The Insolvency Service","City of Edinburgh","Outside London","EO","[c]","[c]","[c]","[c]"
"Leaver CS","2022","The Insolvency Service","Croydon","London","HEO","[c]","[c]","[c]","[c]"
"Leaver CS","2022","The Insolvency Service","Devon CC","Outside London","AO","5","[c]","[c]","[c]"
"Leaver CS","2022","The Insolvency Service","Devon CC","Outside London","HEO","[c]","[c]","[c]","[c]"
"Leaver CS","2022","The Insolvency Service","Hackney and Newham","London","AO","[c]","[c]","[c]","[c]"
"Leaver CS","2022","The Insolvency Service","Hackney and Newham","London","EO","[c]","[c]","[c]","[c]"
"Leaver CS","2022","The Insolvency Service","Hackney and Newham","London","G6","[c]","[c]","[c]","[c]"
"Leaver CS","2022","The Insolvency Service","Hackney and Newham","London","HEO","5","[c]","[c]","[c]"
"Leaver CS","2022","The Insolvency Service","Hackney and Newham","London","SCS level","[c]","[c]","[c]","[c]"
"Leaver CS","2022","The Insolvency Service","Hackney and Newham","London","SEO","[c]","[c]","[c]","[c]"
"Leaver CS","2022","The Insolvency Service","Hertfordshire CC","Outside London","G7","[c]","[c]","[c]","[c]"
"Leaver CS","2022","The Insolvency Service","Leeds","Outside London","AO","5","[c]","[c]","[c]"
"Leaver CS","2022","The Insolvency Service","Leeds","Outside London","EO","[c]","[c]","[c]","[c]"
"Leaver CS","2022","The Insolvency Service","Leeds","Outside London","SEO","[c]","[c]","[c]","[c]"
"Leaver CS","2022","The Insolvency Service","Manchester","Outside London","G7","[c]","[c]","[c]","[c]"
"Leaver CS","2022","The Insolvency Service","Manchester","Outside London","HEO","[c]","[c]","[c]","[c]"
"Leaver CS","2022","The Insolvency Service","Manchester","Outside London","SEO","[c]","[c]","[c]","[c]"
"Leaver CS","2022","The Insolvency Service","Medway","Outside London","AO","[c]","[c]","[c]","[c]"
"Leaver CS","2022","The Insolvency Service","Nottingham","Outside London","G7","[c]","[c]","[c]","[c]"
"Leaver CS","2022","The Insolvency Service","Nottingham","Outside London","HEO","[c]","[c]","[c]","[c]"
"Leaver CS","2022","The Insolvency Service","Nottingham","Outside London","SCS level","[c]","[c]","[c]","[c]"
"Leaver CS","2022","The Insolvency Service","Plymouth","Outside London","AO","[c]","[c]","[c]","[c]"
"Leaver CS","2022","The Insolvency Service","Plymouth","Outside London","G7","[c]","[c]","[c]","[c]"
"Leaver CS","2022","The Insolvency Service","Southampton","Outside London","AO","[c]","[c]","[c]","[c]"
"Leaver CS","2022","The Insolvency Service","Southampton","Outside London","HEO","[c]","[c]","[c]","[c]"
"Leaver CS","2022","The Insolvency Service","Southampton","Outside London","SEO","[c]","[c]","[c]","[c]"
"Leaver CS","2022","The Insolvency Service","Southend-on-Sea","Outside London","SEO","[c]","[c]","[c]","[c]"
"Leaver CS","2022","The Insolvency Service","Suffolk CC","Outside London","EO","[c]","[c]","[c]","[c]"
"Leaver CS","2022","The Insolvency Service","Suffolk CC","Outside London","G7","[c]","[c]","[c]","[c]"
"Leaver CS","2022","The Insolvency Service","Suffolk CC","Outside London","HEO","[c]","[c]","[c]","[c]"
"Leaver CS","2022","The Insolvency Service","Wirral","Outside London","HEO","[c]","[c]","[c]","[c]"
"Leaver CS","2022","The Insolvency Service","Wirral","Outside London","SEO","[c]","[c]","[c]","[c]"
"Leaver CS","2022","The National Archives","Hounslow and Richmond upon Thames","London","AA","10","[c]","[c]","[c]"
"Leaver CS","2022","The National Archives","Hounslow and Richmond upon Thames","London","AO","15","[c]","21000","20510"
"Leaver CS","2022","The National Archives","Hounslow and Richmond upon Thames","London","EO","5","[c]","[c]","[c]"
"Leaver CS","2022","The National Archives","Hounslow and Richmond upon Thames","London","G6","5","[c]","[c]","[c]"
"Leaver CS","2022","The National Archives","Hounslow and Richmond upon Thames","London","G7","[c]","[c]","[c]","[c]"
"Leaver CS","2022","The National Archives","Hounslow and Richmond upon Thames","London","HEO","20","[c]","30270","28970"
"Leaver CS","2022","The National Archives","Hounslow and Richmond upon Thames","London","SCS level","[c]","[c]","[c]","[c]"
"Leaver CS","2022","The National Archives","Hounslow and Richmond upon Thames","London","SEO","10","[c]","[c]","[c]"
"Leaver CS","2022","Transport Scotland","City of Edinburgh","Outside London","AA","[c]","[c]","[c]","[c]"
"Leaver CS","2022","Transport Scotland","City of Edinburgh","Outside London","G6","[c]","[c]","[c]","[c]"
"Leaver CS","2022","Transport Scotland","City of Edinburgh","Outside London","HEO","[c]","[c]","[c]","[c]"
"Leaver CS","2022","Transport Scotland","City of Edinburgh","Outside London","SEO","[c]","[c]","[c]","[c]"
"Leaver CS","2022","Transport Scotland","Glasgow City","Outside London","AA","[c]","[c]","[c]","[c]"
"Leaver CS","2022","Transport Scotland","Glasgow City","Outside London","G6","[c]","[c]","[c]","[c]"
"Leaver CS","2022","Transport Scotland","Glasgow City","Outside London","HEO","[c]","[c]","[c]","[c]"
"Leaver CS","2022","Transport Scotland","Glasgow City","Outside London","SEO","5","[c]","[c]","[c]"
"Leaver CS","2022","UK Debt Management Office","Camden and City of London","London","EO","[c]","[c]","[c]","[c]"
"Leaver CS","2022","UK Debt Management Office","Camden and City of London","London","G6","[c]","[c]","[c]","[c]"
"Leaver CS","2022","UK Debt Management Office","Camden and City of London","London","G7","5","[c]","[c]","[c]"
"Leaver CS","2022","UK Debt Management Office","Camden and City of London","London","HEO","[c]","[c]","[c]","[c]"
"Leaver CS","2022","UK Debt Management Office","Camden and City of London","London","SEO","[c]","[c]","[c]","[c]"
"Leaver CS","2022","UK Export Finance","Westminster","London","AO","[c]","[c]","[c]","[c]"
"Leaver CS","2022","UK Export Finance","Westminster","London","EO","5","[c]","[c]","[c]"
"Leaver CS","2022","UK Export Finance","Westminster","London","G6","5","[c]","[c]","[c]"
"Leaver CS","2022","UK Export Finance","Westminster","London","G7","[c]","[c]","[c]","[c]"
"Leaver CS","2022","UK Export Finance","Westminster","London","HEO","5","[c]","[c]","[c]"
"Leaver CS","2022","UK Export Finance","Westminster","London","SCS level","[c]","[c]","[c]","[c]"
"Leaver CS","2022","UK Export Finance","Westminster","London","SEO","20","[c]","46870","47000"
"Leaver CS","2022","UK Health Security Agency","Barnet","London","AA","[c]","[c]","[c]","[c]"
"Leaver CS","2022","UK Health Security Agency","Barnet","London","AO","15","[c]","23930","23780"
"Leaver CS","2022","UK Health Security Agency","Barnet","London","EO","15","[c]","27250","26880"
"Leaver CS","2022","UK Health Security Agency","Barnet","London","G6","5","[c]","[c]","[c]"
"Leaver CS","2022","UK Health Security Agency","Barnet","London","G7","15","[c]","52650","52610"
"Leaver CS","2022","UK Health Security Agency","Barnet","London","HEO","15","[c]","33260","32650"
"Leaver CS","2022","UK Health Security Agency","Barnet","London","SCS level","[c]","[c]","[c]","[c]"
"Leaver CS","2022","UK Health Security Agency","Barnet","London","SEO","10","[c]","41280","40510"
"Leaver CS","2022","UK Health Security Agency","Berkshire","Outside London","G7","[c]","[c]","[c]","[c]"
"Leaver CS","2022","UK Health Security Agency","Bexley and Greenwich","London","SEO","[c]","[c]","[c]","[c]"
"Leaver CS","2022","UK Health Security Agency","Birmingham","Outside London","AO","10","[c]","20290","19880"
"Leaver CS","2022","UK Health Security Agency","Birmingham","Outside London","EO","[c]","[c]","[c]","[c]"
"Leaver CS","2022","UK Health Security Agency","Birmingham","Outside London","G7","[c]","[c]","[c]","[c]"
"Leaver CS","2022","UK Health Security Agency","Birmingham","Outside London","HEO","[c]","[c]","[c]","[c]"
"Leaver CS","2022","UK Health Security Agency","Birmingham","Outside London","SCS level","[c]","[c]","[c]","[c]"
"Leaver CS","2022","UK Health Security Agency","Birmingham","Outside London","SEO","[c]","[c]","[c]","[c]"
"Leaver CS","2022","UK Health Security Agency","Breckland and South Norfolk","Outside London","SEO","[c]","[c]","[c]","[c]"
"Leaver CS","2022","UK Health Security Agency","Bristol, City of","Outside London","AA","[c]","[c]","[c]","[c]"
"Leaver CS","2022","UK Health Security Agency","Bristol, City of","Outside London","AO","5","[c]","[c]","[c]"
"Leaver CS","2022","UK Health Security Agency","Bristol, City of","Outside London","EO","[c]","[c]","[c]","[c]"
"Leaver CS","2022","UK Health Security Agency","Bristol, City of","Outside London","G7","[c]","[c]","[c]","[c]"
"Leaver CS","2022","UK Health Security Agency","Bristol, City of","Outside London","HEO","5","[c]","[c]","[c]"
"Leaver CS","2022","UK Health Security Agency","Bristol, City of","Outside London","SEO","[c]","[c]","[c]","[c]"
"Leaver CS","2022","UK Health Security Agency","Calderdale and Kirklees","Outside London","SEO","[c]","[c]","[c]","[c]"
"Leaver CS","2022","UK Health Security Agency","Cambridgeshire CC","Outside London","AO","10","[c]","21900","21820"
"Leaver CS","2022","UK Health Security Agency","Cambridgeshire CC","Outside London","EO","5","[c]","[c]","[c]"
"Leaver CS","2022","UK Health Security Agency","Cambridgeshire CC","Outside London","G6","[c]","[c]","[c]","[c]"
"Leaver CS","2022","UK Health Security Agency","Cambridgeshire CC","Outside London","G7","[c]","[c]","[c]","[c]"
"Leaver CS","2022","UK Health Security Agency","Cambridgeshire CC","Outside London","HEO","[c]","[c]","[c]","[c]"
"Leaver CS","2022","UK Health Security Agency","Cambridgeshire CC","Outside London","SCS level","[c]","[c]","[c]","[c]"
"Leaver CS","2022","UK Health Security Agency","Cambridgeshire CC","Outside London","SEO","[c]","[c]","[c]","[c]"
"Leaver CS","2022","UK Health Security Agency","Croydon","London","HEO","[c]","[c]","[c]","[c]"
"Leaver CS","2022","UK Health Security Agency","Devon CC","Outside London","G7","[c]","[c]","[c]","[c]"
"Leaver CS","2022","UK Health Security Agency","East Cumbria","Outside London","SEO","[c]","[c]","[c]","[c]"
"Leaver CS","2022","UK Health Security Agency","East Kent","Outside London","HEO","[c]","[c]","[c]","[c]"
"Leaver CS","2022","UK Health Security Agency","East Riding of Yorkshire","Outside London","EO","[c]","[c]","[c]","[c]"
"Leaver CS","2022","UK Health Security Agency","East Surrey","Outside London","AO","[c]","[c]","[c]","[c]"
"Leaver CS","2022","UK Health Security Agency","East Surrey","Outside London","EO","[c]","[c]","[c]","[c]"
"Leaver CS","2022","UK Health Security Agency","East Surrey","Outside London","HEO","[c]","[c]","[c]","[c]"
"Leaver CS","2022","UK Health Security Agency","East Surrey","Outside London","SEO","[c]","[c]","[c]","[c]"
"Leaver CS","2022","UK Health Security Agency","Gloucestershire CC","Outside London","EO","[c]","[c]","[c]","[c]"
"Leaver CS","2022","UK Health Security Agency","Gloucestershire CC","Outside London","HEO","[c]","[c]","[c]","[c]"
"Leaver CS","2022","UK Health Security Agency","Gloucestershire CC","Outside London","SEO","[c]","[c]","[c]","[c]"
"Leaver CS","2022","UK Health Security Agency","Harrow and Hillingdon","London","EO","[c]","[c]","[c]","[c]"
"Leaver CS","2022","UK Health Security Agency","Harrow and Hillingdon","London","G7","[c]","[c]","[c]","[c]"
"Leaver CS","2022","UK Health Security Agency","Hertfordshire CC","Outside London","SEO","[c]","[c]","[c]","[c]"
"Leaver CS","2022","UK Health Security Agency","Hounslow and Richmond upon Thames","London","HEO","[c]","[c]","[c]","[c]"
"Leaver CS","2022","UK Health Security Agency","Lambeth","London","AO","20","[c]","21210","21820"
"Leaver CS","2022","UK Health Security Agency","Lambeth","London","EO","40","[c]","25520","26570"
"Leaver CS","2022","UK Health Security Agency","Lambeth","London","G6","10","[c]","66590","67330"
"Leaver CS","2022","UK Health Security Agency","Lambeth","London","G7","45","[c]","52910","52610"
"Leaver CS","2022","UK Health Security Agency","Lambeth","London","HEO","65","[c]","31070","31660"
"Leaver CS","2022","UK Health Security Agency","Lambeth","London","SCS level","15","[c]","90480","86730"
"Leaver CS","2022","UK Health Security Agency","Lambeth","London","SEO","65","[c]","39520","40070"
"Leaver CS","2022","UK Health Security Agency","Leeds","Outside London","AO","[c]","[c]","[c]","[c]"
"Leaver CS","2022","UK Health Security Agency","Leeds","Outside London","EO","[c]","[c]","[c]","[c]"
"Leaver CS","2022","UK Health Security Agency","Leeds","Outside London","G6","[c]","[c]","[c]","[c]"
"Leaver CS","2022","UK Health Security Agency","Leeds","Outside London","G7","[c]","[c]","[c]","[c]"
"Leaver CS","2022","UK Health Security Agency","Leeds","Outside London","HEO","5","[c]","[c]","[c]"
"Leaver CS","2022","UK Health Security Agency","Leeds","Outside London","SCS level","[c]","[c]","[c]","[c]"
"Leaver CS","2022","UK Health Security Agency","Leeds","Outside London","SEO","[c]","[c]","[c]","[c]"
"Leaver CS","2022","UK Health Security Agency","Leicestershire CC and Rutland","Outside London","HEO","[c]","[c]","[c]","[c]"
"Leaver CS","2022","UK Health Security Agency","Leicestershire CC and Rutland","Outside London","SEO","[c]","[c]","[c]","[c]"
"Leaver CS","2022","UK Health Security Agency","Lewisham and Southwark","London","G7","[c]","[c]","[c]","[c]"
"Leaver CS","2022","UK Health Security Agency","Lewisham and Southwark","London","HEO","[c]","[c]","[c]","[c]"
"Leaver CS","2022","UK Health Security Agency","Lewisham and Southwark","London","SEO","[c]","[c]","[c]","[c]"
"Leaver CS","2022","UK Health Security Agency","Liverpool","Outside London","EO","[c]","[c]","[c]","[c]"
"Leaver CS","2022","UK Health Security Agency","Manchester","Outside London","AA","[c]","[c]","[c]","[c]"
"Leaver CS","2022","UK Health Security Agency","Manchester","Outside London","AO","5","[c]","[c]","[c]"
"Leaver CS","2022","UK Health Security Agency","Manchester","Outside London","EO","5","[c]","[c]","[c]"
"Leaver CS","2022","UK Health Security Agency","Manchester","Outside London","G7","[c]","[c]","[c]","[c]"
"Leaver CS","2022","UK Health Security Agency","Manchester","Outside London","HEO","[c]","[c]","[c]","[c]"
"Leaver CS","2022","UK Health Security Agency","Manchester","Outside London","SCS level","[c]","[c]","[c]","[c]"
"Leaver CS","2022","UK Health Security Agency","Manchester","Outside London","SEO","[c]","[c]","[c]","[c]"
"Leaver CS","2022","UK Health Security Agency","Mid Kent","Outside London","G7","[c]","[c]","[c]","[c]"
"Leaver CS","2022","UK Health Security Agency","Mid Kent","Outside London","SEO","[c]","[c]","[c]","[c]"
"Leaver CS","2022","UK Health Security Agency","Mid Lancashire","Outside London","EO","[c]","[c]","[c]","[c]"
"Leaver CS","2022","UK Health Security Agency","Nottingham","Outside London","EO","[c]","[c]","[c]","[c]"
"Leaver CS","2022","UK Health Security Agency","Nottingham","Outside London","HEO","[c]","[c]","[c]","[c]"
"Leaver CS","2022","UK Health Security Agency","Nottingham","Outside London","SCS level","[c]","[c]","[c]","[c]"
"Leaver CS","2022","UK Health Security Agency","Oxfordshire CC","Outside London","AO","[c]","[c]","[c]","[c]"
"Leaver CS","2022","UK Health Security Agency","Oxfordshire CC","Outside London","EO","[c]","[c]","[c]","[c]"
"Leaver CS","2022","UK Health Security Agency","Oxfordshire CC","Outside London","G6","[c]","[c]","[c]","[c]"
"Leaver CS","2022","UK Health Security Agency","Oxfordshire CC","Outside London","G7","[c]","[c]","[c]","[c]"
"Leaver CS","2022","UK Health Security Agency","Oxfordshire CC","Outside London","HEO","5","[c]","[c]","[c]"
"Leaver CS","2022","UK Health Security Agency","Oxfordshire CC","Outside London","SEO","[c]","[c]","[c]","[c]"
"Leaver CS","2022","UK Health Security Agency","Redbridge and Waltham Forest","London","SEO","[c]","[c]","[c]","[c]"
"Leaver CS","2022","UK Health Security Agency","Sheffield","Outside London","G7","[c]","[c]","[c]","[c]"
"Leaver CS","2022","UK Health Security Agency","Somerset CC","Outside London","SEO","[c]","[c]","[c]","[c]"
"Leaver CS","2022","UK Health Security Agency","South Hampshire","Outside London","SCS level","[c]","[c]","[c]","[c]"
"Leaver CS","2022","UK Health Security Agency","South Nottinghamshire","Outside London","SEO","[c]","[c]","[c]","[c]"
"Leaver CS","2022","UK Health Security Agency","Staffordshire CC","Outside London","SCS level","[c]","[c]","[c]","[c]"
"Leaver CS","2022","UK Health Security Agency","Suffolk CC","Outside London","G7","[c]","[c]","[c]","[c]"
"Leaver CS","2022","UK Health Security Agency","Suffolk CC","Outside London","SCS level","[c]","[c]","[c]","[c]"
"Leaver CS","2022","UK Health Security Agency","Thurrock","Outside London","EO","[c]","[c]","[c]","[c]"
"Leaver CS","2022","UK Health Security Agency","Tower Hamlets","London","HEO","[c]","[c]","[c]","[c]"
"Leaver CS","2022","UK Health Security Agency","Tyneside","Outside London","EO","[c]","[c]","[c]","[c]"
"Leaver CS","2022","UK Health Security Agency","Tyneside","Outside London","G7","[c]","[c]","[c]","[c]"
"Leaver CS","2022","UK Health Security Agency","Tyneside","Outside London","HEO","[c]","[c]","[c]","[c]"
"Leaver CS","2022","UK Health Security Agency","West Essex","Outside London","EO","[c]","[c]","[c]","[c]"
"Leaver CS","2022","UK Health Security Agency","West Essex","Outside London","SEO","[c]","[c]","[c]","[c]"
"Leaver CS","2022","UK Health Security Agency","West Sussex (North East)","Outside London","AO","[c]","[c]","[c]","[c]"
"Leaver CS","2022","UK Health Security Agency","Westminster","London","AO","[c]","[c]","[c]","[c]"
"Leaver CS","2022","UK Health Security Agency","Westminster","London","EO","10","[c]","26170","27270"
"Leaver CS","2022","UK Health Security Agency","Westminster","London","G6","20","[c]","67290","66230"
"Leaver CS","2022","UK Health Security Agency","Westminster","London","G7","40","[c]","52030","53240"
"Leaver CS","2022","UK Health Security Agency","Westminster","London","HEO","45","[c]","32110","32790"
"Leaver CS","2022","UK Health Security Agency","Westminster","London","SCS level","20","[c]","94870","77600"
"Leaver CS","2022","UK Health Security Agency","Westminster","London","SEO","35","[c]","38310","39340"
"Leaver CS","2022","UK Health Security Agency","Westminster","London","Unknown","[c]","[c]","[c]","[c]"
"Leaver CS","2022","UK Health Security Agency","Wiltshire","Outside London","AA","[c]","[c]","[c]","[c]"
"Leaver CS","2022","UK Health Security Agency","Wiltshire","Outside London","AO","15","[c]","20350","19880"
"Leaver CS","2022","UK Health Security Agency","Wiltshire","Outside London","EO","15","[c]","24560","23390"
"Leaver CS","2022","UK Health Security Agency","Wiltshire","Outside London","G6","[c]","[c]","[c]","[c]"
"Leaver CS","2022","UK Health Security Agency","Wiltshire","Outside London","G7","10","[c]","[c]","[c]"
"Leaver CS","2022","UK Health Security Agency","Wiltshire","Outside London","HEO","20","[c]","30000","28870"
"Leaver CS","2022","UK Health Security Agency","Wiltshire","Outside London","SCS level","[c]","[c]","[c]","[c]"
"Leaver CS","2022","UK Health Security Agency","Wiltshire","Outside London","SEO","15","[c]","39260","39060"
"Leaver CS","2022","UK Health Security Agency","Wirral","Outside London","EO","[c]","[c]","[c]","[c]"
"Leaver CS","2022","UK Health Security Agency","York","Outside London","AO","[c]","[c]","[c]","[c]"
"Leaver CS","2022","UK Health Security Agency","York","Outside London","EO","[c]","[c]","[c]","[c]"
"Leaver CS","2022","UK Health Security Agency","York","Outside London","SEO","[c]","[c]","[c]","[c]"
"Leaver CS","2022","UK Hydrographic Office","Berkshire","Outside London","G7","[c]","[c]","[c]","[c]"
"Leaver CS","2022","UK Hydrographic Office","Somerset CC","Outside London","AO","10","[c]","20370","20420"
"Leaver CS","2022","UK Hydrographic Office","Somerset CC","Outside London","EO","10","[c]","27760","26740"
"Leaver CS","2022","UK Hydrographic Office","Somerset CC","Outside London","G6","[c]","[c]","[c]","[c]"
"Leaver CS","2022","UK Hydrographic Office","Somerset CC","Outside London","G7","5","[c]","[c]","[c]"
"Leaver CS","2022","UK Hydrographic Office","Somerset CC","Outside London","HEO","20","[c]","34210","33330"
"Leaver CS","2022","UK Hydrographic Office","Somerset CC","Outside London","SEO","15","[c]","44840","43240"
"Leaver CS","2022","UK Space Agency","Oxfordshire CC","Outside London","G6","[c]","[c]","[c]","[c]"
"Leaver CS","2022","UK Space Agency","Swindon","Outside London","EO","[c]","[c]","[c]","[c]"
"Leaver CS","2022","UK Space Agency","Swindon","Outside London","G6","[c]","[c]","[c]","[c]"
"Leaver CS","2022","UK Space Agency","Swindon","Outside London","G7","[c]","[c]","[c]","[c]"
"Leaver CS","2022","UK Space Agency","Swindon","Outside London","HEO","[c]","[c]","[c]","[c]"
"Leaver CS","2022","UK Space Agency","Swindon","Outside London","SCS level","[c]","[c]","[c]","[c]"
"Leaver CS","2022","UK Space Agency","Swindon","Outside London","SEO","5","[c]","[c]","[c]"
"Leaver CS","2022","UK Space Agency","Swindon","Outside London","Unknown","[c]","[c]","[c]","[c]"
"Leaver CS","2022","UK Space Agency","Unknown","Unknown","Unknown","30","[c]","[c]","[c]"
"Leaver CS","2022","UK Space Agency","Westminster","London","EO","[c]","[c]","[c]","[c]"
"Leaver CS","2022","UK Space Agency","Westminster","London","G6","5","[c]","[c]","[c]"
"Leaver CS","2022","UK Space Agency","Westminster","London","G7","10","[c]","[c]","[c]"
"Leaver CS","2022","UK Space Agency","Westminster","London","HEO","[c]","[c]","[c]","[c]"
"Leaver CS","2022","UK Space Agency","Westminster","London","SEO","10","[c]","[c]","[c]"
"Leaver CS","2022","UK Statistics Authority","Monmouthshire and Newport","Outside London","AA","[c]","[c]","[c]","[c]"
"Leaver CS","2022","UK Statistics Authority","Monmouthshire and Newport","Outside London","AO","70","[c]","19750","19610"
"Leaver CS","2022","UK Statistics Authority","Monmouthshire and Newport","Outside London","EO","30","[c]","24030","23840"
"Leaver CS","2022","UK Statistics Authority","Monmouthshire and Newport","Outside London","G6","5","[c]","[c]","[c]"
"Leaver CS","2022","UK Statistics Authority","Monmouthshire and Newport","Outside London","G7","15","[c]","52580","50210"
"Leaver CS","2022","UK Statistics Authority","Monmouthshire and Newport","Outside London","HEO","50","[c]","30690","30210"
"Leaver CS","2022","UK Statistics Authority","Monmouthshire and Newport","Outside London","SCS level","5","[c]","[c]","[c]"
"Leaver CS","2022","UK Statistics Authority","Monmouthshire and Newport","Outside London","SEO","30","[c]","37350","36840"
"Leaver CS","2022","UK Statistics Authority","South Hampshire","Outside London","AA","75","[c]","19420","19050"
"Leaver CS","2022","UK Statistics Authority","South Hampshire","Outside London","AO","105","[c]","20130","19860"
"Leaver CS","2022","UK Statistics Authority","South Hampshire","Outside London","EO","45","[c]","23860","23630"
"Leaver CS","2022","UK Statistics Authority","South Hampshire","Outside London","G6","[c]","[c]","[c]","[c]"
"Leaver CS","2022","UK Statistics Authority","South Hampshire","Outside London","G7","5","[c]","[c]","[c]"
"Leaver CS","2022","UK Statistics Authority","South Hampshire","Outside London","HEO","40","[c]","30220","30210"
"Leaver CS","2022","UK Statistics Authority","South Hampshire","Outside London","SCS level","[c]","[c]","[c]","[c]"
"Leaver CS","2022","UK Statistics Authority","South Hampshire","Outside London","SEO","35","[c]","37180","36840"
"Leaver CS","2022","UK Statistics Authority","South Lanarkshire","Outside London","G7","[c]","[c]","[c]","[c]"
"Leaver CS","2022","UK Statistics Authority","South Lanarkshire","Outside London","SEO","[c]","[c]","[c]","[c]"
"Leaver CS","2022","UK Statistics Authority","Westminster","London","AO","10","[c]","[c]","[c]"
"Leaver CS","2022","UK Statistics Authority","Westminster","London","EO","[c]","[c]","[c]","[c]"
"Leaver CS","2022","UK Statistics Authority","Westminster","London","G6","[c]","[c]","[c]","[c]"
"Leaver CS","2022","UK Statistics Authority","Westminster","London","G7","5","[c]","[c]","[c]"
"Leaver CS","2022","UK Statistics Authority","Westminster","London","HEO","20","[c]","32930","32540"
"Leaver CS","2022","UK Statistics Authority","Westminster","London","SEO","10","[c]","[c]","[c]"
"Leaver CS","2022","UK Supreme Court","Westminster","London","EO","[c]","[c]","[c]","[c]"
"Leaver CS","2022","UK Supreme Court","Westminster","London","HEO","[c]","[c]","[c]","[c]"
"Leaver CS","2022","UK Supreme Court","Westminster","London","SEO","15","[c]","37230","37230"
"Leaver CS","2022","Valuation Office Agency","Aberdeen City and Aberdeenshire","Outside London","HEO","[c]","[c]","[c]","[c]"
"Leaver CS","2022","Valuation Office Agency","Birmingham","Outside London","EO","[c]","[c]","[c]","[c]"
"Leaver CS","2022","Valuation Office Agency","Birmingham","Outside London","SEO","[c]","[c]","[c]","[c]"
"Leaver CS","2022","Valuation Office Agency","Brent","London","SEO","[c]","[c]","[c]","[c]"
"Leaver CS","2022","Valuation Office Agency","Bristol, City of","Outside London","AA","[c]","[c]","[c]","[c]"
"Leaver CS","2022","Valuation Office Agency","Bristol, City of","Outside London","EO","5","[c]","[c]","[c]"
"Leaver CS","2022","Valuation Office Agency","Bristol, City of","Outside London","HEO","[c]","[c]","[c]","[c]"
"Leaver CS","2022","Valuation Office Agency","Bristol, City of","Outside London","SEO","[c]","[c]","[c]","[c]"
"Leaver CS","2022","Valuation Office Agency","Calderdale and Kirklees","Outside London","AA","10","[c]","[c]","[c]"
"Leaver CS","2022","Valuation Office Agency","Calderdale and Kirklees","Outside London","AO","40","[c]","21830","22040"
"Leaver CS","2022","Valuation Office Agency","Calderdale and Kirklees","Outside London","EO","[c]","[c]","[c]","[c]"
"Leaver CS","2022","Valuation Office Agency","Calderdale and Kirklees","Outside London","G6","[c]","[c]","[c]","[c]"
"Leaver CS","2022","Valuation Office Agency","Calderdale and Kirklees","Outside London","G7","[c]","[c]","[c]","[c]"
"Leaver CS","2022","Valuation Office Agency","Calderdale and Kirklees","Outside London","HEO","[c]","[c]","[c]","[c]"
"Leaver CS","2022","Valuation Office Agency","Cambridgeshire CC","Outside London","EO","[c]","[c]","[c]","[c]"
"Leaver CS","2022","Valuation Office Agency","Cambridgeshire CC","Outside London","G7","[c]","[c]","[c]","[c]"
"Leaver CS","2022","Valuation Office Agency","Cambridgeshire CC","Outside London","HEO","[c]","[c]","[c]","[c]"
"Leaver CS","2022","Valuation Office Agency","Cardiff and Vale of Glamorgan","Outside London","AO","[c]","[c]","[c]","[c]"
"Leaver CS","2022","Valuation Office Agency","Cardiff and Vale of Glamorgan","Outside London","EO","[c]","[c]","[c]","[c]"
"Leaver CS","2022","Valuation Office Agency","Cheshire East","Outside London","SEO","[c]","[c]","[c]","[c]"
"Leaver CS","2022","Valuation Office Agency","Croydon","London","AA","[c]","[c]","[c]","[c]"
"Leaver CS","2022","Valuation Office Agency","Croydon","London","AO","[c]","[c]","[c]","[c]"
"Leaver CS","2022","Valuation Office Agency","Croydon","London","EO","[c]","[c]","[c]","[c]"
"Leaver CS","2022","Valuation Office Agency","Croydon","London","G7","[c]","[c]","[c]","[c]"
"Leaver CS","2022","Valuation Office Agency","Croydon","London","HEO","[c]","[c]","[c]","[c]"
"Leaver CS","2022","Valuation Office Agency","Croydon","London","SEO","[c]","[c]","[c]","[c]"
"Leaver CS","2022","Valuation Office Agency","Devon CC","Outside London","AO","[c]","[c]","[c]","[c]"
"Leaver CS","2022","Valuation Office Agency","Devon CC","Outside London","SEO","[c]","[c]","[c]","[c]"
"Leaver CS","2022","Valuation Office Agency","Dudley","Outside London","EO","[c]","[c]","[c]","[c]"
"Leaver CS","2022","Valuation Office Agency","Durham","Outside London","AA","15","[c]","21010","20830"
"Leaver CS","2022","Valuation Office Agency","Durham","Outside London","AO","25","[c]","21720","22010"
"Leaver CS","2022","Valuation Office Agency","Durham","Outside London","EO","[c]","[c]","[c]","[c]"
"Leaver CS","2022","Valuation Office Agency","East Derbyshire","Outside London","EO","[c]","[c]","[c]","[c]"
"Leaver CS","2022","Valuation Office Agency","East Kent","Outside London","SEO","[c]","[c]","[c]","[c]"
"Leaver CS","2022","Valuation Office Agency","Essex Haven Gateway","Outside London","EO","[c]","[c]","[c]","[c]"
"Leaver CS","2022","Valuation Office Agency","Essex Haven Gateway","Outside London","HEO","[c]","[c]","[c]","[c]"
"Leaver CS","2022","Valuation Office Agency","Essex Haven Gateway","Outside London","SEO","[c]","[c]","[c]","[c]"
"Leaver CS","2022","Valuation Office Agency","Flintshire and Wrexham","Outside London","SEO","[c]","[c]","[c]","[c]"
"Leaver CS","2022","Valuation Office Agency","Glasgow City","Outside London","G7","[c]","[c]","[c]","[c]"
"Leaver CS","2022","Valuation Office Agency","Glasgow City","Outside London","SEO","[c]","[c]","[c]","[c]"
"Leaver CS","2022","Valuation Office Agency","Lancaster and Wyre","Outside London","AA","[c]","[c]","[c]","[c]"
"Leaver CS","2022","Valuation Office Agency","Lancaster and Wyre","Outside London","EO","[c]","[c]","[c]","[c]"
"Leaver CS","2022","Valuation Office Agency","Lancaster and Wyre","Outside London","G7","[c]","[c]","[c]","[c]"
"Leaver CS","2022","Valuation Office Agency","Leeds","Outside London","AA","5","[c]","[c]","[c]"
"Leaver CS","2022","Valuation Office Agency","Leeds","Outside London","AO","10","[c]","[c]","[c]"
"Leaver CS","2022","Valuation Office Agency","Leeds","Outside London","EO","[c]","[c]","[c]","[c]"
"Leaver CS","2022","Valuation Office Agency","Leeds","Outside London","HEO","[c]","[c]","[c]","[c]"
"Leaver CS","2022","Valuation Office Agency","Leeds","Outside London","SEO","[c]","[c]","[c]","[c]"
"Leaver CS","2022","Valuation Office Agency","Manchester","Outside London","AO","[c]","[c]","[c]","[c]"
"Leaver CS","2022","Valuation Office Agency","Manchester","Outside London","EO","[c]","[c]","[c]","[c]"
"Leaver CS","2022","Valuation Office Agency","Manchester","Outside London","G7","[c]","[c]","[c]","[c]"
"Leaver CS","2022","Valuation Office Agency","Manchester","Outside London","HEO","[c]","[c]","[c]","[c]"
"Leaver CS","2022","Valuation Office Agency","Manchester","Outside London","SEO","[c]","[c]","[c]","[c]"
"Leaver CS","2022","Valuation Office Agency","Merton, Kingston upon Thames and Sutton","London","G6","[c]","[c]","[c]","[c]"
"Leaver CS","2022","Valuation Office Agency","Merton, Kingston upon Thames and Sutton","London","G7","[c]","[c]","[c]","[c]"
"Leaver CS","2022","Valuation Office Agency","Mid Lancashire","Outside London","G6","[c]","[c]","[c]","[c]"
"Leaver CS","2022","Valuation Office Agency","Mid Lancashire","Outside London","SEO","[c]","[c]","[c]","[c]"
"Leaver CS","2022","Valuation Office Agency","North and North East Lincolnshire","Outside London","HEO","[c]","[c]","[c]","[c]"
"Leaver CS","2022","Valuation Office Agency","North Nottinghamshire","Outside London","SEO","[c]","[c]","[c]","[c]"
"Leaver CS","2022","Valuation Office Agency","North Yorkshire CC","Outside London","EO","[c]","[c]","[c]","[c]"
"Leaver CS","2022","Valuation Office Agency","Northumberland","Outside London","SEO","[c]","[c]","[c]","[c]"
"Leaver CS","2022","Valuation Office Agency","Norwich and East Norfolk","Outside London","AO","[c]","[c]","[c]","[c]"
"Leaver CS","2022","Valuation Office Agency","Norwich and East Norfolk","Outside London","G7","[c]","[c]","[c]","[c]"
"Leaver CS","2022","Valuation Office Agency","Norwich and East Norfolk","Outside London","HEO","[c]","[c]","[c]","[c]"
"Leaver CS","2022","Valuation Office Agency","Nottingham","Outside London","EO","5","[c]","[c]","[c]"
"Leaver CS","2022","Valuation Office Agency","Nottingham","Outside London","HEO","[c]","[c]","[c]","[c]"
"Leaver CS","2022","Valuation Office Agency","Nottingham","Outside London","SEO","[c]","[c]","[c]","[c]"
"Leaver CS","2022","Valuation Office Agency","Oxfordshire CC","Outside London","AA","[c]","[c]","[c]","[c]"
"Leaver CS","2022","Valuation Office Agency","Oxfordshire CC","Outside London","SEO","[c]","[c]","[c]","[c]"
"Leaver CS","2022","Valuation Office Agency","Plymouth","Outside London","AA","5","[c]","[c]","[c]"
"Leaver CS","2022","Valuation Office Agency","Plymouth","Outside London","AO","15","[c]","21770","22010"
"Leaver CS","2022","Valuation Office Agency","Sefton","Outside London","EO","[c]","[c]","[c]","[c]"
"Leaver CS","2022","Valuation Office Agency","Sefton","Outside London","G6","[c]","[c]","[c]","[c]"
"Leaver CS","2022","Valuation Office Agency","Sefton","Outside London","HEO","[c]","[c]","[c]","[c]"
"Leaver CS","2022","Valuation Office Agency","Sheffield","Outside London","AO","[c]","[c]","[c]","[c]"
"Leaver CS","2022","Valuation Office Agency","Sheffield","Outside London","EO","[c]","[c]","[c]","[c]"
"Leaver CS","2022","Valuation Office Agency","Sheffield","Outside London","HEO","[c]","[c]","[c]","[c]"
"Leaver CS","2022","Valuation Office Agency","Sheffield","Outside London","SEO","[c]","[c]","[c]","[c]"
"Leaver CS","2022","Valuation Office Agency","South West Wales","Outside London","SEO","[c]","[c]","[c]","[c]"
"Leaver CS","2022","Valuation Office Agency","Southampton","Outside London","EO","[c]","[c]","[c]","[c]"
"Leaver CS","2022","Valuation Office Agency","Stoke-on-Trent","Outside London","EO","[c]","[c]","[c]","[c]"
"Leaver CS","2022","Valuation Office Agency","Stoke-on-Trent","Outside London","HEO","[c]","[c]","[c]","[c]"
"Leaver CS","2022","Valuation Office Agency","Stoke-on-Trent","Outside London","SEO","[c]","[c]","[c]","[c]"
"Leaver CS","2022","Valuation Office Agency","Swansea","Outside London","EO","[c]","[c]","[c]","[c]"
"Leaver CS","2022","Valuation Office Agency","Tower Hamlets","London","AA","[c]","[c]","[c]","[c]"
"Leaver CS","2022","Valuation Office Agency","Tower Hamlets","London","AO","[c]","[c]","[c]","[c]"
"Leaver CS","2022","Valuation Office Agency","Tower Hamlets","London","G7","5","[c]","[c]","[c]"
"Leaver CS","2022","Valuation Office Agency","Tower Hamlets","London","HEO","[c]","[c]","[c]","[c]"
"Leaver CS","2022","Valuation Office Agency","Tower Hamlets","London","SEO","[c]","[c]","[c]","[c]"
"Leaver CS","2022","Valuation Office Agency","Tyneside","Outside London","EO","[c]","[c]","[c]","[c]"
"Leaver CS","2022","Valuation Office Agency","Tyneside","Outside London","HEO","[c]","[c]","[c]","[c]"
"Leaver CS","2022","Valuation Office Agency","Tyneside","Outside London","SEO","[c]","[c]","[c]","[c]"
"Leaver CS","2022","Valuation Office Agency","West Northamptonshire","Outside London","SEO","[c]","[c]","[c]","[c]"
"Leaver CS","2022","Valuation Office Agency","Worcestershire CC","Outside London","EO","[c]","[c]","[c]","[c]"
"Leaver CS","2022","Vehicle Certification Agency","Bristol, City of","Outside London","EO","5","[c]","[c]","[c]"
"Leaver CS","2022","Vehicle Certification Agency","Bristol, City of","Outside London","HEO","[c]","[c]","[c]","[c]"
"Leaver CS","2022","Vehicle Certification Agency","Bristol, City of","Outside London","SEO","[c]","[c]","[c]","[c]"
"Leaver CS","2022","Vehicle Certification Agency","Leicestershire CC and Rutland","Outside London","AO","[c]","[c]","[c]","[c]"
"Leaver CS","2022","Vehicle Certification Agency","Leicestershire CC and Rutland","Outside London","EO","[c]","[c]","[c]","[c]"
"Leaver CS","2022","Vehicle Certification Agency","Leicestershire CC and Rutland","Outside London","G6","[c]","[c]","[c]","[c]"
"Leaver CS","2022","Vehicle Certification Agency","Overseas","Overseas","G7","[c]","[c]","[c]","[c]"
"Leaver CS","2022","Veterinary Medicines Directorate","West Surrey","Outside London","AO","[c]","[c]","[c]","[c]"
"Leaver CS","2022","Veterinary Medicines Directorate","West Surrey","Outside London","EO","[c]","[c]","[c]","[c]"
"Leaver CS","2022","Veterinary Medicines Directorate","West Surrey","Outside London","G7","5","[c]","[c]","[c]"
"Leaver CS","2022","Veterinary Medicines Directorate","West Surrey","Outside London","HEO","[c]","[c]","[c]","[c]"
"Leaver CS","2022","Veterinary Medicines Directorate","West Surrey","Outside London","SCS level","[c]","[c]","[c]","[c]"
"Leaver CS","2022","Veterinary Medicines Directorate","West Surrey","Outside London","SEO","[c]","[c]","[c]","[c]"
"Leaver CS","2022","Water Services Regulation Authority","Birmingham","Outside London","AO","[c]","[c]","[c]","[c]"
"Leaver CS","2022","Water Services Regulation Authority","Birmingham","Outside London","EO","5","[c]","[c]","[c]"
"Leaver CS","2022","Water Services Regulation Authority","Birmingham","Outside London","G6","[c]","[c]","[c]","[c]"
"Leaver CS","2022","Water Services Regulation Authority","Birmingham","Outside London","G7","[c]","[c]","[c]","[c]"
"Leaver CS","2022","Water Services Regulation Authority","Birmingham","Outside London","HEO","20","[c]","41660","40460"
"Leaver CS","2022","Water Services Regulation Authority","Birmingham","Outside London","SCS level","[c]","[c]","[c]","[c]"
"Leaver CS","2022","Water Services Regulation Authority","Birmingham","Outside London","SEO","15","[c]","59320","61510"
"Leaver CS","2022","Water Services Regulation Authority","Cardiff and Vale of Glamorgan","Outside London","G7","[c]","[c]","[c]","[c]"
"Leaver CS","2022","Welsh Government (excl. agencies)","Bridgend and Neath Port Talbot","Outside London","EO","[c]","[c]","[c]","[c]"
"Leaver CS","2022","Welsh Government (excl. agencies)","Cardiff and Vale of Glamorgan","Outside London","AO","30","[c]","22690","22960"
"Leaver CS","2022","Welsh Government (excl. agencies)","Cardiff and Vale of Glamorgan","Outside London","EO","20","[c]","28000","28850"
"Leaver CS","2022","Welsh Government (excl. agencies)","Cardiff and Vale of Glamorgan","Outside London","G6","5","[c]","[c]","[c]"
"Leaver CS","2022","Welsh Government (excl. agencies)","Cardiff and Vale of Glamorgan","Outside London","G7","10","[c]","61540","60830"
"Leaver CS","2022","Welsh Government (excl. agencies)","Cardiff and Vale of Glamorgan","Outside London","HEO","30","[c]","36260","37410"
"Leaver CS","2022","Welsh Government (excl. agencies)","Cardiff and Vale of Glamorgan","Outside London","SCS level","15","[c]","103880","101320"
"Leaver CS","2022","Welsh Government (excl. agencies)","Cardiff and Vale of Glamorgan","Outside London","SEO","15","[c]","43660","42660"
"Leaver CS","2022","Welsh Government (excl. agencies)","Central Valleys","Outside London","AO","5","[c]","[c]","[c]"
"Leaver CS","2022","Welsh Government (excl. agencies)","Central Valleys","Outside London","EO","10","[c]","[c]","[c]"
"Leaver CS","2022","Welsh Government (excl. agencies)","Central Valleys","Outside London","G6","[c]","[c]","[c]","[c]"
"Leaver CS","2022","Welsh Government (excl. agencies)","Central Valleys","Outside London","G7","[c]","[c]","[c]","[c]"
"Leaver CS","2022","Welsh Government (excl. agencies)","Central Valleys","Outside London","HEO","5","[c]","[c]","[c]"
"Leaver CS","2022","Welsh Government (excl. agencies)","Central Valleys","Outside London","SEO","[c]","[c]","[c]","[c]"
"Leaver CS","2022","Welsh Government (excl. agencies)","Conwy and Denbighshire","Outside London","AO","[c]","[c]","[c]","[c]"
"Leaver CS","2022","Welsh Government (excl. agencies)","Conwy and Denbighshire","Outside London","EO","[c]","[c]","[c]","[c]"
"Leaver CS","2022","Welsh Government (excl. agencies)","Conwy and Denbighshire","Outside London","G7","5","[c]","[c]","[c]"
"Leaver CS","2022","Welsh Government (excl. agencies)","Conwy and Denbighshire","Outside London","HEO","5","[c]","[c]","[c]"
"Leaver CS","2022","Welsh Government (excl. agencies)","Conwy and Denbighshire","Outside London","SEO","[c]","[c]","[c]","[c]"
"Leaver CS","2022","Welsh Government (excl. agencies)","Flintshire and Wrexham","Outside London","AO","[c]","[c]","[c]","[c]"
"Leaver CS","2022","Welsh Government (excl. agencies)","Flintshire and Wrexham","Outside London","SEO","[c]","[c]","[c]","[c]"
"Leaver CS","2022","Welsh Government (excl. agencies)","Gwent Valleys","Outside London","AO","[c]","[c]","[c]","[c]"
"Leaver CS","2022","Welsh Government (excl. agencies)","Gwent Valleys","Outside London","G6","[c]","[c]","[c]","[c]"
"Leaver CS","2022","Welsh Government (excl. agencies)","Gwent Valleys","Outside London","HEO","[c]","[c]","[c]","[c]"
"Leaver CS","2022","Welsh Government (excl. agencies)","Gwent Valleys","Outside London","SCS level","[c]","[c]","[c]","[c]"
"Leaver CS","2022","Welsh Government (excl. agencies)","Gwent Valleys","Outside London","SEO","[c]","[c]","[c]","[c]"
"Leaver CS","2022","Welsh Government (excl. agencies)","Gwynedd","Outside London","AO","5","[c]","[c]","[c]"
"Leaver CS","2022","Welsh Government (excl. agencies)","Gwynedd","Outside London","EO","[c]","[c]","[c]","[c]"
"Leaver CS","2022","Welsh Government (excl. agencies)","Gwynedd","Outside London","G7","[c]","[c]","[c]","[c]"
"Leaver CS","2022","Welsh Government (excl. agencies)","Gwynedd","Outside London","HEO","[c]","[c]","[c]","[c]"
"Leaver CS","2022","Welsh Government (excl. agencies)","Isle of Anglesey","Outside London","EO","[c]","[c]","[c]","[c]"
"Leaver CS","2022","Welsh Government (excl. agencies)","Isle of Anglesey","Outside London","HEO","[c]","[c]","[c]","[c]"
"Leaver CS","2022","Welsh Government (excl. agencies)","Monmouthshire and Newport","Outside London","AO","[c]","[c]","[c]","[c]"
"Leaver CS","2022","Welsh Government (excl. agencies)","Monmouthshire and Newport","Outside London","SEO","[c]","[c]","[c]","[c]"
"Leaver CS","2022","Welsh Government (excl. agencies)","Powys","Outside London","AO","[c]","[c]","[c]","[c]"
"Leaver CS","2022","Welsh Government (excl. agencies)","Powys","Outside London","EO","[c]","[c]","[c]","[c]"
"Leaver CS","2022","Welsh Government (excl. agencies)","Powys","Outside London","G6","[c]","[c]","[c]","[c]"
"Leaver CS","2022","Welsh Government (excl. agencies)","Powys","Outside London","G7","[c]","[c]","[c]","[c]"
"Leaver CS","2022","Welsh Government (excl. agencies)","South West Wales","Outside London","AO","[c]","[c]","[c]","[c]"
"Leaver CS","2022","Welsh Government (excl. agencies)","South West Wales","Outside London","G7","5","[c]","[c]","[c]"
"Leaver CS","2022","Welsh Government (excl. agencies)","South West Wales","Outside London","HEO","5","[c]","[c]","[c]"
"Leaver CS","2022","Welsh Government (excl. agencies)","South West Wales","Outside London","SEO","[c]","[c]","[c]","[c]"
"Leaver CS","2022","Welsh Government (excl. agencies)","Swansea","Outside London","AO","[c]","[c]","[c]","[c]"
"Leaver CS","2022","Welsh Government (excl. agencies)","Swansea","Outside London","EO","[c]","[c]","[c]","[c]"
"Leaver CS","2022","Welsh Government (excl. agencies)","Swansea","Outside London","G6","[c]","[c]","[c]","[c]"
"Leaver CS","2022","Welsh Government (excl. agencies)","Swansea","Outside London","HEO","[c]","[c]","[c]","[c]"
"Leaver CS","2022","Welsh Government (excl. agencies)","Swansea","Outside London","SCS level","[c]","[c]","[c]","[c]"
"Leaver CS","2022","Welsh Government (excl. agencies)","Swansea","Outside London","SEO","5","[c]","[c]","[c]"
"Leaver CS","2022","Welsh Government (excl. agencies)","Westminster","London","G7","[c]","[c]","[c]","[c]"
"Leaver CS","2022","Welsh Revenue Authority","Cardiff and Vale of Glamorgan","Outside London","AO","[c]","[c]","[c]","[c]"
"Leaver CS","2022","Welsh Revenue Authority","Cardiff and Vale of Glamorgan","Outside London","G7","[c]","[c]","[c]","[c]"
"Leaver CS","2022","Welsh Revenue Authority","Central Valleys","Outside London","AO","[c]","[c]","[c]","[c]"
"Leaver CS","2022","Wilton Park","West Sussex (North East)","Outside London","AO","[c]","[c]","[c]","[c]"
"Leaver CS","2022","Wilton Park","West Sussex (North East)","Outside London","EO","[c]","[c]","[c]","[c]"
"Leaver CS","2022","Wilton Park","West Sussex (North East)","Outside London","G6","[c]","[c]","[c]","[c]"
"Leaver CS","2022","Wilton Park","West Sussex (North East)","Outside London","G7","[c]","[c]","[c]","[c]"
"Leaver Dept.","2022","Advisory, Conciliation and Arbitration Service","Birmingham","Outside London","EO","[c]","[c]","[c]","[c]"
"Leaver Dept.","2022","Advisory, Conciliation and Arbitration Service","Bristol, City of","Outside London","HEO","[c]","[c]","[c]","[c]"
"Leaver Dept.","2022","Advisory, Conciliation and Arbitration Service","Cardiff and Vale of Glamorgan","Outside London","EO","[c]","[c]","[c]","[c]"
"Leaver Dept.","2022","Advisory, Conciliation and Arbitration Service","Cardiff and Vale of Glamorgan","Outside London","G7","[c]","[c]","[c]","[c]"
"Leaver Dept.","2022","Advisory, Conciliation and Arbitration Service","Cardiff and Vale of Glamorgan","Outside London","SEO","[c]","[c]","[c]","[c]"
"Leaver Dept.","2022","Advisory, Conciliation and Arbitration Service","Glasgow City","Outside London","AO","[c]","[c]","[c]","[c]"
"Leaver Dept.","2022","Advisory, Conciliation and Arbitration Service","Glasgow City","Outside London","EO","10","[c]","[c]","[c]"
"Leaver Dept.","2022","Advisory, Conciliation and Arbitration Service","Leeds","Outside London","EO","[c]","[c]","[c]","[c]"
"Leaver Dept.","2022","Advisory, Conciliation and Arbitration Service","Leeds","Outside London","SEO","[c]","[c]","[c]","[c]"
"Leaver Dept.","2022","Advisory, Conciliation and Arbitration Service","Manchester","Outside London","EO","[c]","[c]","[c]","[c]"
"Leaver Dept.","2022","Advisory, Conciliation and Arbitration Service","North Hampshire","Outside London","SEO","[c]","[c]","[c]","[c]"
"Leaver Dept.","2022","Advisory, Conciliation and Arbitration Service","Nottingham","Outside London","AO","[c]","[c]","[c]","[c]"
"Leaver Dept.","2022","Advisory, Conciliation and Arbitration Service","Nottingham","Outside London","EO","[c]","[c]","[c]","[c]"
"Leaver Dept.","2022","Advisory, Conciliation and Arbitration Service","Nottingham","Outside London","HEO","[c]","[c]","[c]","[c]"
"Leaver Dept.","2022","Advisory, Conciliation and Arbitration Service","Tyneside","Outside London","EO","5","[c]","[c]","[c]"
"Leaver Dept.","2022","Advisory, Conciliation and Arbitration Service","Tyneside","Outside London","HEO","[c]","[c]","[c]","[c]"
"Leaver Dept.","2022","Advisory, Conciliation and Arbitration Service","Westminster","London","EO","5","[c]","[c]","[c]"
"Leaver Dept.","2022","Advisory, Conciliation and Arbitration Service","Westminster","London","G7","[c]","[c]","[c]","[c]"
"Leaver Dept.","2022","Advisory, Conciliation and Arbitration Service","Westminster","London","HEO","[c]","[c]","[c]","[c]"
"Leaver Dept.","2022","Advisory, Conciliation and Arbitration Service","Westminster","London","SEO","[c]","[c]","[c]","[c]"
"Leaver Dept.","2022","Animal and Plant Health Agency","Bristol, City of","Outside London","AO","[c]","[c]","[c]","[c]"
"Leaver Dept.","2022","Animal and Plant Health Agency","Cambridgeshire CC","Outside London","EO","[c]","[c]","[c]","[c]"
"Leaver Dept.","2022","Animal and Plant Health Agency","Cardiff and Vale of Glamorgan","Outside London","AO","[c]","[c]","[c]","[c]"
"Leaver Dept.","2022","Animal and Plant Health Agency","Devon CC","Outside London","AO","5","[c]","[c]","[c]"
"Leaver Dept.","2022","Animal and Plant Health Agency","Devon CC","Outside London","G7","[c]","[c]","[c]","[c]"
"Leaver Dept.","2022","Animal and Plant Health Agency","Dumfries and Galloway","Outside London","EO","[c]","[c]","[c]","[c]"
"Leaver Dept.","2022","Animal and Plant Health Agency","East Cumbria","Outside London","AO","[c]","[c]","[c]","[c]"
"Leaver Dept.","2022","Animal and Plant Health Agency","East Cumbria","Outside London","EO","[c]","[c]","[c]","[c]"
"Leaver Dept.","2022","Animal and Plant Health Agency","East Kent","Outside London","EO","[c]","[c]","[c]","[c]"
"Leaver Dept.","2022","Animal and Plant Health Agency","Gwynedd","Outside London","AO","[c]","[c]","[c]","[c]"
"Leaver Dept.","2022","Animal and Plant Health Agency","Harrow and Hillingdon","London","EO","[c]","[c]","[c]","[c]"
"Leaver Dept.","2022","Animal and Plant Health Agency","Harrow and Hillingdon","London","Unknown","[c]","[c]","[c]","[c]"
"Leaver Dept.","2022","Animal and Plant Health Agency","Lincolnshire CC","Outside London","SEO","[c]","[c]","[c]","[c]"
"Leaver Dept.","2022","Animal and Plant Health Agency","North Yorkshire CC","Outside London","AO","[c]","[c]","[c]","[c]"
"Leaver Dept.","2022","Animal and Plant Health Agency","North Yorkshire CC","Outside London","HEO","[c]","[c]","[c]","[c]"
"Leaver Dept.","2022","Animal and Plant Health Agency","Powys","Outside London","G7","[c]","[c]","[c]","[c]"
"Leaver Dept.","2022","Animal and Plant Health Agency","Shropshire","Outside London","G7","[c]","[c]","[c]","[c]"
"Leaver Dept.","2022","Animal and Plant Health Agency","Somerset CC","Outside London","SEO","[c]","[c]","[c]","[c]"
"Leaver Dept.","2022","Animal and Plant Health Agency","South Nottinghamshire","Outside London","AO","[c]","[c]","[c]","[c]"
"Leaver Dept.","2022","Animal and Plant Health Agency","South West Wales","Outside London","AO","[c]","[c]","[c]","[c]"
"Leaver Dept.","2022","Animal and Plant Health Agency","South West Wales","Outside London","EO","[c]","[c]","[c]","[c]"
"Leaver Dept.","2022","Animal and Plant Health Agency","South West Wales","Outside London","SEO","[c]","[c]","[c]","[c]"
"Leaver Dept.","2022","Animal and Plant Health Agency","Suffolk CC","Outside London","Unknown","[c]","[c]","[c]","[c]"
"Leaver Dept.","2022","Animal and Plant Health Agency","West Surrey","Outside London","EO","[c]","[c]","[c]","[c]"
"Leaver Dept.","2022","Animal and Plant Health Agency","West Surrey","Outside London","HEO","[c]","[c]","[c]","[c]"
"Leaver Dept.","2022","Animal and Plant Health Agency","Westminster","London","AO","[c]","[c]","[c]","[c]"
"Leaver Dept.","2022","Animal and Plant Health Agency","Westminster","London","EO","[c]","[c]","[c]","[c]"
"Leaver Dept.","2022","Animal and Plant Health Agency","Westminster","London","G7","[c]","[c]","[c]","[c]"
"Leaver Dept.","2022","Animal and Plant Health Agency","Westminster","London","HEO","[c]","[c]","[c]","[c]"
"Leaver Dept.","2022","Animal and Plant Health Agency","Worcestershire CC","Outside London","AO","[c]","[c]","[c]","[c]"
"Leaver Dept.","2022","Animal and Plant Health Agency","York","Outside London","AO","[c]","[c]","[c]","[c]"
"Leaver Dept.","2022","Animal and Plant Health Agency","York","Outside London","SEO","[c]","[c]","[c]","[c]"
"Leaver Dept.","2022","Attorney General's Office","Westminster","London","AO","[c]","[c]","[c]","[c]"
"Leaver Dept.","2022","Attorney General's Office","Westminster","London","EO","[c]","[c]","[c]","[c]"
"Leaver Dept.","2022","Attorney General's Office","Westminster","London","G6","5","[c]","[c]","[c]"
"Leaver Dept.","2022","Attorney General's Office","Westminster","London","G7","[c]","[c]","[c]","[c]"
"Leaver Dept.","2022","Attorney General's Office","Westminster","London","HEO","[c]","[c]","[c]","[c]"
"Leaver Dept.","2022","Attorney General's Office","Westminster","London","SCS level","[c]","[c]","[c]","[c]"
"Leaver Dept.","2022","Attorney General's Office","Westminster","London","SEO","[c]","[c]","[c]","[c]"
"Leaver Dept.","2022","Cabinet Office (excl. agencies)","Birmingham","Outside London","G6","[c]","[c]","[c]","[c]"
"Leaver Dept.","2022","Cabinet Office (excl. agencies)","Birmingham","Outside London","G7","[c]","[c]","[c]","[c]"
"Leaver Dept.","2022","Cabinet Office (excl. agencies)","Birmingham","Outside London","HEO","[c]","[c]","[c]","[c]"
"Leaver Dept.","2022","Cabinet Office (excl. agencies)","Birmingham","Outside London","SEO","[c]","[c]","[c]","[c]"
"Leaver Dept.","2022","Cabinet Office (excl. agencies)","Blackpool","Outside London","HEO","[c]","[c]","[c]","[c]"
"Leaver Dept.","2022","Cabinet Office (excl. agencies)","Bristol, City of","Outside London","AO","[c]","[c]","[c]","[c]"
"Leaver Dept.","2022","Cabinet Office (excl. agencies)","Bristol, City of","Outside London","EO","[c]","[c]","[c]","[c]"
"Leaver Dept.","2022","Cabinet Office (excl. agencies)","Bristol, City of","Outside London","G6","[c]","[c]","[c]","[c]"
"Leaver Dept.","2022","Cabinet Office (excl. agencies)","Bristol, City of","Outside London","G7","5","[c]","[c]","[c]"
"Leaver Dept.","2022","Cabinet Office (excl. agencies)","Bristol, City of","Outside London","HEO","[c]","[c]","[c]","[c]"
"Leaver Dept.","2022","Cabinet Office (excl. agencies)","Bristol, City of","Outside London","SEO","[c]","[c]","[c]","[c]"
"Leaver Dept.","2022","Cabinet Office (excl. agencies)","Buckinghamshire","Outside London","HEO","[c]","[c]","[c]","[c]"
"Leaver Dept.","2022","Cabinet Office (excl. agencies)","Camden and City of London","London","G6","[c]","[c]","[c]","[c]"
"Leaver Dept.","2022","Cabinet Office (excl. agencies)","Camden and City of London","London","HEO","5","[c]","[c]","[c]"
"Leaver Dept.","2022","Cabinet Office (excl. agencies)","Camden and City of London","London","SCS level","[c]","[c]","[c]","[c]"
"Leaver Dept.","2022","Cabinet Office (excl. agencies)","Cardiff and Vale of Glamorgan","Outside London","EO","[c]","[c]","[c]","[c]"
"Leaver Dept.","2022","Cabinet Office (excl. agencies)","Cardiff and Vale of Glamorgan","Outside London","G7","[c]","[c]","[c]","[c]"
"Leaver Dept.","2022","Cabinet Office (excl. agencies)","Cardiff and Vale of Glamorgan","Outside London","HEO","10","[c]","30900","32000"
"Leaver Dept.","2022","Cabinet Office (excl. agencies)","Cardiff and Vale of Glamorgan","Outside London","SEO","[c]","[c]","[c]","[c]"
"Leaver Dept.","2022","Cabinet Office (excl. agencies)","City of Edinburgh","Outside London","HEO","[c]","[c]","[c]","[c]"
"Leaver Dept.","2022","Cabinet Office (excl. agencies)","City of Edinburgh","Outside London","SCS level","[c]","[c]","[c]","[c]"
"Leaver Dept.","2022","Cabinet Office (excl. agencies)","City of Edinburgh","Outside London","SEO","[c]","[c]","[c]","[c]"
"Leaver Dept.","2022","Cabinet Office (excl. agencies)","Coventry","Outside London","HEO","[c]","[c]","[c]","[c]"
"Leaver Dept.","2022","Cabinet Office (excl. agencies)","Croydon","London","HEO","10","[c]","31650","32000"
"Leaver Dept.","2022","Cabinet Office (excl. agencies)","Glasgow City","Outside London","G6","[c]","[c]","[c]","[c]"
"Leaver Dept.","2022","Cabinet Office (excl. agencies)","Glasgow City","Outside London","G7","[c]","[c]","[c]","[c]"
"Leaver Dept.","2022","Cabinet Office (excl. agencies)","Glasgow City","Outside London","HEO","5","[c]","[c]","[c]"
"Leaver Dept.","2022","Cabinet Office (excl. agencies)","Greater Manchester South East","Outside London","HEO","[c]","[c]","[c]","[c]"
"Leaver Dept.","2022","Cabinet Office (excl. agencies)","Greater Manchester South East","Outside London","SEO","[c]","[c]","[c]","[c]"
"Leaver Dept.","2022","Cabinet Office (excl. agencies)","Greater Manchester South West","Outside London","EO","[c]","[c]","[c]","[c]"
"Leaver Dept.","2022","Cabinet Office (excl. agencies)","Greater Manchester South West","Outside London","G6","[c]","[c]","[c]","[c]"
"Leaver Dept.","2022","Cabinet Office (excl. agencies)","Greater Manchester South West","Outside London","G7","[c]","[c]","[c]","[c]"
"Leaver Dept.","2022","Cabinet Office (excl. agencies)","Greater Manchester South West","Outside London","HEO","[c]","[c]","[c]","[c]"
"Leaver Dept.","2022","Cabinet Office (excl. agencies)","Greater Manchester South West","Outside London","SEO","[c]","[c]","[c]","[c]"
"Leaver Dept.","2022","Cabinet Office (excl. agencies)","Harrow and Hillingdon","London","HEO","[c]","[c]","[c]","[c]"
"Leaver Dept.","2022","Cabinet Office (excl. agencies)","Hertfordshire CC","Outside London","HEO","[c]","[c]","[c]","[c]"
"Leaver Dept.","2022","Cabinet Office (excl. agencies)","Lambeth","London","HEO","[c]","[c]","[c]","[c]"
"Leaver Dept.","2022","Cabinet Office (excl. agencies)","Leeds","Outside London","EO","[c]","[c]","[c]","[c]"
"Leaver Dept.","2022","Cabinet Office (excl. agencies)","Leeds","Outside London","G6","[c]","[c]","[c]","[c]"
"Leaver Dept.","2022","Cabinet Office (excl. agencies)","Leeds","Outside London","G7","[c]","[c]","[c]","[c]"
"Leaver Dept.","2022","Cabinet Office (excl. agencies)","Leeds","Outside London","HEO","15","[c]","31060","32000"
"Leaver Dept.","2022","Cabinet Office (excl. agencies)","Leeds","Outside London","SEO","[c]","[c]","[c]","[c]"
"Leaver Dept.","2022","Cabinet Office (excl. agencies)","Lewisham and Southwark","London","HEO","[c]","[c]","[c]","[c]"
"Leaver Dept.","2022","Cabinet Office (excl. agencies)","Liverpool","Outside London","G7","[c]","[c]","[c]","[c]"
"Leaver Dept.","2022","Cabinet Office (excl. agencies)","Liverpool","Outside London","HEO","5","[c]","[c]","[c]"
"Leaver Dept.","2022","Cabinet Office (excl. agencies)","Manchester","Outside London","G6","[c]","[c]","[c]","[c]"
"Leaver Dept.","2022","Cabinet Office (excl. agencies)","Manchester","Outside London","G7","[c]","[c]","[c]","[c]"
"Leaver Dept.","2022","Cabinet Office (excl. agencies)","Manchester","Outside London","HEO","5","[c]","[c]","[c]"
"Leaver Dept.","2022","Cabinet Office (excl. agencies)","Milton Keynes","Outside London","AO","[c]","[c]","[c]","[c]"
"Leaver Dept.","2022","Cabinet Office (excl. agencies)","Milton Keynes","Outside London","EO","[c]","[c]","[c]","[c]"
"Leaver Dept.","2022","Cabinet Office (excl. agencies)","Monmouthshire and Newport","Outside London","G6","[c]","[c]","[c]","[c]"
"Leaver Dept.","2022","Cabinet Office (excl. agencies)","Monmouthshire and Newport","Outside London","HEO","[c]","[c]","[c]","[c]"
"Leaver Dept.","2022","Cabinet Office (excl. agencies)","Norwich and East Norfolk","Outside London","AO","10","[c]","[c]","[c]"
"Leaver Dept.","2022","Cabinet Office (excl. agencies)","Norwich and East Norfolk","Outside London","EO","5","[c]","[c]","[c]"
"Leaver Dept.","2022","Cabinet Office (excl. agencies)","Norwich and East Norfolk","Outside London","G6","[c]","[c]","[c]","[c]"
"Leaver Dept.","2022","Cabinet Office (excl. agencies)","Norwich and East Norfolk","Outside London","HEO","[c]","[c]","[c]","[c]"
"Leaver Dept.","2022","Cabinet Office (excl. agencies)","Nottingham","Outside London","G7","[c]","[c]","[c]","[c]"
"Leaver Dept.","2022","Cabinet Office (excl. agencies)","Nottingham","Outside London","HEO","[c]","[c]","[c]","[c]"
"Leaver Dept.","2022","Cabinet Office (excl. agencies)","Nottingham","Outside London","SEO","[c]","[c]","[c]","[c]"
"Leaver Dept.","2022","Cabinet Office (excl. agencies)","Plymouth","Outside London","G7","[c]","[c]","[c]","[c]"
"Leaver Dept.","2022","Cabinet Office (excl. agencies)","Portsmouth","Outside London","HEO","[c]","[c]","[c]","[c]"
"Leaver Dept.","2022","Cabinet Office (excl. agencies)","Sandwell","Outside London","EO","[c]","[c]","[c]","[c]"
"Leaver Dept.","2022","Cabinet Office (excl. agencies)","Sheffield","Outside London","EO","[c]","[c]","[c]","[c]"
"Leaver Dept.","2022","Cabinet Office (excl. agencies)","Sheffield","Outside London","G6","[c]","[c]","[c]","[c]"
"Leaver Dept.","2022","Cabinet Office (excl. agencies)","Sheffield","Outside London","G7","[c]","[c]","[c]","[c]"
"Leaver Dept.","2022","Cabinet Office (excl. agencies)","Sheffield","Outside London","HEO","5","[c]","[c]","[c]"
"Leaver Dept.","2022","Cabinet Office (excl. agencies)","Sheffield","Outside London","SEO","[c]","[c]","[c]","[c]"
"Leaver Dept.","2022","Cabinet Office (excl. agencies)","South Hampshire","Outside London","HEO","[c]","[c]","[c]","[c]"
"Leaver Dept.","2022","Cabinet Office (excl. agencies)","Tower Hamlets","London","EO","[c]","[c]","[c]","[c]"
"Leaver Dept.","2022","Cabinet Office (excl. agencies)","Tower Hamlets","London","G6","10","[c]","67780","68140"
"Leaver Dept.","2022","Cabinet Office (excl. agencies)","Tower Hamlets","London","G7","20","[c]","56330","54700"
"Leaver Dept.","2022","Cabinet Office (excl. agencies)","Tower Hamlets","London","HEO","35","[c]","32860","33250"
"Leaver Dept.","2022","Cabinet Office (excl. agencies)","Tower Hamlets","London","SEO","5","[c]","[c]","[c]"
"Leaver Dept.","2022","Cabinet Office (excl. agencies)","Tyneside","Outside London","AO","15","[c]","20880","20800"
"Leaver Dept.","2022","Cabinet Office (excl. agencies)","Tyneside","Outside London","EO","10","[c]","25640","23850"
"Leaver Dept.","2022","Cabinet Office (excl. agencies)","Tyneside","Outside London","HEO","10","[c]","32120","32000"
"Leaver Dept.","2022","Cabinet Office (excl. agencies)","Tyneside","Outside London","SCS level","[c]","[c]","[c]","[c]"
"Leaver Dept.","2022","Cabinet Office (excl. agencies)","Tyneside","Outside London","SEO","[c]","[c]","[c]","[c]"
"Leaver Dept.","2022","Cabinet Office (excl. agencies)","Unknown","Unknown","AO","5","[c]","[c]","[c]"
"Leaver Dept.","2022","Cabinet Office (excl. agencies)","Unknown","Unknown","EO","15","[c]","26990","27500"
"Leaver Dept.","2022","Cabinet Office (excl. agencies)","Unknown","Unknown","G6","20","[c]","66390","64500"
"Leaver Dept.","2022","Cabinet Office (excl. agencies)","Unknown","Unknown","G7","35","[c]","55410","54700"
"Leaver Dept.","2022","Cabinet Office (excl. agencies)","Unknown","Unknown","HEO","190","[c]","32170","32000"
"Leaver Dept.","2022","Cabinet Office (excl. agencies)","Unknown","Unknown","SCS level","15","[c]","89560","78740"
"Leaver Dept.","2022","Cabinet Office (excl. agencies)","Unknown","Unknown","SEO","10","[c]","40700","40600"
"Leaver Dept.","2022","Cabinet Office (excl. agencies)","Westminster","London","AO","15","[c]","23760","24490"
"Leaver Dept.","2022","Cabinet Office (excl. agencies)","Westminster","London","EO","130","[c]","27700","27500"
"Leaver Dept.","2022","Cabinet Office (excl. agencies)","Westminster","London","G6","100","[c]","66220","64500"
"Leaver Dept.","2022","Cabinet Office (excl. agencies)","Westminster","London","G7","255","[c]","55250","54700"
"Leaver Dept.","2022","Cabinet Office (excl. agencies)","Westminster","London","HEO","535","[c]","32750","32000"
"Leaver Dept.","2022","Cabinet Office (excl. agencies)","Westminster","London","SCS level","80","[c]","86880","76780"
"Leaver Dept.","2022","Cabinet Office (excl. agencies)","Westminster","London","SEO","95","[c]","40640","40600"
"Leaver Dept.","2022","Cabinet Office (excl. agencies)","Wiltshire","Outside London","HEO","[c]","[c]","[c]","[c]"
"Leaver Dept.","2022","Cabinet Office (excl. agencies)","Wolverhampton","Outside London","HEO","[c]","[c]","[c]","[c]"
"Leaver Dept.","2022","Cabinet Office (excl. agencies)","York","Outside London","AO","[c]","[c]","[c]","[c]"
"Leaver Dept.","2022","Cabinet Office (excl. agencies)","York","Outside London","EO","[c]","[c]","[c]","[c]"
"Leaver Dept.","2022","Cabinet Office (excl. agencies)","York","Outside London","G7","5","[c]","[c]","[c]"
"Leaver Dept.","2022","Cabinet Office (excl. agencies)","York","Outside London","HEO","10","[c]","[c]","[c]"
"Leaver Dept.","2022","Cabinet Office (excl. agencies)","York","Outside London","SEO","10","[c]","[c]","[c]"
"Leaver Dept.","2022","Centre for Environment, Fisheries and Aquaculture Science","Dorset","Outside London","AO","[c]","[c]","[c]","[c]"
"Leaver Dept.","2022","Centre for Environment, Fisheries and Aquaculture Science","Dorset","Outside London","HEO","[c]","[c]","[c]","[c]"
"Leaver Dept.","2022","Centre for Environment, Fisheries and Aquaculture Science","Dorset","Outside London","SEO","[c]","[c]","[c]","[c]"
"Leaver Dept.","2022","Centre for Environment, Fisheries and Aquaculture Science","Suffolk CC","Outside London","EO","[c]","[c]","[c]","[c]"
"Leaver Dept.","2022","Centre for Environment, Fisheries and Aquaculture Science","Suffolk CC","Outside London","G6","[c]","[c]","[c]","[c]"
"Leaver Dept.","2022","Centre for Environment, Fisheries and Aquaculture Science","Suffolk CC","Outside London","HEO","[c]","[c]","[c]","[c]"
"Leaver Dept.","2022","Centre for Environment, Fisheries and Aquaculture Science","Suffolk CC","Outside London","SEO","[c]","[c]","[c]","[c]"
"Leaver Dept.","2022","Charity Commission","Monmouthshire and Newport","Outside London","HEO","[c]","[c]","[c]","[c]"
"Leaver Dept.","2022","Charity Commission","Sefton","Outside London","EO","[c]","[c]","[c]","[c]"
"Leaver Dept.","2022","Charity Commission","Sefton","Outside London","G7","[c]","[c]","[c]","[c]"
"Leaver Dept.","2022","Charity Commission","Sefton","Outside London","HEO","10","[c]","28220","29160"
"Leaver Dept.","2022","Charity Commission","Sefton","Outside London","SEO","10","[c]","38310","37910"
"Leaver Dept.","2022","Charity Commission","Somerset CC","Outside London","HEO","[c]","[c]","[c]","[c]"
"Leaver Dept.","2022","Charity Commission","Westminster","London","EO","[c]","[c]","[c]","[c]"
"Leaver Dept.","2022","Charity Commission","Westminster","London","G6","[c]","[c]","[c]","[c]"
"Leaver Dept.","2022","Charity Commission","Westminster","London","HEO","[c]","[c]","[c]","[c]"
"Leaver Dept.","2022","Charity Commission","Westminster","London","SEO","[c]","[c]","[c]","[c]"
"Leaver Dept.","2022","Companies House","Cardiff and Vale of Glamorgan","Outside London","AO","5","[c]","[c]","[c]"
"Leaver Dept.","2022","Companies House","Cardiff and Vale of Glamorgan","Outside London","EO","10","[c]","27960","25510"
"Leaver Dept.","2022","Companies House","Cardiff and Vale of Glamorgan","Outside London","G6","[c]","[c]","[c]","[c]"
"Leaver Dept.","2022","Companies House","Cardiff and Vale of Glamorgan","Outside London","G7","[c]","[c]","[c]","[c]"
"Leaver Dept.","2022","Companies House","Cardiff and Vale of Glamorgan","Outside London","HEO","20","[c]","35240","36070"
"Leaver Dept.","2022","Companies House","Cardiff and Vale of Glamorgan","Outside London","SEO","[c]","[c]","[c]","[c]"
"Leaver Dept.","2022","Companies House","City of Edinburgh","Outside London","AO","[c]","[c]","[c]","[c]"
"Leaver Dept.","2022","Companies House","Westminster","London","AO","[c]","[c]","[c]","[c]"
"Leaver Dept.","2022","Competition and Markets Authority","City of Edinburgh","Outside London","G7","[c]","[c]","[c]","[c]"
"Leaver Dept.","2022","Competition and Markets Authority","Tower Hamlets","London","AO","10","[c]","22900","22860"
"Leaver Dept.","2022","Competition and Markets Authority","Tower Hamlets","London","EO","10","[c]","27880","27920"
"Leaver Dept.","2022","Competition and Markets Authority","Tower Hamlets","London","G6","[c]","[c]","[c]","[c]"
"Leaver Dept.","2022","Competition and Markets Authority","Tower Hamlets","London","G7","[c]","[c]","[c]","[c]"
"Leaver Dept.","2022","Competition and Markets Authority","Tower Hamlets","London","HEO","10","[c]","34940","34570"
"Leaver Dept.","2022","Competition and Markets Authority","Tower Hamlets","London","SCS level","[c]","[c]","[c]","[c]"
"Leaver Dept.","2022","Competition and Markets Authority","Tower Hamlets","London","SEO","[c]","[c]","[c]","[c]"
"Leaver Dept.","2022","Criminal Injuries Compensation Authority","Glasgow City","Outside London","AO","5","[c]","[c]","[c]"
"Leaver Dept.","2022","Criminal Injuries Compensation Authority","Glasgow City","Outside London","EO","10","[c]","[c]","[c]"
"Leaver Dept.","2022","Criminal Injuries Compensation Authority","Glasgow City","Outside London","HEO","5","[c]","[c]","[c]"
"Leaver Dept.","2022","Crown Commercial Service","Birmingham","Outside London","EO","[c]","[c]","[c]","[c]"
"Leaver Dept.","2022","Crown Commercial Service","Birmingham","Outside London","HEO","[c]","[c]","[c]","[c]"
"Leaver Dept.","2022","Crown Commercial Service","Birmingham","Outside London","SEO","[c]","[c]","[c]","[c]"
"Leaver Dept.","2022","Crown Commercial Service","Liverpool","Outside London","EO","[c]","[c]","[c]","[c]"
"Leaver Dept.","2022","Crown Commercial Service","Liverpool","Outside London","G6","[c]","[c]","[c]","[c]"
"Leaver Dept.","2022","Crown Commercial Service","Liverpool","Outside London","G7","5","[c]","[c]","[c]"
"Leaver Dept.","2022","Crown Commercial Service","Liverpool","Outside London","HEO","5","[c]","[c]","[c]"
"Leaver Dept.","2022","Crown Commercial Service","Liverpool","Outside London","SEO","[c]","[c]","[c]","[c]"
"Leaver Dept.","2022","Crown Commercial Service","Monmouthshire and Newport","Outside London","G7","[c]","[c]","[c]","[c]"
"Leaver Dept.","2022","Crown Commercial Service","Monmouthshire and Newport","Outside London","HEO","[c]","[c]","[c]","[c]"
"Leaver Dept.","2022","Crown Commercial Service","Monmouthshire and Newport","Outside London","SEO","[c]","[c]","[c]","[c]"
"Leaver Dept.","2022","Crown Commercial Service","Norwich and East Norfolk","Outside London","AO","[c]","[c]","[c]","[c]"
"Leaver Dept.","2022","Crown Commercial Service","Norwich and East Norfolk","Outside London","G7","[c]","[c]","[c]","[c]"
"Leaver Dept.","2022","Crown Commercial Service","Norwich and East Norfolk","Outside London","SEO","[c]","[c]","[c]","[c]"
"Leaver Dept.","2022","Crown Commercial Service","Tower Hamlets","London","HEO","[c]","[c]","[c]","[c]"
"Leaver Dept.","2022","Crown Commercial Service","Tower Hamlets","London","SCS level","[c]","[c]","[c]","[c]"
"Leaver Dept.","2022","Crown Commercial Service","Tower Hamlets","London","SEO","[c]","[c]","[c]","[c]"
"Leaver Dept.","2022","Crown Commercial Service","Unknown","Unknown","G6","[c]","[c]","[c]","[c]"
"Leaver Dept.","2022","Crown Commercial Service","Unknown","Unknown","SCS level","[c]","[c]","[c]","[c]"
"Leaver Dept.","2022","Crown Office and Procurator Fiscal Service","City of Edinburgh","Outside London","AO","[c]","[c]","[c]","[c]"
"Leaver Dept.","2022","Crown Office and Procurator Fiscal Service","City of Edinburgh","Outside London","HEO","[c]","[c]","[c]","[c]"
"Leaver Dept.","2022","Crown Office and Procurator Fiscal Service","City of Edinburgh","Outside London","SCS level","[c]","[c]","[c]","[c]"
"Leaver Dept.","2022","Crown Office and Procurator Fiscal Service","East Dunbartonshire, West Dunbartonshire, and Helensburgh and Lomond","Outside London","AO","[c]","[c]","[c]","[c]"
"Leaver Dept.","2022","Crown Office and Procurator Fiscal Service","Falkirk","Outside London","AO","[c]","[c]","[c]","[c]"
"Leaver Dept.","2022","Crown Office and Procurator Fiscal Service","Falkirk","Outside London","EO","[c]","[c]","[c]","[c]"
"Leaver Dept.","2022","Crown Office and Procurator Fiscal Service","Glasgow City","Outside London","AO","[c]","[c]","[c]","[c]"
"Leaver Dept.","2022","Crown Office and Procurator Fiscal Service","Glasgow City","Outside London","HEO","[c]","[c]","[c]","[c]"
"Leaver Dept.","2022","Crown Office and Procurator Fiscal Service","Glasgow City","Outside London","SEO","[c]","[c]","[c]","[c]"
"Leaver Dept.","2022","Crown Office and Procurator Fiscal Service","Scottish Borders","Outside London","AO","[c]","[c]","[c]","[c]"
"Leaver Dept.","2022","Crown Office and Procurator Fiscal Service","West Lothian","Outside London","AO","[c]","[c]","[c]","[c]"
"Leaver Dept.","2022","Crown Prosecution Service","Berkshire","Outside London","G7","[c]","[c]","[c]","[c]"
"Leaver Dept.","2022","Crown Prosecution Service","Berkshire","Outside London","HEO","[c]","[c]","[c]","[c]"
"Leaver Dept.","2022","Crown Prosecution Service","Birmingham","Outside London","AO","[c]","[c]","[c]","[c]"
"Leaver Dept.","2022","Crown Prosecution Service","Birmingham","Outside London","EO","5","[c]","[c]","[c]"
"Leaver Dept.","2022","Crown Prosecution Service","Birmingham","Outside London","G7","[c]","[c]","[c]","[c]"
"Leaver Dept.","2022","Crown Prosecution Service","Birmingham","Outside London","HEO","[c]","[c]","[c]","[c]"
"Leaver Dept.","2022","Crown Prosecution Service","Brighton and Hove","Outside London","EO","[c]","[c]","[c]","[c]"
"Leaver Dept.","2022","Crown Prosecution Service","Bristol, City of","Outside London","EO","[c]","[c]","[c]","[c]"
"Leaver Dept.","2022","Crown Prosecution Service","Bristol, City of","Outside London","HEO","[c]","[c]","[c]","[c]"
"Leaver Dept.","2022","Crown Prosecution Service","Camden and City of London","London","AO","[c]","[c]","[c]","[c]"
"Leaver Dept.","2022","Crown Prosecution Service","Cardiff and Vale of Glamorgan","Outside London","AO","[c]","[c]","[c]","[c]"
"Leaver Dept.","2022","Crown Prosecution Service","Cardiff and Vale of Glamorgan","Outside London","G7","[c]","[c]","[c]","[c]"
"Leaver Dept.","2022","Crown Prosecution Service","East Kent","Outside London","AO","[c]","[c]","[c]","[c]"
"Leaver Dept.","2022","Crown Prosecution Service","East Kent","Outside London","EO","[c]","[c]","[c]","[c]"
"Leaver Dept.","2022","Crown Prosecution Service","Harrow and Hillingdon","London","AO","[c]","[c]","[c]","[c]"
"Leaver Dept.","2022","Crown Prosecution Service","Heart of Essex","Outside London","EO","[c]","[c]","[c]","[c]"
"Leaver Dept.","2022","Crown Prosecution Service","Hertfordshire CC","Outside London","AO","[c]","[c]","[c]","[c]"
"Leaver Dept.","2022","Crown Prosecution Service","Hertfordshire CC","Outside London","EO","[c]","[c]","[c]","[c]"
"Leaver Dept.","2022","Crown Prosecution Service","Kingston upon Hull, City of","Outside London","HEO","[c]","[c]","[c]","[c]"
"Leaver Dept.","2022","Crown Prosecution Service","Leeds","Outside London","AO","[c]","[c]","[c]","[c]"
"Leaver Dept.","2022","Crown Prosecution Service","Leeds","Outside London","EO","[c]","[c]","[c]","[c]"
"Leaver Dept.","2022","Crown Prosecution Service","Leicester","Outside London","AO","[c]","[c]","[c]","[c]"
"Leaver Dept.","2022","Crown Prosecution Service","Lewisham and Southwark","London","AO","[c]","[c]","[c]","[c]"
"Leaver Dept.","2022","Crown Prosecution Service","Liverpool","Outside London","AO","[c]","[c]","[c]","[c]"
"Leaver Dept.","2022","Crown Prosecution Service","Liverpool","Outside London","EO","[c]","[c]","[c]","[c]"
"Leaver Dept.","2022","Crown Prosecution Service","Liverpool","Outside London","G7","[c]","[c]","[c]","[c]"
"Leaver Dept.","2022","Crown Prosecution Service","Liverpool","Outside London","HEO","[c]","[c]","[c]","[c]"
"Leaver Dept.","2022","Crown Prosecution Service","Manchester","Outside London","EO","[c]","[c]","[c]","[c]"
"Leaver Dept.","2022","Crown Prosecution Service","Merton, Kingston upon Thames and Sutton","London","AO","[c]","[c]","[c]","[c]"
"Leaver Dept.","2022","Crown Prosecution Service","Nottingham","Outside London","AO","5","[c]","[c]","[c]"
"Leaver Dept.","2022","Crown Prosecution Service","Nottingham","Outside London","EO","[c]","[c]","[c]","[c]"
"Leaver Dept.","2022","Crown Prosecution Service","South Hampshire","Outside London","AO","[c]","[c]","[c]","[c]"
"Leaver Dept.","2022","Crown Prosecution Service","South Hampshire","Outside London","G7","[c]","[c]","[c]","[c]"
"Leaver Dept.","2022","Crown Prosecution Service","Tyneside","Outside London","AO","[c]","[c]","[c]","[c]"
"Leaver Dept.","2022","Crown Prosecution Service","Tyneside","Outside London","HEO","[c]","[c]","[c]","[c]"
"Leaver Dept.","2022","Crown Prosecution Service","Warrington","Outside London","HEO","[c]","[c]","[c]","[c]"
"Leaver Dept.","2022","Crown Prosecution Service","Westminster","London","AO","10","[c]","23850","23770"
"Leaver Dept.","2022","Crown Prosecution Service","Westminster","London","EO","10","[c]","27240","27010"
"Leaver Dept.","2022","Crown Prosecution Service","Westminster","London","G6","[c]","[c]","[c]","[c]"
"Leaver Dept.","2022","Crown Prosecution Service","Westminster","London","G7","10","[c]","60900","61360"
"Leaver Dept.","2022","Crown Prosecution Service","Westminster","London","HEO","[c]","[c]","[c]","[c]"
"Leaver Dept.","2022","Crown Prosecution Service","Westminster","London","SCS level","[c]","[c]","[c]","[c]"
"Leaver Dept.","2022","Crown Prosecution Service","Westminster","London","SEO","5","[c]","[c]","[c]"
"Leaver Dept.","2022","Crown Prosecution Service","York","Outside London","EO","[c]","[c]","[c]","[c]"
"Leaver Dept.","2022","Crown Prosecution Service","York","Outside London","G6","[c]","[c]","[c]","[c]"
"Leaver Dept.","2022","Crown Prosecution Service","York","Outside London","G7","[c]","[c]","[c]","[c]"
"Leaver Dept.","2022","Crown Prosecution Service","York","Outside London","HEO","[c]","[c]","[c]","[c]"
"Leaver Dept.","2022","Defence Equipment and Support","Bath and North East Somerset, North Somerset and South Gloucestershire","Outside London","EO","85","[c]","23370","23770"
"Leaver Dept.","2022","Defence Equipment and Support","Bath and North East Somerset, North Somerset and South Gloucestershire","Outside London","G6","10","[c]","[c]","[c]"
"Leaver Dept.","2022","Defence Equipment and Support","Bath and North East Somerset, North Somerset and South Gloucestershire","Outside London","G7","45","[c]","51600","53650"
"Leaver Dept.","2022","Defence Equipment and Support","Bath and North East Somerset, North Somerset and South Gloucestershire","Outside London","HEO","120","[c]","29540","29550"
"Leaver Dept.","2022","Defence Equipment and Support","Bath and North East Somerset, North Somerset and South Gloucestershire","Outside London","SCS level","[c]","[c]","[c]","[c]"
"Leaver Dept.","2022","Defence Equipment and Support","Bath and North East Somerset, North Somerset and South Gloucestershire","Outside London","SEO","110","[c]","39540","39550"
"Leaver Dept.","2022","Defence Equipment and Support","Cambridgeshire CC","Outside London","HEO","[c]","[c]","[c]","[c]"
"Leaver Dept.","2022","Defence Equipment and Support","Central Hampshire","Outside London","EO","[c]","[c]","[c]","[c]"
"Leaver Dept.","2022","Defence Equipment and Support","Central Hampshire","Outside London","G7","[c]","[c]","[c]","[c]"
"Leaver Dept.","2022","Defence Equipment and Support","Clackmannanshire and Fife","Outside London","EO","[c]","[c]","[c]","[c]"
"Leaver Dept.","2022","Defence Equipment and Support","East Ayrshire and North Ayrshire mainland","Outside London","EO","[c]","[c]","[c]","[c]"
"Leaver Dept.","2022","Defence Equipment and Support","East Dunbartonshire, West Dunbartonshire, and Helensburgh and Lomond","Outside London","EO","[c]","[c]","[c]","[c]"
"Leaver Dept.","2022","Defence Equipment and Support","Essex Haven Gateway","Outside London","EO","[c]","[c]","[c]","[c]"
"Leaver Dept.","2022","Defence Equipment and Support","Glasgow City","Outside London","EO","[c]","[c]","[c]","[c]"
"Leaver Dept.","2022","Defence Equipment and Support","Glasgow City","Outside London","HEO","[c]","[c]","[c]","[c]"
"Leaver Dept.","2022","Defence Equipment and Support","Glasgow City","Outside London","SEO","[c]","[c]","[c]","[c]"
"Leaver Dept.","2022","Defence Equipment and Support","Gloucestershire CC","Outside London","G6","[c]","[c]","[c]","[c]"
"Leaver Dept.","2022","Defence Equipment and Support","Gloucestershire CC","Outside London","G7","[c]","[c]","[c]","[c]"
"Leaver Dept.","2022","Defence Equipment and Support","Gloucestershire CC","Outside London","SEO","[c]","[c]","[c]","[c]"
"Leaver Dept.","2022","Defence Equipment and Support","Harrow and Hillingdon","London","EO","[c]","[c]","[c]","[c]"
"Leaver Dept.","2022","Defence Equipment and Support","Harrow and Hillingdon","London","SEO","[c]","[c]","[c]","[c]"
"Leaver Dept.","2022","Defence Equipment and Support","Lincolnshire CC","Outside London","EO","[c]","[c]","[c]","[c]"
"Leaver Dept.","2022","Defence Equipment and Support","Lincolnshire CC","Outside London","HEO","[c]","[c]","[c]","[c]"
"Leaver Dept.","2022","Defence Equipment and Support","Lincolnshire CC","Outside London","SEO","[c]","[c]","[c]","[c]"
"Leaver Dept.","2022","Defence Equipment and Support","North and West Norfolk","Outside London","HEO","5","[c]","[c]","[c]"
"Leaver Dept.","2022","Defence Equipment and Support","North and West Norfolk","Outside London","SEO","[c]","[c]","[c]","[c]"
"Leaver Dept.","2022","Defence Equipment and Support","Overseas","Overseas","SEO","[c]","[c]","[c]","[c]"
"Leaver Dept.","2022","Defence Equipment and Support","Oxfordshire CC","Outside London","SEO","[c]","[c]","[c]","[c]"
"Leaver Dept.","2022","Defence Equipment and Support","Plymouth","Outside London","EO","[c]","[c]","[c]","[c]"
"Leaver Dept.","2022","Defence Equipment and Support","Plymouth","Outside London","HEO","[c]","[c]","[c]","[c]"
"Leaver Dept.","2022","Defence Equipment and Support","Plymouth","Outside London","SEO","[c]","[c]","[c]","[c]"
"Leaver Dept.","2022","Defence Equipment and Support","Portsmouth","Outside London","SEO","[c]","[c]","[c]","[c]"
"Leaver Dept.","2022","Defence Equipment and Support","Somerset CC","Outside London","HEO","[c]","[c]","[c]","[c]"
"Leaver Dept.","2022","Defence Equipment and Support","Somerset CC","Outside London","SEO","[c]","[c]","[c]","[c]"
"Leaver Dept.","2022","Defence Equipment and Support","South Hampshire","Outside London","EO","[c]","[c]","[c]","[c]"
"Leaver Dept.","2022","Defence Equipment and Support","South Hampshire","Outside London","G7","[c]","[c]","[c]","[c]"
"Leaver Dept.","2022","Defence Equipment and Support","Telford and Wrekin","Outside London","EO","[c]","[c]","[c]","[c]"
"Leaver Dept.","2022","Defence Equipment and Support","Warwickshire CC","Outside London","EO","[c]","[c]","[c]","[c]"
"Leaver Dept.","2022","Defence Equipment and Support","Warwickshire CC","Outside London","HEO","[c]","[c]","[c]","[c]"
"Leaver Dept.","2022","Defence Equipment and Support","Wiltshire","Outside London","EO","[c]","[c]","[c]","[c]"
"Leaver Dept.","2022","Defence Equipment and Support","Wiltshire","Outside London","SEO","[c]","[c]","[c]","[c]"
"Leaver Dept.","2022","Defence Science and Technology Laboratory","Central Hampshire","Outside London","EO","[c]","[c]","[c]","[c]"
"Leaver Dept.","2022","Defence Science and Technology Laboratory","Central Hampshire","Outside London","G6","[c]","[c]","[c]","[c]"
"Leaver Dept.","2022","Defence Science and Technology Laboratory","Central Hampshire","Outside London","G7","10","[c]","49690","47010"
"Leaver Dept.","2022","Defence Science and Technology Laboratory","Central Hampshire","Outside London","HEO","5","[c]","[c]","[c]"
"Leaver Dept.","2022","Defence Science and Technology Laboratory","Central Hampshire","Outside London","SEO","5","[c]","[c]","[c]"
"Leaver Dept.","2022","Defence Science and Technology Laboratory","South Hampshire","Outside London","AO","[c]","[c]","[c]","[c]"
"Leaver Dept.","2022","Defence Science and Technology Laboratory","West Kent","Outside London","AO","[c]","[c]","[c]","[c]"
"Leaver Dept.","2022","Defence Science and Technology Laboratory","West Kent","Outside London","G7","[c]","[c]","[c]","[c]"
"Leaver Dept.","2022","Defence Science and Technology Laboratory","West Kent","Outside London","HEO","[c]","[c]","[c]","[c]"
"Leaver Dept.","2022","Defence Science and Technology Laboratory","Wiltshire","Outside London","AO","[c]","[c]","[c]","[c]"
"Leaver Dept.","2022","Defence Science and Technology Laboratory","Wiltshire","Outside London","EO","[c]","[c]","[c]","[c]"
"Leaver Dept.","2022","Defence Science and Technology Laboratory","Wiltshire","Outside London","G6","[c]","[c]","[c]","[c]"
"Leaver Dept.","2022","Defence Science and Technology Laboratory","Wiltshire","Outside London","G7","15","[c]","52950","57480"
"Leaver Dept.","2022","Defence Science and Technology Laboratory","Wiltshire","Outside London","HEO","10","[c]","29680","29230"
"Leaver Dept.","2022","Defence Science and Technology Laboratory","Wiltshire","Outside London","SEO","5","[c]","[c]","[c]"
"Leaver Dept.","2022","Department for Business, Energy and Industrial Strategy (excl. agencies)","Aberdeen City and Aberdeenshire","Outside London","EO","[c]","[c]","[c]","[c]"
"Leaver Dept.","2022","Department for Business, Energy and Industrial Strategy (excl. agencies)","Belfast","Outside London","G7","[c]","[c]","[c]","[c]"
"Leaver Dept.","2022","Department for Business, Energy and Industrial Strategy (excl. agencies)","Birmingham","Outside London","EO","[c]","[c]","[c]","[c]"
"Leaver Dept.","2022","Department for Business, Energy and Industrial Strategy (excl. agencies)","Birmingham","Outside London","G6","[c]","[c]","[c]","[c]"
"Leaver Dept.","2022","Department for Business, Energy and Industrial Strategy (excl. agencies)","Birmingham","Outside London","G7","[c]","[c]","[c]","[c]"
"Leaver Dept.","2022","Department for Business, Energy and Industrial Strategy (excl. agencies)","Birmingham","Outside London","HEO","5","[c]","[c]","[c]"
"Leaver Dept.","2022","Department for Business, Energy and Industrial Strategy (excl. agencies)","Birmingham","Outside London","SEO","5","[c]","[c]","[c]"
"Leaver Dept.","2022","Department for Business, Energy and Industrial Strategy (excl. agencies)","Bristol, City of","Outside London","G7","[c]","[c]","[c]","[c]"
"Leaver Dept.","2022","Department for Business, Energy and Industrial Strategy (excl. agencies)","Bristol, City of","Outside London","HEO","[c]","[c]","[c]","[c]"
"Leaver Dept.","2022","Department for Business, Energy and Industrial Strategy (excl. agencies)","Cambridgeshire CC","Outside London","EO","[c]","[c]","[c]","[c]"
"Leaver Dept.","2022","Department for Business, Energy and Industrial Strategy (excl. agencies)","Cambridgeshire CC","Outside London","HEO","[c]","[c]","[c]","[c]"
"Leaver Dept.","2022","Department for Business, Energy and Industrial Strategy (excl. agencies)","Cardiff and Vale of Glamorgan","Outside London","EO","5","[c]","[c]","[c]"
"Leaver Dept.","2022","Department for Business, Energy and Industrial Strategy (excl. agencies)","Cardiff and Vale of Glamorgan","Outside London","G7","[c]","[c]","[c]","[c]"
"Leaver Dept.","2022","Department for Business, Energy and Industrial Strategy (excl. agencies)","Cardiff and Vale of Glamorgan","Outside London","HEO","[c]","[c]","[c]","[c]"
"Leaver Dept.","2022","Department for Business, Energy and Industrial Strategy (excl. agencies)","Cardiff and Vale of Glamorgan","Outside London","SEO","[c]","[c]","[c]","[c]"
"Leaver Dept.","2022","Department for Business, Energy and Industrial Strategy (excl. agencies)","City of Edinburgh","Outside London","G6","[c]","[c]","[c]","[c]"
"Leaver Dept.","2022","Department for Business, Energy and Industrial Strategy (excl. agencies)","Darlington","Outside London","HEO","[c]","[c]","[c]","[c]"
"Leaver Dept.","2022","Department for Business, Energy and Industrial Strategy (excl. agencies)","Greater Manchester South West","Outside London","EO","[c]","[c]","[c]","[c]"
"Leaver Dept.","2022","Department for Business, Energy and Industrial Strategy (excl. agencies)","Greater Manchester South West","Outside London","G7","[c]","[c]","[c]","[c]"
"Leaver Dept.","2022","Department for Business, Energy and Industrial Strategy (excl. agencies)","Greater Manchester South West","Outside London","HEO","5","[c]","[c]","[c]"
"Leaver Dept.","2022","Department for Business, Energy and Industrial Strategy (excl. agencies)","Greater Manchester South West","Outside London","SEO","[c]","[c]","[c]","[c]"
"Leaver Dept.","2022","Department for Business, Energy and Industrial Strategy (excl. agencies)","Hartlepool and Stockton-on-Tees","Outside London","G6","[c]","[c]","[c]","[c]"
"Leaver Dept.","2022","Department for Business, Energy and Industrial Strategy (excl. agencies)","Hartlepool and Stockton-on-Tees","Outside London","SEO","[c]","[c]","[c]","[c]"
"Leaver Dept.","2022","Department for Business, Energy and Industrial Strategy (excl. agencies)","Leeds","Outside London","HEO","[c]","[c]","[c]","[c]"
"Leaver Dept.","2022","Department for Business, Energy and Industrial Strategy (excl. agencies)","Leeds","Outside London","SEO","[c]","[c]","[c]","[c]"
"Leaver Dept.","2022","Department for Business, Energy and Industrial Strategy (excl. agencies)","Nottingham","Outside London","SEO","[c]","[c]","[c]","[c]"
"Leaver Dept.","2022","Department for Business, Energy and Industrial Strategy (excl. agencies)","Plymouth","Outside London","SEO","[c]","[c]","[c]","[c]"
"Leaver Dept.","2022","Department for Business, Energy and Industrial Strategy (excl. agencies)","Tyneside","Outside London","HEO","[c]","[c]","[c]","[c]"
"Leaver Dept.","2022","Department for Business, Energy and Industrial Strategy (excl. agencies)","Tyneside","Outside London","SEO","[c]","[c]","[c]","[c]"
"Leaver Dept.","2022","Department for Business, Energy and Industrial Strategy (excl. agencies)","Unknown","Unknown","EO","[c]","[c]","[c]","[c]"
"Leaver Dept.","2022","Department for Business, Energy and Industrial Strategy (excl. agencies)","Unknown","Unknown","G6","10","[c]","[c]","[c]"
"Leaver Dept.","2022","Department for Business, Energy and Industrial Strategy (excl. agencies)","Unknown","Unknown","G7","15","[c]","52790","53380"
"Leaver Dept.","2022","Department for Business, Energy and Industrial Strategy (excl. agencies)","Unknown","Unknown","HEO","10","[c]","[c]","[c]"
"Leaver Dept.","2022","Department for Business, Energy and Industrial Strategy (excl. agencies)","Unknown","Unknown","SCS level","[c]","[c]","[c]","[c]"
"Leaver Dept.","2022","Department for Business, Energy and Industrial Strategy (excl. agencies)","Unknown","Unknown","SEO","20","[c]","38800","38160"
"Leaver Dept.","2022","Department for Business, Energy and Industrial Strategy (excl. agencies)","Westminster","London","AO","[c]","[c]","[c]","[c]"
"Leaver Dept.","2022","Department for Business, Energy and Industrial Strategy (excl. agencies)","Westminster","London","EO","35","[c]","28010","27680"
"Leaver Dept.","2022","Department for Business, Energy and Industrial Strategy (excl. agencies)","Westminster","London","G6","35","[c]","66250","64990"
"Leaver Dept.","2022","Department for Business, Energy and Industrial Strategy (excl. agencies)","Westminster","London","G7","145","[c]","53620","53380"
"Leaver Dept.","2022","Department for Business, Energy and Industrial Strategy (excl. agencies)","Westminster","London","HEO","125","[c]","33330","33570"
"Leaver Dept.","2022","Department for Business, Energy and Industrial Strategy (excl. agencies)","Westminster","London","SCS level","30","[c]","88310","81390"
"Leaver Dept.","2022","Department for Business, Energy and Industrial Strategy (excl. agencies)","Westminster","London","SEO","95","[c]","40380","40050"
"Leaver Dept.","2022","Department for Business, Energy and Industrial Strategy (excl. agencies)","Westminster","London","Unknown","[c]","[c]","[c]","[c]"
"Leaver Dept.","2022","Department for Digital, Culture, Media and Sport","City of Edinburgh","Outside London","HEO","[c]","[c]","[c]","[c]"
"Leaver Dept.","2022","Department for Digital, Culture, Media and Sport","Glasgow City","Outside London","HEO","[c]","[c]","[c]","[c]"
"Leaver Dept.","2022","Department for Digital, Culture, Media and Sport","Manchester","Outside London","HEO","[c]","[c]","[c]","[c]"
"Leaver Dept.","2022","Department for Digital, Culture, Media and Sport","Tyneside","Outside London","G7","[c]","[c]","[c]","[c]"
"Leaver Dept.","2022","Department for Digital, Culture, Media and Sport","Tyneside","Outside London","HEO","[c]","[c]","[c]","[c]"
"Leaver Dept.","2022","Department for Digital, Culture, Media and Sport","Westminster","London","EO","15","[c]","27560","26180"
"Leaver Dept.","2022","Department for Digital, Culture, Media and Sport","Westminster","London","G6","15","[c]","64180","64380"
"Leaver Dept.","2022","Department for Digital, Culture, Media and Sport","Westminster","London","G7","60","[c]","54200","53130"
"Leaver Dept.","2022","Department for Digital, Culture, Media and Sport","Westminster","London","HEO","95","[c]","35040","34020"
"Leaver Dept.","2022","Department for Digital, Culture, Media and Sport","Westminster","London","SCS level","15","[c]","73730","73500"
"Leaver Dept.","2022","Department for Digital, Culture, Media and Sport","Westminster","London","Unknown","[c]","[c]","[c]","[c]"
"Leaver Dept.","2022","Department for Education (excl. agencies)","Bristol, City of","Outside London","EO","[c]","[c]","[c]","[c]"
"Leaver Dept.","2022","Department for Education (excl. agencies)","Bristol, City of","Outside London","G6","[c]","[c]","[c]","[c]"
"Leaver Dept.","2022","Department for Education (excl. agencies)","Bristol, City of","Outside London","G7","[c]","[c]","[c]","[c]"
"Leaver Dept.","2022","Department for Education (excl. agencies)","Bristol, City of","Outside London","HEO","[c]","[c]","[c]","[c]"
"Leaver Dept.","2022","Department for Education (excl. agencies)","Bristol, City of","Outside London","SEO","[c]","[c]","[c]","[c]"
"Leaver Dept.","2022","Department for Education (excl. agencies)","Calderdale and Kirklees","Outside London","G7","[c]","[c]","[c]","[c]"
"Leaver Dept.","2022","Department for Education (excl. agencies)","Cambridgeshire CC","Outside London","G7","[c]","[c]","[c]","[c]"
"Leaver Dept.","2022","Department for Education (excl. agencies)","Cambridgeshire CC","Outside London","HEO","[c]","[c]","[c]","[c]"
"Leaver Dept.","2022","Department for Education (excl. agencies)","Coventry","Outside London","AO","[c]","[c]","[c]","[c]"
"Leaver Dept.","2022","Department for Education (excl. agencies)","Coventry","Outside London","EO","5","[c]","[c]","[c]"
"Leaver Dept.","2022","Department for Education (excl. agencies)","Coventry","Outside London","G6","[c]","[c]","[c]","[c]"
"Leaver Dept.","2022","Department for Education (excl. agencies)","Coventry","Outside London","G7","5","[c]","[c]","[c]"
"Leaver Dept.","2022","Department for Education (excl. agencies)","Coventry","Outside London","HEO","10","[c]","30250","29730"
"Leaver Dept.","2022","Department for Education (excl. agencies)","Coventry","Outside London","SEO","5","[c]","[c]","[c]"
"Leaver Dept.","2022","Department for Education (excl. agencies)","Croydon","London","HEO","[c]","[c]","[c]","[c]"
"Leaver Dept.","2022","Department for Education (excl. agencies)","Darlington","Outside London","EO","[c]","[c]","[c]","[c]"
"Leaver Dept.","2022","Department for Education (excl. agencies)","Darlington","Outside London","G6","[c]","[c]","[c]","[c]"
"Leaver Dept.","2022","Department for Education (excl. agencies)","Darlington","Outside London","G7","5","[c]","[c]","[c]"
"Leaver Dept.","2022","Department for Education (excl. agencies)","Darlington","Outside London","HEO","[c]","[c]","[c]","[c]"
"Leaver Dept.","2022","Department for Education (excl. agencies)","Darlington","Outside London","SCS level","[c]","[c]","[c]","[c]"
"Leaver Dept.","2022","Department for Education (excl. agencies)","Darlington","Outside London","SEO","10","[c]","[c]","[c]"
"Leaver Dept.","2022","Department for Education (excl. agencies)","Hertfordshire CC","Outside London","G7","[c]","[c]","[c]","[c]"
"Leaver Dept.","2022","Department for Education (excl. agencies)","Hertfordshire CC","Outside London","HEO","[c]","[c]","[c]","[c]"
"Leaver Dept.","2022","Department for Education (excl. agencies)","Leeds","Outside London","EO","[c]","[c]","[c]","[c]"
"Leaver Dept.","2022","Department for Education (excl. agencies)","Liverpool","Outside London","G7","[c]","[c]","[c]","[c]"
"Leaver Dept.","2022","Department for Education (excl. agencies)","Manchester","Outside London","AO","[c]","[c]","[c]","[c]"
"Leaver Dept.","2022","Department for Education (excl. agencies)","Manchester","Outside London","EO","10","[c]","25750","25000"
"Leaver Dept.","2022","Department for Education (excl. agencies)","Manchester","Outside London","G6","5","[c]","[c]","[c]"
"Leaver Dept.","2022","Department for Education (excl. agencies)","Manchester","Outside London","G7","10","[c]","50190","50130"
"Leaver Dept.","2022","Department for Education (excl. agencies)","Manchester","Outside London","HEO","25","[c]","30600","30090"
"Leaver Dept.","2022","Department for Education (excl. agencies)","Manchester","Outside London","SCS level","[c]","[c]","[c]","[c]"
"Leaver Dept.","2022","Department for Education (excl. agencies)","Manchester","Outside London","SEO","30","[c]","38260","36960"
"Leaver Dept.","2022","Department for Education (excl. agencies)","Nottingham","Outside London","EO","[c]","[c]","[c]","[c]"
"Leaver Dept.","2022","Department for Education (excl. agencies)","Nottingham","Outside London","G7","[c]","[c]","[c]","[c]"
"Leaver Dept.","2022","Department for Education (excl. agencies)","Nottingham","Outside London","HEO","[c]","[c]","[c]","[c]"
"Leaver Dept.","2022","Department for Education (excl. agencies)","Nottingham","Outside London","SEO","[c]","[c]","[c]","[c]"
"Leaver Dept.","2022","Department for Education (excl. agencies)","Sheffield","Outside London","EO","10","[c]","[c]","[c]"
"Leaver Dept.","2022","Department for Education (excl. agencies)","Sheffield","Outside London","G6","[c]","[c]","[c]","[c]"
"Leaver Dept.","2022","Department for Education (excl. agencies)","Sheffield","Outside London","G7","10","[c]","51290","50630"
"Leaver Dept.","2022","Department for Education (excl. agencies)","Sheffield","Outside London","HEO","10","[c]","[c]","[c]"
"Leaver Dept.","2022","Department for Education (excl. agencies)","Sheffield","Outside London","SCS level","[c]","[c]","[c]","[c]"
"Leaver Dept.","2022","Department for Education (excl. agencies)","Sheffield","Outside London","SEO","15","[c]","38830","36960"
"Leaver Dept.","2022","Department for Education (excl. agencies)","Suffolk CC","Outside London","G6","[c]","[c]","[c]","[c]"
"Leaver Dept.","2022","Department for Education (excl. agencies)","Tyneside","Outside London","G7","5","[c]","[c]","[c]"
"Leaver Dept.","2022","Department for Education (excl. agencies)","Tyneside","Outside London","SEO","[c]","[c]","[c]","[c]"
"Leaver Dept.","2022","Department for Education (excl. agencies)","West Surrey","Outside London","G6","[c]","[c]","[c]","[c]"
"Leaver Dept.","2022","Department for Education (excl. agencies)","Westminster","London","AO","[c]","[c]","[c]","[c]"
"Leaver Dept.","2022","Department for Education (excl. agencies)","Westminster","London","EO","25","[c]","29150","28500"
"Leaver Dept.","2022","Department for Education (excl. agencies)","Westminster","London","G6","20","[c]","66320","65370"
"Leaver Dept.","2022","Department for Education (excl. agencies)","Westminster","London","G7","50","[c]","54390","54160"
"Leaver Dept.","2022","Department for Education (excl. agencies)","Westminster","London","HEO","45","[c]","34220","33300"
"Leaver Dept.","2022","Department for Education (excl. agencies)","Westminster","London","SCS level","15","[c]","86530","77980"
"Leaver Dept.","2022","Department for Education (excl. agencies)","Westminster","London","SEO","40","[c]","42500","40940"
"Leaver Dept.","2022","Department for Environment, Food and Rural Affairs (excl. agencies)","Ards and North Down","Outside London","G7","[c]","[c]","[c]","[c]"
"Leaver Dept.","2022","Department for Environment, Food and Rural Affairs (excl. agencies)","Barnsley, Doncaster and Rotherham","Outside London","HEO","[c]","[c]","[c]","[c]"
"Leaver Dept.","2022","Department for Environment, Food and Rural Affairs (excl. agencies)","Barnsley, Doncaster and Rotherham","Outside London","SEO","[c]","[c]","[c]","[c]"
"Leaver Dept.","2022","Department for Environment, Food and Rural Affairs (excl. agencies)","Berkshire","Outside London","HEO","[c]","[c]","[c]","[c]"
"Leaver Dept.","2022","Department for Environment, Food and Rural Affairs (excl. agencies)","Berkshire","Outside London","SEO","[c]","[c]","[c]","[c]"
"Leaver Dept.","2022","Department for Environment, Food and Rural Affairs (excl. agencies)","Birmingham","Outside London","HEO","[c]","[c]","[c]","[c]"
"Leaver Dept.","2022","Department for Environment, Food and Rural Affairs (excl. agencies)","Bristol, City of","Outside London","AO","[c]","[c]","[c]","[c]"
"Leaver Dept.","2022","Department for Environment, Food and Rural Affairs (excl. agencies)","Bristol, City of","Outside London","EO","5","[c]","[c]","[c]"
"Leaver Dept.","2022","Department for Environment, Food and Rural Affairs (excl. agencies)","Bristol, City of","Outside London","G6","[c]","[c]","[c]","[c]"
"Leaver Dept.","2022","Department for Environment, Food and Rural Affairs (excl. agencies)","Bristol, City of","Outside London","G7","10","[c]","[c]","[c]"
"Leaver Dept.","2022","Department for Environment, Food and Rural Affairs (excl. agencies)","Bristol, City of","Outside London","HEO","10","[c]","[c]","[c]"
"Leaver Dept.","2022","Department for Environment, Food and Rural Affairs (excl. agencies)","Bristol, City of","Outside London","SCS level","[c]","[c]","[c]","[c]"
"Leaver Dept.","2022","Department for Environment, Food and Rural Affairs (excl. agencies)","Bristol, City of","Outside London","SEO","10","[c]","[c]","[c]"
"Leaver Dept.","2022","Department for Environment, Food and Rural Affairs (excl. agencies)","Cheshire East","Outside London","G7","[c]","[c]","[c]","[c]"
"Leaver Dept.","2022","Department for Environment, Food and Rural Affairs (excl. agencies)","Cheshire East","Outside London","HEO","[c]","[c]","[c]","[c]"
"Leaver Dept.","2022","Department for Environment, Food and Rural Affairs (excl. agencies)","Cheshire East","Outside London","SCS level","[c]","[c]","[c]","[c]"
"Leaver Dept.","2022","Department for Environment, Food and Rural Affairs (excl. agencies)","Cheshire East","Outside London","SEO","[c]","[c]","[c]","[c]"
"Leaver Dept.","2022","Department for Environment, Food and Rural Affairs (excl. agencies)","Devon CC","Outside London","G6","[c]","[c]","[c]","[c]"
"Leaver Dept.","2022","Department for Environment, Food and Rural Affairs (excl. agencies)","Devon CC","Outside London","SEO","[c]","[c]","[c]","[c]"
"Leaver Dept.","2022","Department for Environment, Food and Rural Affairs (excl. agencies)","East Cumbria","Outside London","SEO","[c]","[c]","[c]","[c]"
"Leaver Dept.","2022","Department for Environment, Food and Rural Affairs (excl. agencies)","East Dunbartonshire, West Dunbartonshire, and Helensburgh and Lomond","Outside London","G7","[c]","[c]","[c]","[c]"
"Leaver Dept.","2022","Department for Environment, Food and Rural Affairs (excl. agencies)","East Kent","Outside London","HEO","[c]","[c]","[c]","[c]"
"Leaver Dept.","2022","Department for Environment, Food and Rural Affairs (excl. agencies)","Haringey and Islington","London","HEO","[c]","[c]","[c]","[c]"
"Leaver Dept.","2022","Department for Environment, Food and Rural Affairs (excl. agencies)","Manchester","Outside London","SEO","[c]","[c]","[c]","[c]"
"Leaver Dept.","2022","Department for Environment, Food and Rural Affairs (excl. agencies)","Mid Lancashire","Outside London","EO","[c]","[c]","[c]","[c]"
"Leaver Dept.","2022","Department for Environment, Food and Rural Affairs (excl. agencies)","Mid Lancashire","Outside London","SEO","[c]","[c]","[c]","[c]"
"Leaver Dept.","2022","Department for Environment, Food and Rural Affairs (excl. agencies)","Norwich and East Norfolk","Outside London","G7","[c]","[c]","[c]","[c]"
"Leaver Dept.","2022","Department for Environment, Food and Rural Affairs (excl. agencies)","Norwich and East Norfolk","Outside London","SEO","[c]","[c]","[c]","[c]"
"Leaver Dept.","2022","Department for Environment, Food and Rural Affairs (excl. agencies)","Nottingham","Outside London","G7","[c]","[c]","[c]","[c]"
"Leaver Dept.","2022","Department for Environment, Food and Rural Affairs (excl. agencies)","Nottingham","Outside London","HEO","[c]","[c]","[c]","[c]"
"Leaver Dept.","2022","Department for Environment, Food and Rural Affairs (excl. agencies)","South Hampshire","Outside London","SEO","[c]","[c]","[c]","[c]"
"Leaver Dept.","2022","Department for Environment, Food and Rural Affairs (excl. agencies)","South Nottinghamshire","Outside London","HEO","[c]","[c]","[c]","[c]"
"Leaver Dept.","2022","Department for Environment, Food and Rural Affairs (excl. agencies)","South West Wales","Outside London","SEO","[c]","[c]","[c]","[c]"
"Leaver Dept.","2022","Department for Environment, Food and Rural Affairs (excl. agencies)","Tyneside","Outside London","EO","[c]","[c]","[c]","[c]"
"Leaver Dept.","2022","Department for Environment, Food and Rural Affairs (excl. agencies)","Tyneside","Outside London","G7","[c]","[c]","[c]","[c]"
"Leaver Dept.","2022","Department for Environment, Food and Rural Affairs (excl. agencies)","Tyneside","Outside London","HEO","[c]","[c]","[c]","[c]"
"Leaver Dept.","2022","Department for Environment, Food and Rural Affairs (excl. agencies)","Tyneside","Outside London","SCS level","[c]","[c]","[c]","[c]"
"Leaver Dept.","2022","Department for Environment, Food and Rural Affairs (excl. agencies)","Tyneside","Outside London","SEO","[c]","[c]","[c]","[c]"
"Leaver Dept.","2022","Department for Environment, Food and Rural Affairs (excl. agencies)","Warrington","Outside London","G7","[c]","[c]","[c]","[c]"
"Leaver Dept.","2022","Department for Environment, Food and Rural Affairs (excl. agencies)","Warrington","Outside London","SEO","[c]","[c]","[c]","[c]"
"Leaver Dept.","2022","Department for Environment, Food and Rural Affairs (excl. agencies)","West Surrey","Outside London","HEO","[c]","[c]","[c]","[c]"
"Leaver Dept.","2022","Department for Environment, Food and Rural Affairs (excl. agencies)","West Sussex (South West)","Outside London","G7","[c]","[c]","[c]","[c]"
"Leaver Dept.","2022","Department for Environment, Food and Rural Affairs (excl. agencies)","Westminster","London","AO","[c]","[c]","[c]","[c]"
"Leaver Dept.","2022","Department for Environment, Food and Rural Affairs (excl. agencies)","Westminster","London","EO","20","[c]","[c]","[c]"
"Leaver Dept.","2022","Department for Environment, Food and Rural Affairs (excl. agencies)","Westminster","London","G6","10","[c]","[c]","[c]"
"Leaver Dept.","2022","Department for Environment, Food and Rural Affairs (excl. agencies)","Westminster","London","G7","45","[c]","[c]","[c]"
"Leaver Dept.","2022","Department for Environment, Food and Rural Affairs (excl. agencies)","Westminster","London","HEO","105","[c]","[c]","[c]"
"Leaver Dept.","2022","Department for Environment, Food and Rural Affairs (excl. agencies)","Westminster","London","SCS level","5","[c]","[c]","[c]"
"Leaver Dept.","2022","Department for Environment, Food and Rural Affairs (excl. agencies)","Westminster","London","SEO","45","[c]","[c]","[c]"
"Leaver Dept.","2022","Department for Environment, Food and Rural Affairs (excl. agencies)","Worcestershire CC","Outside London","G6","5","[c]","[c]","[c]"
"Leaver Dept.","2022","Department for Environment, Food and Rural Affairs (excl. agencies)","Worcestershire CC","Outside London","G7","5","[c]","[c]","[c]"
"Leaver Dept.","2022","Department for Environment, Food and Rural Affairs (excl. agencies)","Worcestershire CC","Outside London","HEO","5","[c]","[c]","[c]"
"Leaver Dept.","2022","Department for Environment, Food and Rural Affairs (excl. agencies)","Worcestershire CC","Outside London","SEO","5","[c]","[c]","[c]"
"Leaver Dept.","2022","Department for Environment, Food and Rural Affairs (excl. agencies)","York","Outside London","EO","[c]","[c]","[c]","[c]"
"Leaver Dept.","2022","Department for Environment, Food and Rural Affairs (excl. agencies)","York","Outside London","G7","10","[c]","[c]","[c]"
"Leaver Dept.","2022","Department for Environment, Food and Rural Affairs (excl. agencies)","York","Outside London","HEO","15","[c]","[c]","[c]"
"Leaver Dept.","2022","Department for Environment, Food and Rural Affairs (excl. agencies)","York","Outside London","SEO","10","[c]","[c]","[c]"
"Leaver Dept.","2022","Department for International Trade","Birmingham","Outside London","EO","[c]","[c]","[c]","[c]"
"Leaver Dept.","2022","Department for International Trade","Birmingham","Outside London","HEO","[c]","[c]","[c]","[c]"
"Leaver Dept.","2022","Department for International Trade","Cambridgeshire CC","Outside London","EO","[c]","[c]","[c]","[c]"
"Leaver Dept.","2022","Department for International Trade","Hartlepool and Stockton-on-Tees","Outside London","HEO","[c]","[c]","[c]","[c]"
"Leaver Dept.","2022","Department for International Trade","Leeds","Outside London","EO","[c]","[c]","[c]","[c]"
"Leaver Dept.","2022","Department for International Trade","Leeds","Outside London","G7","[c]","[c]","[c]","[c]"
"Leaver Dept.","2022","Department for International Trade","Manchester","Outside London","SCS level","[c]","[c]","[c]","[c]"
"Leaver Dept.","2022","Department for International Trade","Westminster","London","EO","25","[c]","[c]","[c]"
"Leaver Dept.","2022","Department for International Trade","Westminster","London","G6","10","[c]","[c]","[c]"
"Leaver Dept.","2022","Department for International Trade","Westminster","London","G7","55","[c]","[c]","[c]"
"Leaver Dept.","2022","Department for International Trade","Westminster","London","HEO","75","[c]","[c]","[c]"
"Leaver Dept.","2022","Department for International Trade","Westminster","London","SCS level","5","[c]","[c]","[c]"
"Leaver Dept.","2022","Department for International Trade","Westminster","London","SEO","50","[c]","[c]","[c]"
"Leaver Dept.","2022","Department for Levelling Up, Housing and Communities (excl. agencies)","Birmingham","Outside London","EO","[c]","[c]","[c]","[c]"
"Leaver Dept.","2022","Department for Levelling Up, Housing and Communities (excl. agencies)","Birmingham","Outside London","G7","[c]","[c]","[c]","[c]"
"Leaver Dept.","2022","Department for Levelling Up, Housing and Communities (excl. agencies)","Birmingham","Outside London","HEO","5","[c]","[c]","[c]"
"Leaver Dept.","2022","Department for Levelling Up, Housing and Communities (excl. agencies)","Birmingham","Outside London","SEO","5","[c]","[c]","[c]"
"Leaver Dept.","2022","Department for Levelling Up, Housing and Communities (excl. agencies)","Bristol, City of","Outside London","EO","[c]","[c]","[c]","[c]"
"Leaver Dept.","2022","Department for Levelling Up, Housing and Communities (excl. agencies)","Bristol, City of","Outside London","G7","[c]","[c]","[c]","[c]"
"Leaver Dept.","2022","Department for Levelling Up, Housing and Communities (excl. agencies)","Bristol, City of","Outside London","HEO","[c]","[c]","[c]","[c]"
"Leaver Dept.","2022","Department for Levelling Up, Housing and Communities (excl. agencies)","Bristol, City of","Outside London","SEO","[c]","[c]","[c]","[c]"
"Leaver Dept.","2022","Department for Levelling Up, Housing and Communities (excl. agencies)","Devon CC","Outside London","SEO","[c]","[c]","[c]","[c]"
"Leaver Dept.","2022","Department for Levelling Up, Housing and Communities (excl. agencies)","Leeds","Outside London","EO","[c]","[c]","[c]","[c]"
"Leaver Dept.","2022","Department for Levelling Up, Housing and Communities (excl. agencies)","Leeds","Outside London","G6","[c]","[c]","[c]","[c]"
"Leaver Dept.","2022","Department for Levelling Up, Housing and Communities (excl. agencies)","Leeds","Outside London","G7","[c]","[c]","[c]","[c]"
"Leaver Dept.","2022","Department for Levelling Up, Housing and Communities (excl. agencies)","Leeds","Outside London","HEO","[c]","[c]","[c]","[c]"
"Leaver Dept.","2022","Department for Levelling Up, Housing and Communities (excl. agencies)","Leeds","Outside London","SEO","[c]","[c]","[c]","[c]"
"Leaver Dept.","2022","Department for Levelling Up, Housing and Communities (excl. agencies)","Manchester","Outside London","EO","[c]","[c]","[c]","[c]"
"Leaver Dept.","2022","Department for Levelling Up, Housing and Communities (excl. agencies)","Manchester","Outside London","G7","[c]","[c]","[c]","[c]"
"Leaver Dept.","2022","Department for Levelling Up, Housing and Communities (excl. agencies)","Manchester","Outside London","HEO","[c]","[c]","[c]","[c]"
"Leaver Dept.","2022","Department for Levelling Up, Housing and Communities (excl. agencies)","Nottingham","Outside London","EO","[c]","[c]","[c]","[c]"
"Leaver Dept.","2022","Department for Levelling Up, Housing and Communities (excl. agencies)","Nottingham","Outside London","SCS level","[c]","[c]","[c]","[c]"
"Leaver Dept.","2022","Department for Levelling Up, Housing and Communities (excl. agencies)","Plymouth","Outside London","G7","[c]","[c]","[c]","[c]"
"Leaver Dept.","2022","Department for Levelling Up, Housing and Communities (excl. agencies)","Sheffield","Outside London","G7","[c]","[c]","[c]","[c]"
"Leaver Dept.","2022","Department for Levelling Up, Housing and Communities (excl. agencies)","Tyneside","Outside London","G7","[c]","[c]","[c]","[c]"
"Leaver Dept.","2022","Department for Levelling Up, Housing and Communities (excl. agencies)","Tyneside","Outside London","HEO","[c]","[c]","[c]","[c]"
"Leaver Dept.","2022","Department for Levelling Up, Housing and Communities (excl. agencies)","Tyneside","Outside London","SEO","[c]","[c]","[c]","[c]"
"Leaver Dept.","2022","Department for Levelling Up, Housing and Communities (excl. agencies)","Warrington","Outside London","SEO","[c]","[c]","[c]","[c]"
"Leaver Dept.","2022","Department for Levelling Up, Housing and Communities (excl. agencies)","Westminster","London","AO","[c]","[c]","[c]","[c]"
"Leaver Dept.","2022","Department for Levelling Up, Housing and Communities (excl. agencies)","Westminster","London","EO","35","[c]","27990","27850"
"Leaver Dept.","2022","Department for Levelling Up, Housing and Communities (excl. agencies)","Westminster","London","G6","20","[c]","65690","64090"
"Leaver Dept.","2022","Department for Levelling Up, Housing and Communities (excl. agencies)","Westminster","London","G7","60","[c]","53500","53130"
"Leaver Dept.","2022","Department for Levelling Up, Housing and Communities (excl. agencies)","Westminster","London","HEO","80","[c]","33040","33210"
"Leaver Dept.","2022","Department for Levelling Up, Housing and Communities (excl. agencies)","Westminster","London","SCS level","10","[c]","[c]","[c]"
"Leaver Dept.","2022","Department for Levelling Up, Housing and Communities (excl. agencies)","Westminster","London","SEO","45","[c]","40980","39600"
"Leaver Dept.","2022","Department for Levelling Up, Housing and Communities (excl. agencies)","Wirral","Outside London","AO","[c]","[c]","[c]","[c]"
"Leaver Dept.","2022","Department for Levelling Up, Housing and Communities (excl. agencies)","Wirral","Outside London","EO","[c]","[c]","[c]","[c]"
"Leaver Dept.","2022","Department for Levelling Up, Housing and Communities (excl. agencies)","Wirral","Outside London","HEO","[c]","[c]","[c]","[c]"
"Leaver Dept.","2022","Department for Levelling Up, Housing and Communities (excl. agencies)","Wirral","Outside London","SEO","[c]","[c]","[c]","[c]"
"Leaver Dept.","2022","Department for Levelling Up, Housing and Communities (excl. agencies)","Wolverhampton","Outside London","EO","[c]","[c]","[c]","[c]"
"Leaver Dept.","2022","Department for Levelling Up, Housing and Communities (excl. agencies)","Wolverhampton","Outside London","HEO","[c]","[c]","[c]","[c]"
"Leaver Dept.","2022","Department for Transport (excl. agencies)","Birmingham","Outside London","EO","[c]","[c]","[c]","[c]"
"Leaver Dept.","2022","Department for Transport (excl. agencies)","Birmingham","Outside London","HEO","[c]","[c]","[c]","[c]"
"Leaver Dept.","2022","Department for Transport (excl. agencies)","Bristol, City of","Outside London","G7","[c]","[c]","[c]","[c]"
"Leaver Dept.","2022","Department for Transport (excl. agencies)","Cambridgeshire CC","Outside London","G7","[c]","[c]","[c]","[c]"
"Leaver Dept.","2022","Department for Transport (excl. agencies)","East Sussex CC","Outside London","G7","[c]","[c]","[c]","[c]"
"Leaver Dept.","2022","Department for Transport (excl. agencies)","East Sussex CC","Outside London","SEO","[c]","[c]","[c]","[c]"
"Leaver Dept.","2022","Department for Transport (excl. agencies)","Leeds","Outside London","EO","[c]","[c]","[c]","[c]"
"Leaver Dept.","2022","Department for Transport (excl. agencies)","Leeds","Outside London","G7","[c]","[c]","[c]","[c]"
"Leaver Dept.","2022","Department for Transport (excl. agencies)","Leeds","Outside London","HEO","[c]","[c]","[c]","[c]"
"Leaver Dept.","2022","Department for Transport (excl. agencies)","Leeds","Outside London","SCS level","[c]","[c]","[c]","[c]"
"Leaver Dept.","2022","Department for Transport (excl. agencies)","Leeds","Outside London","SEO","[c]","[c]","[c]","[c]"
"Leaver Dept.","2022","Department for Transport (excl. agencies)","North Hampshire","Outside London","AO","[c]","[c]","[c]","[c]"
"Leaver Dept.","2022","Department for Transport (excl. agencies)","Southampton","Outside London","SEO","[c]","[c]","[c]","[c]"
"Leaver Dept.","2022","Department for Transport (excl. agencies)","Swansea","Outside London","HEO","[c]","[c]","[c]","[c]"
"Leaver Dept.","2022","Department for Transport (excl. agencies)","Swansea","Outside London","SEO","[c]","[c]","[c]","[c]"
"Leaver Dept.","2022","Department for Transport (excl. agencies)","West Surrey","Outside London","G7","[c]","[c]","[c]","[c]"
"Leaver Dept.","2022","Department for Transport (excl. agencies)","West Surrey","Outside London","HEO","[c]","[c]","[c]","[c]"
"Leaver Dept.","2022","Department for Transport (excl. agencies)","West Surrey","Outside London","SCS level","[c]","[c]","[c]","[c]"
"Leaver Dept.","2022","Department for Transport (excl. agencies)","Westminster","London","AO","[c]","[c]","[c]","[c]"
"Leaver Dept.","2022","Department for Transport (excl. agencies)","Westminster","London","EO","40","[c]","30180","30270"
"Leaver Dept.","2022","Department for Transport (excl. agencies)","Westminster","London","G6","15","[c]","66110","66230"
"Leaver Dept.","2022","Department for Transport (excl. agencies)","Westminster","London","G7","65","[c]","55600","54760"
"Leaver Dept.","2022","Department for Transport (excl. agencies)","Westminster","London","HEO","80","[c]","34860","34710"
"Leaver Dept.","2022","Department for Transport (excl. agencies)","Westminster","London","SCS level","5","[c]","[c]","[c]"
"Leaver Dept.","2022","Department for Transport (excl. agencies)","Westminster","London","SEO","70","[c]","42400","42890"
"Leaver Dept.","2022","Department for Transport (excl. agencies)","Westminster","London","Unknown","[c]","[c]","[c]","[c]"
"Leaver Dept.","2022","Department for Work and Pensions (excl. agencies)","Aberdeen City and Aberdeenshire","Outside London","EO","10","[c]","[c]","[c]"
"Leaver Dept.","2022","Department for Work and Pensions (excl. agencies)","Aberdeen City and Aberdeenshire","Outside London","HEO","[c]","[c]","[c]","[c]"
"Leaver Dept.","2022","Department for Work and Pensions (excl. agencies)","Angus and Dundee City","Outside London","AO","45","[c]","21250","21260"
"Leaver Dept.","2022","Department for Work and Pensions (excl. agencies)","Angus and Dundee City","Outside London","EO","40","[c]","27500","27570"
"Leaver Dept.","2022","Department for Work and Pensions (excl. agencies)","Angus and Dundee City","Outside London","HEO","[c]","[c]","[c]","[c]"
"Leaver Dept.","2022","Department for Work and Pensions (excl. agencies)","Angus and Dundee City","Outside London","SEO","[c]","[c]","[c]","[c]"
"Leaver Dept.","2022","Department for Work and Pensions (excl. agencies)","Barking & Dagenham and Havering","London","EO","15","[c]","31080","31060"
"Leaver Dept.","2022","Department for Work and Pensions (excl. agencies)","Barking & Dagenham and Havering","London","HEO","[c]","[c]","[c]","[c]"
"Leaver Dept.","2022","Department for Work and Pensions (excl. agencies)","Barnet","London","EO","10","[c]","[c]","[c]"
"Leaver Dept.","2022","Department for Work and Pensions (excl. agencies)","Barnet","London","HEO","[c]","[c]","[c]","[c]"
"Leaver Dept.","2022","Department for Work and Pensions (excl. agencies)","Barnsley, Doncaster and Rotherham","Outside London","AO","[c]","[c]","[c]","[c]"
"Leaver Dept.","2022","Department for Work and Pensions (excl. agencies)","Barnsley, Doncaster and Rotherham","Outside London","EO","10","[c]","27680","27570"
"Leaver Dept.","2022","Department for Work and Pensions (excl. agencies)","Bath and North East Somerset, North Somerset and South Gloucestershire","Outside London","EO","10","[c]","[c]","[c]"
"Leaver Dept.","2022","Department for Work and Pensions (excl. agencies)","Bedford","Outside London","HEO","[c]","[c]","[c]","[c]"
"Leaver Dept.","2022","Department for Work and Pensions (excl. agencies)","Bedford","Outside London","SEO","[c]","[c]","[c]","[c]"
"Leaver Dept.","2022","Department for Work and Pensions (excl. agencies)","Berkshire","Outside London","AO","[c]","[c]","[c]","[c]"
"Leaver Dept.","2022","Department for Work and Pensions (excl. agencies)","Berkshire","Outside London","EO","10","[c]","29310","29290"
"Leaver Dept.","2022","Department for Work and Pensions (excl. agencies)","Bexley and Greenwich","London","EO","10","[c]","[c]","[c]"
"Leaver Dept.","2022","Department for Work and Pensions (excl. agencies)","Birmingham","Outside London","AO","10","[c]","[c]","[c]"
"Leaver Dept.","2022","Department for Work and Pensions (excl. agencies)","Birmingham","Outside London","EO","85","[c]","27510","27570"
"Leaver Dept.","2022","Department for Work and Pensions (excl. agencies)","Birmingham","Outside London","G7","[c]","[c]","[c]","[c]"
"Leaver Dept.","2022","Department for Work and Pensions (excl. agencies)","Birmingham","Outside London","HEO","10","[c]","32020","31990"
"Leaver Dept.","2022","Department for Work and Pensions (excl. agencies)","Birmingham","Outside London","SCS level","[c]","[c]","[c]","[c]"
"Leaver Dept.","2022","Department for Work and Pensions (excl. agencies)","Birmingham","Outside London","SEO","[c]","[c]","[c]","[c]"
"Leaver Dept.","2022","Department for Work and Pensions (excl. agencies)","Blackburn with Darwen","Outside London","AO","[c]","[c]","[c]","[c]"
"Leaver Dept.","2022","Department for Work and Pensions (excl. agencies)","Blackburn with Darwen","Outside London","EO","[c]","[c]","[c]","[c]"
"Leaver Dept.","2022","Department for Work and Pensions (excl. agencies)","Blackburn with Darwen","Outside London","G7","[c]","[c]","[c]","[c]"
"Leaver Dept.","2022","Department for Work and Pensions (excl. agencies)","Blackburn with Darwen","Outside London","HEO","[c]","[c]","[c]","[c]"
"Leaver Dept.","2022","Department for Work and Pensions (excl. agencies)","Blackpool","Outside London","AO","15","[c]","21200","21260"
"Leaver Dept.","2022","Department for Work and Pensions (excl. agencies)","Blackpool","Outside London","EO","20","[c]","27570","27570"
"Leaver Dept.","2022","Department for Work and Pensions (excl. agencies)","Blackpool","Outside London","G6","5","[c]","[c]","[c]"
"Leaver Dept.","2022","Department for Work and Pensions (excl. agencies)","Blackpool","Outside London","G7","5","[c]","[c]","[c]"
"Leaver Dept.","2022","Department for Work and Pensions (excl. agencies)","Blackpool","Outside London","HEO","10","[c]","31980","31990"
"Leaver Dept.","2022","Department for Work and Pensions (excl. agencies)","Blackpool","Outside London","SEO","20","[c]","36490","35310"
"Leaver Dept.","2022","Department for Work and Pensions (excl. agencies)","Bournemouth, Christchurch and Poole","Outside London","EO","[c]","[c]","[c]","[c]"
"Leaver Dept.","2022","Department for Work and Pensions (excl. agencies)","Bournemouth, Christchurch and Poole","Outside London","SEO","[c]","[c]","[c]","[c]"
"Leaver Dept.","2022","Department for Work and Pensions (excl. agencies)","Bradford","Outside London","AO","10","[c]","[c]","[c]"
"Leaver Dept.","2022","Department for Work and Pensions (excl. agencies)","Bradford","Outside London","EO","20","[c]","27570","27570"
"Leaver Dept.","2022","Department for Work and Pensions (excl. agencies)","Bradford","Outside London","G7","[c]","[c]","[c]","[c]"
"Leaver Dept.","2022","Department for Work and Pensions (excl. agencies)","Bradford","Outside London","HEO","[c]","[c]","[c]","[c]"
"Leaver Dept.","2022","Department for Work and Pensions (excl. agencies)","Bradford","Outside London","SEO","[c]","[c]","[c]","[c]"
"Leaver Dept.","2022","Department for Work and Pensions (excl. agencies)","Breckland and South Norfolk","Outside London","EO","[c]","[c]","[c]","[c]"
"Leaver Dept.","2022","Department for Work and Pensions (excl. agencies)","Brent","London","EO","[c]","[c]","[c]","[c]"
"Leaver Dept.","2022","Department for Work and Pensions (excl. agencies)","Bridgend and Neath Port Talbot","Outside London","AO","[c]","[c]","[c]","[c]"
"Leaver Dept.","2022","Department for Work and Pensions (excl. agencies)","Bridgend and Neath Port Talbot","Outside London","EO","[c]","[c]","[c]","[c]"
"Leaver Dept.","2022","Department for Work and Pensions (excl. agencies)","Bridgend and Neath Port Talbot","Outside London","HEO","[c]","[c]","[c]","[c]"
"Leaver Dept.","2022","Department for Work and Pensions (excl. agencies)","Bridgend and Neath Port Talbot","Outside London","SEO","[c]","[c]","[c]","[c]"
"Leaver Dept.","2022","Department for Work and Pensions (excl. agencies)","Brighton and Hove","Outside London","EO","[c]","[c]","[c]","[c]"
"Leaver Dept.","2022","Department for Work and Pensions (excl. agencies)","Bristol, City of","Outside London","AO","5","[c]","[c]","[c]"
"Leaver Dept.","2022","Department for Work and Pensions (excl. agencies)","Bristol, City of","Outside London","EO","30","[c]","27650","27570"
"Leaver Dept.","2022","Department for Work and Pensions (excl. agencies)","Bristol, City of","Outside London","G7","[c]","[c]","[c]","[c]"
"Leaver Dept.","2022","Department for Work and Pensions (excl. agencies)","Bristol, City of","Outside London","HEO","5","[c]","[c]","[c]"
"Leaver Dept.","2022","Department for Work and Pensions (excl. agencies)","Bromley","London","EO","10","[c]","[c]","[c]"
"Leaver Dept.","2022","Department for Work and Pensions (excl. agencies)","Bromley","London","SEO","[c]","[c]","[c]","[c]"
"Leaver Dept.","2022","Department for Work and Pensions (excl. agencies)","Buckinghamshire","Outside London","EO","[c]","[c]","[c]","[c]"
"Leaver Dept.","2022","Department for Work and Pensions (excl. agencies)","Caithness and Sutherland, and Ross and Cromarty","Outside London","AO","[c]","[c]","[c]","[c]"
"Leaver Dept.","2022","Department for Work and Pensions (excl. agencies)","Caithness and Sutherland, and Ross and Cromarty","Outside London","EO","[c]","[c]","[c]","[c]"
"Leaver Dept.","2022","Department for Work and Pensions (excl. agencies)","Calderdale and Kirklees","Outside London","EO","20","[c]","27570","27570"
"Leaver Dept.","2022","Department for Work and Pensions (excl. agencies)","Calderdale and Kirklees","Outside London","G7","[c]","[c]","[c]","[c]"
"Leaver Dept.","2022","Department for Work and Pensions (excl. agencies)","Calderdale and Kirklees","Outside London","HEO","5","[c]","[c]","[c]"
"Leaver Dept.","2022","Department for Work and Pensions (excl. agencies)","Calderdale and Kirklees","Outside London","SEO","[c]","[c]","[c]","[c]"
"Leaver Dept.","2022","Department for Work and Pensions (excl. agencies)","Cambridgeshire CC","Outside London","EO","[c]","[c]","[c]","[c]"
"Leaver Dept.","2022","Department for Work and Pensions (excl. agencies)","Cambridgeshire CC","Outside London","HEO","[c]","[c]","[c]","[c]"
"Leaver Dept.","2022","Department for Work and Pensions (excl. agencies)","Camden and City of London","London","AO","[c]","[c]","[c]","[c]"
"Leaver Dept.","2022","Department for Work and Pensions (excl. agencies)","Camden and City of London","London","EO","[c]","[c]","[c]","[c]"
"Leaver Dept.","2022","Department for Work and Pensions (excl. agencies)","Cardiff and Vale of Glamorgan","Outside London","AO","10","[c]","[c]","[c]"
"Leaver Dept.","2022","Department for Work and Pensions (excl. agencies)","Cardiff and Vale of Glamorgan","Outside London","EO","40","[c]","27460","27570"
"Leaver Dept.","2022","Department for Work and Pensions (excl. agencies)","Cardiff and Vale of Glamorgan","Outside London","G6","[c]","[c]","[c]","[c]"
"Leaver Dept.","2022","Department for Work and Pensions (excl. agencies)","Cardiff and Vale of Glamorgan","Outside London","HEO","5","[c]","[c]","[c]"
"Leaver Dept.","2022","Department for Work and Pensions (excl. agencies)","Cardiff and Vale of Glamorgan","Outside London","SEO","[c]","[c]","[c]","[c]"
"Leaver Dept.","2022","Department for Work and Pensions (excl. agencies)","Central Hampshire","Outside London","EO","[c]","[c]","[c]","[c]"
"Leaver Dept.","2022","Department for Work and Pensions (excl. agencies)","Central Valleys","Outside London","AO","[c]","[c]","[c]","[c]"
"Leaver Dept.","2022","Department for Work and Pensions (excl. agencies)","Central Valleys","Outside London","EO","20","[c]","27570","27570"
"Leaver Dept.","2022","Department for Work and Pensions (excl. agencies)","Central Valleys","Outside London","HEO","[c]","[c]","[c]","[c]"
"Leaver Dept.","2022","Department for Work and Pensions (excl. agencies)","Cheshire East","Outside London","EO","[c]","[c]","[c]","[c]"
"Leaver Dept.","2022","Department for Work and Pensions (excl. agencies)","Cheshire West and Chester","Outside London","EO","[c]","[c]","[c]","[c]"
"Leaver Dept.","2022","Department for Work and Pensions (excl. agencies)","Chorley and West Lancashire","Outside London","EO","[c]","[c]","[c]","[c]"
"Leaver Dept.","2022","Department for Work and Pensions (excl. agencies)","City of Edinburgh","Outside London","AO","[c]","[c]","[c]","[c]"
"Leaver Dept.","2022","Department for Work and Pensions (excl. agencies)","City of Edinburgh","Outside London","EO","30","[c]","27570","27570"
"Leaver Dept.","2022","Department for Work and Pensions (excl. agencies)","Clackmannanshire and Fife","Outside London","AO","5","[c]","[c]","[c]"
"Leaver Dept.","2022","Department for Work and Pensions (excl. agencies)","Clackmannanshire and Fife","Outside London","EO","15","[c]","27470","27570"
"Leaver Dept.","2022","Department for Work and Pensions (excl. agencies)","Clackmannanshire and Fife","Outside London","HEO","[c]","[c]","[c]","[c]"
"Leaver Dept.","2022","Department for Work and Pensions (excl. agencies)","Conwy and Denbighshire","Outside London","EO","[c]","[c]","[c]","[c]"
"Leaver Dept.","2022","Department for Work and Pensions (excl. agencies)","Conwy and Denbighshire","Outside London","G7","[c]","[c]","[c]","[c]"
"Leaver Dept.","2022","Department for Work and Pensions (excl. agencies)","Cornwall and Isles of Scilly","Outside London","AO","[c]","[c]","[c]","[c]"
"Leaver Dept.","2022","Department for Work and Pensions (excl. agencies)","Cornwall and Isles of Scilly","Outside London","EO","[c]","[c]","[c]","[c]"
"Leaver Dept.","2022","Department for Work and Pensions (excl. agencies)","Cornwall and Isles of Scilly","Outside London","HEO","[c]","[c]","[c]","[c]"
"Leaver Dept.","2022","Department for Work and Pensions (excl. agencies)","Cornwall and Isles of Scilly","Outside London","SEO","[c]","[c]","[c]","[c]"
"Leaver Dept.","2022","Department for Work and Pensions (excl. agencies)","Coventry","Outside London","AO","[c]","[c]","[c]","[c]"
"Leaver Dept.","2022","Department for Work and Pensions (excl. agencies)","Coventry","Outside London","EO","20","[c]","27570","27570"
"Leaver Dept.","2022","Department for Work and Pensions (excl. agencies)","Coventry","Outside London","HEO","[c]","[c]","[c]","[c]"
"Leaver Dept.","2022","Department for Work and Pensions (excl. agencies)","Coventry","Outside London","SEO","[c]","[c]","[c]","[c]"
"Leaver Dept.","2022","Department for Work and Pensions (excl. agencies)","Croydon","London","EO","25","[c]","30880","31060"
"Leaver Dept.","2022","Department for Work and Pensions (excl. agencies)","Darlington","Outside London","EO","[c]","[c]","[c]","[c]"
"Leaver Dept.","2022","Department for Work and Pensions (excl. agencies)","Derby","Outside London","AO","[c]","[c]","[c]","[c]"
"Leaver Dept.","2022","Department for Work and Pensions (excl. agencies)","Derby","Outside London","EO","10","[c]","[c]","[c]"
"Leaver Dept.","2022","Department for Work and Pensions (excl. agencies)","Derby","Outside London","HEO","[c]","[c]","[c]","[c]"
"Leaver Dept.","2022","Department for Work and Pensions (excl. agencies)","Devon CC","Outside London","AO","15","[c]","21260","21260"
"Leaver Dept.","2022","Department for Work and Pensions (excl. agencies)","Devon CC","Outside London","EO","10","[c]","[c]","[c]"
"Leaver Dept.","2022","Department for Work and Pensions (excl. agencies)","Devon CC","Outside London","HEO","5","[c]","[c]","[c]"
"Leaver Dept.","2022","Department for Work and Pensions (excl. agencies)","Devon CC","Outside London","SEO","[c]","[c]","[c]","[c]"
"Leaver Dept.","2022","Department for Work and Pensions (excl. agencies)","Dudley","Outside London","AO","10","[c]","21190","21260"
"Leaver Dept.","2022","Department for Work and Pensions (excl. agencies)","Dudley","Outside London","EO","15","[c]","27570","27570"
"Leaver Dept.","2022","Department for Work and Pensions (excl. agencies)","Dudley","Outside London","G7","[c]","[c]","[c]","[c]"
"Leaver Dept.","2022","Department for Work and Pensions (excl. agencies)","Dudley","Outside London","HEO","[c]","[c]","[c]","[c]"
"Leaver Dept.","2022","Department for Work and Pensions (excl. agencies)","Dumfries and Galloway","Outside London","EO","[c]","[c]","[c]","[c]"
"Leaver Dept.","2022","Department for Work and Pensions (excl. agencies)","Durham","Outside London","AO","10","[c]","21150","21260"
"Leaver Dept.","2022","Department for Work and Pensions (excl. agencies)","Durham","Outside London","EO","15","[c]","27570","27570"
"Leaver Dept.","2022","Department for Work and Pensions (excl. agencies)","Durham","Outside London","HEO","[c]","[c]","[c]","[c]"
"Leaver Dept.","2022","Department for Work and Pensions (excl. agencies)","Ealing","London","EO","15","[c]","31060","31060"
"Leaver Dept.","2022","Department for Work and Pensions (excl. agencies)","East Ayrshire and North Ayrshire mainland","Outside London","EO","10","[c]","27570","27570"
"Leaver Dept.","2022","Department for Work and Pensions (excl. agencies)","East Cumbria","Outside London","AO","[c]","[c]","[c]","[c]"
"Leaver Dept.","2022","Department for Work and Pensions (excl. agencies)","East Cumbria","Outside London","EO","[c]","[c]","[c]","[c]"
"Leaver Dept.","2022","Department for Work and Pensions (excl. agencies)","East Derbyshire","Outside London","EO","10","[c]","[c]","[c]"
"Leaver Dept.","2022","Department for Work and Pensions (excl. agencies)","East Dunbartonshire, West Dunbartonshire, and Helensburgh and Lomond","Outside London","AO","[c]","[c]","[c]","[c]"
"Leaver Dept.","2022","Department for Work and Pensions (excl. agencies)","East Dunbartonshire, West Dunbartonshire, and Helensburgh and Lomond","Outside London","EO","10","[c]","27570","27570"
"Leaver Dept.","2022","Department for Work and Pensions (excl. agencies)","East Dunbartonshire, West Dunbartonshire, and Helensburgh and Lomond","Outside London","HEO","[c]","[c]","[c]","[c]"
"Leaver Dept.","2022","Department for Work and Pensions (excl. agencies)","East Kent","Outside London","AO","5","[c]","[c]","[c]"
"Leaver Dept.","2022","Department for Work and Pensions (excl. agencies)","East Kent","Outside London","EO","10","[c]","29620","29290"
"Leaver Dept.","2022","Department for Work and Pensions (excl. agencies)","East Kent","Outside London","HEO","[c]","[c]","[c]","[c]"
"Leaver Dept.","2022","Department for Work and Pensions (excl. agencies)","East Lancashire","Outside London","AO","[c]","[c]","[c]","[c]"
"Leaver Dept.","2022","Department for Work and Pensions (excl. agencies)","East Lancashire","Outside London","EO","[c]","[c]","[c]","[c]"
"Leaver Dept.","2022","Department for Work and Pensions (excl. agencies)","East Lothian and Midlothian","Outside London","EO","5","[c]","[c]","[c]"
"Leaver Dept.","2022","Department for Work and Pensions (excl. agencies)","East Merseyside","Outside London","AO","[c]","[c]","[c]","[c]"
"Leaver Dept.","2022","Department for Work and Pensions (excl. agencies)","East Merseyside","Outside London","EO","10","[c]","[c]","[c]"
"Leaver Dept.","2022","Department for Work and Pensions (excl. agencies)","East Merseyside","Outside London","HEO","[c]","[c]","[c]","[c]"
"Leaver Dept.","2022","Department for Work and Pensions (excl. agencies)","East Surrey","Outside London","EO","[c]","[c]","[c]","[c]"
"Leaver Dept.","2022","Department for Work and Pensions (excl. agencies)","East Sussex CC","Outside London","AO","[c]","[c]","[c]","[c]"
"Leaver Dept.","2022","Department for Work and Pensions (excl. agencies)","East Sussex CC","Outside London","EO","15","[c]","27570","27570"
"Leaver Dept.","2022","Department for Work and Pensions (excl. agencies)","East Sussex CC","Outside London","HEO","[c]","[c]","[c]","[c]"
"Leaver Dept.","2022","Department for Work and Pensions (excl. agencies)","Enfield","London","EO","5","[c]","[c]","[c]"
"Leaver Dept.","2022","Department for Work and Pensions (excl. agencies)","Essex Haven Gateway","Outside London","EO","[c]","[c]","[c]","[c]"
"Leaver Dept.","2022","Department for Work and Pensions (excl. agencies)","Essex Thames Gateway","Outside London","AO","[c]","[c]","[c]","[c]"
"Leaver Dept.","2022","Department for Work and Pensions (excl. agencies)","Essex Thames Gateway","Outside London","EO","[c]","[c]","[c]","[c]"
"Leaver Dept.","2022","Department for Work and Pensions (excl. agencies)","Essex Thames Gateway","Outside London","HEO","[c]","[c]","[c]","[c]"
"Leaver Dept.","2022","Department for Work and Pensions (excl. agencies)","Falkirk","Outside London","AO","30","[c]","21210","21260"
"Leaver Dept.","2022","Department for Work and Pensions (excl. agencies)","Falkirk","Outside London","EO","15","[c]","27570","27570"
"Leaver Dept.","2022","Department for Work and Pensions (excl. agencies)","Falkirk","Outside London","HEO","[c]","[c]","[c]","[c]"
"Leaver Dept.","2022","Department for Work and Pensions (excl. agencies)","Flintshire and Wrexham","Outside London","AO","[c]","[c]","[c]","[c]"
"Leaver Dept.","2022","Department for Work and Pensions (excl. agencies)","Flintshire and Wrexham","Outside London","EO","5","[c]","[c]","[c]"
"Leaver Dept.","2022","Department for Work and Pensions (excl. agencies)","Flintshire and Wrexham","Outside London","HEO","[c]","[c]","[c]","[c]"
"Leaver Dept.","2022","Department for Work and Pensions (excl. agencies)","Glasgow City","Outside London","AO","30","[c]","21190","21260"
"Leaver Dept.","2022","Department for Work and Pensions (excl. agencies)","Glasgow City","Outside London","EO","85","[c]","27490","27570"
"Leaver Dept.","2022","Department for Work and Pensions (excl. agencies)","Glasgow City","Outside London","G7","[c]","[c]","[c]","[c]"
"Leaver Dept.","2022","Department for Work and Pensions (excl. agencies)","Glasgow City","Outside London","HEO","15","[c]","32210","31990"
"Leaver Dept.","2022","Department for Work and Pensions (excl. agencies)","Glasgow City","Outside London","SEO","[c]","[c]","[c]","[c]"
"Leaver Dept.","2022","Department for Work and Pensions (excl. agencies)","Gloucestershire CC","Outside London","AO","[c]","[c]","[c]","[c]"
"Leaver Dept.","2022","Department for Work and Pensions (excl. agencies)","Gloucestershire CC","Outside London","EO","5","[c]","[c]","[c]"
"Leaver Dept.","2022","Department for Work and Pensions (excl. agencies)","Greater Manchester North East","Outside London","EO","30","[c]","27450","27570"
"Leaver Dept.","2022","Department for Work and Pensions (excl. agencies)","Greater Manchester North East","Outside London","HEO","[c]","[c]","[c]","[c]"
"Leaver Dept.","2022","Department for Work and Pensions (excl. agencies)","Greater Manchester North West","Outside London","AO","[c]","[c]","[c]","[c]"
"Leaver Dept.","2022","Department for Work and Pensions (excl. agencies)","Greater Manchester North West","Outside London","EO","20","[c]","27210","27570"
"Leaver Dept.","2022","Department for Work and Pensions (excl. agencies)","Greater Manchester North West","Outside London","HEO","[c]","[c]","[c]","[c]"
"Leaver Dept.","2022","Department for Work and Pensions (excl. agencies)","Greater Manchester South East","Outside London","AO","10","[c]","[c]","[c]"
"Leaver Dept.","2022","Department for Work and Pensions (excl. agencies)","Greater Manchester South East","Outside London","EO","10","[c]","[c]","[c]"
"Leaver Dept.","2022","Department for Work and Pensions (excl. agencies)","Greater Manchester South East","Outside London","HEO","[c]","[c]","[c]","[c]"
"Leaver Dept.","2022","Department for Work and Pensions (excl. agencies)","Greater Manchester South East","Outside London","SEO","[c]","[c]","[c]","[c]"
"Leaver Dept.","2022","Department for Work and Pensions (excl. agencies)","Greater Manchester South West","Outside London","AO","15","[c]","21200","21260"
"Leaver Dept.","2022","Department for Work and Pensions (excl. agencies)","Greater Manchester South West","Outside London","EO","10","[c]","27570","27570"
"Leaver Dept.","2022","Department for Work and Pensions (excl. agencies)","Greater Manchester South West","Outside London","G7","[c]","[c]","[c]","[c]"
"Leaver Dept.","2022","Department for Work and Pensions (excl. agencies)","Greater Manchester South West","Outside London","HEO","[c]","[c]","[c]","[c]"
"Leaver Dept.","2022","Department for Work and Pensions (excl. agencies)","Greater Manchester South West","Outside London","SEO","[c]","[c]","[c]","[c]"
"Leaver Dept.","2022","Department for Work and Pensions (excl. agencies)","Gwent Valleys","Outside London","AO","[c]","[c]","[c]","[c]"
"Leaver Dept.","2022","Department for Work and Pensions (excl. agencies)","Gwent Valleys","Outside London","EO","20","[c]","27430","27570"
"Leaver Dept.","2022","Department for Work and Pensions (excl. agencies)","Gwynedd","Outside London","AO","[c]","[c]","[c]","[c]"
"Leaver Dept.","2022","Department for Work and Pensions (excl. agencies)","Gwynedd","Outside London","EO","[c]","[c]","[c]","[c]"
"Leaver Dept.","2022","Department for Work and Pensions (excl. agencies)","Hackney and Newham","London","AO","[c]","[c]","[c]","[c]"
"Leaver Dept.","2022","Department for Work and Pensions (excl. agencies)","Hackney and Newham","London","EO","50","[c]","31110","31060"
"Leaver Dept.","2022","Department for Work and Pensions (excl. agencies)","Hackney and Newham","London","HEO","[c]","[c]","[c]","[c]"
"Leaver Dept.","2022","Department for Work and Pensions (excl. agencies)","Hackney and Newham","London","SEO","[c]","[c]","[c]","[c]"
"Leaver Dept.","2022","Department for Work and Pensions (excl. agencies)","Haringey and Islington","London","AO","[c]","[c]","[c]","[c]"
"Leaver Dept.","2022","Department for Work and Pensions (excl. agencies)","Haringey and Islington","London","EO","15","[c]","31060","31060"
"Leaver Dept.","2022","Department for Work and Pensions (excl. agencies)","Harrow and Hillingdon","London","EO","10","[c]","31060","31060"
"Leaver Dept.","2022","Department for Work and Pensions (excl. agencies)","Harrow and Hillingdon","London","HEO","[c]","[c]","[c]","[c]"
"Leaver Dept.","2022","Department for Work and Pensions (excl. agencies)","Hartlepool and Stockton-on-Tees","Outside London","AO","5","[c]","[c]","[c]"
"Leaver Dept.","2022","Department for Work and Pensions (excl. agencies)","Hartlepool and Stockton-on-Tees","Outside London","EO","15","[c]","27570","27570"
"Leaver Dept.","2022","Department for Work and Pensions (excl. agencies)","Hartlepool and Stockton-on-Tees","Outside London","HEO","[c]","[c]","[c]","[c]"
"Leaver Dept.","2022","Department for Work and Pensions (excl. agencies)","Heart of Essex","Outside London","EO","[c]","[c]","[c]","[c]"
"Leaver Dept.","2022","Department for Work and Pensions (excl. agencies)","Hertfordshire CC","Outside London","AO","[c]","[c]","[c]","[c]"
"Leaver Dept.","2022","Department for Work and Pensions (excl. agencies)","Hertfordshire CC","Outside London","EO","15","[c]","29780","29290"
"Leaver Dept.","2022","Department for Work and Pensions (excl. agencies)","Hounslow and Richmond upon Thames","London","EO","10","[c]","31060","31060"
"Leaver Dept.","2022","Department for Work and Pensions (excl. agencies)","Inverclyde, East Renfrewshire, and Renfrewshire","Outside London","EO","5","[c]","[c]","[c]"
"Leaver Dept.","2022","Department for Work and Pensions (excl. agencies)","Inverclyde, East Renfrewshire, and Renfrewshire","Outside London","HEO","[c]","[c]","[c]","[c]"
"Leaver Dept.","2022","Department for Work and Pensions (excl. agencies)","Inverness and Nairn, Moray, and Badenoch and Strathspey","Outside London","EO","5","[c]","[c]","[c]"
"Leaver Dept.","2022","Department for Work and Pensions (excl. agencies)","Inverness and Nairn, Moray, and Badenoch and Strathspey","Outside London","HEO","[c]","[c]","[c]","[c]"
"Leaver Dept.","2022","Department for Work and Pensions (excl. agencies)","Isle of Anglesey","Outside London","EO","[c]","[c]","[c]","[c]"
"Leaver Dept.","2022","Department for Work and Pensions (excl. agencies)","Isle of Anglesey","Outside London","HEO","[c]","[c]","[c]","[c]"
"Leaver Dept.","2022","Department for Work and Pensions (excl. agencies)","Isle of Wight","Outside London","EO","[c]","[c]","[c]","[c]"
"Leaver Dept.","2022","Department for Work and Pensions (excl. agencies)","Isle of Wight","Outside London","HEO","[c]","[c]","[c]","[c]"
"Leaver Dept.","2022","Department for Work and Pensions (excl. agencies)","Kensington & Chelsea and Hammersmith & Fulham","London","EO","[c]","[c]","[c]","[c]"
"Leaver Dept.","2022","Department for Work and Pensions (excl. agencies)","Kensington & Chelsea and Hammersmith & Fulham","London","HEO","[c]","[c]","[c]","[c]"
"Leaver Dept.","2022","Department for Work and Pensions (excl. agencies)","Kent Thames Gateway","Outside London","EO","[c]","[c]","[c]","[c]"
"Leaver Dept.","2022","Department for Work and Pensions (excl. agencies)","Kingston upon Hull, City of","Outside London","AO","[c]","[c]","[c]","[c]"
"Leaver Dept.","2022","Department for Work and Pensions (excl. agencies)","Kingston upon Hull, City of","Outside London","EO","5","[c]","[c]","[c]"
"Leaver Dept.","2022","Department for Work and Pensions (excl. agencies)","Lambeth","London","EO","10","[c]","[c]","[c]"
"Leaver Dept.","2022","Department for Work and Pensions (excl. agencies)","Lambeth","London","G7","[c]","[c]","[c]","[c]"
"Leaver Dept.","2022","Department for Work and Pensions (excl. agencies)","Lambeth","London","HEO","[c]","[c]","[c]","[c]"
"Leaver Dept.","2022","Department for Work and Pensions (excl. agencies)","Lancaster and Wyre","Outside London","AO","[c]","[c]","[c]","[c]"
"Leaver Dept.","2022","Department for Work and Pensions (excl. agencies)","Lancaster and Wyre","Outside London","EO","[c]","[c]","[c]","[c]"
"Leaver Dept.","2022","Department for Work and Pensions (excl. agencies)","Lancaster and Wyre","Outside London","HEO","[c]","[c]","[c]","[c]"
"Leaver Dept.","2022","Department for Work and Pensions (excl. agencies)","Leeds","Outside London","AO","10","[c]","21220","21260"
"Leaver Dept.","2022","Department for Work and Pensions (excl. agencies)","Leeds","Outside London","EO","60","[c]","27540","27570"
"Leaver Dept.","2022","Department for Work and Pensions (excl. agencies)","Leeds","Outside London","G6","5","[c]","[c]","[c]"
"Leaver Dept.","2022","Department for Work and Pensions (excl. agencies)","Leeds","Outside London","G7","10","[c]","51400","49950"
"Leaver Dept.","2022","Department for Work and Pensions (excl. agencies)","Leeds","Outside London","HEO","30","[c]","32490","31990"
"Leaver Dept.","2022","Department for Work and Pensions (excl. agencies)","Leeds","Outside London","SCS level","[c]","[c]","[c]","[c]"
"Leaver Dept.","2022","Department for Work and Pensions (excl. agencies)","Leeds","Outside London","SEO","15","[c]","37790","36480"
"Leaver Dept.","2022","Department for Work and Pensions (excl. agencies)","Leicester","Outside London","AO","15","[c]","21220","21260"
"Leaver Dept.","2022","Department for Work and Pensions (excl. agencies)","Leicester","Outside London","EO","10","[c]","[c]","[c]"
"Leaver Dept.","2022","Department for Work and Pensions (excl. agencies)","Leicester","Outside London","HEO","5","[c]","[c]","[c]"
"Leaver Dept.","2022","Department for Work and Pensions (excl. agencies)","Leicester","Outside London","SEO","[c]","[c]","[c]","[c]"
"Leaver Dept.","2022","Department for Work and Pensions (excl. agencies)","Leicestershire CC and Rutland","Outside London","EO","[c]","[c]","[c]","[c]"
"Leaver Dept.","2022","Department for Work and Pensions (excl. agencies)","Lewisham and Southwark","London","AO","[c]","[c]","[c]","[c]"
"Leaver Dept.","2022","Department for Work and Pensions (excl. agencies)","Lewisham and Southwark","London","EO","20","[c]","31060","31060"
"Leaver Dept.","2022","Department for Work and Pensions (excl. agencies)","Lincolnshire CC","Outside London","EO","[c]","[c]","[c]","[c]"
"Leaver Dept.","2022","Department for Work and Pensions (excl. agencies)","Lincolnshire CC","Outside London","HEO","[c]","[c]","[c]","[c]"
"Leaver Dept.","2022","Department for Work and Pensions (excl. agencies)","Liverpool","Outside London","AO","5","[c]","[c]","[c]"
"Leaver Dept.","2022","Department for Work and Pensions (excl. agencies)","Liverpool","Outside London","EO","30","[c]","27570","27570"
"Leaver Dept.","2022","Department for Work and Pensions (excl. agencies)","Liverpool","Outside London","HEO","[c]","[c]","[c]","[c]"
"Leaver Dept.","2022","Department for Work and Pensions (excl. agencies)","Lochaber, Skye and Lochalsh, Arran and Cumbrae, and Argyll and Bute","Outside London","EO","[c]","[c]","[c]","[c]"
"Leaver Dept.","2022","Department for Work and Pensions (excl. agencies)","Luton","Outside London","AO","[c]","[c]","[c]","[c]"
"Leaver Dept.","2022","Department for Work and Pensions (excl. agencies)","Luton","Outside London","EO","[c]","[c]","[c]","[c]"
"Leaver Dept.","2022","Department for Work and Pensions (excl. agencies)","Manchester","Outside London","AO","[c]","[c]","[c]","[c]"
"Leaver Dept.","2022","Department for Work and Pensions (excl. agencies)","Manchester","Outside London","EO","70","[c]","27480","27570"
"Leaver Dept.","2022","Department for Work and Pensions (excl. agencies)","Manchester","Outside London","G6","[c]","[c]","[c]","[c]"
"Leaver Dept.","2022","Department for Work and Pensions (excl. agencies)","Manchester","Outside London","G7","5","[c]","[c]","[c]"
"Leaver Dept.","2022","Department for Work and Pensions (excl. agencies)","Manchester","Outside London","HEO","10","[c]","32920","31990"
"Leaver Dept.","2022","Department for Work and Pensions (excl. agencies)","Manchester","Outside London","SCS level","[c]","[c]","[c]","[c]"
"Leaver Dept.","2022","Department for Work and Pensions (excl. agencies)","Manchester","Outside London","SEO","20","[c]","37250","35310"
"Leaver Dept.","2022","Department for Work and Pensions (excl. agencies)","Medway","Outside London","EO","[c]","[c]","[c]","[c]"
"Leaver Dept.","2022","Department for Work and Pensions (excl. agencies)","Merton, Kingston upon Thames and Sutton","London","AO","[c]","[c]","[c]","[c]"
"Leaver Dept.","2022","Department for Work and Pensions (excl. agencies)","Merton, Kingston upon Thames and Sutton","London","EO","10","[c]","30990","31060"
"Leaver Dept.","2022","Department for Work and Pensions (excl. agencies)","Merton, Kingston upon Thames and Sutton","London","HEO","[c]","[c]","[c]","[c]"
"Leaver Dept.","2022","Department for Work and Pensions (excl. agencies)","Mid Kent","Outside London","EO","[c]","[c]","[c]","[c]"
"Leaver Dept.","2022","Department for Work and Pensions (excl. agencies)","Mid Lancashire","Outside London","AO","10","[c]","21090","21260"
"Leaver Dept.","2022","Department for Work and Pensions (excl. agencies)","Mid Lancashire","Outside London","EO","10","[c]","27570","27570"
"Leaver Dept.","2022","Department for Work and Pensions (excl. agencies)","Mid Lancashire","Outside London","HEO","[c]","[c]","[c]","[c]"
"Leaver Dept.","2022","Department for Work and Pensions (excl. agencies)","Mid Lancashire","Outside London","SEO","[c]","[c]","[c]","[c]"
"Leaver Dept.","2022","Department for Work and Pensions (excl. agencies)","Milton Keynes","Outside London","EO","5","[c]","[c]","[c]"
"Leaver Dept.","2022","Department for Work and Pensions (excl. agencies)","Monmouthshire and Newport","Outside London","AO","[c]","[c]","[c]","[c]"
"Leaver Dept.","2022","Department for Work and Pensions (excl. agencies)","Monmouthshire and Newport","Outside London","EO","10","[c]","27570","27570"
"Leaver Dept.","2022","Department for Work and Pensions (excl. agencies)","Monmouthshire and Newport","Outside London","HEO","[c]","[c]","[c]","[c]"
"Leaver Dept.","2022","Department for Work and Pensions (excl. agencies)","Na h-Eileanan Siar","Outside London","AO","[c]","[c]","[c]","[c]"
"Leaver Dept.","2022","Department for Work and Pensions (excl. agencies)","North and North East Lincolnshire","Outside London","AO","[c]","[c]","[c]","[c]"
"Leaver Dept.","2022","Department for Work and Pensions (excl. agencies)","North and North East Lincolnshire","Outside London","EO","[c]","[c]","[c]","[c]"
"Leaver Dept.","2022","Department for Work and Pensions (excl. agencies)","North and West Norfolk","Outside London","EO","[c]","[c]","[c]","[c]"
"Leaver Dept.","2022","Department for Work and Pensions (excl. agencies)","North Hampshire","Outside London","EO","[c]","[c]","[c]","[c]"
"Leaver Dept.","2022","Department for Work and Pensions (excl. agencies)","North Hampshire","Outside London","HEO","[c]","[c]","[c]","[c]"
"Leaver Dept.","2022","Department for Work and Pensions (excl. agencies)","North Lanarkshire","Outside London","AO","20","[c]","21160","21260"
"Leaver Dept.","2022","Department for Work and Pensions (excl. agencies)","North Lanarkshire","Outside London","EO","25","[c]","27370","27570"
"Leaver Dept.","2022","Department for Work and Pensions (excl. agencies)","North Lanarkshire","Outside London","HEO","[c]","[c]","[c]","[c]"
"Leaver Dept.","2022","Department for Work and Pensions (excl. agencies)","North Northamptonshire","Outside London","AO","[c]","[c]","[c]","[c]"
"Leaver Dept.","2022","Department for Work and Pensions (excl. agencies)","North Northamptonshire","Outside London","EO","[c]","[c]","[c]","[c]"
"Leaver Dept.","2022","Department for Work and Pensions (excl. agencies)","North Nottinghamshire","Outside London","EO","5","[c]","[c]","[c]"
"Leaver Dept.","2022","Department for Work and Pensions (excl. agencies)","North Nottinghamshire","Outside London","HEO","[c]","[c]","[c]","[c]"
"Leaver Dept.","2022","Department for Work and Pensions (excl. agencies)","North Yorkshire CC","Outside London","EO","[c]","[c]","[c]","[c]"
"Leaver Dept.","2022","Department for Work and Pensions (excl. agencies)","North Yorkshire CC","Outside London","HEO","[c]","[c]","[c]","[c]"
"Leaver Dept.","2022","Department for Work and Pensions (excl. agencies)","Northumberland","Outside London","EO","5","[c]","[c]","[c]"
"Leaver Dept.","2022","Department for Work and Pensions (excl. agencies)","Norwich and East Norfolk","Outside London","EO","5","[c]","[c]","[c]"
"Leaver Dept.","2022","Department for Work and Pensions (excl. agencies)","Norwich and East Norfolk","Outside London","SEO","[c]","[c]","[c]","[c]"
"Leaver Dept.","2022","Department for Work and Pensions (excl. agencies)","Nottingham","Outside London","AO","10","[c]","[c]","[c]"
"Leaver Dept.","2022","Department for Work and Pensions (excl. agencies)","Nottingham","Outside London","EO","30","[c]","27570","27570"
"Leaver Dept.","2022","Department for Work and Pensions (excl. agencies)","Nottingham","Outside London","G6","[c]","[c]","[c]","[c]"
"Leaver Dept.","2022","Department for Work and Pensions (excl. agencies)","Nottingham","Outside London","HEO","[c]","[c]","[c]","[c]"
"Leaver Dept.","2022","Department for Work and Pensions (excl. agencies)","Orkney Islands","Outside London","EO","[c]","[c]","[c]","[c]"
"Leaver Dept.","2022","Department for Work and Pensions (excl. agencies)","Oxfordshire CC","Outside London","EO","[c]","[c]","[c]","[c]"
"Leaver Dept.","2022","Department for Work and Pensions (excl. agencies)","Perth and Kinross, and Stirling","Outside London","AO","[c]","[c]","[c]","[c]"
"Leaver Dept.","2022","Department for Work and Pensions (excl. agencies)","Perth and Kinross, and Stirling","Outside London","EO","5","[c]","[c]","[c]"
"Leaver Dept.","2022","Department for Work and Pensions (excl. agencies)","Peterborough","Outside London","EO","[c]","[c]","[c]","[c]"
"Leaver Dept.","2022","Department for Work and Pensions (excl. agencies)","Peterborough","Outside London","HEO","[c]","[c]","[c]","[c]"
"Leaver Dept.","2022","Department for Work and Pensions (excl. agencies)","Plymouth","Outside London","EO","[c]","[c]","[c]","[c]"
"Leaver Dept.","2022","Department for Work and Pensions (excl. agencies)","Plymouth","Outside London","G7","[c]","[c]","[c]","[c]"
"Leaver Dept.","2022","Department for Work and Pensions (excl. agencies)","Plymouth","Outside London","HEO","[c]","[c]","[c]","[c]"
"Leaver Dept.","2022","Department for Work and Pensions (excl. agencies)","Plymouth","Outside London","SEO","[c]","[c]","[c]","[c]"
"Leaver Dept.","2022","Department for Work and Pensions (excl. agencies)","Portsmouth","Outside London","AO","[c]","[c]","[c]","[c]"
"Leaver Dept.","2022","Department for Work and Pensions (excl. agencies)","Portsmouth","Outside London","EO","[c]","[c]","[c]","[c]"
"Leaver Dept.","2022","Department for Work and Pensions (excl. agencies)","Redbridge and Waltham Forest","London","AO","10","[c]","[c]","[c]"
"Leaver Dept.","2022","Department for Work and Pensions (excl. agencies)","Redbridge and Waltham Forest","London","EO","25","[c]","31050","31060"
"Leaver Dept.","2022","Department for Work and Pensions (excl. agencies)","Sandwell","Outside London","AO","[c]","[c]","[c]","[c]"
"Leaver Dept.","2022","Department for Work and Pensions (excl. agencies)","Sandwell","Outside London","EO","20","[c]","27570","27570"
"Leaver Dept.","2022","Department for Work and Pensions (excl. agencies)","Sandwell","Outside London","HEO","[c]","[c]","[c]","[c]"
"Leaver Dept.","2022","Department for Work and Pensions (excl. agencies)","Scottish Borders","Outside London","EO","[c]","[c]","[c]","[c]"
"Leaver Dept.","2022","Department for Work and Pensions (excl. agencies)","Sefton","Outside London","AO","[c]","[c]","[c]","[c]"
"Leaver Dept.","2022","Department for Work and Pensions (excl. agencies)","Sefton","Outside London","EO","30","[c]","27570","27570"
"Leaver Dept.","2022","Department for Work and Pensions (excl. agencies)","Sefton","Outside London","HEO","5","[c]","[c]","[c]"
"Leaver Dept.","2022","Department for Work and Pensions (excl. agencies)","Sefton","Outside London","SEO","[c]","[c]","[c]","[c]"
"Leaver Dept.","2022","Department for Work and Pensions (excl. agencies)","Sheffield","Outside London","AO","5","[c]","[c]","[c]"
"Leaver Dept.","2022","Department for Work and Pensions (excl. agencies)","Sheffield","Outside London","EO","30","[c]","27670","27570"
"Leaver Dept.","2022","Department for Work and Pensions (excl. agencies)","Sheffield","Outside London","G6","[c]","[c]","[c]","[c]"
"Leaver Dept.","2022","Department for Work and Pensions (excl. agencies)","Sheffield","Outside London","G7","20","[c]","52850","52150"
"Leaver Dept.","2022","Department for Work and Pensions (excl. agencies)","Sheffield","Outside London","HEO","15","[c]","32650","31990"
"Leaver Dept.","2022","Department for Work and Pensions (excl. agencies)","Sheffield","Outside London","SCS level","[c]","[c]","[c]","[c]"
"Leaver Dept.","2022","Department for Work and Pensions (excl. agencies)","Sheffield","Outside London","SEO","20","[c]","37100","35800"
"Leaver Dept.","2022","Department for Work and Pensions (excl. agencies)","Shropshire","Outside London","EO","[c]","[c]","[c]","[c]"
"Leaver Dept.","2022","Department for Work and Pensions (excl. agencies)","Solihull","Outside London","EO","5","[c]","[c]","[c]"
"Leaver Dept.","2022","Department for Work and Pensions (excl. agencies)","Somerset CC","Outside London","AO","[c]","[c]","[c]","[c]"
"Leaver Dept.","2022","Department for Work and Pensions (excl. agencies)","Somerset CC","Outside London","EO","5","[c]","[c]","[c]"
"Leaver Dept.","2022","Department for Work and Pensions (excl. agencies)","Somerset CC","Outside London","HEO","[c]","[c]","[c]","[c]"
"Leaver Dept.","2022","Department for Work and Pensions (excl. agencies)","South Ayrshire","Outside London","EO","[c]","[c]","[c]","[c]"
"Leaver Dept.","2022","Department for Work and Pensions (excl. agencies)","South Hampshire","Outside London","EO","5","[c]","[c]","[c]"
"Leaver Dept.","2022","Department for Work and Pensions (excl. agencies)","South Lanarkshire","Outside London","EO","10","[c]","[c]","[c]"
"Leaver Dept.","2022","Department for Work and Pensions (excl. agencies)","South Lanarkshire","Outside London","HEO","[c]","[c]","[c]","[c]"
"Leaver Dept.","2022","Department for Work and Pensions (excl. agencies)","South Nottinghamshire","Outside London","AO","[c]","[c]","[c]","[c]"
"Leaver Dept.","2022","Department for Work and Pensions (excl. agencies)","South Nottinghamshire","Outside London","EO","[c]","[c]","[c]","[c]"
"Leaver Dept.","2022","Department for Work and Pensions (excl. agencies)","South Teesside","Outside London","AO","[c]","[c]","[c]","[c]"
"Leaver Dept.","2022","Department for Work and Pensions (excl. agencies)","South Teesside","Outside London","EO","[c]","[c]","[c]","[c]"
"Leaver Dept.","2022","Department for Work and Pensions (excl. agencies)","South Teesside","Outside London","HEO","[c]","[c]","[c]","[c]"
"Leaver Dept.","2022","Department for Work and Pensions (excl. agencies)","South West Wales","Outside London","EO","[c]","[c]","[c]","[c]"
"Leaver Dept.","2022","Department for Work and Pensions (excl. agencies)","South West Wales","Outside London","HEO","[c]","[c]","[c]","[c]"
"Leaver Dept.","2022","Department for Work and Pensions (excl. agencies)","Southampton","Outside London","EO","5","[c]","[c]","[c]"
"Leaver Dept.","2022","Department for Work and Pensions (excl. agencies)","Southend-on-Sea","Outside London","EO","[c]","[c]","[c]","[c]"
"Leaver Dept.","2022","Department for Work and Pensions (excl. agencies)","Southend-on-Sea","Outside London","HEO","[c]","[c]","[c]","[c]"
"Leaver Dept.","2022","Department for Work and Pensions (excl. agencies)","Staffordshire CC","Outside London","EO","15","[c]","27570","27570"
"Leaver Dept.","2022","Department for Work and Pensions (excl. agencies)","Staffordshire CC","Outside London","G7","[c]","[c]","[c]","[c]"
"Leaver Dept.","2022","Department for Work and Pensions (excl. agencies)","Staffordshire CC","Outside London","SEO","[c]","[c]","[c]","[c]"
"Leaver Dept.","2022","Department for Work and Pensions (excl. agencies)","Stoke-on-Trent","Outside London","AO","[c]","[c]","[c]","[c]"
"Leaver Dept.","2022","Department for Work and Pensions (excl. agencies)","Stoke-on-Trent","Outside London","EO","5","[c]","[c]","[c]"
"Leaver Dept.","2022","Department for Work and Pensions (excl. agencies)","Suffolk CC","Outside London","AO","[c]","[c]","[c]","[c]"
"Leaver Dept.","2022","Department for Work and Pensions (excl. agencies)","Suffolk CC","Outside London","EO","10","[c]","[c]","[c]"
"Leaver Dept.","2022","Department for Work and Pensions (excl. agencies)","Suffolk CC","Outside London","G6","[c]","[c]","[c]","[c]"
"Leaver Dept.","2022","Department for Work and Pensions (excl. agencies)","Suffolk CC","Outside London","HEO","[c]","[c]","[c]","[c]"
"Leaver Dept.","2022","Department for Work and Pensions (excl. agencies)","Suffolk CC","Outside London","SEO","[c]","[c]","[c]","[c]"
"Leaver Dept.","2022","Department for Work and Pensions (excl. agencies)","Sunderland","Outside London","AO","15","[c]","21260","21260"
"Leaver Dept.","2022","Department for Work and Pensions (excl. agencies)","Sunderland","Outside London","EO","45","[c]","27560","27570"
"Leaver Dept.","2022","Department for Work and Pensions (excl. agencies)","Sunderland","Outside London","G7","[c]","[c]","[c]","[c]"
"Leaver Dept.","2022","Department for Work and Pensions (excl. agencies)","Sunderland","Outside London","HEO","10","[c]","32130","31990"
"Leaver Dept.","2022","Department for Work and Pensions (excl. agencies)","Sunderland","Outside London","SCS level","[c]","[c]","[c]","[c]"
"Leaver Dept.","2022","Department for Work and Pensions (excl. agencies)","Sunderland","Outside London","SEO","[c]","[c]","[c]","[c]"
"Leaver Dept.","2022","Department for Work and Pensions (excl. agencies)","Swansea","Outside London","AO","[c]","[c]","[c]","[c]"
"Leaver Dept.","2022","Department for Work and Pensions (excl. agencies)","Swansea","Outside London","EO","5","[c]","[c]","[c]"
"Leaver Dept.","2022","Department for Work and Pensions (excl. agencies)","Swindon","Outside London","EO","[c]","[c]","[c]","[c]"
"Leaver Dept.","2022","Department for Work and Pensions (excl. agencies)","Telford and Wrekin","Outside London","EO","10","[c]","27570","27570"
"Leaver Dept.","2022","Department for Work and Pensions (excl. agencies)","Thurrock","Outside London","AO","[c]","[c]","[c]","[c]"
"Leaver Dept.","2022","Department for Work and Pensions (excl. agencies)","Thurrock","Outside London","EO","[c]","[c]","[c]","[c]"
"Leaver Dept.","2022","Department for Work and Pensions (excl. agencies)","Torbay","Outside London","EO","[c]","[c]","[c]","[c]"
"Leaver Dept.","2022","Department for Work and Pensions (excl. agencies)","Torbay","Outside London","HEO","[c]","[c]","[c]","[c]"
"Leaver Dept.","2022","Department for Work and Pensions (excl. agencies)","Tower Hamlets","London","AO","[c]","[c]","[c]","[c]"
"Leaver Dept.","2022","Department for Work and Pensions (excl. agencies)","Tower Hamlets","London","EO","10","[c]","31060","31060"
"Leaver Dept.","2022","Department for Work and Pensions (excl. agencies)","Tower Hamlets","London","HEO","[c]","[c]","[c]","[c]"
"Leaver Dept.","2022","Department for Work and Pensions (excl. agencies)","Tyneside","Outside London","AO","80","[c]","21170","21260"
"Leaver Dept.","2022","Department for Work and Pensions (excl. agencies)","Tyneside","Outside London","EO","70","[c]","27570","27570"
"Leaver Dept.","2022","Department for Work and Pensions (excl. agencies)","Tyneside","Outside London","G6","[c]","[c]","[c]","[c]"
"Leaver Dept.","2022","Department for Work and Pensions (excl. agencies)","Tyneside","Outside London","G7","10","[c]","52010","52020"
"Leaver Dept.","2022","Department for Work and Pensions (excl. agencies)","Tyneside","Outside London","HEO","35","[c]","32050","31990"
"Leaver Dept.","2022","Department for Work and Pensions (excl. agencies)","Tyneside","Outside London","SCS level","[c]","[c]","[c]","[c]"
"Leaver Dept.","2022","Department for Work and Pensions (excl. agencies)","Tyneside","Outside London","SEO","20","[c]","37560","35990"
"Leaver Dept.","2022","Department for Work and Pensions (excl. agencies)","Unknown","Unknown","AO","[c]","[c]","[c]","[c]"
"Leaver Dept.","2022","Department for Work and Pensions (excl. agencies)","Unknown","Unknown","EO","20","[c]","28120","27570"
"Leaver Dept.","2022","Department for Work and Pensions (excl. agencies)","Unknown","Unknown","G6","[c]","[c]","[c]","[c]"
"Leaver Dept.","2022","Department for Work and Pensions (excl. agencies)","Unknown","Unknown","G7","[c]","[c]","[c]","[c]"
"Leaver Dept.","2022","Department for Work and Pensions (excl. agencies)","Unknown","Unknown","HEO","5","[c]","[c]","[c]"
"Leaver Dept.","2022","Department for Work and Pensions (excl. agencies)","Unknown","Unknown","SEO","[c]","[c]","[c]","[c]"
"Leaver Dept.","2022","Department for Work and Pensions (excl. agencies)","Wakefield","Outside London","EO","[c]","[c]","[c]","[c]"
"Leaver Dept.","2022","Department for Work and Pensions (excl. agencies)","Wakefield","Outside London","HEO","[c]","[c]","[c]","[c]"
"Leaver Dept.","2022","Department for Work and Pensions (excl. agencies)","Walsall","Outside London","AO","[c]","[c]","[c]","[c]"
"Leaver Dept.","2022","Department for Work and Pensions (excl. agencies)","Walsall","Outside London","EO","10","[c]","[c]","[c]"
"Leaver Dept.","2022","Department for Work and Pensions (excl. agencies)","Walsall","Outside London","HEO","[c]","[c]","[c]","[c]"
"Leaver Dept.","2022","Department for Work and Pensions (excl. agencies)","Wandsworth","London","EO","5","[c]","[c]","[c]"
"Leaver Dept.","2022","Department for Work and Pensions (excl. agencies)","Warrington","Outside London","AO","[c]","[c]","[c]","[c]"
"Leaver Dept.","2022","Department for Work and Pensions (excl. agencies)","Warrington","Outside London","EO","15","[c]","27570","27570"
"Leaver Dept.","2022","Department for Work and Pensions (excl. agencies)","Warrington","Outside London","HEO","[c]","[c]","[c]","[c]"
"Leaver Dept.","2022","Department for Work and Pensions (excl. agencies)","Warrington","Outside London","SEO","[c]","[c]","[c]","[c]"
"Leaver Dept.","2022","Department for Work and Pensions (excl. agencies)","Warwickshire CC","Outside London","AO","[c]","[c]","[c]","[c]"
"Leaver Dept.","2022","Department for Work and Pensions (excl. agencies)","Warwickshire CC","Outside London","EO","5","[c]","[c]","[c]"
"Leaver Dept.","2022","Department for Work and Pensions (excl. agencies)","West Cumbria","Outside London","EO","[c]","[c]","[c]","[c]"
"Leaver Dept.","2022","Department for Work and Pensions (excl. agencies)","West Essex","Outside London","EO","5","[c]","[c]","[c]"
"Leaver Dept.","2022","Department for Work and Pensions (excl. agencies)","West Kent","Outside London","EO","[c]","[c]","[c]","[c]"
"Leaver Dept.","2022","Department for Work and Pensions (excl. agencies)","West Lothian","Outside London","AO","[c]","[c]","[c]","[c]"
"Leaver Dept.","2022","Department for Work and Pensions (excl. agencies)","West Lothian","Outside London","EO","10","[c]","[c]","[c]"
"Leaver Dept.","2022","Department for Work and Pensions (excl. agencies)","West Lothian","Outside London","HEO","[c]","[c]","[c]","[c]"
"Leaver Dept.","2022","Department for Work and Pensions (excl. agencies)","West Northamptonshire","Outside London","G7","[c]","[c]","[c]","[c]"
"Leaver Dept.","2022","Department for Work and Pensions (excl. agencies)","West Northamptonshire","Outside London","HEO","[c]","[c]","[c]","[c]"
"Leaver Dept.","2022","Department for Work and Pensions (excl. agencies)","West Surrey","Outside London","EO","[c]","[c]","[c]","[c]"
"Leaver Dept.","2022","Department for Work and Pensions (excl. agencies)","West Sussex (North East)","Outside London","EO","[c]","[c]","[c]","[c]"
"Leaver Dept.","2022","Department for Work and Pensions (excl. agencies)","West Sussex (South West)","Outside London","EO","[c]","[c]","[c]","[c]"
"Leaver Dept.","2022","Department for Work and Pensions (excl. agencies)","Westminster","London","AO","[c]","[c]","[c]","[c]"
"Leaver Dept.","2022","Department for Work and Pensions (excl. agencies)","Westminster","London","EO","40","[c]","31110","31060"
"Leaver Dept.","2022","Department for Work and Pensions (excl. agencies)","Westminster","London","G6","15","[c]","68810","69450"
"Leaver Dept.","2022","Department for Work and Pensions (excl. agencies)","Westminster","London","G7","25","[c]","55670","54070"
"Leaver Dept.","2022","Department for Work and Pensions (excl. agencies)","Westminster","London","HEO","50","[c]","35860","36650"
"Leaver Dept.","2022","Department for Work and Pensions (excl. agencies)","Westminster","London","SCS level","10","[c]","99850","89960"
"Leaver Dept.","2022","Department for Work and Pensions (excl. agencies)","Westminster","London","SEO","40","[c]","41730","40310"
"Leaver Dept.","2022","Department for Work and Pensions (excl. agencies)","Wiltshire","Outside London","AO","[c]","[c]","[c]","[c]"
"Leaver Dept.","2022","Department for Work and Pensions (excl. agencies)","Wiltshire","Outside London","EO","[c]","[c]","[c]","[c]"
"Leaver Dept.","2022","Department for Work and Pensions (excl. agencies)","Wirral","Outside London","AO","15","[c]","21150","21260"
"Leaver Dept.","2022","Department for Work and Pensions (excl. agencies)","Wirral","Outside London","EO","20","[c]","27570","27570"
"Leaver Dept.","2022","Department for Work and Pensions (excl. agencies)","Wirral","Outside London","HEO","[c]","[c]","[c]","[c]"
"Leaver Dept.","2022","Department for Work and Pensions (excl. agencies)","Wolverhampton","Outside London","AO","[c]","[c]","[c]","[c]"
"Leaver Dept.","2022","Department for Work and Pensions (excl. agencies)","Wolverhampton","Outside London","EO","15","[c]","27570","27570"
"Leaver Dept.","2022","Department for Work and Pensions (excl. agencies)","Wolverhampton","Outside London","HEO","[c]","[c]","[c]","[c]"
"Leaver Dept.","2022","Department for Work and Pensions (excl. agencies)","Worcestershire CC","Outside London","AO","[c]","[c]","[c]","[c]"
"Leaver Dept.","2022","Department for Work and Pensions (excl. agencies)","Worcestershire CC","Outside London","EO","5","[c]","[c]","[c]"
"Leaver Dept.","2022","Department for Work and Pensions (excl. agencies)","Worcestershire CC","Outside London","HEO","[c]","[c]","[c]","[c]"
"Leaver Dept.","2022","Department for Work and Pensions (excl. agencies)","York","Outside London","EO","5","[c]","[c]","[c]"
"Leaver Dept.","2022","Department of Health and Social Care (excl. agencies)","Berkshire","Outside London","SEO","[c]","[c]","[c]","[c]"
"Leaver Dept.","2022","Department of Health and Social Care (excl. agencies)","Berkshire","Outside London","Unknown","[c]","[c]","[c]","[c]"
"Leaver Dept.","2022","Department of Health and Social Care (excl. agencies)","East Lancashire","Outside London","G7","[c]","[c]","[c]","[c]"
"Leaver Dept.","2022","Department of Health and Social Care (excl. agencies)","East Merseyside","Outside London","G6","[c]","[c]","[c]","[c]"
"Leaver Dept.","2022","Department of Health and Social Care (excl. agencies)","East Merseyside","Outside London","G7","[c]","[c]","[c]","[c]"
"Leaver Dept.","2022","Department of Health and Social Care (excl. agencies)","East Merseyside","Outside London","Unknown","[c]","[c]","[c]","[c]"
"Leaver Dept.","2022","Department of Health and Social Care (excl. agencies)","Leeds","Outside London","AO","[c]","[c]","[c]","[c]"
"Leaver Dept.","2022","Department of Health and Social Care (excl. agencies)","Leeds","Outside London","EO","25","[c]","[c]","[c]"
"Leaver Dept.","2022","Department of Health and Social Care (excl. agencies)","Leeds","Outside London","G6","35","[c]","[c]","[c]"
"Leaver Dept.","2022","Department of Health and Social Care (excl. agencies)","Leeds","Outside London","G7","75","[c]","[c]","[c]"
"Leaver Dept.","2022","Department of Health and Social Care (excl. agencies)","Leeds","Outside London","HEO","100","[c]","[c]","[c]"
"Leaver Dept.","2022","Department of Health and Social Care (excl. agencies)","Leeds","Outside London","SCS level","10","[c]","[c]","[c]"
"Leaver Dept.","2022","Department of Health and Social Care (excl. agencies)","Leeds","Outside London","SEO","75","[c]","[c]","[c]"
"Leaver Dept.","2022","Department of Health and Social Care (excl. agencies)","Leeds","Outside London","Unknown","25","[c]","[c]","[c]"
"Leaver Dept.","2022","Department of Health and Social Care (excl. agencies)","Unknown","Unknown","AO","[c]","[c]","[c]","[c]"
"Leaver Dept.","2022","Department of Health and Social Care (excl. agencies)","Unknown","Unknown","EO","35","[c]","[c]","[c]"
"Leaver Dept.","2022","Department of Health and Social Care (excl. agencies)","Unknown","Unknown","G6","20","[c]","[c]","[c]"
"Leaver Dept.","2022","Department of Health and Social Care (excl. agencies)","Unknown","Unknown","G7","20","[c]","[c]","[c]"
"Leaver Dept.","2022","Department of Health and Social Care (excl. agencies)","Unknown","Unknown","HEO","55","[c]","[c]","[c]"
"Leaver Dept.","2022","Department of Health and Social Care (excl. agencies)","Unknown","Unknown","SCS level","15","[c]","[c]","[c]"
"Leaver Dept.","2022","Department of Health and Social Care (excl. agencies)","Unknown","Unknown","SEO","35","[c]","[c]","[c]"
"Leaver Dept.","2022","Department of Health and Social Care (excl. agencies)","Unknown","Unknown","Unknown","15","[c]","[c]","[c]"
"Leaver Dept.","2022","Department of Health and Social Care (excl. agencies)","Westminster","London","EO","110","[c]","[c]","[c]"
"Leaver Dept.","2022","Department of Health and Social Care (excl. agencies)","Westminster","London","G6","110","[c]","[c]","[c]"
"Leaver Dept.","2022","Department of Health and Social Care (excl. agencies)","Westminster","London","G7","160","[c]","[c]","[c]"
"Leaver Dept.","2022","Department of Health and Social Care (excl. agencies)","Westminster","London","HEO","170","[c]","[c]","[c]"
"Leaver Dept.","2022","Department of Health and Social Care (excl. agencies)","Westminster","London","SCS level","65","[c]","[c]","[c]"
"Leaver Dept.","2022","Department of Health and Social Care (excl. agencies)","Westminster","London","SEO","105","[c]","[c]","[c]"
"Leaver Dept.","2022","Department of Health and Social Care (excl. agencies)","Westminster","London","Unknown","50","[c]","[c]","[c]"
"Leaver Dept.","2022","Disclosure Scotland","Glasgow City","Outside London","AA","[c]","[c]","[c]","[c]"
"Leaver Dept.","2022","Disclosure Scotland","Glasgow City","Outside London","EO","[c]","[c]","[c]","[c]"
"Leaver Dept.","2022","Driver and Vehicle Licensing Agency","Unknown","Unknown","AA","10","[c]","[c]","[c]"
"Leaver Dept.","2022","Driver and Vehicle Licensing Agency","Unknown","Unknown","AO","50","[c]","21770","21840"
"Leaver Dept.","2022","Driver and Vehicle Licensing Agency","Unknown","Unknown","EO","30","[c]","26820","26470"
"Leaver Dept.","2022","Driver and Vehicle Licensing Agency","Unknown","Unknown","G6","[c]","[c]","[c]","[c]"
"Leaver Dept.","2022","Driver and Vehicle Licensing Agency","Unknown","Unknown","G7","5","[c]","[c]","[c]"
"Leaver Dept.","2022","Driver and Vehicle Licensing Agency","Unknown","Unknown","HEO","30","[c]","31720","31370"
"Leaver Dept.","2022","Driver and Vehicle Licensing Agency","Unknown","Unknown","SEO","20","[c]","41360","41090"
"Leaver Dept.","2022","Driver and Vehicle Standards Agency","Angus and Dundee City","Outside London","EO","[c]","[c]","[c]","[c]"
"Leaver Dept.","2022","Driver and Vehicle Standards Agency","Berkshire","Outside London","EO","[c]","[c]","[c]","[c]"
"Leaver Dept.","2022","Driver and Vehicle Standards Agency","Birmingham","Outside London","AO","[c]","[c]","[c]","[c]"
"Leaver Dept.","2022","Driver and Vehicle Standards Agency","Birmingham","Outside London","HEO","[c]","[c]","[c]","[c]"
"Leaver Dept.","2022","Driver and Vehicle Standards Agency","Bradford","Outside London","AO","[c]","[c]","[c]","[c]"
"Leaver Dept.","2022","Driver and Vehicle Standards Agency","Bristol, City of","Outside London","AO","[c]","[c]","[c]","[c]"
"Leaver Dept.","2022","Driver and Vehicle Standards Agency","Bristol, City of","Outside London","EO","5","[c]","[c]","[c]"
"Leaver Dept.","2022","Driver and Vehicle Standards Agency","Bristol, City of","Outside London","G7","[c]","[c]","[c]","[c]"
"Leaver Dept.","2022","Driver and Vehicle Standards Agency","Bristol, City of","Outside London","HEO","5","[c]","[c]","[c]"
"Leaver Dept.","2022","Driver and Vehicle Standards Agency","Bristol, City of","Outside London","SEO","5","[c]","[c]","[c]"
"Leaver Dept.","2022","Driver and Vehicle Standards Agency","Bromley","London","EO","[c]","[c]","[c]","[c]"
"Leaver Dept.","2022","Driver and Vehicle Standards Agency","Cambridgeshire CC","Outside London","AO","[c]","[c]","[c]","[c]"
"Leaver Dept.","2022","Driver and Vehicle Standards Agency","Cardiff and Vale of Glamorgan","Outside London","EO","[c]","[c]","[c]","[c]"
"Leaver Dept.","2022","Driver and Vehicle Standards Agency","Central Valleys","Outside London","HEO","[c]","[c]","[c]","[c]"
"Leaver Dept.","2022","Driver and Vehicle Standards Agency","City of Edinburgh","Outside London","AO","[c]","[c]","[c]","[c]"
"Leaver Dept.","2022","Driver and Vehicle Standards Agency","Croydon","London","HEO","[c]","[c]","[c]","[c]"
"Leaver Dept.","2022","Driver and Vehicle Standards Agency","Darlington","Outside London","AO","[c]","[c]","[c]","[c]"
"Leaver Dept.","2022","Driver and Vehicle Standards Agency","Darlington","Outside London","EO","[c]","[c]","[c]","[c]"
"Leaver Dept.","2022","Driver and Vehicle Standards Agency","Durham","Outside London","SEO","[c]","[c]","[c]","[c]"
"Leaver Dept.","2022","Driver and Vehicle Standards Agency","East Merseyside","Outside London","AO","[c]","[c]","[c]","[c]"
"Leaver Dept.","2022","Driver and Vehicle Standards Agency","East Merseyside","Outside London","EO","[c]","[c]","[c]","[c]"
"Leaver Dept.","2022","Driver and Vehicle Standards Agency","Flintshire and Wrexham","Outside London","EO","[c]","[c]","[c]","[c]"
"Leaver Dept.","2022","Driver and Vehicle Standards Agency","Greater Manchester North East","Outside London","EO","[c]","[c]","[c]","[c]"
"Leaver Dept.","2022","Driver and Vehicle Standards Agency","Greater Manchester North West","Outside London","AO","[c]","[c]","[c]","[c]"
"Leaver Dept.","2022","Driver and Vehicle Standards Agency","Greater Manchester North West","Outside London","EO","[c]","[c]","[c]","[c]"
"Leaver Dept.","2022","Driver and Vehicle Standards Agency","Gwynedd","Outside London","EO","[c]","[c]","[c]","[c]"
"Leaver Dept.","2022","Driver and Vehicle Standards Agency","Harrow and Hillingdon","London","HEO","[c]","[c]","[c]","[c]"
"Leaver Dept.","2022","Driver and Vehicle Standards Agency","Hertfordshire CC","Outside London","EO","[c]","[c]","[c]","[c]"
"Leaver Dept.","2022","Driver and Vehicle Standards Agency","Inverclyde, East Renfrewshire, and Renfrewshire","Outside London","HEO","[c]","[c]","[c]","[c]"
"Leaver Dept.","2022","Driver and Vehicle Standards Agency","Kingston upon Hull, City of","Outside London","EO","[c]","[c]","[c]","[c]"
"Leaver Dept.","2022","Driver and Vehicle Standards Agency","Leeds","Outside London","AO","[c]","[c]","[c]","[c]"
"Leaver Dept.","2022","Driver and Vehicle Standards Agency","Leeds","Outside London","G7","[c]","[c]","[c]","[c]"
"Leaver Dept.","2022","Driver and Vehicle Standards Agency","Leeds","Outside London","SEO","[c]","[c]","[c]","[c]"
"Leaver Dept.","2022","Driver and Vehicle Standards Agency","Medway","Outside London","HEO","[c]","[c]","[c]","[c]"
"Leaver Dept.","2022","Driver and Vehicle Standards Agency","Merton, Kingston upon Thames and Sutton","London","EO","[c]","[c]","[c]","[c]"
"Leaver Dept.","2022","Driver and Vehicle Standards Agency","Mid Kent","Outside London","EO","[c]","[c]","[c]","[c]"
"Leaver Dept.","2022","Driver and Vehicle Standards Agency","Mid Kent","Outside London","SEO","[c]","[c]","[c]","[c]"
"Leaver Dept.","2022","Driver and Vehicle Standards Agency","Nottingham","Outside London","EO","5","[c]","[c]","[c]"
"Leaver Dept.","2022","Driver and Vehicle Standards Agency","Nottingham","Outside London","G6","[c]","[c]","[c]","[c]"
"Leaver Dept.","2022","Driver and Vehicle Standards Agency","Nottingham","Outside London","G7","[c]","[c]","[c]","[c]"
"Leaver Dept.","2022","Driver and Vehicle Standards Agency","Nottingham","Outside London","HEO","10","[c]","31660","31380"
"Leaver Dept.","2022","Driver and Vehicle Standards Agency","Nottingham","Outside London","SEO","5","[c]","[c]","[c]"
"Leaver Dept.","2022","Driver and Vehicle Standards Agency","Oxfordshire CC","Outside London","HEO","[c]","[c]","[c]","[c]"
"Leaver Dept.","2022","Driver and Vehicle Standards Agency","Perth and Kinross, and Stirling","Outside London","EO","[c]","[c]","[c]","[c]"
"Leaver Dept.","2022","Driver and Vehicle Standards Agency","Redbridge and Waltham Forest","London","EO","[c]","[c]","[c]","[c]"
"Leaver Dept.","2022","Driver and Vehicle Standards Agency","Somerset CC","Outside London","SEO","[c]","[c]","[c]","[c]"
"Leaver Dept.","2022","Driver and Vehicle Standards Agency","South Nottinghamshire","Outside London","EO","[c]","[c]","[c]","[c]"
"Leaver Dept.","2022","Driver and Vehicle Standards Agency","Staffordshire CC","Outside London","AO","[c]","[c]","[c]","[c]"
"Leaver Dept.","2022","Driver and Vehicle Standards Agency","Swansea","Outside London","AO","5","[c]","[c]","[c]"
"Leaver Dept.","2022","Driver and Vehicle Standards Agency","Swansea","Outside London","EO","5","[c]","[c]","[c]"
"Leaver Dept.","2022","Driver and Vehicle Standards Agency","Swansea","Outside London","HEO","[c]","[c]","[c]","[c]"
"Leaver Dept.","2022","Driver and Vehicle Standards Agency","Swansea","Outside London","SEO","[c]","[c]","[c]","[c]"
"Leaver Dept.","2022","Driver and Vehicle Standards Agency","Tyneside","Outside London","AO","10","[c]","21820","21840"
"Leaver Dept.","2022","Driver and Vehicle Standards Agency","Tyneside","Outside London","EO","10","[c]","[c]","[c]"
"Leaver Dept.","2022","Driver and Vehicle Standards Agency","Tyneside","Outside London","G7","[c]","[c]","[c]","[c]"
"Leaver Dept.","2022","Driver and Vehicle Standards Agency","Tyneside","Outside London","HEO","[c]","[c]","[c]","[c]"
"Leaver Dept.","2022","Driver and Vehicle Standards Agency","Tyneside","Outside London","SEO","[c]","[c]","[c]","[c]"
"Leaver Dept.","2022","Driver and Vehicle Standards Agency","Wakefield","Outside London","EO","[c]","[c]","[c]","[c]"
"Leaver Dept.","2022","Driver and Vehicle Standards Agency","West Lothian","Outside London","EO","[c]","[c]","[c]","[c]"
"Leaver Dept.","2022","Driver and Vehicle Standards Agency","West Sussex (South West)","Outside London","SEO","[c]","[c]","[c]","[c]"
"Leaver Dept.","2022","Driver and Vehicle Standards Agency","Worcestershire CC","Outside London","SEO","[c]","[c]","[c]","[c]"
"Leaver Dept.","2022","Education and Skills Funding Agency","Bristol, City of","Outside London","EO","[c]","[c]","[c]","[c]"
"Leaver Dept.","2022","Education and Skills Funding Agency","Bristol, City of","Outside London","G7","[c]","[c]","[c]","[c]"
"Leaver Dept.","2022","Education and Skills Funding Agency","Bristol, City of","Outside London","HEO","[c]","[c]","[c]","[c]"
"Leaver Dept.","2022","Education and Skills Funding Agency","Central Bedfordshire","Outside London","SEO","[c]","[c]","[c]","[c]"
"Leaver Dept.","2022","Education and Skills Funding Agency","Coventry","Outside London","EO","5","[c]","[c]","[c]"
"Leaver Dept.","2022","Education and Skills Funding Agency","Coventry","Outside London","G6","[c]","[c]","[c]","[c]"
"Leaver Dept.","2022","Education and Skills Funding Agency","Coventry","Outside London","HEO","[c]","[c]","[c]","[c]"
"Leaver Dept.","2022","Education and Skills Funding Agency","Coventry","Outside London","SEO","5","[c]","[c]","[c]"
"Leaver Dept.","2022","Education and Skills Funding Agency","Croydon","London","SEO","[c]","[c]","[c]","[c]"
"Leaver Dept.","2022","Education and Skills Funding Agency","Darlington","Outside London","SEO","[c]","[c]","[c]","[c]"
"Leaver Dept.","2022","Education and Skills Funding Agency","Leeds","Outside London","HEO","[c]","[c]","[c]","[c]"
"Leaver Dept.","2022","Education and Skills Funding Agency","Manchester","Outside London","EO","[c]","[c]","[c]","[c]"
"Leaver Dept.","2022","Education and Skills Funding Agency","Manchester","Outside London","G7","[c]","[c]","[c]","[c]"
"Leaver Dept.","2022","Education and Skills Funding Agency","Manchester","Outside London","HEO","[c]","[c]","[c]","[c]"
"Leaver Dept.","2022","Education and Skills Funding Agency","Manchester","Outside London","SEO","[c]","[c]","[c]","[c]"
"Leaver Dept.","2022","Education and Skills Funding Agency","Nottingham","Outside London","EO","[c]","[c]","[c]","[c]"
"Leaver Dept.","2022","Education and Skills Funding Agency","Nottingham","Outside London","SEO","[c]","[c]","[c]","[c]"
"Leaver Dept.","2022","Education and Skills Funding Agency","Sheffield","Outside London","G6","[c]","[c]","[c]","[c]"
"Leaver Dept.","2022","Education and Skills Funding Agency","Sheffield","Outside London","G7","[c]","[c]","[c]","[c]"
"Leaver Dept.","2022","Education and Skills Funding Agency","Sheffield","Outside London","HEO","[c]","[c]","[c]","[c]"
"Leaver Dept.","2022","Education and Skills Funding Agency","Sheffield","Outside London","SEO","[c]","[c]","[c]","[c]"
"Leaver Dept.","2022","Education and Skills Funding Agency","Westminster","London","EO","[c]","[c]","[c]","[c]"
"Leaver Dept.","2022","Education and Skills Funding Agency","Westminster","London","G6","[c]","[c]","[c]","[c]"
"Leaver Dept.","2022","Education and Skills Funding Agency","Westminster","London","G7","[c]","[c]","[c]","[c]"
"Leaver Dept.","2022","Education and Skills Funding Agency","Westminster","London","HEO","5","[c]","[c]","[c]"
"Leaver Dept.","2022","Education and Skills Funding Agency","Westminster","London","SCS level","[c]","[c]","[c]","[c]"
"Leaver Dept.","2022","Education and Skills Funding Agency","Westminster","London","SEO","[c]","[c]","[c]","[c]"
"Leaver Dept.","2022","Estyn","Cardiff and Vale of Glamorgan","Outside London","HEO","[c]","[c]","[c]","[c]"
"Leaver Dept.","2022","Estyn","Isle of Anglesey","Outside London","G6","[c]","[c]","[c]","[c]"
"Leaver Dept.","2022","FCDO Services","Milton Keynes","Outside London","EO","[c]","[c]","[c]","[c]"
"Leaver Dept.","2022","FCDO Services","Milton Keynes","Outside London","SEO","[c]","[c]","[c]","[c]"
"Leaver Dept.","2022","Food Standards Agency","Ards and North Down","Outside London","SEO","[c]","[c]","[c]","[c]"
"Leaver Dept.","2022","Food Standards Agency","Barking & Dagenham and Havering","London","SEO","[c]","[c]","[c]","[c]"
"Leaver Dept.","2022","Food Standards Agency","Bath and North East Somerset, North Somerset and South Gloucestershire","Outside London","EO","[c]","[c]","[c]","[c]"
"Leaver Dept.","2022","Food Standards Agency","Bath and North East Somerset, North Somerset and South Gloucestershire","Outside London","SEO","[c]","[c]","[c]","[c]"
"Leaver Dept.","2022","Food Standards Agency","Berkshire","Outside London","G6","[c]","[c]","[c]","[c]"
"Leaver Dept.","2022","Food Standards Agency","Birmingham","Outside London","G7","[c]","[c]","[c]","[c]"
"Leaver Dept.","2022","Food Standards Agency","Birmingham","Outside London","HEO","[c]","[c]","[c]","[c]"
"Leaver Dept.","2022","Food Standards Agency","Birmingham","Outside London","SEO","[c]","[c]","[c]","[c]"
"Leaver Dept.","2022","Food Standards Agency","Bridgend and Neath Port Talbot","Outside London","HEO","[c]","[c]","[c]","[c]"
"Leaver Dept.","2022","Food Standards Agency","Cardiff and Vale of Glamorgan","Outside London","EO","[c]","[c]","[c]","[c]"
"Leaver Dept.","2022","Food Standards Agency","Cardiff and Vale of Glamorgan","Outside London","G6","[c]","[c]","[c]","[c]"
"Leaver Dept.","2022","Food Standards Agency","Central Valleys","Outside London","HEO","[c]","[c]","[c]","[c]"
"Leaver Dept.","2022","Food Standards Agency","Derby","Outside London","HEO","[c]","[c]","[c]","[c]"
"Leaver Dept.","2022","Food Standards Agency","Devon CC","Outside London","SEO","[c]","[c]","[c]","[c]"
"Leaver Dept.","2022","Food Standards Agency","East Cumbria","Outside London","SEO","[c]","[c]","[c]","[c]"
"Leaver Dept.","2022","Food Standards Agency","East Kent","Outside London","G7","[c]","[c]","[c]","[c]"
"Leaver Dept.","2022","Food Standards Agency","Enfield","London","G6","[c]","[c]","[c]","[c]"
"Leaver Dept.","2022","Food Standards Agency","Gloucestershire CC","Outside London","SEO","[c]","[c]","[c]","[c]"
"Leaver Dept.","2022","Food Standards Agency","Greater Manchester South West","Outside London","HEO","[c]","[c]","[c]","[c]"
"Leaver Dept.","2022","Food Standards Agency","Hertfordshire CC","Outside London","HEO","[c]","[c]","[c]","[c]"
"Leaver Dept.","2022","Food Standards Agency","Mid Lancashire","Outside London","EO","[c]","[c]","[c]","[c]"
"Leaver Dept.","2022","Food Standards Agency","Peterborough","Outside London","HEO","[c]","[c]","[c]","[c]"
"Leaver Dept.","2022","Food Standards Agency","Sheffield","Outside London","SEO","[c]","[c]","[c]","[c]"
"Leaver Dept.","2022","Food Standards Agency","Somerset CC","Outside London","EO","[c]","[c]","[c]","[c]"
"Leaver Dept.","2022","Food Standards Agency","South and West Derbyshire","Outside London","G7","[c]","[c]","[c]","[c]"
"Leaver Dept.","2022","Food Standards Agency","South Teesside","Outside London","HEO","[c]","[c]","[c]","[c]"
"Leaver Dept.","2022","Food Standards Agency","South West Wales","Outside London","G7","[c]","[c]","[c]","[c]"
"Leaver Dept.","2022","Food Standards Agency","Telford and Wrekin","Outside London","HEO","[c]","[c]","[c]","[c]"
"Leaver Dept.","2022","Food Standards Agency","Tyneside","Outside London","HEO","[c]","[c]","[c]","[c]"
"Leaver Dept.","2022","Food Standards Agency","Wakefield","Outside London","SEO","[c]","[c]","[c]","[c]"
"Leaver Dept.","2022","Food Standards Agency","Warwickshire CC","Outside London","SEO","[c]","[c]","[c]","[c]"
"Leaver Dept.","2022","Food Standards Agency","Westminster","London","EO","[c]","[c]","[c]","[c]"
"Leaver Dept.","2022","Food Standards Agency","Westminster","London","G6","[c]","[c]","[c]","[c]"
"Leaver Dept.","2022","Food Standards Agency","Westminster","London","G7","[c]","[c]","[c]","[c]"
"Leaver Dept.","2022","Food Standards Agency","Westminster","London","HEO","5","[c]","[c]","[c]"
"Leaver Dept.","2022","Food Standards Agency","Westminster","London","SEO","10","[c]","40900","40350"
"Leaver Dept.","2022","Food Standards Agency","Worcestershire CC","Outside London","SEO","[c]","[c]","[c]","[c]"
"Leaver Dept.","2022","Food Standards Agency","York","Outside London","SEO","5","[c]","[c]","[c]"
"Leaver Dept.","2022","Food Standards Scotland","Aberdeen City and Aberdeenshire","Outside London","HEO","[c]","[c]","[c]","[c]"
"Leaver Dept.","2022","Food Standards Scotland","Aberdeen City and Aberdeenshire","Outside London","SEO","[c]","[c]","[c]","[c]"
"Leaver Dept.","2022","Foreign, Commonwealth and Development Office (excl. agencies)","Milton Keynes","Outside London","AO","[c]","[c]","[c]","[c]"
"Leaver Dept.","2022","Foreign, Commonwealth and Development Office (excl. agencies)","Milton Keynes","Outside London","EO","[c]","[c]","[c]","[c]"
"Leaver Dept.","2022","Foreign, Commonwealth and Development Office (excl. agencies)","Overseas","Overseas","G6","[c]","[c]","[c]","[c]"
"Leaver Dept.","2022","Foreign, Commonwealth and Development Office (excl. agencies)","Overseas","Overseas","G7","20","[c]","[c]","[c]"
"Leaver Dept.","2022","Foreign, Commonwealth and Development Office (excl. agencies)","Overseas","Overseas","HEO","5","[c]","[c]","[c]"
"Leaver Dept.","2022","Foreign, Commonwealth and Development Office (excl. agencies)","Overseas","Overseas","SCS level","[c]","[c]","[c]","[c]"
"Leaver Dept.","2022","Foreign, Commonwealth and Development Office (excl. agencies)","Overseas","Overseas","SEO","[c]","[c]","[c]","[c]"
"Leaver Dept.","2022","Foreign, Commonwealth and Development Office (excl. agencies)","South Lanarkshire","Outside London","AO","[c]","[c]","[c]","[c]"
"Leaver Dept.","2022","Foreign, Commonwealth and Development Office (excl. agencies)","South Lanarkshire","Outside London","EO","10","[c]","[c]","[c]"
"Leaver Dept.","2022","Foreign, Commonwealth and Development Office (excl. agencies)","South Lanarkshire","Outside London","G6","5","[c]","[c]","[c]"
"Leaver Dept.","2022","Foreign, Commonwealth and Development Office (excl. agencies)","South Lanarkshire","Outside London","G7","15","[c]","50530","51420"
"Leaver Dept.","2022","Foreign, Commonwealth and Development Office (excl. agencies)","South Lanarkshire","Outside London","HEO","15","[c]","33930","33930"
"Leaver Dept.","2022","Foreign, Commonwealth and Development Office (excl. agencies)","South Lanarkshire","Outside London","SEO","20","[c]","39800","39630"
"Leaver Dept.","2022","Foreign, Commonwealth and Development Office (excl. agencies)","Westminster","London","AO","10","[c]","[c]","[c]"
"Leaver Dept.","2022","Foreign, Commonwealth and Development Office (excl. agencies)","Westminster","London","EO","20","[c]","[c]","[c]"
"Leaver Dept.","2022","Foreign, Commonwealth and Development Office (excl. agencies)","Westminster","London","G6","20","[c]","[c]","[c]"
"Leaver Dept.","2022","Foreign, Commonwealth and Development Office (excl. agencies)","Westminster","London","G7","90","[c]","52780","53680"
"Leaver Dept.","2022","Foreign, Commonwealth and Development Office (excl. agencies)","Westminster","London","HEO","105","[c]","37040","38600"
"Leaver Dept.","2022","Foreign, Commonwealth and Development Office (excl. agencies)","Westminster","London","SCS level","25","[c]","[c]","[c]"
"Leaver Dept.","2022","Foreign, Commonwealth and Development Office (excl. agencies)","Westminster","London","SEO","40","[c]","[c]","[c]"
"Leaver Dept.","2022","Forestry and Land Scotland","City of Edinburgh","Outside London","EO","[c]","[c]","[c]","[c]"
"Leaver Dept.","2022","Forestry and Land Scotland","City of Edinburgh","Outside London","G6","[c]","[c]","[c]","[c]"
"Leaver Dept.","2022","Forestry and Land Scotland","City of Edinburgh","Outside London","HEO","[c]","[c]","[c]","[c]"
"Leaver Dept.","2022","Forestry and Land Scotland","City of Edinburgh","Outside London","SEO","[c]","[c]","[c]","[c]"
"Leaver Dept.","2022","Forestry and Land Scotland","East Dunbartonshire, West Dunbartonshire, and Helensburgh and Lomond","Outside London","AO","[c]","[c]","[c]","[c]"
"Leaver Dept.","2022","Forestry and Land Scotland","Inverness and Nairn, Moray, and Badenoch and Strathspey","Outside London","AO","[c]","[c]","[c]","[c]"
"Leaver Dept.","2022","Forestry and Land Scotland","Inverness and Nairn, Moray, and Badenoch and Strathspey","Outside London","SEO","[c]","[c]","[c]","[c]"
"Leaver Dept.","2022","Forestry and Land Scotland","Scottish Borders","Outside London","G6","[c]","[c]","[c]","[c]"
"Leaver Dept.","2022","Forestry and Land Scotland","Unknown","Unknown","G7","[c]","[c]","[c]","[c]"
"Leaver Dept.","2022","Forestry and Land Scotland","West Lothian","Outside London","AO","[c]","[c]","[c]","[c]"
"Leaver Dept.","2022","Forestry and Land Scotland","West Lothian","Outside London","EO","[c]","[c]","[c]","[c]"
"Leaver Dept.","2022","Government Actuary's Department","Camden and City of London","London","AO","[c]","[c]","[c]","[c]"
"Leaver Dept.","2022","Government Actuary's Department","Camden and City of London","London","EO","[c]","[c]","[c]","[c]"
"Leaver Dept.","2022","Government Actuary's Department","Camden and City of London","London","G7","[c]","[c]","[c]","[c]"
"Leaver Dept.","2022","Government Internal Audit Agency","Blackpool","Outside London","G7","[c]","[c]","[c]","[c]"
"Leaver Dept.","2022","Government Internal Audit Agency","Cardiff and Vale of Glamorgan","Outside London","G7","[c]","[c]","[c]","[c]"
"Leaver Dept.","2022","Government Internal Audit Agency","Leeds","Outside London","HEO","[c]","[c]","[c]","[c]"
"Leaver Dept.","2022","Government Internal Audit Agency","Liverpool","Outside London","AO","[c]","[c]","[c]","[c]"
"Leaver Dept.","2022","Government Internal Audit Agency","Sefton","Outside London","SEO","[c]","[c]","[c]","[c]"
"Leaver Dept.","2022","Government Internal Audit Agency","Westminster","London","G6","[c]","[c]","[c]","[c]"
"Leaver Dept.","2022","Government Internal Audit Agency","Westminster","London","G7","[c]","[c]","[c]","[c]"
"Leaver Dept.","2022","Government Internal Audit Agency","Westminster","London","HEO","[c]","[c]","[c]","[c]"
"Leaver Dept.","2022","Government Internal Audit Agency","Westminster","London","SEO","[c]","[c]","[c]","[c]"
"Leaver Dept.","2022","Government Legal Department","Croydon","London","EO","[c]","[c]","[c]","[c]"
"Leaver Dept.","2022","Government Legal Department","Croydon","London","SEO","[c]","[c]","[c]","[c]"
"Leaver Dept.","2022","Government Legal Department","Westminster","London","AO","[c]","[c]","[c]","[c]"
"Leaver Dept.","2022","Government Legal Department","Westminster","London","EO","25","[c]","27440","27350"
"Leaver Dept.","2022","Government Legal Department","Westminster","London","G6","20","[c]","68270","66290"
"Leaver Dept.","2022","Government Legal Department","Westminster","London","G7","30","[c]","51860","51250"
"Leaver Dept.","2022","Government Legal Department","Westminster","London","HEO","10","[c]","31630","31180"
"Leaver Dept.","2022","Government Legal Department","Westminster","London","SCS level","5","[c]","[c]","[c]"
"Leaver Dept.","2022","Government Legal Department","Westminster","London","SEO","[c]","[c]","[c]","[c]"
"Leaver Dept.","2022","Government Property Agency","Birmingham","Outside London","EO","[c]","[c]","[c]","[c]"
"Leaver Dept.","2022","Government Property Agency","Leeds","Outside London","G6","[c]","[c]","[c]","[c]"
"Leaver Dept.","2022","Government Property Agency","Leeds","Outside London","G7","[c]","[c]","[c]","[c]"
"Leaver Dept.","2022","Government Property Agency","Leeds","Outside London","HEO","[c]","[c]","[c]","[c]"
"Leaver Dept.","2022","Government Property Agency","Leeds","Outside London","SEO","[c]","[c]","[c]","[c]"
"Leaver Dept.","2022","Government Property Agency","Manchester","Outside London","G7","[c]","[c]","[c]","[c]"
"Leaver Dept.","2022","Government Property Agency","Westminster","London","EO","[c]","[c]","[c]","[c]"
"Leaver Dept.","2022","Government Property Agency","Westminster","London","G7","[c]","[c]","[c]","[c]"
"Leaver Dept.","2022","Government Property Agency","Westminster","London","SCS level","[c]","[c]","[c]","[c]"
"Leaver Dept.","2022","Government Property Agency","Westminster","London","SEO","[c]","[c]","[c]","[c]"
"Leaver Dept.","2022","Health and Safety Executive","Bedford","Outside London","G6","[c]","[c]","[c]","[c]"
"Leaver Dept.","2022","Health and Safety Executive","Birmingham","Outside London","AO","[c]","[c]","[c]","[c]"
"Leaver Dept.","2022","Health and Safety Executive","Birmingham","Outside London","HEO","[c]","[c]","[c]","[c]"
"Leaver Dept.","2022","Health and Safety Executive","Birmingham","Outside London","SEO","[c]","[c]","[c]","[c]"
"Leaver Dept.","2022","Health and Safety Executive","Bristol, City of","Outside London","SEO","[c]","[c]","[c]","[c]"
"Leaver Dept.","2022","Health and Safety Executive","City of Edinburgh","Outside London","SEO","[c]","[c]","[c]","[c]"
"Leaver Dept.","2022","Health and Safety Executive","Glasgow City","Outside London","SEO","[c]","[c]","[c]","[c]"
"Leaver Dept.","2022","Health and Safety Executive","Leeds","Outside London","EO","[c]","[c]","[c]","[c]"
"Leaver Dept.","2022","Health and Safety Executive","Leeds","Outside London","SEO","[c]","[c]","[c]","[c]"
"Leaver Dept.","2022","Health and Safety Executive","North Hampshire","Outside London","HEO","[c]","[c]","[c]","[c]"
"Leaver Dept.","2022","Health and Safety Executive","Sefton","Outside London","AO","5","[c]","[c]","[c]"
"Leaver Dept.","2022","Health and Safety Executive","Sefton","Outside London","EO","5","[c]","[c]","[c]"
"Leaver Dept.","2022","Health and Safety Executive","Sefton","Outside London","G6","[c]","[c]","[c]","[c]"
"Leaver Dept.","2022","Health and Safety Executive","Sefton","Outside London","G7","[c]","[c]","[c]","[c]"
"Leaver Dept.","2022","Health and Safety Executive","Sefton","Outside London","HEO","[c]","[c]","[c]","[c]"
"Leaver Dept.","2022","Health and Safety Executive","Sefton","Outside London","SEO","10","[c]","45910","41340"
"Leaver Dept.","2022","Health and Safety Executive","Sheffield","Outside London","SEO","[c]","[c]","[c]","[c]"
"Leaver Dept.","2022","Health and Safety Executive","South and West Derbyshire","Outside London","EO","[c]","[c]","[c]","[c]"
"Leaver Dept.","2022","Health and Safety Executive","South and West Derbyshire","Outside London","G7","[c]","[c]","[c]","[c]"
"Leaver Dept.","2022","Health and Safety Executive","South and West Derbyshire","Outside London","HEO","[c]","[c]","[c]","[c]"
"Leaver Dept.","2022","Health and Safety Executive","South and West Derbyshire","Outside London","SEO","[c]","[c]","[c]","[c]"
"Leaver Dept.","2022","Health and Safety Executive","South West Wales","Outside London","HEO","[c]","[c]","[c]","[c]"
"Leaver Dept.","2022","Health and Safety Executive","Tower Hamlets","London","EO","[c]","[c]","[c]","[c]"
"Leaver Dept.","2022","Health and Safety Executive","Tower Hamlets","London","HEO","[c]","[c]","[c]","[c]"
"Leaver Dept.","2022","Health and Safety Executive","Tower Hamlets","London","SEO","[c]","[c]","[c]","[c]"
"Leaver Dept.","2022","Health and Safety Executive","Tyneside","Outside London","HEO","[c]","[c]","[c]","[c]"
"Leaver Dept.","2022","Health and Safety Executive","York","Outside London","AO","[c]","[c]","[c]","[c]"
"Leaver Dept.","2022","Health and Safety Executive","York","Outside London","EO","[c]","[c]","[c]","[c]"
"Leaver Dept.","2022","Health and Safety Executive","York","Outside London","HEO","[c]","[c]","[c]","[c]"
"Leaver Dept.","2022","Health and Safety Executive","York","Outside London","SEO","[c]","[c]","[c]","[c]"
"Leaver Dept.","2022","HM Courts and Tribunals Service","Barking & Dagenham and Havering","London","AO","[c]","[c]","[c]","[c]"
"Leaver Dept.","2022","HM Courts and Tribunals Service","Barking & Dagenham and Havering","London","EO","[c]","[c]","[c]","[c]"
"Leaver Dept.","2022","HM Courts and Tribunals Service","Barking & Dagenham and Havering","London","G7","[c]","[c]","[c]","[c]"
"Leaver Dept.","2022","HM Courts and Tribunals Service","Barnet","London","AO","[c]","[c]","[c]","[c]"
"Leaver Dept.","2022","HM Courts and Tribunals Service","Barnet","London","SEO","[c]","[c]","[c]","[c]"
"Leaver Dept.","2022","HM Courts and Tribunals Service","Bath and North East Somerset, North Somerset and South Gloucestershire","Outside London","AO","[c]","[c]","[c]","[c]"
"Leaver Dept.","2022","HM Courts and Tribunals Service","Berkshire","Outside London","SEO","[c]","[c]","[c]","[c]"
"Leaver Dept.","2022","HM Courts and Tribunals Service","Bexley and Greenwich","London","EO","[c]","[c]","[c]","[c]"
"Leaver Dept.","2022","HM Courts and Tribunals Service","Birmingham","Outside London","AA","[c]","[c]","[c]","[c]"
"Leaver Dept.","2022","HM Courts and Tribunals Service","Birmingham","Outside London","AO","35","[c]","20590","20970"
"Leaver Dept.","2022","HM Courts and Tribunals Service","Birmingham","Outside London","EO","10","[c]","[c]","[c]"
"Leaver Dept.","2022","HM Courts and Tribunals Service","Birmingham","Outside London","G7","[c]","[c]","[c]","[c]"
"Leaver Dept.","2022","HM Courts and Tribunals Service","Birmingham","Outside London","HEO","[c]","[c]","[c]","[c]"
"Leaver Dept.","2022","HM Courts and Tribunals Service","Birmingham","Outside London","SEO","5","[c]","[c]","[c]"
"Leaver Dept.","2022","HM Courts and Tribunals Service","Bradford","Outside London","AO","5","[c]","[c]","[c]"
"Leaver Dept.","2022","HM Courts and Tribunals Service","Bradford","Outside London","EO","[c]","[c]","[c]","[c]"
"Leaver Dept.","2022","HM Courts and Tribunals Service","Bristol, City of","Outside London","AA","[c]","[c]","[c]","[c]"
"Leaver Dept.","2022","HM Courts and Tribunals Service","Bristol, City of","Outside London","AO","[c]","[c]","[c]","[c]"
"Leaver Dept.","2022","HM Courts and Tribunals Service","Bristol, City of","Outside London","HEO","[c]","[c]","[c]","[c]"
"Leaver Dept.","2022","HM Courts and Tribunals Service","Bristol, City of","Outside London","SCS level","[c]","[c]","[c]","[c]"
"Leaver Dept.","2022","HM Courts and Tribunals Service","Bromley","London","AA","[c]","[c]","[c]","[c]"
"Leaver Dept.","2022","HM Courts and Tribunals Service","Buckinghamshire","Outside London","SEO","[c]","[c]","[c]","[c]"
"Leaver Dept.","2022","HM Courts and Tribunals Service","Cambridgeshire CC","Outside London","AA","[c]","[c]","[c]","[c]"
"Leaver Dept.","2022","HM Courts and Tribunals Service","Camden and City of London","London","AA","[c]","[c]","[c]","[c]"
"Leaver Dept.","2022","HM Courts and Tribunals Service","Camden and City of London","London","AO","20","[c]","23160","23040"
"Leaver Dept.","2022","HM Courts and Tribunals Service","Camden and City of London","London","EO","5","[c]","[c]","[c]"
"Leaver Dept.","2022","HM Courts and Tribunals Service","Camden and City of London","London","HEO","[c]","[c]","[c]","[c]"
"Leaver Dept.","2022","HM Courts and Tribunals Service","Camden and City of London","London","SEO","[c]","[c]","[c]","[c]"
"Leaver Dept.","2022","HM Courts and Tribunals Service","Cardiff and Vale of Glamorgan","Outside London","AA","5","[c]","[c]","[c]"
"Leaver Dept.","2022","HM Courts and Tribunals Service","Cardiff and Vale of Glamorgan","Outside London","AO","[c]","[c]","[c]","[c]"
"Leaver Dept.","2022","HM Courts and Tribunals Service","Cardiff and Vale of Glamorgan","Outside London","EO","[c]","[c]","[c]","[c]"
"Leaver Dept.","2022","HM Courts and Tribunals Service","Cardiff and Vale of Glamorgan","Outside London","G7","[c]","[c]","[c]","[c]"
"Leaver Dept.","2022","HM Courts and Tribunals Service","Cardiff and Vale of Glamorgan","Outside London","HEO","[c]","[c]","[c]","[c]"
"Leaver Dept.","2022","HM Courts and Tribunals Service","Cardiff and Vale of Glamorgan","Outside London","SEO","[c]","[c]","[c]","[c]"
"Leaver Dept.","2022","HM Courts and Tribunals Service","Central Valleys","Outside London","G7","[c]","[c]","[c]","[c]"
"Leaver Dept.","2022","HM Courts and Tribunals Service","Cheshire East","Outside London","EO","[c]","[c]","[c]","[c]"
"Leaver Dept.","2022","HM Courts and Tribunals Service","City of Edinburgh","Outside London","AO","[c]","[c]","[c]","[c]"
"Leaver Dept.","2022","HM Courts and Tribunals Service","City of Edinburgh","Outside London","EO","[c]","[c]","[c]","[c]"
"Leaver Dept.","2022","HM Courts and Tribunals Service","City of Edinburgh","Outside London","SEO","[c]","[c]","[c]","[c]"
"Leaver Dept.","2022","HM Courts and Tribunals Service","Coventry","Outside London","AO","[c]","[c]","[c]","[c]"
"Leaver Dept.","2022","HM Courts and Tribunals Service","Coventry","Outside London","SEO","[c]","[c]","[c]","[c]"
"Leaver Dept.","2022","HM Courts and Tribunals Service","Croydon","London","AA","[c]","[c]","[c]","[c]"
"Leaver Dept.","2022","HM Courts and Tribunals Service","Croydon","London","AO","[c]","[c]","[c]","[c]"
"Leaver Dept.","2022","HM Courts and Tribunals Service","Croydon","London","EO","[c]","[c]","[c]","[c]"
"Leaver Dept.","2022","HM Courts and Tribunals Service","Croydon","London","G6","[c]","[c]","[c]","[c]"
"Leaver Dept.","2022","HM Courts and Tribunals Service","Darlington","Outside London","AO","[c]","[c]","[c]","[c]"
"Leaver Dept.","2022","HM Courts and Tribunals Service","Darlington","Outside London","EO","[c]","[c]","[c]","[c]"
"Leaver Dept.","2022","HM Courts and Tribunals Service","Derby","Outside London","AO","[c]","[c]","[c]","[c]"
"Leaver Dept.","2022","HM Courts and Tribunals Service","Derby","Outside London","EO","[c]","[c]","[c]","[c]"
"Leaver Dept.","2022","HM Courts and Tribunals Service","Derby","Outside London","SEO","[c]","[c]","[c]","[c]"
"Leaver Dept.","2022","HM Courts and Tribunals Service","Devon CC","Outside London","EO","[c]","[c]","[c]","[c]"
"Leaver Dept.","2022","HM Courts and Tribunals Service","Dorset","Outside London","AO","[c]","[c]","[c]","[c]"
"Leaver Dept.","2022","HM Courts and Tribunals Service","Dorset","Outside London","EO","[c]","[c]","[c]","[c]"
"Leaver Dept.","2022","HM Courts and Tribunals Service","Dudley","Outside London","AO","[c]","[c]","[c]","[c]"
"Leaver Dept.","2022","HM Courts and Tribunals Service","Durham","Outside London","AO","[c]","[c]","[c]","[c]"
"Leaver Dept.","2022","HM Courts and Tribunals Service","Durham","Outside London","G7","[c]","[c]","[c]","[c]"
"Leaver Dept.","2022","HM Courts and Tribunals Service","East Cumbria","Outside London","AO","[c]","[c]","[c]","[c]"
"Leaver Dept.","2022","HM Courts and Tribunals Service","East Derbyshire","Outside London","SEO","[c]","[c]","[c]","[c]"
"Leaver Dept.","2022","HM Courts and Tribunals Service","East Derbyshire","Outside London","Unknown","[c]","[c]","[c]","[c]"
"Leaver Dept.","2022","HM Courts and Tribunals Service","East Kent","Outside London","AO","[c]","[c]","[c]","[c]"
"Leaver Dept.","2022","HM Courts and Tribunals Service","East Kent","Outside London","EO","[c]","[c]","[c]","[c]"
"Leaver Dept.","2022","HM Courts and Tribunals Service","East Lancashire","Outside London","AA","[c]","[c]","[c]","[c]"
"Leaver Dept.","2022","HM Courts and Tribunals Service","East Lancashire","Outside London","SEO","[c]","[c]","[c]","[c]"
"Leaver Dept.","2022","HM Courts and Tribunals Service","East Merseyside","Outside London","AO","[c]","[c]","[c]","[c]"
"Leaver Dept.","2022","HM Courts and Tribunals Service","East Surrey","Outside London","SEO","[c]","[c]","[c]","[c]"
"Leaver Dept.","2022","HM Courts and Tribunals Service","East Sussex CC","Outside London","AO","[c]","[c]","[c]","[c]"
"Leaver Dept.","2022","HM Courts and Tribunals Service","Essex Thames Gateway","Outside London","AO","[c]","[c]","[c]","[c]"
"Leaver Dept.","2022","HM Courts and Tribunals Service","Glasgow City","Outside London","AO","10","[c]","[c]","[c]"
"Leaver Dept.","2022","HM Courts and Tribunals Service","Glasgow City","Outside London","EO","[c]","[c]","[c]","[c]"
"Leaver Dept.","2022","HM Courts and Tribunals Service","Glasgow City","Outside London","HEO","[c]","[c]","[c]","[c]"
"Leaver Dept.","2022","HM Courts and Tribunals Service","Gloucestershire CC","Outside London","AO","[c]","[c]","[c]","[c]"
"Leaver Dept.","2022","HM Courts and Tribunals Service","Greater Manchester North West","Outside London","AO","[c]","[c]","[c]","[c]"
"Leaver Dept.","2022","HM Courts and Tribunals Service","Greater Manchester South West","Outside London","AO","15","[c]","20730","20970"
"Leaver Dept.","2022","HM Courts and Tribunals Service","Greater Manchester South West","Outside London","EO","5","[c]","[c]","[c]"
"Leaver Dept.","2022","HM Courts and Tribunals Service","Gwent Valleys","Outside London","AO","[c]","[c]","[c]","[c]"
"Leaver Dept.","2022","HM Courts and Tribunals Service","Gwent Valleys","Outside London","EO","[c]","[c]","[c]","[c]"
"Leaver Dept.","2022","HM Courts and Tribunals Service","Hackney and Newham","London","AO","[c]","[c]","[c]","[c]"
"Leaver Dept.","2022","HM Courts and Tribunals Service","Haringey and Islington","London","AA","5","[c]","[c]","[c]"
"Leaver Dept.","2022","HM Courts and Tribunals Service","Haringey and Islington","London","AO","5","[c]","[c]","[c]"
"Leaver Dept.","2022","HM Courts and Tribunals Service","Haringey and Islington","London","HEO","[c]","[c]","[c]","[c]"
"Leaver Dept.","2022","HM Courts and Tribunals Service","Haringey and Islington","London","SEO","[c]","[c]","[c]","[c]"
"Leaver Dept.","2022","HM Courts and Tribunals Service","Harrow and Hillingdon","London","AO","[c]","[c]","[c]","[c]"
"Leaver Dept.","2022","HM Courts and Tribunals Service","Harrow and Hillingdon","London","EO","[c]","[c]","[c]","[c]"
"Leaver Dept.","2022","HM Courts and Tribunals Service","Heart of Essex","Outside London","AA","[c]","[c]","[c]","[c]"
"Leaver Dept.","2022","HM Courts and Tribunals Service","Heart of Essex","Outside London","EO","[c]","[c]","[c]","[c]"
"Leaver Dept.","2022","HM Courts and Tribunals Service","Hertfordshire CC","Outside London","AO","[c]","[c]","[c]","[c]"
"Leaver Dept.","2022","HM Courts and Tribunals Service","Hertfordshire CC","Outside London","EO","[c]","[c]","[c]","[c]"
"Leaver Dept.","2022","HM Courts and Tribunals Service","Hounslow and Richmond upon Thames","London","AA","[c]","[c]","[c]","[c]"
"Leaver Dept.","2022","HM Courts and Tribunals Service","Hounslow and Richmond upon Thames","London","AO","[c]","[c]","[c]","[c]"
"Leaver Dept.","2022","HM Courts and Tribunals Service","Hounslow and Richmond upon Thames","London","EO","[c]","[c]","[c]","[c]"
"Leaver Dept.","2022","HM Courts and Tribunals Service","Hounslow and Richmond upon Thames","London","HEO","[c]","[c]","[c]","[c]"
"Leaver Dept.","2022","HM Courts and Tribunals Service","Kingston upon Hull, City of","Outside London","SEO","[c]","[c]","[c]","[c]"
"Leaver Dept.","2022","HM Courts and Tribunals Service","Leeds","Outside London","AO","10","[c]","20290","20970"
"Leaver Dept.","2022","HM Courts and Tribunals Service","Leeds","Outside London","EO","[c]","[c]","[c]","[c]"
"Leaver Dept.","2022","HM Courts and Tribunals Service","Leeds","Outside London","HEO","[c]","[c]","[c]","[c]"
"Leaver Dept.","2022","HM Courts and Tribunals Service","Leeds","Outside London","SEO","[c]","[c]","[c]","[c]"
"Leaver Dept.","2022","HM Courts and Tribunals Service","Leicester","Outside London","AA","[c]","[c]","[c]","[c]"
"Leaver Dept.","2022","HM Courts and Tribunals Service","Leicester","Outside London","AO","10","[c]","19900","20370"
"Leaver Dept.","2022","HM Courts and Tribunals Service","Leicester","Outside London","EO","[c]","[c]","[c]","[c]"
"Leaver Dept.","2022","HM Courts and Tribunals Service","Leicester","Outside London","HEO","[c]","[c]","[c]","[c]"
"Leaver Dept.","2022","HM Courts and Tribunals Service","Leicestershire CC and Rutland","Outside London","AO","[c]","[c]","[c]","[c]"
"Leaver Dept.","2022","HM Courts and Tribunals Service","Leicestershire CC and Rutland","Outside London","EO","[c]","[c]","[c]","[c]"
"Leaver Dept.","2022","HM Courts and Tribunals Service","Leicestershire CC and Rutland","Outside London","SCS level","[c]","[c]","[c]","[c]"
"Leaver Dept.","2022","HM Courts and Tribunals Service","Leicestershire CC and Rutland","Outside London","SEO","[c]","[c]","[c]","[c]"
"Leaver Dept.","2022","HM Courts and Tribunals Service","Lewisham and Southwark","London","AA","[c]","[c]","[c]","[c]"
"Leaver Dept.","2022","HM Courts and Tribunals Service","Lewisham and Southwark","London","EO","[c]","[c]","[c]","[c]"
"Leaver Dept.","2022","HM Courts and Tribunals Service","Lincolnshire CC","Outside London","AA","[c]","[c]","[c]","[c]"
"Leaver Dept.","2022","HM Courts and Tribunals Service","Liverpool","Outside London","AA","[c]","[c]","[c]","[c]"
"Leaver Dept.","2022","HM Courts and Tribunals Service","Liverpool","Outside London","AO","10","[c]","21090","21320"
"Leaver Dept.","2022","HM Courts and Tribunals Service","Liverpool","Outside London","EO","[c]","[c]","[c]","[c]"
"Leaver Dept.","2022","HM Courts and Tribunals Service","Liverpool","Outside London","HEO","[c]","[c]","[c]","[c]"
"Leaver Dept.","2022","HM Courts and Tribunals Service","Liverpool","Outside London","SEO","[c]","[c]","[c]","[c]"
"Leaver Dept.","2022","HM Courts and Tribunals Service","Luton","Outside London","AO","[c]","[c]","[c]","[c]"
"Leaver Dept.","2022","HM Courts and Tribunals Service","Manchester","Outside London","AA","[c]","[c]","[c]","[c]"
"Leaver Dept.","2022","HM Courts and Tribunals Service","Manchester","Outside London","AO","10","[c]","20590","20970"
"Leaver Dept.","2022","HM Courts and Tribunals Service","Manchester","Outside London","EO","5","[c]","[c]","[c]"
"Leaver Dept.","2022","HM Courts and Tribunals Service","Manchester","Outside London","HEO","[c]","[c]","[c]","[c]"
"Leaver Dept.","2022","HM Courts and Tribunals Service","Manchester","Outside London","SEO","[c]","[c]","[c]","[c]"
"Leaver Dept.","2022","HM Courts and Tribunals Service","Medway","Outside London","AA","[c]","[c]","[c]","[c]"
"Leaver Dept.","2022","HM Courts and Tribunals Service","Medway","Outside London","SEO","[c]","[c]","[c]","[c]"
"Leaver Dept.","2022","HM Courts and Tribunals Service","Merton, Kingston upon Thames and Sutton","London","AO","[c]","[c]","[c]","[c]"
"Leaver Dept.","2022","HM Courts and Tribunals Service","Merton, Kingston upon Thames and Sutton","London","HEO","[c]","[c]","[c]","[c]"
"Leaver Dept.","2022","HM Courts and Tribunals Service","Merton, Kingston upon Thames and Sutton","London","SEO","[c]","[c]","[c]","[c]"
"Leaver Dept.","2022","HM Courts and Tribunals Service","Mid Kent","Outside London","AA","[c]","[c]","[c]","[c]"
"Leaver Dept.","2022","HM Courts and Tribunals Service","Mid Kent","Outside London","G6","[c]","[c]","[c]","[c]"
"Leaver Dept.","2022","HM Courts and Tribunals Service","Mid Kent","Outside London","SEO","[c]","[c]","[c]","[c]"
"Leaver Dept.","2022","HM Courts and Tribunals Service","Mid Lancashire","Outside London","AA","[c]","[c]","[c]","[c]"
"Leaver Dept.","2022","HM Courts and Tribunals Service","Mid Lancashire","Outside London","AO","[c]","[c]","[c]","[c]"
"Leaver Dept.","2022","HM Courts and Tribunals Service","Mid Lancashire","Outside London","SEO","[c]","[c]","[c]","[c]"
"Leaver Dept.","2022","HM Courts and Tribunals Service","Monmouthshire and Newport","Outside London","AO","[c]","[c]","[c]","[c]"
"Leaver Dept.","2022","HM Courts and Tribunals Service","Monmouthshire and Newport","Outside London","HEO","[c]","[c]","[c]","[c]"
"Leaver Dept.","2022","HM Courts and Tribunals Service","Monmouthshire and Newport","Outside London","SEO","[c]","[c]","[c]","[c]"
"Leaver Dept.","2022","HM Courts and Tribunals Service","Nottingham","Outside London","AA","[c]","[c]","[c]","[c]"
"Leaver Dept.","2022","HM Courts and Tribunals Service","Nottingham","Outside London","AO","5","[c]","[c]","[c]"
"Leaver Dept.","2022","HM Courts and Tribunals Service","Nottingham","Outside London","EO","[c]","[c]","[c]","[c]"
"Leaver Dept.","2022","HM Courts and Tribunals Service","Oxfordshire CC","Outside London","EO","[c]","[c]","[c]","[c]"
"Leaver Dept.","2022","HM Courts and Tribunals Service","Peterborough","Outside London","EO","[c]","[c]","[c]","[c]"
"Leaver Dept.","2022","HM Courts and Tribunals Service","Plymouth","Outside London","AO","[c]","[c]","[c]","[c]"
"Leaver Dept.","2022","HM Courts and Tribunals Service","Plymouth","Outside London","EO","[c]","[c]","[c]","[c]"
"Leaver Dept.","2022","HM Courts and Tribunals Service","Portsmouth","Outside London","AO","[c]","[c]","[c]","[c]"
"Leaver Dept.","2022","HM Courts and Tribunals Service","Redbridge and Waltham Forest","London","AA","[c]","[c]","[c]","[c]"
"Leaver Dept.","2022","HM Courts and Tribunals Service","Redbridge and Waltham Forest","London","EO","[c]","[c]","[c]","[c]"
"Leaver Dept.","2022","HM Courts and Tribunals Service","Redbridge and Waltham Forest","London","HEO","[c]","[c]","[c]","[c]"
"Leaver Dept.","2022","HM Courts and Tribunals Service","Redbridge and Waltham Forest","London","SEO","[c]","[c]","[c]","[c]"
"Leaver Dept.","2022","HM Courts and Tribunals Service","Sheffield","Outside London","AO","[c]","[c]","[c]","[c]"
"Leaver Dept.","2022","HM Courts and Tribunals Service","Somerset CC","Outside London","AO","[c]","[c]","[c]","[c]"
"Leaver Dept.","2022","HM Courts and Tribunals Service","South Teesside","Outside London","AO","[c]","[c]","[c]","[c]"
"Leaver Dept.","2022","HM Courts and Tribunals Service","South Teesside","Outside London","HEO","[c]","[c]","[c]","[c]"
"Leaver Dept.","2022","HM Courts and Tribunals Service","South Teesside","Outside London","SEO","[c]","[c]","[c]","[c]"
"Leaver Dept.","2022","HM Courts and Tribunals Service","Southampton","Outside London","AO","[c]","[c]","[c]","[c]"
"Leaver Dept.","2022","HM Courts and Tribunals Service","Staffordshire CC","Outside London","AO","[c]","[c]","[c]","[c]"
"Leaver Dept.","2022","HM Courts and Tribunals Service","Staffordshire CC","Outside London","SCS level","[c]","[c]","[c]","[c]"
"Leaver Dept.","2022","HM Courts and Tribunals Service","Staffordshire CC","Outside London","SEO","[c]","[c]","[c]","[c]"
"Leaver Dept.","2022","HM Courts and Tribunals Service","Stoke-on-Trent","Outside London","AO","10","[c]","19910","20370"
"Leaver Dept.","2022","HM Courts and Tribunals Service","Stoke-on-Trent","Outside London","EO","5","[c]","[c]","[c]"
"Leaver Dept.","2022","HM Courts and Tribunals Service","Suffolk CC","Outside London","AO","[c]","[c]","[c]","[c]"
"Leaver Dept.","2022","HM Courts and Tribunals Service","Suffolk CC","Outside London","EO","[c]","[c]","[c]","[c]"
"Leaver Dept.","2022","HM Courts and Tribunals Service","Suffolk CC","Outside London","SEO","[c]","[c]","[c]","[c]"
"Leaver Dept.","2022","HM Courts and Tribunals Service","Sunderland","Outside London","AO","[c]","[c]","[c]","[c]"
"Leaver Dept.","2022","HM Courts and Tribunals Service","Swansea","Outside London","AO","[c]","[c]","[c]","[c]"
"Leaver Dept.","2022","HM Courts and Tribunals Service","Swansea","Outside London","EO","[c]","[c]","[c]","[c]"
"Leaver Dept.","2022","HM Courts and Tribunals Service","Swansea","Outside London","SEO","[c]","[c]","[c]","[c]"
"Leaver Dept.","2022","HM Courts and Tribunals Service","Swindon","Outside London","AA","[c]","[c]","[c]","[c]"
"Leaver Dept.","2022","HM Courts and Tribunals Service","Torbay","Outside London","AO","[c]","[c]","[c]","[c]"
"Leaver Dept.","2022","HM Courts and Tribunals Service","Tower Hamlets","London","AO","[c]","[c]","[c]","[c]"
"Leaver Dept.","2022","HM Courts and Tribunals Service","Tower Hamlets","London","EO","[c]","[c]","[c]","[c]"
"Leaver Dept.","2022","HM Courts and Tribunals Service","Tower Hamlets","London","G7","[c]","[c]","[c]","[c]"
"Leaver Dept.","2022","HM Courts and Tribunals Service","Tower Hamlets","London","SEO","[c]","[c]","[c]","[c]"
"Leaver Dept.","2022","HM Courts and Tribunals Service","Tyneside","Outside London","AO","5","[c]","[c]","[c]"
"Leaver Dept.","2022","HM Courts and Tribunals Service","Tyneside","Outside London","G7","[c]","[c]","[c]","[c]"
"Leaver Dept.","2022","HM Courts and Tribunals Service","Tyneside","Outside London","SEO","[c]","[c]","[c]","[c]"
"Leaver Dept.","2022","HM Courts and Tribunals Service","Unknown","Unknown","AO","[c]","[c]","[c]","[c]"
"Leaver Dept.","2022","HM Courts and Tribunals Service","Walsall","Outside London","AO","[c]","[c]","[c]","[c]"
"Leaver Dept.","2022","HM Courts and Tribunals Service","Wandsworth","London","AA","[c]","[c]","[c]","[c]"
"Leaver Dept.","2022","HM Courts and Tribunals Service","Wandsworth","London","AO","[c]","[c]","[c]","[c]"
"Leaver Dept.","2022","HM Courts and Tribunals Service","Warwickshire CC","Outside London","AO","[c]","[c]","[c]","[c]"
"Leaver Dept.","2022","HM Courts and Tribunals Service","Warwickshire CC","Outside London","EO","[c]","[c]","[c]","[c]"
"Leaver Dept.","2022","HM Courts and Tribunals Service","West Northamptonshire","Outside London","AO","5","[c]","[c]","[c]"
"Leaver Dept.","2022","HM Courts and Tribunals Service","West Northamptonshire","Outside London","EO","[c]","[c]","[c]","[c]"
"Leaver Dept.","2022","HM Courts and Tribunals Service","West Surrey","Outside London","AO","[c]","[c]","[c]","[c]"
"Leaver Dept.","2022","HM Courts and Tribunals Service","West Surrey","Outside London","EO","[c]","[c]","[c]","[c]"
"Leaver Dept.","2022","HM Courts and Tribunals Service","West Surrey","Outside London","SEO","[c]","[c]","[c]","[c]"
"Leaver Dept.","2022","HM Courts and Tribunals Service","Westminster","London","AA","[c]","[c]","[c]","[c]"
"Leaver Dept.","2022","HM Courts and Tribunals Service","Westminster","London","AO","10","[c]","23110","22680"
"Leaver Dept.","2022","HM Courts and Tribunals Service","Westminster","London","EO","10","[c]","27360","27360"
"Leaver Dept.","2022","HM Courts and Tribunals Service","Westminster","London","G6","[c]","[c]","[c]","[c]"
"Leaver Dept.","2022","HM Courts and Tribunals Service","Westminster","London","G7","5","[c]","[c]","[c]"
"Leaver Dept.","2022","HM Courts and Tribunals Service","Westminster","London","HEO","25","[c]","32480","32560"
"Leaver Dept.","2022","HM Courts and Tribunals Service","Westminster","London","SCS level","[c]","[c]","[c]","[c]"
"Leaver Dept.","2022","HM Courts and Tribunals Service","Westminster","London","SEO","10","[c]","38830","37400"
"Leaver Dept.","2022","HM Courts and Tribunals Service","Wiltshire","Outside London","AA","[c]","[c]","[c]","[c]"
"Leaver Dept.","2022","HM Courts and Tribunals Service","Wirral","Outside London","AO","[c]","[c]","[c]","[c]"
"Leaver Dept.","2022","HM Courts and Tribunals Service","Wirral","Outside London","EO","[c]","[c]","[c]","[c]"
"Leaver Dept.","2022","HM Courts and Tribunals Service","Wolverhampton","Outside London","AO","[c]","[c]","[c]","[c]"
"Leaver Dept.","2022","HM Courts and Tribunals Service","Wolverhampton","Outside London","HEO","[c]","[c]","[c]","[c]"
"Leaver Dept.","2022","HM Courts and Tribunals Service","Worcestershire CC","Outside London","AO","[c]","[c]","[c]","[c]"
"Leaver Dept.","2022","HM Courts and Tribunals Service","York","Outside London","AA","[c]","[c]","[c]","[c]"
"Leaver Dept.","2022","HM Courts and Tribunals Service","York","Outside London","SCS level","[c]","[c]","[c]","[c]"
"Leaver Dept.","2022","HM Crown Prosecution Service Inspectorate","Westminster","London","AO","[c]","[c]","[c]","[c]"
"Leaver Dept.","2022","HM Crown Prosecution Service Inspectorate","Westminster","London","G7","[c]","[c]","[c]","[c]"
"Leaver Dept.","2022","HM Crown Prosecution Service Inspectorate","Westminster","London","HEO","[c]","[c]","[c]","[c]"
"Leaver Dept.","2022","HM Prison and Probation Service","Barnet","London","Unknown","[c]","[c]","[c]","[c]"
"Leaver Dept.","2022","HM Prison and Probation Service","Barnsley, Doncaster and Rotherham","Outside London","AO","[c]","[c]","[c]","[c]"
"Leaver Dept.","2022","HM Prison and Probation Service","Barnsley, Doncaster and Rotherham","Outside London","EO","[c]","[c]","[c]","[c]"
"Leaver Dept.","2022","HM Prison and Probation Service","Barnsley, Doncaster and Rotherham","Outside London","HEO","[c]","[c]","[c]","[c]"
"Leaver Dept.","2022","HM Prison and Probation Service","Bath and North East Somerset, North Somerset and South Gloucestershire","Outside London","AA","[c]","[c]","[c]","[c]"
"Leaver Dept.","2022","HM Prison and Probation Service","Bath and North East Somerset, North Somerset and South Gloucestershire","Outside London","AO","[c]","[c]","[c]","[c]"
"Leaver Dept.","2022","HM Prison and Probation Service","Bath and North East Somerset, North Somerset and South Gloucestershire","Outside London","EO","[c]","[c]","[c]","[c]"
"Leaver Dept.","2022","HM Prison and Probation Service","Bath and North East Somerset, North Somerset and South Gloucestershire","Outside London","Unknown","[c]","[c]","[c]","[c]"
"Leaver Dept.","2022","HM Prison and Probation Service","Bedford","Outside London","AO","[c]","[c]","[c]","[c]"
"Leaver Dept.","2022","HM Prison and Probation Service","Bedford","Outside London","EO","[c]","[c]","[c]","[c]"
"Leaver Dept.","2022","HM Prison and Probation Service","Bedford","Outside London","Unknown","[c]","[c]","[c]","[c]"
"Leaver Dept.","2022","HM Prison and Probation Service","Berkshire","Outside London","Unknown","[c]","[c]","[c]","[c]"
"Leaver Dept.","2022","HM Prison and Probation Service","Bexley and Greenwich","London","AA","[c]","[c]","[c]","[c]"
"Leaver Dept.","2022","HM Prison and Probation Service","Bexley and Greenwich","London","AO","[c]","[c]","[c]","[c]"
"Leaver Dept.","2022","HM Prison and Probation Service","Bexley and Greenwich","London","EO","[c]","[c]","[c]","[c]"
"Leaver Dept.","2022","HM Prison and Probation Service","Bexley and Greenwich","London","HEO","[c]","[c]","[c]","[c]"
"Leaver Dept.","2022","HM Prison and Probation Service","Bexley and Greenwich","London","Unknown","[c]","[c]","[c]","[c]"
"Leaver Dept.","2022","HM Prison and Probation Service","Birmingham","Outside London","AA","[c]","[c]","[c]","[c]"
"Leaver Dept.","2022","HM Prison and Probation Service","Birmingham","Outside London","AO","[c]","[c]","[c]","[c]"
"Leaver Dept.","2022","HM Prison and Probation Service","Birmingham","Outside London","EO","[c]","[c]","[c]","[c]"
"Leaver Dept.","2022","HM Prison and Probation Service","Birmingham","Outside London","SEO","[c]","[c]","[c]","[c]"
"Leaver Dept.","2022","HM Prison and Probation Service","Birmingham","Outside London","Unknown","5","[c]","[c]","[c]"
"Leaver Dept.","2022","HM Prison and Probation Service","Blackpool","Outside London","Unknown","[c]","[c]","[c]","[c]"
"Leaver Dept.","2022","HM Prison and Probation Service","Bradford","Outside London","Unknown","[c]","[c]","[c]","[c]"
"Leaver Dept.","2022","HM Prison and Probation Service","Breckland and South Norfolk","Outside London","AA","[c]","[c]","[c]","[c]"
"Leaver Dept.","2022","HM Prison and Probation Service","Breckland and South Norfolk","Outside London","AO","[c]","[c]","[c]","[c]"
"Leaver Dept.","2022","HM Prison and Probation Service","Bridgend and Neath Port Talbot","Outside London","SEO","[c]","[c]","[c]","[c]"
"Leaver Dept.","2022","HM Prison and Probation Service","Brighton and Hove","Outside London","Unknown","[c]","[c]","[c]","[c]"
"Leaver Dept.","2022","HM Prison and Probation Service","Bristol, City of","Outside London","AO","5","[c]","[c]","[c]"
"Leaver Dept.","2022","HM Prison and Probation Service","Bristol, City of","Outside London","EO","[c]","[c]","[c]","[c]"
"Leaver Dept.","2022","HM Prison and Probation Service","Bristol, City of","Outside London","HEO","[c]","[c]","[c]","[c]"
"Leaver Dept.","2022","HM Prison and Probation Service","Bristol, City of","Outside London","Unknown","[c]","[c]","[c]","[c]"
"Leaver Dept.","2022","HM Prison and Probation Service","Buckinghamshire","Outside London","AO","[c]","[c]","[c]","[c]"
"Leaver Dept.","2022","HM Prison and Probation Service","Buckinghamshire","Outside London","HEO","[c]","[c]","[c]","[c]"
"Leaver Dept.","2022","HM Prison and Probation Service","Calderdale and Kirklees","Outside London","Unknown","[c]","[c]","[c]","[c]"
"Leaver Dept.","2022","HM Prison and Probation Service","Cambridgeshire CC","Outside London","AO","[c]","[c]","[c]","[c]"
"Leaver Dept.","2022","HM Prison and Probation Service","Cambridgeshire CC","Outside London","EO","[c]","[c]","[c]","[c]"
"Leaver Dept.","2022","HM Prison and Probation Service","Cambridgeshire CC","Outside London","Unknown","[c]","[c]","[c]","[c]"
"Leaver Dept.","2022","HM Prison and Probation Service","Camden and City of London","London","Unknown","[c]","[c]","[c]","[c]"
"Leaver Dept.","2022","HM Prison and Probation Service","Cardiff and Vale of Glamorgan","Outside London","AA","[c]","[c]","[c]","[c]"
"Leaver Dept.","2022","HM Prison and Probation Service","Cardiff and Vale of Glamorgan","Outside London","AO","5","[c]","[c]","[c]"
"Leaver Dept.","2022","HM Prison and Probation Service","Cardiff and Vale of Glamorgan","Outside London","EO","[c]","[c]","[c]","[c]"
"Leaver Dept.","2022","HM Prison and Probation Service","Cardiff and Vale of Glamorgan","Outside London","G6","[c]","[c]","[c]","[c]"
"Leaver Dept.","2022","HM Prison and Probation Service","Cardiff and Vale of Glamorgan","Outside London","HEO","[c]","[c]","[c]","[c]"
"Leaver Dept.","2022","HM Prison and Probation Service","Cardiff and Vale of Glamorgan","Outside London","SEO","[c]","[c]","[c]","[c]"
"Leaver Dept.","2022","HM Prison and Probation Service","Cardiff and Vale of Glamorgan","Outside London","Unknown","[c]","[c]","[c]","[c]"
"Leaver Dept.","2022","HM Prison and Probation Service","Central Hampshire","Outside London","AO","[c]","[c]","[c]","[c]"
"Leaver Dept.","2022","HM Prison and Probation Service","Cheshire East","Outside London","AO","[c]","[c]","[c]","[c]"
"Leaver Dept.","2022","HM Prison and Probation Service","Cheshire East","Outside London","G7","[c]","[c]","[c]","[c]"
"Leaver Dept.","2022","HM Prison and Probation Service","Cheshire East","Outside London","Unknown","[c]","[c]","[c]","[c]"
"Leaver Dept.","2022","HM Prison and Probation Service","Cheshire West and Chester","Outside London","Unknown","[c]","[c]","[c]","[c]"
"Leaver Dept.","2022","HM Prison and Probation Service","Chorley and West Lancashire","Outside London","AO","[c]","[c]","[c]","[c]"
"Leaver Dept.","2022","HM Prison and Probation Service","Chorley and West Lancashire","Outside London","Unknown","[c]","[c]","[c]","[c]"
"Leaver Dept.","2022","HM Prison and Probation Service","Conwy and Denbighshire","Outside London","Unknown","[c]","[c]","[c]","[c]"
"Leaver Dept.","2022","HM Prison and Probation Service","Cornwall and Isles of Scilly","Outside London","Unknown","[c]","[c]","[c]","[c]"
"Leaver Dept.","2022","HM Prison and Probation Service","Croydon","London","AO","5","[c]","[c]","[c]"
"Leaver Dept.","2022","HM Prison and Probation Service","Croydon","London","EO","5","[c]","[c]","[c]"
"Leaver Dept.","2022","HM Prison and Probation Service","Croydon","London","G6","[c]","[c]","[c]","[c]"
"Leaver Dept.","2022","HM Prison and Probation Service","Croydon","London","G7","[c]","[c]","[c]","[c]"
"Leaver Dept.","2022","HM Prison and Probation Service","Croydon","London","HEO","5","[c]","[c]","[c]"
"Leaver Dept.","2022","HM Prison and Probation Service","Croydon","London","SCS level","[c]","[c]","[c]","[c]"
"Leaver Dept.","2022","HM Prison and Probation Service","Croydon","London","SEO","[c]","[c]","[c]","[c]"
"Leaver Dept.","2022","HM Prison and Probation Service","Croydon","London","Unknown","[c]","[c]","[c]","[c]"
"Leaver Dept.","2022","HM Prison and Probation Service","Devon CC","Outside London","AA","[c]","[c]","[c]","[c]"
"Leaver Dept.","2022","HM Prison and Probation Service","Devon CC","Outside London","AO","[c]","[c]","[c]","[c]"
"Leaver Dept.","2022","HM Prison and Probation Service","Devon CC","Outside London","EO","[c]","[c]","[c]","[c]"
"Leaver Dept.","2022","HM Prison and Probation Service","Devon CC","Outside London","HEO","[c]","[c]","[c]","[c]"
"Leaver Dept.","2022","HM Prison and Probation Service","Devon CC","Outside London","SEO","[c]","[c]","[c]","[c]"
"Leaver Dept.","2022","HM Prison and Probation Service","Dorset","Outside London","AA","[c]","[c]","[c]","[c]"
"Leaver Dept.","2022","HM Prison and Probation Service","Dorset","Outside London","AO","5","[c]","[c]","[c]"
"Leaver Dept.","2022","HM Prison and Probation Service","Dorset","Outside London","HEO","[c]","[c]","[c]","[c]"
"Leaver Dept.","2022","HM Prison and Probation Service","Dudley","Outside London","Unknown","[c]","[c]","[c]","[c]"
"Leaver Dept.","2022","HM Prison and Probation Service","Durham","Outside London","AO","10","[c]","[c]","[c]"
"Leaver Dept.","2022","HM Prison and Probation Service","Durham","Outside London","EO","[c]","[c]","[c]","[c]"
"Leaver Dept.","2022","HM Prison and Probation Service","Durham","Outside London","HEO","10","[c]","[c]","[c]"
"Leaver Dept.","2022","HM Prison and Probation Service","Durham","Outside London","SEO","[c]","[c]","[c]","[c]"
"Leaver Dept.","2022","HM Prison and Probation Service","Durham","Outside London","Unknown","[c]","[c]","[c]","[c]"
"Leaver Dept.","2022","HM Prison and Probation Service","Ealing","London","Unknown","[c]","[c]","[c]","[c]"
"Leaver Dept.","2022","HM Prison and Probation Service","East Kent","Outside London","Unknown","[c]","[c]","[c]","[c]"
"Leaver Dept.","2022","HM Prison and Probation Service","East Merseyside","Outside London","G7","[c]","[c]","[c]","[c]"
"Leaver Dept.","2022","HM Prison and Probation Service","East Merseyside","Outside London","Unknown","[c]","[c]","[c]","[c]"
"Leaver Dept.","2022","HM Prison and Probation Service","East Riding of Yorkshire","Outside London","AO","[c]","[c]","[c]","[c]"
"Leaver Dept.","2022","HM Prison and Probation Service","East Riding of Yorkshire","Outside London","EO","[c]","[c]","[c]","[c]"
"Leaver Dept.","2022","HM Prison and Probation Service","East Riding of Yorkshire","Outside London","HEO","[c]","[c]","[c]","[c]"
"Leaver Dept.","2022","HM Prison and Probation Service","East Riding of Yorkshire","Outside London","SEO","[c]","[c]","[c]","[c]"
"Leaver Dept.","2022","HM Prison and Probation Service","East Surrey","Outside London","AO","[c]","[c]","[c]","[c]"
"Leaver Dept.","2022","HM Prison and Probation Service","East Surrey","Outside London","EO","[c]","[c]","[c]","[c]"
"Leaver Dept.","2022","HM Prison and Probation Service","East Surrey","Outside London","HEO","[c]","[c]","[c]","[c]"
"Leaver Dept.","2022","HM Prison and Probation Service","East Sussex CC","Outside London","AA","[c]","[c]","[c]","[c]"
"Leaver Dept.","2022","HM Prison and Probation Service","East Sussex CC","Outside London","AO","[c]","[c]","[c]","[c]"
"Leaver Dept.","2022","HM Prison and Probation Service","East Sussex CC","Outside London","EO","[c]","[c]","[c]","[c]"
"Leaver Dept.","2022","HM Prison and Probation Service","East Sussex CC","Outside London","SEO","[c]","[c]","[c]","[c]"
"Leaver Dept.","2022","HM Prison and Probation Service","Enfield","London","Unknown","[c]","[c]","[c]","[c]"
"Leaver Dept.","2022","HM Prison and Probation Service","Flintshire and Wrexham","Outside London","AO","[c]","[c]","[c]","[c]"
"Leaver Dept.","2022","HM Prison and Probation Service","Flintshire and Wrexham","Outside London","EO","[c]","[c]","[c]","[c]"
"Leaver Dept.","2022","HM Prison and Probation Service","Flintshire and Wrexham","Outside London","HEO","[c]","[c]","[c]","[c]"
"Leaver Dept.","2022","HM Prison and Probation Service","Flintshire and Wrexham","Outside London","SEO","[c]","[c]","[c]","[c]"
"Leaver Dept.","2022","HM Prison and Probation Service","Flintshire and Wrexham","Outside London","Unknown","[c]","[c]","[c]","[c]"
"Leaver Dept.","2022","HM Prison and Probation Service","Greater Manchester North East","Outside London","AO","[c]","[c]","[c]","[c]"
"Leaver Dept.","2022","HM Prison and Probation Service","Greater Manchester North East","Outside London","Unknown","[c]","[c]","[c]","[c]"
"Leaver Dept.","2022","HM Prison and Probation Service","Greater Manchester North West","Outside London","AO","[c]","[c]","[c]","[c]"
"Leaver Dept.","2022","HM Prison and Probation Service","Greater Manchester South East","Outside London","Unknown","[c]","[c]","[c]","[c]"
"Leaver Dept.","2022","HM Prison and Probation Service","Greater Manchester South West","Outside London","HEO","[c]","[c]","[c]","[c]"
"Leaver Dept.","2022","HM Prison and Probation Service","Greater Manchester South West","Outside London","SEO","[c]","[c]","[c]","[c]"
"Leaver Dept.","2022","HM Prison and Probation Service","Gwent Valleys","Outside London","Unknown","[c]","[c]","[c]","[c]"
"Leaver Dept.","2022","HM Prison and Probation Service","Hackney and Newham","London","Unknown","[c]","[c]","[c]","[c]"
"Leaver Dept.","2022","HM Prison and Probation Service","Haringey and Islington","London","AA","[c]","[c]","[c]","[c]"
"Leaver Dept.","2022","HM Prison and Probation Service","Haringey and Islington","London","AO","[c]","[c]","[c]","[c]"
"Leaver Dept.","2022","HM Prison and Probation Service","Haringey and Islington","London","HEO","[c]","[c]","[c]","[c]"
"Leaver Dept.","2022","HM Prison and Probation Service","Haringey and Islington","London","SEO","[c]","[c]","[c]","[c]"
"Leaver Dept.","2022","HM Prison and Probation Service","Haringey and Islington","London","Unknown","[c]","[c]","[c]","[c]"
"Leaver Dept.","2022","HM Prison and Probation Service","Harrow and Hillingdon","London","Unknown","[c]","[c]","[c]","[c]"
"Leaver Dept.","2022","HM Prison and Probation Service","Hartlepool and Stockton-on-Tees","Outside London","AO","[c]","[c]","[c]","[c]"
"Leaver Dept.","2022","HM Prison and Probation Service","Hartlepool and Stockton-on-Tees","Outside London","HEO","[c]","[c]","[c]","[c]"
"Leaver Dept.","2022","HM Prison and Probation Service","Heart of Essex","Outside London","AO","[c]","[c]","[c]","[c]"
"Leaver Dept.","2022","HM Prison and Probation Service","Heart of Essex","Outside London","HEO","[c]","[c]","[c]","[c]"
"Leaver Dept.","2022","HM Prison and Probation Service","Heart of Essex","Outside London","Unknown","[c]","[c]","[c]","[c]"
"Leaver Dept.","2022","HM Prison and Probation Service","Hertfordshire CC","Outside London","AO","[c]","[c]","[c]","[c]"
"Leaver Dept.","2022","HM Prison and Probation Service","Hertfordshire CC","Outside London","Unknown","[c]","[c]","[c]","[c]"
"Leaver Dept.","2022","HM Prison and Probation Service","Hounslow and Richmond upon Thames","London","AA","[c]","[c]","[c]","[c]"
"Leaver Dept.","2022","HM Prison and Probation Service","Hounslow and Richmond upon Thames","London","AO","[c]","[c]","[c]","[c]"
"Leaver Dept.","2022","HM Prison and Probation Service","Hounslow and Richmond upon Thames","London","EO","[c]","[c]","[c]","[c]"
"Leaver Dept.","2022","HM Prison and Probation Service","Hounslow and Richmond upon Thames","London","Unknown","[c]","[c]","[c]","[c]"
"Leaver Dept.","2022","HM Prison and Probation Service","Isle of Wight","Outside London","AO","[c]","[c]","[c]","[c]"
"Leaver Dept.","2022","HM Prison and Probation Service","Isle of Wight","Outside London","EO","[c]","[c]","[c]","[c]"
"Leaver Dept.","2022","HM Prison and Probation Service","Kensington & Chelsea and Hammersmith & Fulham","London","AA","[c]","[c]","[c]","[c]"
"Leaver Dept.","2022","HM Prison and Probation Service","Kensington & Chelsea and Hammersmith & Fulham","London","AO","5","[c]","[c]","[c]"
"Leaver Dept.","2022","HM Prison and Probation Service","Kensington & Chelsea and Hammersmith & Fulham","London","HEO","[c]","[c]","[c]","[c]"
"Leaver Dept.","2022","HM Prison and Probation Service","Kensington & Chelsea and Hammersmith & Fulham","London","Unknown","[c]","[c]","[c]","[c]"
"Leaver Dept.","2022","HM Prison and Probation Service","Kent Thames Gateway","Outside London","AO","5","[c]","[c]","[c]"
"Leaver Dept.","2022","HM Prison and Probation Service","Kent Thames Gateway","Outside London","EO","[c]","[c]","[c]","[c]"
"Leaver Dept.","2022","HM Prison and Probation Service","Kent Thames Gateway","Outside London","HEO","[c]","[c]","[c]","[c]"
"Leaver Dept.","2022","HM Prison and Probation Service","Kingston upon Hull, City of","Outside London","AO","[c]","[c]","[c]","[c]"
"Leaver Dept.","2022","HM Prison and Probation Service","Kingston upon Hull, City of","Outside London","EO","[c]","[c]","[c]","[c]"
"Leaver Dept.","2022","HM Prison and Probation Service","Kingston upon Hull, City of","Outside London","HEO","[c]","[c]","[c]","[c]"
"Leaver Dept.","2022","HM Prison and Probation Service","Kingston upon Hull, City of","Outside London","Unknown","[c]","[c]","[c]","[c]"
"Leaver Dept.","2022","HM Prison and Probation Service","Lambeth","London","AO","[c]","[c]","[c]","[c]"
"Leaver Dept.","2022","HM Prison and Probation Service","Lambeth","London","EO","[c]","[c]","[c]","[c]"
"Leaver Dept.","2022","HM Prison and Probation Service","Lambeth","London","HEO","[c]","[c]","[c]","[c]"
"Leaver Dept.","2022","HM Prison and Probation Service","Lancaster and Wyre","Outside London","AO","[c]","[c]","[c]","[c]"
"Leaver Dept.","2022","HM Prison and Probation Service","Leeds","Outside London","AO","5","[c]","[c]","[c]"
"Leaver Dept.","2022","HM Prison and Probation Service","Leeds","Outside London","EO","[c]","[c]","[c]","[c]"
"Leaver Dept.","2022","HM Prison and Probation Service","Leeds","Outside London","G7","[c]","[c]","[c]","[c]"
"Leaver Dept.","2022","HM Prison and Probation Service","Leeds","Outside London","HEO","5","[c]","[c]","[c]"
"Leaver Dept.","2022","HM Prison and Probation Service","Leeds","Outside London","SEO","[c]","[c]","[c]","[c]"
"Leaver Dept.","2022","HM Prison and Probation Service","Leeds","Outside London","Unknown","[c]","[c]","[c]","[c]"
"Leaver Dept.","2022","HM Prison and Probation Service","Leicestershire CC and Rutland","Outside London","AO","[c]","[c]","[c]","[c]"
"Leaver Dept.","2022","HM Prison and Probation Service","Leicestershire CC and Rutland","Outside London","EO","[c]","[c]","[c]","[c]"
"Leaver Dept.","2022","HM Prison and Probation Service","Leicestershire CC and Rutland","Outside London","HEO","[c]","[c]","[c]","[c]"
"Leaver Dept.","2022","HM Prison and Probation Service","Lewisham and Southwark","London","Unknown","10","[c]","[c]","[c]"
"Leaver Dept.","2022","HM Prison and Probation Service","Lincolnshire CC","Outside London","AA","[c]","[c]","[c]","[c]"
"Leaver Dept.","2022","HM Prison and Probation Service","Lincolnshire CC","Outside London","AO","[c]","[c]","[c]","[c]"
"Leaver Dept.","2022","HM Prison and Probation Service","Lincolnshire CC","Outside London","EO","[c]","[c]","[c]","[c]"
"Leaver Dept.","2022","HM Prison and Probation Service","Lincolnshire CC","Outside London","HEO","[c]","[c]","[c]","[c]"
"Leaver Dept.","2022","HM Prison and Probation Service","Lincolnshire CC","Outside London","Unknown","[c]","[c]","[c]","[c]"
"Leaver Dept.","2022","HM Prison and Probation Service","Liverpool","Outside London","AA","[c]","[c]","[c]","[c]"
"Leaver Dept.","2022","HM Prison and Probation Service","Liverpool","Outside London","AO","[c]","[c]","[c]","[c]"
"Leaver Dept.","2022","HM Prison and Probation Service","Liverpool","Outside London","EO","[c]","[c]","[c]","[c]"
"Leaver Dept.","2022","HM Prison and Probation Service","Manchester","Outside London","AO","[c]","[c]","[c]","[c]"
"Leaver Dept.","2022","HM Prison and Probation Service","Manchester","Outside London","EO","[c]","[c]","[c]","[c]"
"Leaver Dept.","2022","HM Prison and Probation Service","Manchester","Outside London","SEO","[c]","[c]","[c]","[c]"
"Leaver Dept.","2022","HM Prison and Probation Service","Manchester","Outside London","Unknown","[c]","[c]","[c]","[c]"
"Leaver Dept.","2022","HM Prison and Probation Service","Medway","Outside London","AA","[c]","[c]","[c]","[c]"
"Leaver Dept.","2022","HM Prison and Probation Service","Medway","Outside London","AO","[c]","[c]","[c]","[c]"
"Leaver Dept.","2022","HM Prison and Probation Service","Medway","Outside London","HEO","[c]","[c]","[c]","[c]"
"Leaver Dept.","2022","HM Prison and Probation Service","Medway","Outside London","SEO","[c]","[c]","[c]","[c]"
"Leaver Dept.","2022","HM Prison and Probation Service","Merton, Kingston upon Thames and Sutton","London","Unknown","[c]","[c]","[c]","[c]"
"Leaver Dept.","2022","HM Prison and Probation Service","Mid Kent","Outside London","AO","[c]","[c]","[c]","[c]"
"Leaver Dept.","2022","HM Prison and Probation Service","Mid Kent","Outside London","HEO","[c]","[c]","[c]","[c]"
"Leaver Dept.","2022","HM Prison and Probation Service","Mid Kent","Outside London","SEO","[c]","[c]","[c]","[c]"
"Leaver Dept.","2022","HM Prison and Probation Service","Mid Lancashire","Outside London","AO","[c]","[c]","[c]","[c]"
"Leaver Dept.","2022","HM Prison and Probation Service","Mid Lancashire","Outside London","HEO","[c]","[c]","[c]","[c]"
"Leaver Dept.","2022","HM Prison and Probation Service","Mid Lancashire","Outside London","SEO","[c]","[c]","[c]","[c]"
"Leaver Dept.","2022","HM Prison and Probation Service","Mid Lancashire","Outside London","Unknown","[c]","[c]","[c]","[c]"
"Leaver Dept.","2022","HM Prison and Probation Service","Milton Keynes","Outside London","Unknown","[c]","[c]","[c]","[c]"
"Leaver Dept.","2022","HM Prison and Probation Service","Monmouthshire and Newport","Outside London","AO","[c]","[c]","[c]","[c]"
"Leaver Dept.","2022","HM Prison and Probation Service","Monmouthshire and Newport","Outside London","EO","[c]","[c]","[c]","[c]"
"Leaver Dept.","2022","HM Prison and Probation Service","North and West Norfolk","Outside London","EO","[c]","[c]","[c]","[c]"
"Leaver Dept.","2022","HM Prison and Probation Service","North Hampshire","Outside London","Unknown","[c]","[c]","[c]","[c]"
"Leaver Dept.","2022","HM Prison and Probation Service","North Nottinghamshire","Outside London","AO","[c]","[c]","[c]","[c]"
"Leaver Dept.","2022","HM Prison and Probation Service","North Nottinghamshire","Outside London","EO","[c]","[c]","[c]","[c]"
"Leaver Dept.","2022","HM Prison and Probation Service","North Nottinghamshire","Outside London","HEO","[c]","[c]","[c]","[c]"
"Leaver Dept.","2022","HM Prison and Probation Service","North Nottinghamshire","Outside London","Unknown","[c]","[c]","[c]","[c]"
"Leaver Dept.","2022","HM Prison and Probation Service","Norwich and East Norfolk","Outside London","AO","[c]","[c]","[c]","[c]"
"Leaver Dept.","2022","HM Prison and Probation Service","Norwich and East Norfolk","Outside London","HEO","[c]","[c]","[c]","[c]"
"Leaver Dept.","2022","HM Prison and Probation Service","Nottingham","Outside London","AA","[c]","[c]","[c]","[c]"
"Leaver Dept.","2022","HM Prison and Probation Service","Nottingham","Outside London","AO","[c]","[c]","[c]","[c]"
"Leaver Dept.","2022","HM Prison and Probation Service","Nottingham","Outside London","HEO","[c]","[c]","[c]","[c]"
"Leaver Dept.","2022","HM Prison and Probation Service","Nottingham","Outside London","Unknown","[c]","[c]","[c]","[c]"
"Leaver Dept.","2022","HM Prison and Probation Service","Oxfordshire CC","Outside London","AO","[c]","[c]","[c]","[c]"
"Leaver Dept.","2022","HM Prison and Probation Service","Oxfordshire CC","Outside London","EO","[c]","[c]","[c]","[c]"
"Leaver Dept.","2022","HM Prison and Probation Service","Oxfordshire CC","Outside London","HEO","[c]","[c]","[c]","[c]"
"Leaver Dept.","2022","HM Prison and Probation Service","Oxfordshire CC","Outside London","Unknown","[c]","[c]","[c]","[c]"
"Leaver Dept.","2022","HM Prison and Probation Service","Peterborough","Outside London","HEO","[c]","[c]","[c]","[c]"
"Leaver Dept.","2022","HM Prison and Probation Service","Plymouth","Outside London","Unknown","[c]","[c]","[c]","[c]"
"Leaver Dept.","2022","HM Prison and Probation Service","Portsmouth","Outside London","Unknown","[c]","[c]","[c]","[c]"
"Leaver Dept.","2022","HM Prison and Probation Service","Powys","Outside London","Unknown","[c]","[c]","[c]","[c]"
"Leaver Dept.","2022","HM Prison and Probation Service","Redbridge and Waltham Forest","London","Unknown","[c]","[c]","[c]","[c]"
"Leaver Dept.","2022","HM Prison and Probation Service","Sandwell","Outside London","Unknown","[c]","[c]","[c]","[c]"
"Leaver Dept.","2022","HM Prison and Probation Service","Sefton","Outside London","Unknown","[c]","[c]","[c]","[c]"
"Leaver Dept.","2022","HM Prison and Probation Service","Sheffield","Outside London","Unknown","[c]","[c]","[c]","[c]"
"Leaver Dept.","2022","HM Prison and Probation Service","Shropshire","Outside London","HEO","[c]","[c]","[c]","[c]"
"Leaver Dept.","2022","HM Prison and Probation Service","South and West Derbyshire","Outside London","AO","[c]","[c]","[c]","[c]"
"Leaver Dept.","2022","HM Prison and Probation Service","South and West Derbyshire","Outside London","EO","[c]","[c]","[c]","[c]"
"Leaver Dept.","2022","HM Prison and Probation Service","South and West Derbyshire","Outside London","HEO","[c]","[c]","[c]","[c]"
"Leaver Dept.","2022","HM Prison and Probation Service","South Hampshire","Outside London","Unknown","[c]","[c]","[c]","[c]"
"Leaver Dept.","2022","HM Prison and Probation Service","South Nottinghamshire","Outside London","AO","5","[c]","[c]","[c]"
"Leaver Dept.","2022","HM Prison and Probation Service","South Nottinghamshire","Outside London","EO","[c]","[c]","[c]","[c]"
"Leaver Dept.","2022","HM Prison and Probation Service","South Teesside","Outside London","Unknown","[c]","[c]","[c]","[c]"
"Leaver Dept.","2022","HM Prison and Probation Service","South West Wales","Outside London","Unknown","[c]","[c]","[c]","[c]"
"Leaver Dept.","2022","HM Prison and Probation Service","Southampton","Outside London","Unknown","[c]","[c]","[c]","[c]"
"Leaver Dept.","2022","HM Prison and Probation Service","Staffordshire CC","Outside London","AA","[c]","[c]","[c]","[c]"
"Leaver Dept.","2022","HM Prison and Probation Service","Staffordshire CC","Outside London","AO","10","[c]","[c]","[c]"
"Leaver Dept.","2022","HM Prison and Probation Service","Staffordshire CC","Outside London","EO","[c]","[c]","[c]","[c]"
"Leaver Dept.","2022","HM Prison and Probation Service","Staffordshire CC","Outside London","HEO","10","[c]","[c]","[c]"
"Leaver Dept.","2022","HM Prison and Probation Service","Staffordshire CC","Outside London","SEO","[c]","[c]","[c]","[c]"
"Leaver Dept.","2022","HM Prison and Probation Service","Staffordshire CC","Outside London","Unknown","[c]","[c]","[c]","[c]"
"Leaver Dept.","2022","HM Prison and Probation Service","Stoke-on-Trent","Outside London","Unknown","[c]","[c]","[c]","[c]"
"Leaver Dept.","2022","HM Prison and Probation Service","Suffolk CC","Outside London","AO","[c]","[c]","[c]","[c]"
"Leaver Dept.","2022","HM Prison and Probation Service","Suffolk CC","Outside London","EO","[c]","[c]","[c]","[c]"
"Leaver Dept.","2022","HM Prison and Probation Service","Suffolk CC","Outside London","HEO","[c]","[c]","[c]","[c]"
"Leaver Dept.","2022","HM Prison and Probation Service","Swansea","Outside London","AO","[c]","[c]","[c]","[c]"
"Leaver Dept.","2022","HM Prison and Probation Service","Swansea","Outside London","SEO","[c]","[c]","[c]","[c]"
"Leaver Dept.","2022","HM Prison and Probation Service","Swansea","Outside London","Unknown","[c]","[c]","[c]","[c]"
"Leaver Dept.","2022","HM Prison and Probation Service","Telford and Wrekin","Outside London","Unknown","[c]","[c]","[c]","[c]"
"Leaver Dept.","2022","HM Prison and Probation Service","Tower Hamlets","London","Unknown","[c]","[c]","[c]","[c]"
"Leaver Dept.","2022","HM Prison and Probation Service","Tyneside","Outside London","Unknown","5","[c]","[c]","[c]"
"Leaver Dept.","2022","HM Prison and Probation Service","Unknown","Unknown","SEO","[c]","[c]","[c]","[c]"
"Leaver Dept.","2022","HM Prison and Probation Service","Unknown","Unknown","Unknown","[c]","[c]","[c]","[c]"
"Leaver Dept.","2022","HM Prison and Probation Service","Wakefield","Outside London","AA","[c]","[c]","[c]","[c]"
"Leaver Dept.","2022","HM Prison and Probation Service","Wakefield","Outside London","AO","[c]","[c]","[c]","[c]"
"Leaver Dept.","2022","HM Prison and Probation Service","Wandsworth","London","AA","[c]","[c]","[c]","[c]"
"Leaver Dept.","2022","HM Prison and Probation Service","Wandsworth","London","AO","10","[c]","[c]","[c]"
"Leaver Dept.","2022","HM Prison and Probation Service","Wandsworth","London","EO","[c]","[c]","[c]","[c]"
"Leaver Dept.","2022","HM Prison and Probation Service","Warrington","Outside London","AO","[c]","[c]","[c]","[c]"
"Leaver Dept.","2022","HM Prison and Probation Service","Warrington","Outside London","HEO","[c]","[c]","[c]","[c]"
"Leaver Dept.","2022","HM Prison and Probation Service","Warrington","Outside London","Unknown","[c]","[c]","[c]","[c]"
"Leaver Dept.","2022","HM Prison and Probation Service","Warwickshire CC","Outside London","HEO","[c]","[c]","[c]","[c]"
"Leaver Dept.","2022","HM Prison and Probation Service","Warwickshire CC","Outside London","SEO","[c]","[c]","[c]","[c]"
"Leaver Dept.","2022","HM Prison and Probation Service","West Cumbria","Outside London","HEO","[c]","[c]","[c]","[c]"
"Leaver Dept.","2022","HM Prison and Probation Service","West Northamptonshire","Outside London","AO","[c]","[c]","[c]","[c]"
"Leaver Dept.","2022","HM Prison and Probation Service","West Northamptonshire","Outside London","Unknown","[c]","[c]","[c]","[c]"
"Leaver Dept.","2022","HM Prison and Probation Service","West Surrey","Outside London","AO","[c]","[c]","[c]","[c]"
"Leaver Dept.","2022","HM Prison and Probation Service","West Surrey","Outside London","Unknown","[c]","[c]","[c]","[c]"
"Leaver Dept.","2022","HM Prison and Probation Service","West Sussex (South West)","Outside London","HEO","[c]","[c]","[c]","[c]"
"Leaver Dept.","2022","HM Prison and Probation Service","Westminster","London","AO","[c]","[c]","[c]","[c]"
"Leaver Dept.","2022","HM Prison and Probation Service","Westminster","London","EO","[c]","[c]","[c]","[c]"
"Leaver Dept.","2022","HM Prison and Probation Service","Westminster","London","G6","5","[c]","[c]","[c]"
"Leaver Dept.","2022","HM Prison and Probation Service","Westminster","London","G7","10","[c]","[c]","[c]"
"Leaver Dept.","2022","HM Prison and Probation Service","Westminster","London","HEO","10","[c]","[c]","[c]"
"Leaver Dept.","2022","HM Prison and Probation Service","Westminster","London","SCS level","[c]","[c]","[c]","[c]"
"Leaver Dept.","2022","HM Prison and Probation Service","Westminster","London","SEO","10","[c]","[c]","[c]"
"Leaver Dept.","2022","HM Prison and Probation Service","Westminster","London","Unknown","[c]","[c]","[c]","[c]"
"Leaver Dept.","2022","HM Prison and Probation Service","Wiltshire","Outside London","AA","[c]","[c]","[c]","[c]"
"Leaver Dept.","2022","HM Prison and Probation Service","Wiltshire","Outside London","HEO","[c]","[c]","[c]","[c]"
"Leaver Dept.","2022","HM Prison and Probation Service","Wirral","Outside London","Unknown","[c]","[c]","[c]","[c]"
"Leaver Dept.","2022","HM Prison and Probation Service","Wolverhampton","Outside London","Unknown","[c]","[c]","[c]","[c]"
"Leaver Dept.","2022","HM Prison and Probation Service","Worcestershire CC","Outside London","AO","[c]","[c]","[c]","[c]"
"Leaver Dept.","2022","HM Prison and Probation Service","Worcestershire CC","Outside London","SEO","[c]","[c]","[c]","[c]"
"Leaver Dept.","2022","HM Revenue and Customs (excl. agencies)","Angus and Dundee City","Outside London","AO","60","[c]","[c]","[c]"
"Leaver Dept.","2022","HM Revenue and Customs (excl. agencies)","Angus and Dundee City","Outside London","EO","10","[c]","[c]","[c]"
"Leaver Dept.","2022","HM Revenue and Customs (excl. agencies)","Angus and Dundee City","Outside London","HEO","[c]","[c]","[c]","[c]"
"Leaver Dept.","2022","HM Revenue and Customs (excl. agencies)","Belfast","Outside London","AO","5","[c]","[c]","[c]"
"Leaver Dept.","2022","HM Revenue and Customs (excl. agencies)","Belfast","Outside London","EO","5","[c]","[c]","[c]"
"Leaver Dept.","2022","HM Revenue and Customs (excl. agencies)","Belfast","Outside London","HEO","[c]","[c]","[c]","[c]"
"Leaver Dept.","2022","HM Revenue and Customs (excl. agencies)","Belfast","Outside London","SEO","[c]","[c]","[c]","[c]"
"Leaver Dept.","2022","HM Revenue and Customs (excl. agencies)","Birmingham","Outside London","AO","30","[c]","[c]","[c]"
"Leaver Dept.","2022","HM Revenue and Customs (excl. agencies)","Birmingham","Outside London","EO","15","[c]","[c]","[c]"
"Leaver Dept.","2022","HM Revenue and Customs (excl. agencies)","Birmingham","Outside London","G6","[c]","[c]","[c]","[c]"
"Leaver Dept.","2022","HM Revenue and Customs (excl. agencies)","Birmingham","Outside London","G7","[c]","[c]","[c]","[c]"
"Leaver Dept.","2022","HM Revenue and Customs (excl. agencies)","Birmingham","Outside London","HEO","15","[c]","[c]","[c]"
"Leaver Dept.","2022","HM Revenue and Customs (excl. agencies)","Birmingham","Outside London","SEO","[c]","[c]","[c]","[c]"
"Leaver Dept.","2022","HM Revenue and Customs (excl. agencies)","Birmingham","Outside London","Unknown","[c]","[c]","[c]","[c]"
"Leaver Dept.","2022","HM Revenue and Customs (excl. agencies)","Bradford","Outside London","AO","15","[c]","[c]","[c]"
"Leaver Dept.","2022","HM Revenue and Customs (excl. agencies)","Bradford","Outside London","SEO","[c]","[c]","[c]","[c]"
"Leaver Dept.","2022","HM Revenue and Customs (excl. agencies)","Bradford","Outside London","Unknown","[c]","[c]","[c]","[c]"
"Leaver Dept.","2022","HM Revenue and Customs (excl. agencies)","Bristol, City of","Outside London","AO","[c]","[c]","[c]","[c]"
"Leaver Dept.","2022","HM Revenue and Customs (excl. agencies)","Bristol, City of","Outside London","EO","[c]","[c]","[c]","[c]"
"Leaver Dept.","2022","HM Revenue and Customs (excl. agencies)","Bristol, City of","Outside London","G6","[c]","[c]","[c]","[c]"
"Leaver Dept.","2022","HM Revenue and Customs (excl. agencies)","Bristol, City of","Outside London","G7","[c]","[c]","[c]","[c]"
"Leaver Dept.","2022","HM Revenue and Customs (excl. agencies)","Bristol, City of","Outside London","HEO","[c]","[c]","[c]","[c]"
"Leaver Dept.","2022","HM Revenue and Customs (excl. agencies)","Bristol, City of","Outside London","SCS level","[c]","[c]","[c]","[c]"
"Leaver Dept.","2022","HM Revenue and Customs (excl. agencies)","Bristol, City of","Outside London","SEO","[c]","[c]","[c]","[c]"
"Leaver Dept.","2022","HM Revenue and Customs (excl. agencies)","Bristol, City of","Outside London","Unknown","[c]","[c]","[c]","[c]"
"Leaver Dept.","2022","HM Revenue and Customs (excl. agencies)","Cardiff and Vale of Glamorgan","Outside London","AO","30","[c]","[c]","[c]"
"Leaver Dept.","2022","HM Revenue and Customs (excl. agencies)","Cardiff and Vale of Glamorgan","Outside London","EO","20","[c]","[c]","[c]"
"Leaver Dept.","2022","HM Revenue and Customs (excl. agencies)","Cardiff and Vale of Glamorgan","Outside London","G6","[c]","[c]","[c]","[c]"
"Leaver Dept.","2022","HM Revenue and Customs (excl. agencies)","Cardiff and Vale of Glamorgan","Outside London","G7","5","[c]","[c]","[c]"
"Leaver Dept.","2022","HM Revenue and Customs (excl. agencies)","Cardiff and Vale of Glamorgan","Outside London","HEO","10","[c]","[c]","[c]"
"Leaver Dept.","2022","HM Revenue and Customs (excl. agencies)","Cardiff and Vale of Glamorgan","Outside London","SEO","[c]","[c]","[c]","[c]"
"Leaver Dept.","2022","HM Revenue and Customs (excl. agencies)","City of Edinburgh","Outside London","AO","35","[c]","[c]","[c]"
"Leaver Dept.","2022","HM Revenue and Customs (excl. agencies)","City of Edinburgh","Outside London","EO","5","[c]","[c]","[c]"
"Leaver Dept.","2022","HM Revenue and Customs (excl. agencies)","City of Edinburgh","Outside London","G6","[c]","[c]","[c]","[c]"
"Leaver Dept.","2022","HM Revenue and Customs (excl. agencies)","City of Edinburgh","Outside London","G7","[c]","[c]","[c]","[c]"
"Leaver Dept.","2022","HM Revenue and Customs (excl. agencies)","City of Edinburgh","Outside London","HEO","10","[c]","[c]","[c]"
"Leaver Dept.","2022","HM Revenue and Customs (excl. agencies)","City of Edinburgh","Outside London","SEO","[c]","[c]","[c]","[c]"
"Leaver Dept.","2022","HM Revenue and Customs (excl. agencies)","Croydon","London","AO","10","[c]","[c]","[c]"
"Leaver Dept.","2022","HM Revenue and Customs (excl. agencies)","Croydon","London","EO","10","[c]","[c]","[c]"
"Leaver Dept.","2022","HM Revenue and Customs (excl. agencies)","Croydon","London","G6","[c]","[c]","[c]","[c]"
"Leaver Dept.","2022","HM Revenue and Customs (excl. agencies)","Croydon","London","HEO","10","[c]","[c]","[c]"
"Leaver Dept.","2022","HM Revenue and Customs (excl. agencies)","Croydon","London","SEO","10","[c]","[c]","[c]"
"Leaver Dept.","2022","HM Revenue and Customs (excl. agencies)","Croydon","London","Unknown","[c]","[c]","[c]","[c]"
"Leaver Dept.","2022","HM Revenue and Customs (excl. agencies)","Durham","Outside London","AO","25","[c]","[c]","[c]"
"Leaver Dept.","2022","HM Revenue and Customs (excl. agencies)","Durham","Outside London","EO","[c]","[c]","[c]","[c]"
"Leaver Dept.","2022","HM Revenue and Customs (excl. agencies)","East Kent","Outside London","AO","[c]","[c]","[c]","[c]"
"Leaver Dept.","2022","HM Revenue and Customs (excl. agencies)","East Kent","Outside London","EO","[c]","[c]","[c]","[c]"
"Leaver Dept.","2022","HM Revenue and Customs (excl. agencies)","East Kent","Outside London","HEO","[c]","[c]","[c]","[c]"
"Leaver Dept.","2022","HM Revenue and Customs (excl. agencies)","East Kent","Outside London","SEO","[c]","[c]","[c]","[c]"
"Leaver Dept.","2022","HM Revenue and Customs (excl. agencies)","East Kent","Outside London","Unknown","[c]","[c]","[c]","[c]"
"Leaver Dept.","2022","HM Revenue and Customs (excl. agencies)","Glasgow City","Outside London","AO","20","[c]","[c]","[c]"
"Leaver Dept.","2022","HM Revenue and Customs (excl. agencies)","Glasgow City","Outside London","EO","10","[c]","[c]","[c]"
"Leaver Dept.","2022","HM Revenue and Customs (excl. agencies)","Glasgow City","Outside London","HEO","5","[c]","[c]","[c]"
"Leaver Dept.","2022","HM Revenue and Customs (excl. agencies)","Glasgow City","Outside London","SEO","[c]","[c]","[c]","[c]"
"Leaver Dept.","2022","HM Revenue and Customs (excl. agencies)","Glasgow City","Outside London","Unknown","[c]","[c]","[c]","[c]"
"Leaver Dept.","2022","HM Revenue and Customs (excl. agencies)","Greater Manchester South West","Outside London","AO","35","[c]","[c]","[c]"
"Leaver Dept.","2022","HM Revenue and Customs (excl. agencies)","Greater Manchester South West","Outside London","EO","20","[c]","[c]","[c]"
"Leaver Dept.","2022","HM Revenue and Customs (excl. agencies)","Greater Manchester South West","Outside London","G6","[c]","[c]","[c]","[c]"
"Leaver Dept.","2022","HM Revenue and Customs (excl. agencies)","Greater Manchester South West","Outside London","G7","5","[c]","[c]","[c]"
"Leaver Dept.","2022","HM Revenue and Customs (excl. agencies)","Greater Manchester South West","Outside London","HEO","15","[c]","[c]","[c]"
"Leaver Dept.","2022","HM Revenue and Customs (excl. agencies)","Greater Manchester South West","Outside London","SCS level","[c]","[c]","[c]","[c]"
"Leaver Dept.","2022","HM Revenue and Customs (excl. agencies)","Greater Manchester South West","Outside London","SEO","10","[c]","[c]","[c]"
"Leaver Dept.","2022","HM Revenue and Customs (excl. agencies)","Greater Manchester South West","Outside London","Unknown","[c]","[c]","[c]","[c]"
"Leaver Dept.","2022","HM Revenue and Customs (excl. agencies)","Hackney and Newham","London","AO","[c]","[c]","[c]","[c]"
"Leaver Dept.","2022","HM Revenue and Customs (excl. agencies)","Hackney and Newham","London","EO","10","[c]","[c]","[c]"
"Leaver Dept.","2022","HM Revenue and Customs (excl. agencies)","Hackney and Newham","London","G6","5","[c]","[c]","[c]"
"Leaver Dept.","2022","HM Revenue and Customs (excl. agencies)","Hackney and Newham","London","G7","10","[c]","[c]","[c]"
"Leaver Dept.","2022","HM Revenue and Customs (excl. agencies)","Hackney and Newham","London","HEO","20","[c]","[c]","[c]"
"Leaver Dept.","2022","HM Revenue and Customs (excl. agencies)","Hackney and Newham","London","SCS level","[c]","[c]","[c]","[c]"
"Leaver Dept.","2022","HM Revenue and Customs (excl. agencies)","Hackney and Newham","London","SEO","10","[c]","[c]","[c]"
"Leaver Dept.","2022","HM Revenue and Customs (excl. agencies)","Hackney and Newham","London","Unknown","10","[c]","[c]","[c]"
"Leaver Dept.","2022","HM Revenue and Customs (excl. agencies)","Harrow and Hillingdon","London","AO","[c]","[c]","[c]","[c]"
"Leaver Dept.","2022","HM Revenue and Customs (excl. agencies)","Harrow and Hillingdon","London","EO","[c]","[c]","[c]","[c]"
"Leaver Dept.","2022","HM Revenue and Customs (excl. agencies)","Leeds","Outside London","AO","30","[c]","[c]","[c]"
"Leaver Dept.","2022","HM Revenue and Customs (excl. agencies)","Leeds","Outside London","EO","20","[c]","[c]","[c]"
"Leaver Dept.","2022","HM Revenue and Customs (excl. agencies)","Leeds","Outside London","G6","[c]","[c]","[c]","[c]"
"Leaver Dept.","2022","HM Revenue and Customs (excl. agencies)","Leeds","Outside London","G7","[c]","[c]","[c]","[c]"
"Leaver Dept.","2022","HM Revenue and Customs (excl. agencies)","Leeds","Outside London","HEO","15","[c]","[c]","[c]"
"Leaver Dept.","2022","HM Revenue and Customs (excl. agencies)","Leeds","Outside London","SCS level","[c]","[c]","[c]","[c]"
"Leaver Dept.","2022","HM Revenue and Customs (excl. agencies)","Leeds","Outside London","SEO","[c]","[c]","[c]","[c]"
"Leaver Dept.","2022","HM Revenue and Customs (excl. agencies)","Leeds","Outside London","Unknown","[c]","[c]","[c]","[c]"
"Leaver Dept.","2022","HM Revenue and Customs (excl. agencies)","Leicester","Outside London","AO","[c]","[c]","[c]","[c]"
"Leaver Dept.","2022","HM Revenue and Customs (excl. agencies)","Leicester","Outside London","EO","[c]","[c]","[c]","[c]"
"Leaver Dept.","2022","HM Revenue and Customs (excl. agencies)","Leicester","Outside London","HEO","[c]","[c]","[c]","[c]"
"Leaver Dept.","2022","HM Revenue and Customs (excl. agencies)","Liverpool","Outside London","AO","20","[c]","[c]","[c]"
"Leaver Dept.","2022","HM Revenue and Customs (excl. agencies)","Liverpool","Outside London","EO","10","[c]","[c]","[c]"
"Leaver Dept.","2022","HM Revenue and Customs (excl. agencies)","Liverpool","Outside London","G6","[c]","[c]","[c]","[c]"
"Leaver Dept.","2022","HM Revenue and Customs (excl. agencies)","Liverpool","Outside London","G7","5","[c]","[c]","[c]"
"Leaver Dept.","2022","HM Revenue and Customs (excl. agencies)","Liverpool","Outside London","HEO","10","[c]","[c]","[c]"
"Leaver Dept.","2022","HM Revenue and Customs (excl. agencies)","Liverpool","Outside London","SEO","[c]","[c]","[c]","[c]"
"Leaver Dept.","2022","HM Revenue and Customs (excl. agencies)","Liverpool","Outside London","Unknown","[c]","[c]","[c]","[c]"
"Leaver Dept.","2022","HM Revenue and Customs (excl. agencies)","Manchester","Outside London","AO","10","[c]","[c]","[c]"
"Leaver Dept.","2022","HM Revenue and Customs (excl. agencies)","Manchester","Outside London","EO","5","[c]","[c]","[c]"
"Leaver Dept.","2022","HM Revenue and Customs (excl. agencies)","Manchester","Outside London","G7","[c]","[c]","[c]","[c]"
"Leaver Dept.","2022","HM Revenue and Customs (excl. agencies)","Manchester","Outside London","HEO","10","[c]","[c]","[c]"
"Leaver Dept.","2022","HM Revenue and Customs (excl. agencies)","Manchester","Outside London","SEO","[c]","[c]","[c]","[c]"
"Leaver Dept.","2022","HM Revenue and Customs (excl. agencies)","Manchester","Outside London","Unknown","[c]","[c]","[c]","[c]"
"Leaver Dept.","2022","HM Revenue and Customs (excl. agencies)","Mid Lancashire","Outside London","AO","35","[c]","[c]","[c]"
"Leaver Dept.","2022","HM Revenue and Customs (excl. agencies)","Mid Lancashire","Outside London","EO","5","[c]","[c]","[c]"
"Leaver Dept.","2022","HM Revenue and Customs (excl. agencies)","Mid Lancashire","Outside London","G6","[c]","[c]","[c]","[c]"
"Leaver Dept.","2022","HM Revenue and Customs (excl. agencies)","Mid Lancashire","Outside London","G7","[c]","[c]","[c]","[c]"
"Leaver Dept.","2022","HM Revenue and Customs (excl. agencies)","Mid Lancashire","Outside London","HEO","[c]","[c]","[c]","[c]"
"Leaver Dept.","2022","HM Revenue and Customs (excl. agencies)","Mid Lancashire","Outside London","SEO","[c]","[c]","[c]","[c]"
"Leaver Dept.","2022","HM Revenue and Customs (excl. agencies)","Milton Keynes","Outside London","AO","5","[c]","[c]","[c]"
"Leaver Dept.","2022","HM Revenue and Customs (excl. agencies)","North Lanarkshire","Outside London","AO","25","[c]","[c]","[c]"
"Leaver Dept.","2022","HM Revenue and Customs (excl. agencies)","North Lanarkshire","Outside London","EO","10","[c]","[c]","[c]"
"Leaver Dept.","2022","HM Revenue and Customs (excl. agencies)","North Lanarkshire","Outside London","HEO","[c]","[c]","[c]","[c]"
"Leaver Dept.","2022","HM Revenue and Customs (excl. agencies)","North Lanarkshire","Outside London","SEO","[c]","[c]","[c]","[c]"
"Leaver Dept.","2022","HM Revenue and Customs (excl. agencies)","Nottingham","Outside London","AO","15","[c]","[c]","[c]"
"Leaver Dept.","2022","HM Revenue and Customs (excl. agencies)","Nottingham","Outside London","EO","15","[c]","[c]","[c]"
"Leaver Dept.","2022","HM Revenue and Customs (excl. agencies)","Nottingham","Outside London","G6","[c]","[c]","[c]","[c]"
"Leaver Dept.","2022","HM Revenue and Customs (excl. agencies)","Nottingham","Outside London","G7","[c]","[c]","[c]","[c]"
"Leaver Dept.","2022","HM Revenue and Customs (excl. agencies)","Nottingham","Outside London","HEO","15","[c]","[c]","[c]"
"Leaver Dept.","2022","HM Revenue and Customs (excl. agencies)","Nottingham","Outside London","SEO","10","[c]","[c]","[c]"
"Leaver Dept.","2022","HM Revenue and Customs (excl. agencies)","Nottingham","Outside London","Unknown","[c]","[c]","[c]","[c]"
"Leaver Dept.","2022","HM Revenue and Customs (excl. agencies)","Portsmouth","Outside London","AO","[c]","[c]","[c]","[c]"
"Leaver Dept.","2022","HM Revenue and Customs (excl. agencies)","Portsmouth","Outside London","EO","5","[c]","[c]","[c]"
"Leaver Dept.","2022","HM Revenue and Customs (excl. agencies)","Portsmouth","Outside London","HEO","[c]","[c]","[c]","[c]"
"Leaver Dept.","2022","HM Revenue and Customs (excl. agencies)","Sefton","Outside London","AO","5","[c]","[c]","[c]"
"Leaver Dept.","2022","HM Revenue and Customs (excl. agencies)","Sefton","Outside London","EO","[c]","[c]","[c]","[c]"
"Leaver Dept.","2022","HM Revenue and Customs (excl. agencies)","Sefton","Outside London","G6","[c]","[c]","[c]","[c]"
"Leaver Dept.","2022","HM Revenue and Customs (excl. agencies)","Sefton","Outside London","HEO","[c]","[c]","[c]","[c]"
"Leaver Dept.","2022","HM Revenue and Customs (excl. agencies)","Sefton","Outside London","SCS level","[c]","[c]","[c]","[c]"
"Leaver Dept.","2022","HM Revenue and Customs (excl. agencies)","Sefton","Outside London","SEO","[c]","[c]","[c]","[c]"
"Leaver Dept.","2022","HM Revenue and Customs (excl. agencies)","South Lanarkshire","Outside London","AA","[c]","[c]","[c]","[c]"
"Leaver Dept.","2022","HM Revenue and Customs (excl. agencies)","South Lanarkshire","Outside London","AO","25","[c]","[c]","[c]"
"Leaver Dept.","2022","HM Revenue and Customs (excl. agencies)","South Lanarkshire","Outside London","EO","10","[c]","[c]","[c]"
"Leaver Dept.","2022","HM Revenue and Customs (excl. agencies)","South Lanarkshire","Outside London","G6","[c]","[c]","[c]","[c]"
"Leaver Dept.","2022","HM Revenue and Customs (excl. agencies)","South Lanarkshire","Outside London","HEO","[c]","[c]","[c]","[c]"
"Leaver Dept.","2022","HM Revenue and Customs (excl. agencies)","South Lanarkshire","Outside London","SEO","[c]","[c]","[c]","[c]"
"Leaver Dept.","2022","HM Revenue and Customs (excl. agencies)","Southend-on-Sea","Outside London","EO","[c]","[c]","[c]","[c]"
"Leaver Dept.","2022","HM Revenue and Customs (excl. agencies)","Southend-on-Sea","Outside London","HEO","[c]","[c]","[c]","[c]"
"Leaver Dept.","2022","HM Revenue and Customs (excl. agencies)","Suffolk CC","Outside London","AO","[c]","[c]","[c]","[c]"
"Leaver Dept.","2022","HM Revenue and Customs (excl. agencies)","Suffolk CC","Outside London","EO","5","[c]","[c]","[c]"
"Leaver Dept.","2022","HM Revenue and Customs (excl. agencies)","Suffolk CC","Outside London","G7","[c]","[c]","[c]","[c]"
"Leaver Dept.","2022","HM Revenue and Customs (excl. agencies)","Sunderland","Outside London","AO","35","[c]","[c]","[c]"
"Leaver Dept.","2022","HM Revenue and Customs (excl. agencies)","Sunderland","Outside London","EO","10","[c]","[c]","[c]"
"Leaver Dept.","2022","HM Revenue and Customs (excl. agencies)","Telford and Wrekin","Outside London","EO","[c]","[c]","[c]","[c]"
"Leaver Dept.","2022","HM Revenue and Customs (excl. agencies)","Telford and Wrekin","Outside London","G7","[c]","[c]","[c]","[c]"
"Leaver Dept.","2022","HM Revenue and Customs (excl. agencies)","Telford and Wrekin","Outside London","HEO","[c]","[c]","[c]","[c]"
"Leaver Dept.","2022","HM Revenue and Customs (excl. agencies)","Telford and Wrekin","Outside London","SEO","5","[c]","[c]","[c]"
"Leaver Dept.","2022","HM Revenue and Customs (excl. agencies)","Telford and Wrekin","Outside London","Unknown","[c]","[c]","[c]","[c]"
"Leaver Dept.","2022","HM Revenue and Customs (excl. agencies)","Tower Hamlets","London","EO","[c]","[c]","[c]","[c]"
"Leaver Dept.","2022","HM Revenue and Customs (excl. agencies)","Tower Hamlets","London","G6","5","[c]","[c]","[c]"
"Leaver Dept.","2022","HM Revenue and Customs (excl. agencies)","Tower Hamlets","London","G7","10","[c]","[c]","[c]"
"Leaver Dept.","2022","HM Revenue and Customs (excl. agencies)","Tower Hamlets","London","HEO","10","[c]","[c]","[c]"
"Leaver Dept.","2022","HM Revenue and Customs (excl. agencies)","Tower Hamlets","London","SCS level","[c]","[c]","[c]","[c]"
"Leaver Dept.","2022","HM Revenue and Customs (excl. agencies)","Tower Hamlets","London","SEO","[c]","[c]","[c]","[c]"
"Leaver Dept.","2022","HM Revenue and Customs (excl. agencies)","Tower Hamlets","London","Unknown","15","[c]","[c]","[c]"
"Leaver Dept.","2022","HM Revenue and Customs (excl. agencies)","Tyneside","Outside London","AO","70","[c]","[c]","[c]"
"Leaver Dept.","2022","HM Revenue and Customs (excl. agencies)","Tyneside","Outside London","EO","40","[c]","[c]","[c]"
"Leaver Dept.","2022","HM Revenue and Customs (excl. agencies)","Tyneside","Outside London","G6","[c]","[c]","[c]","[c]"
"Leaver Dept.","2022","HM Revenue and Customs (excl. agencies)","Tyneside","Outside London","G7","10","[c]","[c]","[c]"
"Leaver Dept.","2022","HM Revenue and Customs (excl. agencies)","Tyneside","Outside London","HEO","15","[c]","[c]","[c]"
"Leaver Dept.","2022","HM Revenue and Customs (excl. agencies)","Tyneside","Outside London","SCS level","[c]","[c]","[c]","[c]"
"Leaver Dept.","2022","HM Revenue and Customs (excl. agencies)","Tyneside","Outside London","SEO","10","[c]","[c]","[c]"
"Leaver Dept.","2022","HM Revenue and Customs (excl. agencies)","Tyneside","Outside London","Unknown","[c]","[c]","[c]","[c]"
"Leaver Dept.","2022","HM Revenue and Customs (excl. agencies)","Unknown","Unknown","AO","[c]","[c]","[c]","[c]"
"Leaver Dept.","2022","HM Revenue and Customs (excl. agencies)","Unknown","Unknown","HEO","[c]","[c]","[c]","[c]"
"Leaver Dept.","2022","HM Revenue and Customs (excl. agencies)","West Sussex (South West)","Outside London","AO","[c]","[c]","[c]","[c]"
"Leaver Dept.","2022","HM Revenue and Customs (excl. agencies)","West Sussex (South West)","Outside London","EO","[c]","[c]","[c]","[c]"
"Leaver Dept.","2022","HM Revenue and Customs (excl. agencies)","West Sussex (South West)","Outside London","HEO","[c]","[c]","[c]","[c]"
"Leaver Dept.","2022","HM Revenue and Customs (excl. agencies)","Westminster","London","AO","[c]","[c]","[c]","[c]"
"Leaver Dept.","2022","HM Revenue and Customs (excl. agencies)","Westminster","London","EO","[c]","[c]","[c]","[c]"
"Leaver Dept.","2022","HM Revenue and Customs (excl. agencies)","Westminster","London","G6","10","[c]","[c]","[c]"
"Leaver Dept.","2022","HM Revenue and Customs (excl. agencies)","Westminster","London","G7","20","[c]","[c]","[c]"
"Leaver Dept.","2022","HM Revenue and Customs (excl. agencies)","Westminster","London","HEO","15","[c]","[c]","[c]"
"Leaver Dept.","2022","HM Revenue and Customs (excl. agencies)","Westminster","London","SCS level","[c]","[c]","[c]","[c]"
"Leaver Dept.","2022","HM Revenue and Customs (excl. agencies)","Westminster","London","SEO","10","[c]","[c]","[c]"
"Leaver Dept.","2022","HM Revenue and Customs (excl. agencies)","Westminster","London","Unknown","20","[c]","[c]","[c]"
"Leaver Dept.","2022","HM Treasury (excl. agencies)","Darlington","Outside London","HEO","[c]","[c]","[c]","[c]"
"Leaver Dept.","2022","HM Treasury (excl. agencies)","Norwich and East Norfolk","Outside London","EO","[c]","[c]","[c]","[c]"
"Leaver Dept.","2022","HM Treasury (excl. agencies)","Norwich and East Norfolk","Outside London","HEO","[c]","[c]","[c]","[c]"
"Leaver Dept.","2022","HM Treasury (excl. agencies)","Westminster","London","AO","[c]","[c]","[c]","[c]"
"Leaver Dept.","2022","HM Treasury (excl. agencies)","Westminster","London","EO","20","[c]","[c]","[c]"
"Leaver Dept.","2022","HM Treasury (excl. agencies)","Westminster","London","G6","10","[c]","[c]","[c]"
"Leaver Dept.","2022","HM Treasury (excl. agencies)","Westminster","London","G7","50","[c]","[c]","[c]"
"Leaver Dept.","2022","HM Treasury (excl. agencies)","Westminster","London","HEO","85","[c]","[c]","[c]"
"Leaver Dept.","2022","HM Treasury (excl. agencies)","Westminster","London","SCS level","15","[c]","[c]","[c]"
"Leaver Dept.","2022","Home Office","Aberdeen City and Aberdeenshire","Outside London","EO","[c]","[c]","[c]","[c]"
"Leaver Dept.","2022","Home Office","Barnet","London","SEO","[c]","[c]","[c]","[c]"
"Leaver Dept.","2022","Home Office","Barnsley, Doncaster and Rotherham","Outside London","EO","[c]","[c]","[c]","[c]"
"Leaver Dept.","2022","Home Office","Bath and North East Somerset, North Somerset and South Gloucestershire","Outside London","EO","5","[c]","[c]","[c]"
"Leaver Dept.","2022","Home Office","Bedford","Outside London","EO","[c]","[c]","[c]","[c]"
"Leaver Dept.","2022","Home Office","Belfast","Outside London","EO","10","[c]","[c]","[c]"
"Leaver Dept.","2022","Home Office","Belfast","Outside London","G7","[c]","[c]","[c]","[c]"
"Leaver Dept.","2022","Home Office","Belfast","Outside London","HEO","[c]","[c]","[c]","[c]"
"Leaver Dept.","2022","Home Office","Belfast","Outside London","SEO","[c]","[c]","[c]","[c]"
"Leaver Dept.","2022","Home Office","Birmingham","Outside London","EO","10","[c]","25100","24880"
"Leaver Dept.","2022","Home Office","Birmingham","Outside London","G7","[c]","[c]","[c]","[c]"
"Leaver Dept.","2022","Home Office","Birmingham","Outside London","HEO","[c]","[c]","[c]","[c]"
"Leaver Dept.","2022","Home Office","Camden and City of London","London","AO","[c]","[c]","[c]","[c]"
"Leaver Dept.","2022","Home Office","Camden and City of London","London","EO","10","[c]","29070","28670"
"Leaver Dept.","2022","Home Office","Camden and City of London","London","G7","[c]","[c]","[c]","[c]"
"Leaver Dept.","2022","Home Office","Camden and City of London","London","HEO","[c]","[c]","[c]","[c]"
"Leaver Dept.","2022","Home Office","Camden and City of London","London","SEO","[c]","[c]","[c]","[c]"
"Leaver Dept.","2022","Home Office","Cardiff and Vale of Glamorgan","Outside London","AO","[c]","[c]","[c]","[c]"
"Leaver Dept.","2022","Home Office","Cardiff and Vale of Glamorgan","Outside London","EO","15","[c]","25540","24890"
"Leaver Dept.","2022","Home Office","Cardiff and Vale of Glamorgan","Outside London","HEO","5","[c]","[c]","[c]"
"Leaver Dept.","2022","Home Office","Cardiff and Vale of Glamorgan","Outside London","SEO","[c]","[c]","[c]","[c]"
"Leaver Dept.","2022","Home Office","Cheshire East","Outside London","SEO","[c]","[c]","[c]","[c]"
"Leaver Dept.","2022","Home Office","City of Edinburgh","Outside London","EO","[c]","[c]","[c]","[c]"
"Leaver Dept.","2022","Home Office","City of Edinburgh","Outside London","HEO","[c]","[c]","[c]","[c]"
"Leaver Dept.","2022","Home Office","Croydon","London","AA","[c]","[c]","[c]","[c]"
"Leaver Dept.","2022","Home Office","Croydon","London","AO","[c]","[c]","[c]","[c]"
"Leaver Dept.","2022","Home Office","Croydon","London","EO","45","[c]","29380","28810"
"Leaver Dept.","2022","Home Office","Croydon","London","G6","10","[c]","70360","69730"
"Leaver Dept.","2022","Home Office","Croydon","London","G7","20","[c]","59150","57990"
"Leaver Dept.","2022","Home Office","Croydon","London","HEO","50","[c]","35200","35070"
"Leaver Dept.","2022","Home Office","Croydon","London","SCS level","[c]","[c]","[c]","[c]"
"Leaver Dept.","2022","Home Office","Croydon","London","SEO","30","[c]","43080","41970"
"Leaver Dept.","2022","Home Office","Croydon","London","Unknown","[c]","[c]","[c]","[c]"
"Leaver Dept.","2022","Home Office","Darlington","Outside London","G7","[c]","[c]","[c]","[c]"
"Leaver Dept.","2022","Home Office","Durham","Outside London","AO","10","[c]","21680","21680"
"Leaver Dept.","2022","Home Office","Durham","Outside London","EO","5","[c]","[c]","[c]"
"Leaver Dept.","2022","Home Office","Durham","Outside London","G7","[c]","[c]","[c]","[c]"
"Leaver Dept.","2022","Home Office","Durham","Outside London","HEO","[c]","[c]","[c]","[c]"
"Leaver Dept.","2022","Home Office","Durham","Outside London","SEO","5","[c]","[c]","[c]"
"Leaver Dept.","2022","Home Office","East Kent","Outside London","AO","[c]","[c]","[c]","[c]"
"Leaver Dept.","2022","Home Office","East Kent","Outside London","EO","10","[c]","25430","25260"
"Leaver Dept.","2022","Home Office","East Kent","Outside London","G6","[c]","[c]","[c]","[c]"
"Leaver Dept.","2022","Home Office","East Kent","Outside London","G7","[c]","[c]","[c]","[c]"
"Leaver Dept.","2022","Home Office","East Kent","Outside London","HEO","5","[c]","[c]","[c]"
"Leaver Dept.","2022","Home Office","East Kent","Outside London","SEO","[c]","[c]","[c]","[c]"
"Leaver Dept.","2022","Home Office","Essex Thames Gateway","Outside London","EO","[c]","[c]","[c]","[c]"
"Leaver Dept.","2022","Home Office","Essex Thames Gateway","Outside London","HEO","[c]","[c]","[c]","[c]"
"Leaver Dept.","2022","Home Office","Glasgow City","Outside London","AO","20","[c]","21650","21680"
"Leaver Dept.","2022","Home Office","Glasgow City","Outside London","EO","30","[c]","25140","24890"
"Leaver Dept.","2022","Home Office","Glasgow City","Outside London","G6","[c]","[c]","[c]","[c]"
"Leaver Dept.","2022","Home Office","Glasgow City","Outside London","G7","[c]","[c]","[c]","[c]"
"Leaver Dept.","2022","Home Office","Glasgow City","Outside London","HEO","5","[c]","[c]","[c]"
"Leaver Dept.","2022","Home Office","Glasgow City","Outside London","SEO","5","[c]","[c]","[c]"
"Leaver Dept.","2022","Home Office","Greater Manchester South West","Outside London","AO","5","[c]","[c]","[c]"
"Leaver Dept.","2022","Home Office","Greater Manchester South West","Outside London","EO","10","[c]","[c]","[c]"
"Leaver Dept.","2022","Home Office","Greater Manchester South West","Outside London","G6","[c]","[c]","[c]","[c]"
"Leaver Dept.","2022","Home Office","Greater Manchester South West","Outside London","G7","[c]","[c]","[c]","[c]"
"Leaver Dept.","2022","Home Office","Greater Manchester South West","Outside London","HEO","5","[c]","[c]","[c]"
"Leaver Dept.","2022","Home Office","Greater Manchester South West","Outside London","SEO","5","[c]","[c]","[c]"
"Leaver Dept.","2022","Home Office","Hackney and Newham","London","AO","[c]","[c]","[c]","[c]"
"Leaver Dept.","2022","Home Office","Hackney and Newham","London","EO","[c]","[c]","[c]","[c]"
"Leaver Dept.","2022","Home Office","Hackney and Newham","London","HEO","[c]","[c]","[c]","[c]"
"Leaver Dept.","2022","Home Office","Hackney and Newham","London","SEO","[c]","[c]","[c]","[c]"
"Leaver Dept.","2022","Home Office","Harrow and Hillingdon","London","AO","[c]","[c]","[c]","[c]"
"Leaver Dept.","2022","Home Office","Harrow and Hillingdon","London","EO","15","[c]","29110","28900"
"Leaver Dept.","2022","Home Office","Harrow and Hillingdon","London","G7","[c]","[c]","[c]","[c]"
"Leaver Dept.","2022","Home Office","Harrow and Hillingdon","London","HEO","5","[c]","[c]","[c]"
"Leaver Dept.","2022","Home Office","Harrow and Hillingdon","London","SEO","[c]","[c]","[c]","[c]"
"Leaver Dept.","2022","Home Office","Hertfordshire CC","Outside London","G7","[c]","[c]","[c]","[c]"
"Leaver Dept.","2022","Home Office","Hounslow and Richmond upon Thames","London","AA","[c]","[c]","[c]","[c]"
"Leaver Dept.","2022","Home Office","Hounslow and Richmond upon Thames","London","AO","[c]","[c]","[c]","[c]"
"Leaver Dept.","2022","Home Office","Hounslow and Richmond upon Thames","London","EO","10","[c]","28740","28670"
"Leaver Dept.","2022","Home Office","Hounslow and Richmond upon Thames","London","HEO","[c]","[c]","[c]","[c]"
"Leaver Dept.","2022","Home Office","Hounslow and Richmond upon Thames","London","SEO","[c]","[c]","[c]","[c]"
"Leaver Dept.","2022","Home Office","Inverclyde, East Renfrewshire, and Renfrewshire","Outside London","EO","5","[c]","[c]","[c]"
"Leaver Dept.","2022","Home Office","Lambeth","London","EO","5","[c]","[c]","[c]"
"Leaver Dept.","2022","Home Office","Lambeth","London","G6","[c]","[c]","[c]","[c]"
"Leaver Dept.","2022","Home Office","Lambeth","London","G7","[c]","[c]","[c]","[c]"
"Leaver Dept.","2022","Home Office","Lambeth","London","HEO","[c]","[c]","[c]","[c]"
"Leaver Dept.","2022","Home Office","Lambeth","London","SEO","[c]","[c]","[c]","[c]"
"Leaver Dept.","2022","Home Office","Leeds","Outside London","AO","[c]","[c]","[c]","[c]"
"Leaver Dept.","2022","Home Office","Leeds","Outside London","EO","35","[c]","25150","24890"
"Leaver Dept.","2022","Home Office","Leeds","Outside London","G6","[c]","[c]","[c]","[c]"
"Leaver Dept.","2022","Home Office","Leeds","Outside London","HEO","10","[c]","[c]","[c]"
"Leaver Dept.","2022","Home Office","Leeds","Outside London","SEO","[c]","[c]","[c]","[c]"
"Leaver Dept.","2022","Home Office","Leicestershire CC and Rutland","Outside London","EO","[c]","[c]","[c]","[c]"
"Leaver Dept.","2022","Home Office","Leicestershire CC and Rutland","Outside London","G6","[c]","[c]","[c]","[c]"
"Leaver Dept.","2022","Home Office","Leicestershire CC and Rutland","Outside London","G7","[c]","[c]","[c]","[c]"
"Leaver Dept.","2022","Home Office","Leicestershire CC and Rutland","Outside London","HEO","[c]","[c]","[c]","[c]"
"Leaver Dept.","2022","Home Office","Lewisham and Southwark","London","EO","5","[c]","[c]","[c]"
"Leaver Dept.","2022","Home Office","Lewisham and Southwark","London","G7","[c]","[c]","[c]","[c]"
"Leaver Dept.","2022","Home Office","Lewisham and Southwark","London","HEO","[c]","[c]","[c]","[c]"
"Leaver Dept.","2022","Home Office","Lewisham and Southwark","London","Unknown","[c]","[c]","[c]","[c]"
"Leaver Dept.","2022","Home Office","Lincolnshire CC","Outside London","AO","[c]","[c]","[c]","[c]"
"Leaver Dept.","2022","Home Office","Lisburn and Castlereagh","Outside London","EO","[c]","[c]","[c]","[c]"
"Leaver Dept.","2022","Home Office","Liverpool","Outside London","AA","[c]","[c]","[c]","[c]"
"Leaver Dept.","2022","Home Office","Liverpool","Outside London","AO","45","[c]","21650","21680"
"Leaver Dept.","2022","Home Office","Liverpool","Outside London","EO","100","[c]","25160","24890"
"Leaver Dept.","2022","Home Office","Liverpool","Outside London","G6","[c]","[c]","[c]","[c]"
"Leaver Dept.","2022","Home Office","Liverpool","Outside London","HEO","20","[c]","30710","30820"
"Leaver Dept.","2022","Home Office","Liverpool","Outside London","SEO","5","[c]","[c]","[c]"
"Leaver Dept.","2022","Home Office","Luton","Outside London","AO","[c]","[c]","[c]","[c]"
"Leaver Dept.","2022","Home Office","Luton","Outside London","EO","[c]","[c]","[c]","[c]"
"Leaver Dept.","2022","Home Office","Luton","Outside London","SEO","[c]","[c]","[c]","[c]"
"Leaver Dept.","2022","Home Office","Manchester","Outside London","AO","[c]","[c]","[c]","[c]"
"Leaver Dept.","2022","Home Office","Manchester","Outside London","EO","20","[c]","25610","25290"
"Leaver Dept.","2022","Home Office","Manchester","Outside London","G7","[c]","[c]","[c]","[c]"
"Leaver Dept.","2022","Home Office","Manchester","Outside London","HEO","5","[c]","[c]","[c]"
"Leaver Dept.","2022","Home Office","Manchester","Outside London","SEO","[c]","[c]","[c]","[c]"
"Leaver Dept.","2022","Home Office","Milton Keynes","Outside London","EO","[c]","[c]","[c]","[c]"
"Leaver Dept.","2022","Home Office","Monmouthshire and Newport","Outside London","AA","[c]","[c]","[c]","[c]"
"Leaver Dept.","2022","Home Office","Monmouthshire and Newport","Outside London","AO","10","[c]","[c]","[c]"
"Leaver Dept.","2022","Home Office","Monmouthshire and Newport","Outside London","EO","[c]","[c]","[c]","[c]"
"Leaver Dept.","2022","Home Office","Monmouthshire and Newport","Outside London","SEO","[c]","[c]","[c]","[c]"
"Leaver Dept.","2022","Home Office","North Northamptonshire","Outside London","AO","[c]","[c]","[c]","[c]"
"Leaver Dept.","2022","Home Office","North Northamptonshire","Outside London","EO","[c]","[c]","[c]","[c]"
"Leaver Dept.","2022","Home Office","Overseas","Overseas","EO","[c]","[c]","[c]","[c]"
"Leaver Dept.","2022","Home Office","Overseas","Overseas","G7","[c]","[c]","[c]","[c]"
"Leaver Dept.","2022","Home Office","Overseas","Overseas","HEO","10","[c]","[c]","[c]"
"Leaver Dept.","2022","Home Office","Overseas","Overseas","SEO","[c]","[c]","[c]","[c]"
"Leaver Dept.","2022","Home Office","Overseas","Overseas","Unknown","[c]","[c]","[c]","[c]"
"Leaver Dept.","2022","Home Office","Peterborough","Outside London","AA","[c]","[c]","[c]","[c]"
"Leaver Dept.","2022","Home Office","Peterborough","Outside London","AO","5","[c]","[c]","[c]"
"Leaver Dept.","2022","Home Office","Peterborough","Outside London","EO","5","[c]","[c]","[c]"
"Leaver Dept.","2022","Home Office","Peterborough","Outside London","SEO","[c]","[c]","[c]","[c]"
"Leaver Dept.","2022","Home Office","Plymouth","Outside London","EO","[c]","[c]","[c]","[c]"
"Leaver Dept.","2022","Home Office","Portsmouth","Outside London","EO","[c]","[c]","[c]","[c]"
"Leaver Dept.","2022","Home Office","Portsmouth","Outside London","HEO","[c]","[c]","[c]","[c]"
"Leaver Dept.","2022","Home Office","Portsmouth","Outside London","SEO","[c]","[c]","[c]","[c]"
"Leaver Dept.","2022","Home Office","Sefton","Outside London","AA","[c]","[c]","[c]","[c]"
"Leaver Dept.","2022","Home Office","Sefton","Outside London","AO","15","[c]","21650","21680"
"Leaver Dept.","2022","Home Office","Sefton","Outside London","EO","30","[c]","25070","24890"
"Leaver Dept.","2022","Home Office","Sefton","Outside London","G6","[c]","[c]","[c]","[c]"
"Leaver Dept.","2022","Home Office","Sefton","Outside London","G7","[c]","[c]","[c]","[c]"
"Leaver Dept.","2022","Home Office","Sefton","Outside London","HEO","[c]","[c]","[c]","[c]"
"Leaver Dept.","2022","Home Office","Sefton","Outside London","SEO","[c]","[c]","[c]","[c]"
"Leaver Dept.","2022","Home Office","Sheffield","Outside London","AO","10","[c]","21660","21680"
"Leaver Dept.","2022","Home Office","Sheffield","Outside London","EO","25","[c]","25450","25040"
"Leaver Dept.","2022","Home Office","Sheffield","Outside London","G6","[c]","[c]","[c]","[c]"
"Leaver Dept.","2022","Home Office","Sheffield","Outside London","G7","5","[c]","[c]","[c]"
"Leaver Dept.","2022","Home Office","Sheffield","Outside London","HEO","5","[c]","[c]","[c]"
"Leaver Dept.","2022","Home Office","Sheffield","Outside London","SCS level","[c]","[c]","[c]","[c]"
"Leaver Dept.","2022","Home Office","Sheffield","Outside London","SEO","5","[c]","[c]","[c]"
"Leaver Dept.","2022","Home Office","Solihull","Outside London","AO","[c]","[c]","[c]","[c]"
"Leaver Dept.","2022","Home Office","Solihull","Outside London","EO","30","[c]","25180","24890"
"Leaver Dept.","2022","Home Office","Solihull","Outside London","HEO","5","[c]","[c]","[c]"
"Leaver Dept.","2022","Home Office","Solihull","Outside London","SEO","[c]","[c]","[c]","[c]"
"Leaver Dept.","2022","Home Office","South Lanarkshire","Outside London","EO","[c]","[c]","[c]","[c]"
"Leaver Dept.","2022","Home Office","South Lanarkshire","Outside London","G7","[c]","[c]","[c]","[c]"
"Leaver Dept.","2022","Home Office","South Teesside","Outside London","EO","[c]","[c]","[c]","[c]"
"Leaver Dept.","2022","Home Office","Staffordshire CC","Outside London","G6","[c]","[c]","[c]","[c]"
"Leaver Dept.","2022","Home Office","Stoke-on-Trent","Outside London","HEO","[c]","[c]","[c]","[c]"
"Leaver Dept.","2022","Home Office","Suffolk CC","Outside London","EO","[c]","[c]","[c]","[c]"
"Leaver Dept.","2022","Home Office","Suffolk CC","Outside London","G7","[c]","[c]","[c]","[c]"
"Leaver Dept.","2022","Home Office","Thurrock","Outside London","AO","[c]","[c]","[c]","[c]"
"Leaver Dept.","2022","Home Office","Thurrock","Outside London","EO","[c]","[c]","[c]","[c]"
"Leaver Dept.","2022","Home Office","Tyneside","Outside London","AO","[c]","[c]","[c]","[c]"
"Leaver Dept.","2022","Home Office","Tyneside","Outside London","EO","10","[c]","25720","24880"
"Leaver Dept.","2022","Home Office","Tyneside","Outside London","HEO","5","[c]","[c]","[c]"
"Leaver Dept.","2022","Home Office","Tyneside","Outside London","SEO","[c]","[c]","[c]","[c]"
"Leaver Dept.","2022","Home Office","Wandsworth","London","HEO","[c]","[c]","[c]","[c]"
"Leaver Dept.","2022","Home Office","Warwickshire CC","Outside London","AO","[c]","[c]","[c]","[c]"
"Leaver Dept.","2022","Home Office","Warwickshire CC","Outside London","EO","[c]","[c]","[c]","[c]"
"Leaver Dept.","2022","Home Office","Warwickshire CC","Outside London","HEO","[c]","[c]","[c]","[c]"
"Leaver Dept.","2022","Home Office","West Essex","Outside London","AO","[c]","[c]","[c]","[c]"
"Leaver Dept.","2022","Home Office","West Essex","Outside London","EO","5","[c]","[c]","[c]"
"Leaver Dept.","2022","Home Office","West Sussex (North East)","Outside London","EO","[c]","[c]","[c]","[c]"
"Leaver Dept.","2022","Home Office","West Sussex (North East)","Outside London","SEO","[c]","[c]","[c]","[c]"
"Leaver Dept.","2022","Home Office","Westminster","London","AO","15","[c]","25630","25630"
"Leaver Dept.","2022","Home Office","Westminster","London","EO","45","[c]","29550","28670"
"Leaver Dept.","2022","Home Office","Westminster","London","G6","35","[c]","69230","68720"
"Leaver Dept.","2022","Home Office","Westminster","London","G7","90","[c]","58490","57460"
"Leaver Dept.","2022","Home Office","Westminster","London","HEO","115","[c]","35400","35070"
"Leaver Dept.","2022","Home Office","Westminster","London","SCS level","20","[c]","97990","93210"
"Leaver Dept.","2022","Home Office","Westminster","London","SEO","85","[c]","42520","41970"
"Leaver Dept.","2022","Home Office","Westminster","London","Unknown","[c]","[c]","[c]","[c]"
"Leaver Dept.","2022","Home Office","Wiltshire","Outside London","SEO","[c]","[c]","[c]","[c]"
"Leaver Dept.","2022","Institute for Apprenticeships and Technical Education","Coventry","Outside London","EO","[c]","[c]","[c]","[c]"
"Leaver Dept.","2022","Institute for Apprenticeships and Technical Education","Coventry","Outside London","G7","[c]","[c]","[c]","[c]"
"Leaver Dept.","2022","Institute for Apprenticeships and Technical Education","Coventry","Outside London","HEO","[c]","[c]","[c]","[c]"
"Leaver Dept.","2022","Institute for Apprenticeships and Technical Education","Coventry","Outside London","SEO","[c]","[c]","[c]","[c]"
"Leaver Dept.","2022","Institute for Apprenticeships and Technical Education","Nottingham","Outside London","G7","[c]","[c]","[c]","[c]"
"Leaver Dept.","2022","Institute for Apprenticeships and Technical Education","Westminster","London","G6","[c]","[c]","[c]","[c]"
"Leaver Dept.","2022","Institute for Apprenticeships and Technical Education","Westminster","London","G7","[c]","[c]","[c]","[c]"
"Leaver Dept.","2022","Institute for Apprenticeships and Technical Education","Westminster","London","HEO","[c]","[c]","[c]","[c]"
"Leaver Dept.","2022","Institute for Apprenticeships and Technical Education","Westminster","London","SEO","[c]","[c]","[c]","[c]"
"Leaver Dept.","2022","Intellectual Property Office","Monmouthshire and Newport","Outside London","AO","[c]","[c]","[c]","[c]"
"Leaver Dept.","2022","Intellectual Property Office","Monmouthshire and Newport","Outside London","EO","10","[c]","[c]","[c]"
"Leaver Dept.","2022","Intellectual Property Office","Monmouthshire and Newport","Outside London","G6","[c]","[c]","[c]","[c]"
"Leaver Dept.","2022","Intellectual Property Office","Monmouthshire and Newport","Outside London","G7","10","[c]","[c]","[c]"
"Leaver Dept.","2022","Intellectual Property Office","Monmouthshire and Newport","Outside London","HEO","[c]","[c]","[c]","[c]"
"Leaver Dept.","2022","Intellectual Property Office","Monmouthshire and Newport","Outside London","SCS level","[c]","[c]","[c]","[c]"
"Leaver Dept.","2022","Intellectual Property Office","Monmouthshire and Newport","Outside London","SEO","[c]","[c]","[c]","[c]"
"Leaver Dept.","2022","Intellectual Property Office","Westminster","London","G7","[c]","[c]","[c]","[c]"
"Leaver Dept.","2022","Intellectual Property Office","Westminster","London","HEO","[c]","[c]","[c]","[c]"
"Leaver Dept.","2022","Legal Aid Agency","Birmingham","Outside London","AO","[c]","[c]","[c]","[c]"
"Leaver Dept.","2022","Legal Aid Agency","Birmingham","Outside London","EO","[c]","[c]","[c]","[c]"
"Leaver Dept.","2022","Legal Aid Agency","Cardiff and Vale of Glamorgan","Outside London","EO","[c]","[c]","[c]","[c]"
"Leaver Dept.","2022","Legal Aid Agency","Central Valleys","Outside London","SEO","[c]","[c]","[c]","[c]"
"Leaver Dept.","2022","Legal Aid Agency","Darlington","Outside London","SEO","[c]","[c]","[c]","[c]"
"Leaver Dept.","2022","Legal Aid Agency","Leeds","Outside London","G7","[c]","[c]","[c]","[c]"
"Leaver Dept.","2022","Legal Aid Agency","Liverpool","Outside London","AO","[c]","[c]","[c]","[c]"
"Leaver Dept.","2022","Legal Aid Agency","Liverpool","Outside London","EO","[c]","[c]","[c]","[c]"
"Leaver Dept.","2022","Legal Aid Agency","Liverpool","Outside London","HEO","[c]","[c]","[c]","[c]"
"Leaver Dept.","2022","Legal Aid Agency","Liverpool","Outside London","SEO","[c]","[c]","[c]","[c]"
"Leaver Dept.","2022","Legal Aid Agency","Manchester","Outside London","AO","[c]","[c]","[c]","[c]"
"Leaver Dept.","2022","Legal Aid Agency","Manchester","Outside London","EO","[c]","[c]","[c]","[c]"
"Leaver Dept.","2022","Legal Aid Agency","Manchester","Outside London","G7","[c]","[c]","[c]","[c]"
"Leaver Dept.","2022","Legal Aid Agency","Manchester","Outside London","HEO","[c]","[c]","[c]","[c]"
"Leaver Dept.","2022","Legal Aid Agency","Nottingham","Outside London","AO","5","[c]","[c]","[c]"
"Leaver Dept.","2022","Legal Aid Agency","Nottingham","Outside London","EO","[c]","[c]","[c]","[c]"
"Leaver Dept.","2022","Legal Aid Agency","Nottingham","Outside London","HEO","[c]","[c]","[c]","[c]"
"Leaver Dept.","2022","Legal Aid Agency","Tyneside","Outside London","EO","[c]","[c]","[c]","[c]"
"Leaver Dept.","2022","Legal Aid Agency","Tyneside","Outside London","HEO","[c]","[c]","[c]","[c]"
"Leaver Dept.","2022","Legal Aid Agency","Tyneside","Outside London","SEO","[c]","[c]","[c]","[c]"
"Leaver Dept.","2022","Legal Aid Agency","Westminster","London","EO","[c]","[c]","[c]","[c]"
"Leaver Dept.","2022","Legal Aid Agency","Westminster","London","G7","[c]","[c]","[c]","[c]"
"Leaver Dept.","2022","Legal Aid Agency","Westminster","London","SCS level","[c]","[c]","[c]","[c]"
"Leaver Dept.","2022","Legal Aid Agency","Westminster","London","SEO","[c]","[c]","[c]","[c]"
"Leaver Dept.","2022","Maritime and Coastguard Agency","Aberdeen City and Aberdeenshire","Outside London","AO","[c]","[c]","[c]","[c]"
"Leaver Dept.","2022","Maritime and Coastguard Agency","Ards and North Down","Outside London","AO","[c]","[c]","[c]","[c]"
"Leaver Dept.","2022","Maritime and Coastguard Agency","Ards and North Down","Outside London","EO","[c]","[c]","[c]","[c]"
"Leaver Dept.","2022","Maritime and Coastguard Agency","Cardiff and Vale of Glamorgan","Outside London","AO","5","[c]","[c]","[c]"
"Leaver Dept.","2022","Maritime and Coastguard Agency","Cardiff and Vale of Glamorgan","Outside London","EO","[c]","[c]","[c]","[c]"
"Leaver Dept.","2022","Maritime and Coastguard Agency","Cardiff and Vale of Glamorgan","Outside London","HEO","[c]","[c]","[c]","[c]"
"Leaver Dept.","2022","Maritime and Coastguard Agency","Cornwall and Isles of Scilly","Outside London","AO","[c]","[c]","[c]","[c]"
"Leaver Dept.","2022","Maritime and Coastguard Agency","Devon CC","Outside London","HEO","[c]","[c]","[c]","[c]"
"Leaver Dept.","2022","Maritime and Coastguard Agency","East Kent","Outside London","AO","[c]","[c]","[c]","[c]"
"Leaver Dept.","2022","Maritime and Coastguard Agency","East Kent","Outside London","HEO","[c]","[c]","[c]","[c]"
"Leaver Dept.","2022","Maritime and Coastguard Agency","East Riding of Yorkshire","Outside London","EO","[c]","[c]","[c]","[c]"
"Leaver Dept.","2022","Maritime and Coastguard Agency","South Hampshire","Outside London","AO","[c]","[c]","[c]","[c]"
"Leaver Dept.","2022","Maritime and Coastguard Agency","South Hampshire","Outside London","HEO","[c]","[c]","[c]","[c]"
"Leaver Dept.","2022","Maritime and Coastguard Agency","South Hampshire","Outside London","SEO","[c]","[c]","[c]","[c]"
"Leaver Dept.","2022","Maritime and Coastguard Agency","Southampton","Outside London","EO","5","[c]","[c]","[c]"
"Leaver Dept.","2022","Maritime and Coastguard Agency","Southampton","Outside London","G6","[c]","[c]","[c]","[c]"
"Leaver Dept.","2022","Maritime and Coastguard Agency","Southampton","Outside London","G7","[c]","[c]","[c]","[c]"
"Leaver Dept.","2022","Maritime and Coastguard Agency","Southampton","Outside London","HEO","[c]","[c]","[c]","[c]"
"Leaver Dept.","2022","Maritime and Coastguard Agency","Southampton","Outside London","SEO","5","[c]","[c]","[c]"
"Leaver Dept.","2022","Maritime and Coastguard Agency","Swansea","Outside London","EO","[c]","[c]","[c]","[c]"
"Leaver Dept.","2022","Maritime and Coastguard Agency","Swansea","Outside London","SEO","[c]","[c]","[c]","[c]"
"Leaver Dept.","2022","Medicines and Healthcare Products Regulatory Agency","Hertfordshire CC","Outside London","EO","[c]","[c]","[c]","[c]"
"Leaver Dept.","2022","Medicines and Healthcare Products Regulatory Agency","Hertfordshire CC","Outside London","HEO","[c]","[c]","[c]","[c]"
"Leaver Dept.","2022","Medicines and Healthcare Products Regulatory Agency","Tower Hamlets","London","EO","[c]","[c]","[c]","[c]"
"Leaver Dept.","2022","Medicines and Healthcare Products Regulatory Agency","Tower Hamlets","London","G6","[c]","[c]","[c]","[c]"
"Leaver Dept.","2022","Medicines and Healthcare Products Regulatory Agency","Tower Hamlets","London","G7","[c]","[c]","[c]","[c]"
"Leaver Dept.","2022","Medicines and Healthcare Products Regulatory Agency","Tower Hamlets","London","HEO","10","[c]","[c]","[c]"
"Leaver Dept.","2022","Medicines and Healthcare Products Regulatory Agency","Tower Hamlets","London","SEO","10","[c]","[c]","[c]"
"Leaver Dept.","2022","Met Office","Devon CC","Outside London","EO","[c]","[c]","[c]","[c]"
"Leaver Dept.","2022","Met Office","Devon CC","Outside London","G7","[c]","[c]","[c]","[c]"
"Leaver Dept.","2022","Met Office","Devon CC","Outside London","HEO","[c]","[c]","[c]","[c]"
"Leaver Dept.","2022","Met Office","Devon CC","Outside London","SEO","[c]","[c]","[c]","[c]"
"Leaver Dept.","2022","Met Office","Harrow and Hillingdon","London","G7","[c]","[c]","[c]","[c]"
"Leaver Dept.","2022","Met Office","Harrow and Hillingdon","London","SEO","[c]","[c]","[c]","[c]"
"Leaver Dept.","2022","Ministry of Defence (excl. agencies)","Angus and Dundee City","Outside London","AO","[c]","[c]","[c]","[c]"
"Leaver Dept.","2022","Ministry of Defence (excl. agencies)","Bath and North East Somerset, North Somerset and South Gloucestershire","Outside London","AO","5","[c]","[c]","[c]"
"Leaver Dept.","2022","Ministry of Defence (excl. agencies)","Bath and North East Somerset, North Somerset and South Gloucestershire","Outside London","EO","5","[c]","[c]","[c]"
"Leaver Dept.","2022","Ministry of Defence (excl. agencies)","Bath and North East Somerset, North Somerset and South Gloucestershire","Outside London","G6","[c]","[c]","[c]","[c]"
"Leaver Dept.","2022","Ministry of Defence (excl. agencies)","Bath and North East Somerset, North Somerset and South Gloucestershire","Outside London","G7","[c]","[c]","[c]","[c]"
"Leaver Dept.","2022","Ministry of Defence (excl. agencies)","Bath and North East Somerset, North Somerset and South Gloucestershire","Outside London","HEO","5","[c]","[c]","[c]"
"Leaver Dept.","2022","Ministry of Defence (excl. agencies)","Bath and North East Somerset, North Somerset and South Gloucestershire","Outside London","SCS level","[c]","[c]","[c]","[c]"
"Leaver Dept.","2022","Ministry of Defence (excl. agencies)","Bath and North East Somerset, North Somerset and South Gloucestershire","Outside London","SEO","15","[c]","42010","40580"
"Leaver Dept.","2022","Ministry of Defence (excl. agencies)","Belfast","Outside London","AA","[c]","[c]","[c]","[c]"
"Leaver Dept.","2022","Ministry of Defence (excl. agencies)","Berkshire","Outside London","AO","[c]","[c]","[c]","[c]"
"Leaver Dept.","2022","Ministry of Defence (excl. agencies)","Berkshire","Outside London","EO","[c]","[c]","[c]","[c]"
"Leaver Dept.","2022","Ministry of Defence (excl. agencies)","Berkshire","Outside London","G7","[c]","[c]","[c]","[c]"
"Leaver Dept.","2022","Ministry of Defence (excl. agencies)","Berkshire","Outside London","HEO","[c]","[c]","[c]","[c]"
"Leaver Dept.","2022","Ministry of Defence (excl. agencies)","Berkshire","Outside London","SCS level","[c]","[c]","[c]","[c]"
"Leaver Dept.","2022","Ministry of Defence (excl. agencies)","Bexley and Greenwich","London","AO","[c]","[c]","[c]","[c]"
"Leaver Dept.","2022","Ministry of Defence (excl. agencies)","Birmingham","Outside London","AA","[c]","[c]","[c]","[c]"
"Leaver Dept.","2022","Ministry of Defence (excl. agencies)","Birmingham","Outside London","HEO","[c]","[c]","[c]","[c]"
"Leaver Dept.","2022","Ministry of Defence (excl. agencies)","Birmingham","Outside London","SEO","[c]","[c]","[c]","[c]"
"Leaver Dept.","2022","Ministry of Defence (excl. agencies)","Buckinghamshire","Outside London","EO","[c]","[c]","[c]","[c]"
"Leaver Dept.","2022","Ministry of Defence (excl. agencies)","Buckinghamshire","Outside London","G6","[c]","[c]","[c]","[c]"
"Leaver Dept.","2022","Ministry of Defence (excl. agencies)","Buckinghamshire","Outside London","G7","[c]","[c]","[c]","[c]"
"Leaver Dept.","2022","Ministry of Defence (excl. agencies)","Buckinghamshire","Outside London","HEO","[c]","[c]","[c]","[c]"
"Leaver Dept.","2022","Ministry of Defence (excl. agencies)","Buckinghamshire","Outside London","SEO","[c]","[c]","[c]","[c]"
"Leaver Dept.","2022","Ministry of Defence (excl. agencies)","Cambridgeshire CC","Outside London","EO","5","[c]","[c]","[c]"
"Leaver Dept.","2022","Ministry of Defence (excl. agencies)","Cambridgeshire CC","Outside London","G7","[c]","[c]","[c]","[c]"
"Leaver Dept.","2022","Ministry of Defence (excl. agencies)","Cambridgeshire CC","Outside London","HEO","10","[c]","[c]","[c]"
"Leaver Dept.","2022","Ministry of Defence (excl. agencies)","Cambridgeshire CC","Outside London","SEO","5","[c]","[c]","[c]"
"Leaver Dept.","2022","Ministry of Defence (excl. agencies)","Camden and City of London","London","EO","[c]","[c]","[c]","[c]"
"Leaver Dept.","2022","Ministry of Defence (excl. agencies)","Camden and City of London","London","SEO","[c]","[c]","[c]","[c]"
"Leaver Dept.","2022","Ministry of Defence (excl. agencies)","Cardiff and Vale of Glamorgan","Outside London","AA","[c]","[c]","[c]","[c]"
"Leaver Dept.","2022","Ministry of Defence (excl. agencies)","Cardiff and Vale of Glamorgan","Outside London","AO","[c]","[c]","[c]","[c]"
"Leaver Dept.","2022","Ministry of Defence (excl. agencies)","Central Hampshire","Outside London","AO","5","[c]","[c]","[c]"
"Leaver Dept.","2022","Ministry of Defence (excl. agencies)","Central Hampshire","Outside London","EO","[c]","[c]","[c]","[c]"
"Leaver Dept.","2022","Ministry of Defence (excl. agencies)","Central Hampshire","Outside London","G6","[c]","[c]","[c]","[c]"
"Leaver Dept.","2022","Ministry of Defence (excl. agencies)","Central Hampshire","Outside London","HEO","5","[c]","[c]","[c]"
"Leaver Dept.","2022","Ministry of Defence (excl. agencies)","Central Hampshire","Outside London","SCS level","[c]","[c]","[c]","[c]"
"Leaver Dept.","2022","Ministry of Defence (excl. agencies)","Central Hampshire","Outside London","SEO","10","[c]","42380","40580"
"Leaver Dept.","2022","Ministry of Defence (excl. agencies)","Cheshire East","Outside London","AO","15","[c]","21250","21170"
"Leaver Dept.","2022","Ministry of Defence (excl. agencies)","Cheshire East","Outside London","EO","[c]","[c]","[c]","[c]"
"Leaver Dept.","2022","Ministry of Defence (excl. agencies)","Cheshire East","Outside London","HEO","[c]","[c]","[c]","[c]"
"Leaver Dept.","2022","Ministry of Defence (excl. agencies)","City of Edinburgh","Outside London","AO","[c]","[c]","[c]","[c]"
"Leaver Dept.","2022","Ministry of Defence (excl. agencies)","City of Edinburgh","Outside London","EO","[c]","[c]","[c]","[c]"
"Leaver Dept.","2022","Ministry of Defence (excl. agencies)","City of Edinburgh","Outside London","HEO","[c]","[c]","[c]","[c]"
"Leaver Dept.","2022","Ministry of Defence (excl. agencies)","Clackmannanshire and Fife","Outside London","AO","[c]","[c]","[c]","[c]"
"Leaver Dept.","2022","Ministry of Defence (excl. agencies)","Clackmannanshire and Fife","Outside London","SEO","[c]","[c]","[c]","[c]"
"Leaver Dept.","2022","Ministry of Defence (excl. agencies)","Cornwall and Isles of Scilly","Outside London","AA","[c]","[c]","[c]","[c]"
"Leaver Dept.","2022","Ministry of Defence (excl. agencies)","Cornwall and Isles of Scilly","Outside London","EO","[c]","[c]","[c]","[c]"
"Leaver Dept.","2022","Ministry of Defence (excl. agencies)","Cornwall and Isles of Scilly","Outside London","HEO","[c]","[c]","[c]","[c]"
"Leaver Dept.","2022","Ministry of Defence (excl. agencies)","Devon CC","Outside London","AO","[c]","[c]","[c]","[c]"
"Leaver Dept.","2022","Ministry of Defence (excl. agencies)","Dorset","Outside London","AO","[c]","[c]","[c]","[c]"
"Leaver Dept.","2022","Ministry of Defence (excl. agencies)","Durham","Outside London","AO","[c]","[c]","[c]","[c]"
"Leaver Dept.","2022","Ministry of Defence (excl. agencies)","East Dunbartonshire, West Dunbartonshire, and Helensburgh and Lomond","Outside London","AA","[c]","[c]","[c]","[c]"
"Leaver Dept.","2022","Ministry of Defence (excl. agencies)","East Dunbartonshire, West Dunbartonshire, and Helensburgh and Lomond","Outside London","AO","[c]","[c]","[c]","[c]"
"Leaver Dept.","2022","Ministry of Defence (excl. agencies)","East Dunbartonshire, West Dunbartonshire, and Helensburgh and Lomond","Outside London","EO","[c]","[c]","[c]","[c]"
"Leaver Dept.","2022","Ministry of Defence (excl. agencies)","East Dunbartonshire, West Dunbartonshire, and Helensburgh and Lomond","Outside London","HEO","[c]","[c]","[c]","[c]"
"Leaver Dept.","2022","Ministry of Defence (excl. agencies)","East Kent","Outside London","HEO","[c]","[c]","[c]","[c]"
"Leaver Dept.","2022","Ministry of Defence (excl. agencies)","Essex Haven Gateway","Outside London","AO","[c]","[c]","[c]","[c]"
"Leaver Dept.","2022","Ministry of Defence (excl. agencies)","Flintshire and Wrexham","Outside London","HEO","[c]","[c]","[c]","[c]"
"Leaver Dept.","2022","Ministry of Defence (excl. agencies)","Glasgow City","Outside London","AA","[c]","[c]","[c]","[c]"
"Leaver Dept.","2022","Ministry of Defence (excl. agencies)","Glasgow City","Outside London","AO","10","[c]","21380","21170"
"Leaver Dept.","2022","Ministry of Defence (excl. agencies)","Glasgow City","Outside London","EO","15","[c]","27010","26670"
"Leaver Dept.","2022","Ministry of Defence (excl. agencies)","Glasgow City","Outside London","G7","[c]","[c]","[c]","[c]"
"Leaver Dept.","2022","Ministry of Defence (excl. agencies)","Glasgow City","Outside London","HEO","[c]","[c]","[c]","[c]"
"Leaver Dept.","2022","Ministry of Defence (excl. agencies)","Glasgow City","Outside London","SEO","5","[c]","[c]","[c]"
"Leaver Dept.","2022","Ministry of Defence (excl. agencies)","Gloucestershire CC","Outside London","HEO","[c]","[c]","[c]","[c]"
"Leaver Dept.","2022","Ministry of Defence (excl. agencies)","Harrow and Hillingdon","London","EO","[c]","[c]","[c]","[c]"
"Leaver Dept.","2022","Ministry of Defence (excl. agencies)","Harrow and Hillingdon","London","SCS level","[c]","[c]","[c]","[c]"
"Leaver Dept.","2022","Ministry of Defence (excl. agencies)","Harrow and Hillingdon","London","SEO","[c]","[c]","[c]","[c]"
"Leaver Dept.","2022","Ministry of Defence (excl. agencies)","Herefordshire, County of","Outside London","AO","[c]","[c]","[c]","[c]"
"Leaver Dept.","2022","Ministry of Defence (excl. agencies)","Hertfordshire CC","Outside London","AO","[c]","[c]","[c]","[c]"
"Leaver Dept.","2022","Ministry of Defence (excl. agencies)","Hertfordshire CC","Outside London","EO","[c]","[c]","[c]","[c]"
"Leaver Dept.","2022","Ministry of Defence (excl. agencies)","Hertfordshire CC","Outside London","G7","[c]","[c]","[c]","[c]"
"Leaver Dept.","2022","Ministry of Defence (excl. agencies)","Hertfordshire CC","Outside London","HEO","[c]","[c]","[c]","[c]"
"Leaver Dept.","2022","Ministry of Defence (excl. agencies)","Hertfordshire CC","Outside London","SCS level","[c]","[c]","[c]","[c]"
"Leaver Dept.","2022","Ministry of Defence (excl. agencies)","Hertfordshire CC","Outside London","SEO","10","[c]","[c]","[c]"
"Leaver Dept.","2022","Ministry of Defence (excl. agencies)","Hounslow and Richmond upon Thames","London","EO","5","[c]","[c]","[c]"
"Leaver Dept.","2022","Ministry of Defence (excl. agencies)","Hounslow and Richmond upon Thames","London","HEO","[c]","[c]","[c]","[c]"
"Leaver Dept.","2022","Ministry of Defence (excl. agencies)","Inverness and Nairn, Moray, and Badenoch and Strathspey","Outside London","AA","[c]","[c]","[c]","[c]"
"Leaver Dept.","2022","Ministry of Defence (excl. agencies)","Inverness and Nairn, Moray, and Badenoch and Strathspey","Outside London","EO","[c]","[c]","[c]","[c]"
"Leaver Dept.","2022","Ministry of Defence (excl. agencies)","Isle of Anglesey","Outside London","AA","[c]","[c]","[c]","[c]"
"Leaver Dept.","2022","Ministry of Defence (excl. agencies)","Isle of Anglesey","Outside London","EO","[c]","[c]","[c]","[c]"
"Leaver Dept.","2022","Ministry of Defence (excl. agencies)","Lancaster and Wyre","Outside London","AO","[c]","[c]","[c]","[c]"
"Leaver Dept.","2022","Ministry of Defence (excl. agencies)","Lancaster and Wyre","Outside London","EO","[c]","[c]","[c]","[c]"
"Leaver Dept.","2022","Ministry of Defence (excl. agencies)","Lancaster and Wyre","Outside London","G7","[c]","[c]","[c]","[c]"
"Leaver Dept.","2022","Ministry of Defence (excl. agencies)","Lancaster and Wyre","Outside London","HEO","[c]","[c]","[c]","[c]"
"Leaver Dept.","2022","Ministry of Defence (excl. agencies)","Leeds","Outside London","AA","[c]","[c]","[c]","[c]"
"Leaver Dept.","2022","Ministry of Defence (excl. agencies)","Leeds","Outside London","AO","[c]","[c]","[c]","[c]"
"Leaver Dept.","2022","Ministry of Defence (excl. agencies)","Leicestershire CC and Rutland","Outside London","AA","[c]","[c]","[c]","[c]"
"Leaver Dept.","2022","Ministry of Defence (excl. agencies)","Leicestershire CC and Rutland","Outside London","AO","[c]","[c]","[c]","[c]"
"Leaver Dept.","2022","Ministry of Defence (excl. agencies)","Leicestershire CC and Rutland","Outside London","EO","[c]","[c]","[c]","[c]"
"Leaver Dept.","2022","Ministry of Defence (excl. agencies)","Lincolnshire CC","Outside London","AO","[c]","[c]","[c]","[c]"
"Leaver Dept.","2022","Ministry of Defence (excl. agencies)","Lincolnshire CC","Outside London","EO","[c]","[c]","[c]","[c]"
"Leaver Dept.","2022","Ministry of Defence (excl. agencies)","Lincolnshire CC","Outside London","HEO","[c]","[c]","[c]","[c]"
"Leaver Dept.","2022","Ministry of Defence (excl. agencies)","Lisburn and Castlereagh","Outside London","HEO","[c]","[c]","[c]","[c]"
"Leaver Dept.","2022","Ministry of Defence (excl. agencies)","Liverpool","Outside London","AO","[c]","[c]","[c]","[c]"
"Leaver Dept.","2022","Ministry of Defence (excl. agencies)","Liverpool","Outside London","G6","[c]","[c]","[c]","[c]"
"Leaver Dept.","2022","Ministry of Defence (excl. agencies)","Manchester","Outside London","AO","[c]","[c]","[c]","[c]"
"Leaver Dept.","2022","Ministry of Defence (excl. agencies)","Medway","Outside London","AO","[c]","[c]","[c]","[c]"
"Leaver Dept.","2022","Ministry of Defence (excl. agencies)","Medway","Outside London","HEO","[c]","[c]","[c]","[c]"
"Leaver Dept.","2022","Ministry of Defence (excl. agencies)","Mid Lancashire","Outside London","AO","[c]","[c]","[c]","[c]"
"Leaver Dept.","2022","Ministry of Defence (excl. agencies)","Mid Lancashire","Outside London","HEO","[c]","[c]","[c]","[c]"
"Leaver Dept.","2022","Ministry of Defence (excl. agencies)","North Hampshire","Outside London","EO","[c]","[c]","[c]","[c]"
"Leaver Dept.","2022","Ministry of Defence (excl. agencies)","North Hampshire","Outside London","G7","[c]","[c]","[c]","[c]"
"Leaver Dept.","2022","Ministry of Defence (excl. agencies)","North Hampshire","Outside London","SEO","[c]","[c]","[c]","[c]"
"Leaver Dept.","2022","Ministry of Defence (excl. agencies)","North Yorkshire CC","Outside London","AA","[c]","[c]","[c]","[c]"
"Leaver Dept.","2022","Ministry of Defence (excl. agencies)","North Yorkshire CC","Outside London","AO","5","[c]","[c]","[c]"
"Leaver Dept.","2022","Ministry of Defence (excl. agencies)","North Yorkshire CC","Outside London","EO","[c]","[c]","[c]","[c]"
"Leaver Dept.","2022","Ministry of Defence (excl. agencies)","North Yorkshire CC","Outside London","HEO","[c]","[c]","[c]","[c]"
"Leaver Dept.","2022","Ministry of Defence (excl. agencies)","Overseas","Overseas","AO","[c]","[c]","[c]","[c]"
"Leaver Dept.","2022","Ministry of Defence (excl. agencies)","Overseas","Overseas","EO","[c]","[c]","[c]","[c]"
"Leaver Dept.","2022","Ministry of Defence (excl. agencies)","Overseas","Overseas","G7","[c]","[c]","[c]","[c]"
"Leaver Dept.","2022","Ministry of Defence (excl. agencies)","Overseas","Overseas","HEO","[c]","[c]","[c]","[c]"
"Leaver Dept.","2022","Ministry of Defence (excl. agencies)","Overseas","Overseas","SEO","[c]","[c]","[c]","[c]"
"Leaver Dept.","2022","Ministry of Defence (excl. agencies)","Oxfordshire CC","Outside London","AA","[c]","[c]","[c]","[c]"
"Leaver Dept.","2022","Ministry of Defence (excl. agencies)","Oxfordshire CC","Outside London","AO","[c]","[c]","[c]","[c]"
"Leaver Dept.","2022","Ministry of Defence (excl. agencies)","Oxfordshire CC","Outside London","EO","[c]","[c]","[c]","[c]"
"Leaver Dept.","2022","Ministry of Defence (excl. agencies)","Oxfordshire CC","Outside London","G6","[c]","[c]","[c]","[c]"
"Leaver Dept.","2022","Ministry of Defence (excl. agencies)","Oxfordshire CC","Outside London","HEO","[c]","[c]","[c]","[c]"
"Leaver Dept.","2022","Ministry of Defence (excl. agencies)","Oxfordshire CC","Outside London","SEO","[c]","[c]","[c]","[c]"
"Leaver Dept.","2022","Ministry of Defence (excl. agencies)","Perth and Kinross, and Stirling","Outside London","AO","[c]","[c]","[c]","[c]"
"Leaver Dept.","2022","Ministry of Defence (excl. agencies)","Peterborough","Outside London","AO","[c]","[c]","[c]","[c]"
"Leaver Dept.","2022","Ministry of Defence (excl. agencies)","Plymouth","Outside London","AA","[c]","[c]","[c]","[c]"
"Leaver Dept.","2022","Ministry of Defence (excl. agencies)","Plymouth","Outside London","EO","[c]","[c]","[c]","[c]"
"Leaver Dept.","2022","Ministry of Defence (excl. agencies)","Plymouth","Outside London","G7","[c]","[c]","[c]","[c]"
"Leaver Dept.","2022","Ministry of Defence (excl. agencies)","Plymouth","Outside London","SEO","[c]","[c]","[c]","[c]"
"Leaver Dept.","2022","Ministry of Defence (excl. agencies)","Portsmouth","Outside London","AA","[c]","[c]","[c]","[c]"
"Leaver Dept.","2022","Ministry of Defence (excl. agencies)","Portsmouth","Outside London","AO","[c]","[c]","[c]","[c]"
"Leaver Dept.","2022","Ministry of Defence (excl. agencies)","Portsmouth","Outside London","EO","[c]","[c]","[c]","[c]"
"Leaver Dept.","2022","Ministry of Defence (excl. agencies)","Portsmouth","Outside London","G6","[c]","[c]","[c]","[c]"
"Leaver Dept.","2022","Ministry of Defence (excl. agencies)","Portsmouth","Outside London","G7","[c]","[c]","[c]","[c]"
"Leaver Dept.","2022","Ministry of Defence (excl. agencies)","Portsmouth","Outside London","HEO","[c]","[c]","[c]","[c]"
"Leaver Dept.","2022","Ministry of Defence (excl. agencies)","Portsmouth","Outside London","SEO","[c]","[c]","[c]","[c]"
"Leaver Dept.","2022","Ministry of Defence (excl. agencies)","Powys","Outside London","AA","[c]","[c]","[c]","[c]"
"Leaver Dept.","2022","Ministry of Defence (excl. agencies)","Powys","Outside London","AO","[c]","[c]","[c]","[c]"
"Leaver Dept.","2022","Ministry of Defence (excl. agencies)","Shropshire","Outside London","AO","[c]","[c]","[c]","[c]"
"Leaver Dept.","2022","Ministry of Defence (excl. agencies)","Shropshire","Outside London","EO","[c]","[c]","[c]","[c]"
"Leaver Dept.","2022","Ministry of Defence (excl. agencies)","Somerset CC","Outside London","AO","[c]","[c]","[c]","[c]"
"Leaver Dept.","2022","Ministry of Defence (excl. agencies)","Somerset CC","Outside London","EO","[c]","[c]","[c]","[c]"
"Leaver Dept.","2022","Ministry of Defence (excl. agencies)","South Hampshire","Outside London","EO","[c]","[c]","[c]","[c]"
"Leaver Dept.","2022","Ministry of Defence (excl. agencies)","South Hampshire","Outside London","SEO","[c]","[c]","[c]","[c]"
"Leaver Dept.","2022","Ministry of Defence (excl. agencies)","South Nottinghamshire","Outside London","AO","5","[c]","[c]","[c]"
"Leaver Dept.","2022","Ministry of Defence (excl. agencies)","South Nottinghamshire","Outside London","EO","[c]","[c]","[c]","[c]"
"Leaver Dept.","2022","Ministry of Defence (excl. agencies)","Staffordshire CC","Outside London","AA","[c]","[c]","[c]","[c]"
"Leaver Dept.","2022","Ministry of Defence (excl. agencies)","Staffordshire CC","Outside London","AO","[c]","[c]","[c]","[c]"
"Leaver Dept.","2022","Ministry of Defence (excl. agencies)","Staffordshire CC","Outside London","EO","5","[c]","[c]","[c]"
"Leaver Dept.","2022","Ministry of Defence (excl. agencies)","Staffordshire CC","Outside London","G6","[c]","[c]","[c]","[c]"
"Leaver Dept.","2022","Ministry of Defence (excl. agencies)","Staffordshire CC","Outside London","HEO","10","[c]","[c]","[c]"
"Leaver Dept.","2022","Ministry of Defence (excl. agencies)","Staffordshire CC","Outside London","SEO","5","[c]","[c]","[c]"
"Leaver Dept.","2022","Ministry of Defence (excl. agencies)","Suffolk CC","Outside London","AO","[c]","[c]","[c]","[c]"
"Leaver Dept.","2022","Ministry of Defence (excl. agencies)","Suffolk CC","Outside London","HEO","[c]","[c]","[c]","[c]"
"Leaver Dept.","2022","Ministry of Defence (excl. agencies)","Telford and Wrekin","Outside London","EO","[c]","[c]","[c]","[c]"
"Leaver Dept.","2022","Ministry of Defence (excl. agencies)","Tyneside","Outside London","HEO","[c]","[c]","[c]","[c]"
"Leaver Dept.","2022","Ministry of Defence (excl. agencies)","West Northamptonshire","Outside London","AO","[c]","[c]","[c]","[c]"
"Leaver Dept.","2022","Ministry of Defence (excl. agencies)","West Northamptonshire","Outside London","EO","[c]","[c]","[c]","[c]"
"Leaver Dept.","2022","Ministry of Defence (excl. agencies)","West Surrey","Outside London","AO","[c]","[c]","[c]","[c]"
"Leaver Dept.","2022","Ministry of Defence (excl. agencies)","Westminster","London","AA","[c]","[c]","[c]","[c]"
"Leaver Dept.","2022","Ministry of Defence (excl. agencies)","Westminster","London","AO","5","[c]","[c]","[c]"
"Leaver Dept.","2022","Ministry of Defence (excl. agencies)","Westminster","London","EO","20","[c]","30640","30750"
"Leaver Dept.","2022","Ministry of Defence (excl. agencies)","Westminster","London","G6","5","[c]","[c]","[c]"
"Leaver Dept.","2022","Ministry of Defence (excl. agencies)","Westminster","London","G7","20","[c]","59300","59730"
"Leaver Dept.","2022","Ministry of Defence (excl. agencies)","Westminster","London","HEO","45","[c]","37420","37640"
"Leaver Dept.","2022","Ministry of Defence (excl. agencies)","Westminster","London","SCS level","15","[c]","90730","82410"
"Leaver Dept.","2022","Ministry of Defence (excl. agencies)","Westminster","London","SEO","45","[c]","45700","45200"
"Leaver Dept.","2022","Ministry of Defence (excl. agencies)","Wiltshire","Outside London","AO","5","[c]","[c]","[c]"
"Leaver Dept.","2022","Ministry of Defence (excl. agencies)","Wiltshire","Outside London","EO","[c]","[c]","[c]","[c]"
"Leaver Dept.","2022","Ministry of Defence (excl. agencies)","Wiltshire","Outside London","G6","[c]","[c]","[c]","[c]"
"Leaver Dept.","2022","Ministry of Defence (excl. agencies)","Wiltshire","Outside London","G7","5","[c]","[c]","[c]"
"Leaver Dept.","2022","Ministry of Defence (excl. agencies)","Wiltshire","Outside London","HEO","[c]","[c]","[c]","[c]"
"Leaver Dept.","2022","Ministry of Defence (excl. agencies)","Wiltshire","Outside London","SEO","10","[c]","42800","41330"
"Leaver Dept.","2022","Ministry of Justice (excl. agencies)","Barnsley, Doncaster and Rotherham","Outside London","SEO","[c]","[c]","[c]","[c]"
"Leaver Dept.","2022","Ministry of Justice (excl. agencies)","Bath and North East Somerset, North Somerset and South Gloucestershire","Outside London","G7","[c]","[c]","[c]","[c]"
"Leaver Dept.","2022","Ministry of Justice (excl. agencies)","Bath and North East Somerset, North Somerset and South Gloucestershire","Outside London","SEO","[c]","[c]","[c]","[c]"
"Leaver Dept.","2022","Ministry of Justice (excl. agencies)","Bexley and Greenwich","London","G7","[c]","[c]","[c]","[c]"
"Leaver Dept.","2022","Ministry of Justice (excl. agencies)","Birmingham","Outside London","AO","[c]","[c]","[c]","[c]"
"Leaver Dept.","2022","Ministry of Justice (excl. agencies)","Birmingham","Outside London","EO","[c]","[c]","[c]","[c]"
"Leaver Dept.","2022","Ministry of Justice (excl. agencies)","Birmingham","Outside London","G7","[c]","[c]","[c]","[c]"
"Leaver Dept.","2022","Ministry of Justice (excl. agencies)","Birmingham","Outside London","SEO","[c]","[c]","[c]","[c]"
"Leaver Dept.","2022","Ministry of Justice (excl. agencies)","Blackburn with Darwen","Outside London","Unknown","[c]","[c]","[c]","[c]"
"Leaver Dept.","2022","Ministry of Justice (excl. agencies)","Bridgend and Neath Port Talbot","Outside London","HEO","[c]","[c]","[c]","[c]"
"Leaver Dept.","2022","Ministry of Justice (excl. agencies)","Bristol, City of","Outside London","EO","[c]","[c]","[c]","[c]"
"Leaver Dept.","2022","Ministry of Justice (excl. agencies)","Buckinghamshire","Outside London","AO","[c]","[c]","[c]","[c]"
"Leaver Dept.","2022","Ministry of Justice (excl. agencies)","Buckinghamshire","Outside London","SEO","[c]","[c]","[c]","[c]"
"Leaver Dept.","2022","Ministry of Justice (excl. agencies)","Calderdale and Kirklees","Outside London","G7","[c]","[c]","[c]","[c]"
"Leaver Dept.","2022","Ministry of Justice (excl. agencies)","Camden and City of London","London","HEO","[c]","[c]","[c]","[c]"
"Leaver Dept.","2022","Ministry of Justice (excl. agencies)","Cardiff and Vale of Glamorgan","Outside London","G7","[c]","[c]","[c]","[c]"
"Leaver Dept.","2022","Ministry of Justice (excl. agencies)","Cardiff and Vale of Glamorgan","Outside London","SCS level","[c]","[c]","[c]","[c]"
"Leaver Dept.","2022","Ministry of Justice (excl. agencies)","Cardiff and Vale of Glamorgan","Outside London","Unknown","[c]","[c]","[c]","[c]"
"Leaver Dept.","2022","Ministry of Justice (excl. agencies)","Central Hampshire","Outside London","EO","[c]","[c]","[c]","[c]"
"Leaver Dept.","2022","Ministry of Justice (excl. agencies)","Cheshire East","Outside London","SEO","[c]","[c]","[c]","[c]"
"Leaver Dept.","2022","Ministry of Justice (excl. agencies)","Croydon","London","EO","[c]","[c]","[c]","[c]"
"Leaver Dept.","2022","Ministry of Justice (excl. agencies)","Croydon","London","HEO","[c]","[c]","[c]","[c]"
"Leaver Dept.","2022","Ministry of Justice (excl. agencies)","Croydon","London","SEO","[c]","[c]","[c]","[c]"
"Leaver Dept.","2022","Ministry of Justice (excl. agencies)","Devon CC","Outside London","SEO","[c]","[c]","[c]","[c]"
"Leaver Dept.","2022","Ministry of Justice (excl. agencies)","Devon CC","Outside London","Unknown","[c]","[c]","[c]","[c]"
"Leaver Dept.","2022","Ministry of Justice (excl. agencies)","Durham","Outside London","SEO","[c]","[c]","[c]","[c]"
"Leaver Dept.","2022","Ministry of Justice (excl. agencies)","East Riding of Yorkshire","Outside London","AO","[c]","[c]","[c]","[c]"
"Leaver Dept.","2022","Ministry of Justice (excl. agencies)","East Riding of Yorkshire","Outside London","HEO","[c]","[c]","[c]","[c]"
"Leaver Dept.","2022","Ministry of Justice (excl. agencies)","East Surrey","Outside London","EO","[c]","[c]","[c]","[c]"
"Leaver Dept.","2022","Ministry of Justice (excl. agencies)","Glasgow City","Outside London","G7","[c]","[c]","[c]","[c]"
"Leaver Dept.","2022","Ministry of Justice (excl. agencies)","Greater Manchester North East","Outside London","G7","[c]","[c]","[c]","[c]"
"Leaver Dept.","2022","Ministry of Justice (excl. agencies)","Haringey and Islington","London","AO","[c]","[c]","[c]","[c]"
"Leaver Dept.","2022","Ministry of Justice (excl. agencies)","Hartlepool and Stockton-on-Tees","Outside London","EO","[c]","[c]","[c]","[c]"
"Leaver Dept.","2022","Ministry of Justice (excl. agencies)","Heart of Essex","Outside London","HEO","[c]","[c]","[c]","[c]"
"Leaver Dept.","2022","Ministry of Justice (excl. agencies)","Isle of Wight","Outside London","AO","[c]","[c]","[c]","[c]"
"Leaver Dept.","2022","Ministry of Justice (excl. agencies)","Kent Thames Gateway","Outside London","HEO","[c]","[c]","[c]","[c]"
"Leaver Dept.","2022","Ministry of Justice (excl. agencies)","Kent Thames Gateway","Outside London","SEO","[c]","[c]","[c]","[c]"
"Leaver Dept.","2022","Ministry of Justice (excl. agencies)","Kingston upon Hull, City of","Outside London","AO","[c]","[c]","[c]","[c]"
"Leaver Dept.","2022","Ministry of Justice (excl. agencies)","Leeds","Outside London","EO","5","[c]","[c]","[c]"
"Leaver Dept.","2022","Ministry of Justice (excl. agencies)","Leeds","Outside London","G7","[c]","[c]","[c]","[c]"
"Leaver Dept.","2022","Ministry of Justice (excl. agencies)","Leeds","Outside London","HEO","5","[c]","[c]","[c]"
"Leaver Dept.","2022","Ministry of Justice (excl. agencies)","Leeds","Outside London","SEO","15","[c]","36420","36020"
"Leaver Dept.","2022","Ministry of Justice (excl. agencies)","Leicester","Outside London","HEO","[c]","[c]","[c]","[c]"
"Leaver Dept.","2022","Ministry of Justice (excl. agencies)","Leicestershire CC and Rutland","Outside London","EO","[c]","[c]","[c]","[c]"
"Leaver Dept.","2022","Ministry of Justice (excl. agencies)","Lewisham and Southwark","London","G7","[c]","[c]","[c]","[c]"
"Leaver Dept.","2022","Ministry of Justice (excl. agencies)","Liverpool","Outside London","EO","[c]","[c]","[c]","[c]"
"Leaver Dept.","2022","Ministry of Justice (excl. agencies)","Liverpool","Outside London","HEO","[c]","[c]","[c]","[c]"
"Leaver Dept.","2022","Ministry of Justice (excl. agencies)","Liverpool","Outside London","SEO","[c]","[c]","[c]","[c]"
"Leaver Dept.","2022","Ministry of Justice (excl. agencies)","Manchester","Outside London","AO","[c]","[c]","[c]","[c]"
"Leaver Dept.","2022","Ministry of Justice (excl. agencies)","Manchester","Outside London","EO","[c]","[c]","[c]","[c]"
"Leaver Dept.","2022","Ministry of Justice (excl. agencies)","Manchester","Outside London","G7","[c]","[c]","[c]","[c]"
"Leaver Dept.","2022","Ministry of Justice (excl. agencies)","Manchester","Outside London","HEO","[c]","[c]","[c]","[c]"
"Leaver Dept.","2022","Ministry of Justice (excl. agencies)","Manchester","Outside London","SEO","[c]","[c]","[c]","[c]"
"Leaver Dept.","2022","Ministry of Justice (excl. agencies)","Mid Lancashire","Outside London","HEO","[c]","[c]","[c]","[c]"
"Leaver Dept.","2022","Ministry of Justice (excl. agencies)","Mid Lancashire","Outside London","SEO","[c]","[c]","[c]","[c]"
"Leaver Dept.","2022","Ministry of Justice (excl. agencies)","Monmouthshire and Newport","Outside London","HEO","[c]","[c]","[c]","[c]"
"Leaver Dept.","2022","Ministry of Justice (excl. agencies)","Monmouthshire and Newport","Outside London","SEO","[c]","[c]","[c]","[c]"
"Leaver Dept.","2022","Ministry of Justice (excl. agencies)","North Nottinghamshire","Outside London","HEO","[c]","[c]","[c]","[c]"
"Leaver Dept.","2022","Ministry of Justice (excl. agencies)","North Nottinghamshire","Outside London","SEO","[c]","[c]","[c]","[c]"
"Leaver Dept.","2022","Ministry of Justice (excl. agencies)","Nottingham","Outside London","G7","[c]","[c]","[c]","[c]"
"Leaver Dept.","2022","Ministry of Justice (excl. agencies)","Nottingham","Outside London","HEO","[c]","[c]","[c]","[c]"
"Leaver Dept.","2022","Ministry of Justice (excl. agencies)","Sheffield","Outside London","G7","[c]","[c]","[c]","[c]"
"Leaver Dept.","2022","Ministry of Justice (excl. agencies)","Sheffield","Outside London","HEO","[c]","[c]","[c]","[c]"
"Leaver Dept.","2022","Ministry of Justice (excl. agencies)","Sheffield","Outside London","SEO","[c]","[c]","[c]","[c]"
"Leaver Dept.","2022","Ministry of Justice (excl. agencies)","Shropshire","Outside London","G7","[c]","[c]","[c]","[c]"
"Leaver Dept.","2022","Ministry of Justice (excl. agencies)","Shropshire","Outside London","HEO","[c]","[c]","[c]","[c]"
"Leaver Dept.","2022","Ministry of Justice (excl. agencies)","South Nottinghamshire","Outside London","SEO","[c]","[c]","[c]","[c]"
"Leaver Dept.","2022","Ministry of Justice (excl. agencies)","Staffordshire CC","Outside London","AA","[c]","[c]","[c]","[c]"
"Leaver Dept.","2022","Ministry of Justice (excl. agencies)","Staffordshire CC","Outside London","AO","[c]","[c]","[c]","[c]"
"Leaver Dept.","2022","Ministry of Justice (excl. agencies)","Staffordshire CC","Outside London","EO","[c]","[c]","[c]","[c]"
"Leaver Dept.","2022","Ministry of Justice (excl. agencies)","Staffordshire CC","Outside London","SEO","[c]","[c]","[c]","[c]"
"Leaver Dept.","2022","Ministry of Justice (excl. agencies)","Torbay","Outside London","G7","[c]","[c]","[c]","[c]"
"Leaver Dept.","2022","Ministry of Justice (excl. agencies)","Tower Hamlets","London","AO","[c]","[c]","[c]","[c]"
"Leaver Dept.","2022","Ministry of Justice (excl. agencies)","Tower Hamlets","London","EO","10","[c]","29050","28630"
"Leaver Dept.","2022","Ministry of Justice (excl. agencies)","Tower Hamlets","London","G6","[c]","[c]","[c]","[c]"
"Leaver Dept.","2022","Ministry of Justice (excl. agencies)","Tower Hamlets","London","G7","15","[c]","58240","58130"
"Leaver Dept.","2022","Ministry of Justice (excl. agencies)","Tower Hamlets","London","HEO","20","[c]","33550","33930"
"Leaver Dept.","2022","Ministry of Justice (excl. agencies)","Tower Hamlets","London","SCS level","[c]","[c]","[c]","[c]"
"Leaver Dept.","2022","Ministry of Justice (excl. agencies)","Tower Hamlets","London","SEO","20","[c]","41040","41750"
"Leaver Dept.","2022","Ministry of Justice (excl. agencies)","Tyneside","Outside London","EO","[c]","[c]","[c]","[c]"
"Leaver Dept.","2022","Ministry of Justice (excl. agencies)","Tyneside","Outside London","HEO","[c]","[c]","[c]","[c]"
"Leaver Dept.","2022","Ministry of Justice (excl. agencies)","Tyneside","Outside London","SEO","[c]","[c]","[c]","[c]"
"Leaver Dept.","2022","Ministry of Justice (excl. agencies)","Tyneside","Outside London","Unknown","[c]","[c]","[c]","[c]"
"Leaver Dept.","2022","Ministry of Justice (excl. agencies)","Wakefield","Outside London","EO","[c]","[c]","[c]","[c]"
"Leaver Dept.","2022","Ministry of Justice (excl. agencies)","Wakefield","Outside London","SEO","[c]","[c]","[c]","[c]"
"Leaver Dept.","2022","Ministry of Justice (excl. agencies)","Wandsworth","London","HEO","[c]","[c]","[c]","[c]"
"Leaver Dept.","2022","Ministry of Justice (excl. agencies)","Warwickshire CC","Outside London","HEO","[c]","[c]","[c]","[c]"
"Leaver Dept.","2022","Ministry of Justice (excl. agencies)","Warwickshire CC","Outside London","SEO","[c]","[c]","[c]","[c]"
"Leaver Dept.","2022","Ministry of Justice (excl. agencies)","Warwickshire CC","Outside London","Unknown","[c]","[c]","[c]","[c]"
"Leaver Dept.","2022","Ministry of Justice (excl. agencies)","West Northamptonshire","Outside London","HEO","[c]","[c]","[c]","[c]"
"Leaver Dept.","2022","Ministry of Justice (excl. agencies)","Westminster","London","AO","10","[c]","[c]","[c]"
"Leaver Dept.","2022","Ministry of Justice (excl. agencies)","Westminster","London","EO","25","[c]","27520","26410"
"Leaver Dept.","2022","Ministry of Justice (excl. agencies)","Westminster","London","G6","5","[c]","[c]","[c]"
"Leaver Dept.","2022","Ministry of Justice (excl. agencies)","Westminster","London","G7","35","[c]","55780","54850"
"Leaver Dept.","2022","Ministry of Justice (excl. agencies)","Westminster","London","HEO","50","[c]","33330","34260"
"Leaver Dept.","2022","Ministry of Justice (excl. agencies)","Westminster","London","SCS level","15","[c]","83950","77720"
"Leaver Dept.","2022","Ministry of Justice (excl. agencies)","Westminster","London","SEO","90","[c]","40440","41580"
"Leaver Dept.","2022","Ministry of Justice (excl. agencies)","Westminster","London","Unknown","[c]","[c]","[c]","[c]"
"Leaver Dept.","2022","Ministry of Justice (excl. agencies)","York","Outside London","G7","[c]","[c]","[c]","[c]"
"Leaver Dept.","2022","National Crime Agency","Bath and North East Somerset, North Somerset and South Gloucestershire","Outside London","AO","[c]","[c]","[c]","[c]"
"Leaver Dept.","2022","National Crime Agency","Bath and North East Somerset, North Somerset and South Gloucestershire","Outside London","EO","5","[c]","[c]","[c]"
"Leaver Dept.","2022","National Crime Agency","Bath and North East Somerset, North Somerset and South Gloucestershire","Outside London","G6","[c]","[c]","[c]","[c]"
"Leaver Dept.","2022","National Crime Agency","Bath and North East Somerset, North Somerset and South Gloucestershire","Outside London","HEO","[c]","[c]","[c]","[c]"
"Leaver Dept.","2022","National Crime Agency","Bath and North East Somerset, North Somerset and South Gloucestershire","Outside London","SEO","[c]","[c]","[c]","[c]"
"Leaver Dept.","2022","National Crime Agency","Belfast","Outside London","SEO","[c]","[c]","[c]","[c]"
"Leaver Dept.","2022","National Crime Agency","Berkshire","Outside London","EO","[c]","[c]","[c]","[c]"
"Leaver Dept.","2022","National Crime Agency","Berkshire","Outside London","G7","[c]","[c]","[c]","[c]"
"Leaver Dept.","2022","National Crime Agency","Birmingham","Outside London","EO","[c]","[c]","[c]","[c]"
"Leaver Dept.","2022","National Crime Agency","Birmingham","Outside London","HEO","[c]","[c]","[c]","[c]"
"Leaver Dept.","2022","National Crime Agency","Birmingham","Outside London","SEO","[c]","[c]","[c]","[c]"
"Leaver Dept.","2022","National Crime Agency","Chorley and West Lancashire","Outside London","EO","[c]","[c]","[c]","[c]"
"Leaver Dept.","2022","National Crime Agency","East Kent","Outside London","EO","[c]","[c]","[c]","[c]"
"Leaver Dept.","2022","National Crime Agency","East Kent","Outside London","HEO","[c]","[c]","[c]","[c]"
"Leaver Dept.","2022","National Crime Agency","Hertfordshire CC","Outside London","EO","[c]","[c]","[c]","[c]"
"Leaver Dept.","2022","National Crime Agency","Inverclyde, East Renfrewshire, and Renfrewshire","Outside London","SEO","[c]","[c]","[c]","[c]"
"Leaver Dept.","2022","National Crime Agency","Lambeth","London","AO","[c]","[c]","[c]","[c]"
"Leaver Dept.","2022","National Crime Agency","Lambeth","London","EO","10","[c]","34120","32260"
"Leaver Dept.","2022","National Crime Agency","Lambeth","London","G6","[c]","[c]","[c]","[c]"
"Leaver Dept.","2022","National Crime Agency","Lambeth","London","G7","[c]","[c]","[c]","[c]"
"Leaver Dept.","2022","National Crime Agency","Lambeth","London","HEO","10","[c]","42390","40170"
"Leaver Dept.","2022","National Crime Agency","Lambeth","London","SCS level","[c]","[c]","[c]","[c]"
"Leaver Dept.","2022","National Crime Agency","Lambeth","London","SEO","10","[c]","[c]","[c]"
"Leaver Dept.","2022","National Crime Agency","Leicestershire CC and Rutland","Outside London","AO","[c]","[c]","[c]","[c]"
"Leaver Dept.","2022","National Crime Agency","Leicestershire CC and Rutland","Outside London","HEO","[c]","[c]","[c]","[c]"
"Leaver Dept.","2022","National Crime Agency","Lincolnshire CC","Outside London","EO","[c]","[c]","[c]","[c]"
"Leaver Dept.","2022","National Crime Agency","Merton, Kingston upon Thames and Sutton","London","SEO","[c]","[c]","[c]","[c]"
"Leaver Dept.","2022","National Crime Agency","Sheffield","Outside London","EO","[c]","[c]","[c]","[c]"
"Leaver Dept.","2022","National Crime Agency","Sheffield","Outside London","HEO","[c]","[c]","[c]","[c]"
"Leaver Dept.","2022","National Crime Agency","Sunderland","Outside London","EO","[c]","[c]","[c]","[c]"
"Leaver Dept.","2022","National Crime Agency","Unknown","Unknown","HEO","[c]","[c]","[c]","[c]"
"Leaver Dept.","2022","National Crime Agency","Wakefield","Outside London","AO","[c]","[c]","[c]","[c]"
"Leaver Dept.","2022","National Crime Agency","Wakefield","Outside London","EO","[c]","[c]","[c]","[c]"
"Leaver Dept.","2022","National Crime Agency","Wakefield","Outside London","HEO","[c]","[c]","[c]","[c]"
"Leaver Dept.","2022","National Crime Agency","Wakefield","Outside London","SEO","[c]","[c]","[c]","[c]"
"Leaver Dept.","2022","National Crime Agency","Warrington","Outside London","AO","[c]","[c]","[c]","[c]"
"Leaver Dept.","2022","National Crime Agency","Warrington","Outside London","EO","[c]","[c]","[c]","[c]"
"Leaver Dept.","2022","National Crime Agency","Warrington","Outside London","G6","[c]","[c]","[c]","[c]"
"Leaver Dept.","2022","National Crime Agency","Warrington","Outside London","G7","[c]","[c]","[c]","[c]"
"Leaver Dept.","2022","National Crime Agency","Warrington","Outside London","HEO","5","[c]","[c]","[c]"
"Leaver Dept.","2022","National Crime Agency","Warrington","Outside London","SCS level","[c]","[c]","[c]","[c]"
"Leaver Dept.","2022","National Crime Agency","Warrington","Outside London","SEO","[c]","[c]","[c]","[c]"
"Leaver Dept.","2022","National Crime Agency","West Sussex (North East)","Outside London","EO","[c]","[c]","[c]","[c]"
"Leaver Dept.","2022","National Crime Agency","West Sussex (North East)","Outside London","SEO","[c]","[c]","[c]","[c]"
"Leaver Dept.","2022","National Infrastructure Commission","Camden and City of London","London","EO","[c]","[c]","[c]","[c]"
"Leaver Dept.","2022","National Infrastructure Commission","Camden and City of London","London","G6","[c]","[c]","[c]","[c]"
"Leaver Dept.","2022","National Infrastructure Commission","Camden and City of London","London","G7","[c]","[c]","[c]","[c]"
"Leaver Dept.","2022","National Infrastructure Commission","Camden and City of London","London","HEO","[c]","[c]","[c]","[c]"
"Leaver Dept.","2022","National Records of Scotland","City of Edinburgh","Outside London","G7","[c]","[c]","[c]","[c]"
"Leaver Dept.","2022","National Records of Scotland","City of Edinburgh","Outside London","HEO","[c]","[c]","[c]","[c]"
"Leaver Dept.","2022","National Savings and Investments","Glasgow City","Outside London","SEO","[c]","[c]","[c]","[c]"
"Leaver Dept.","2022","Northern Ireland Office","Belfast","Outside London","EO","[c]","[c]","[c]","[c]"
"Leaver Dept.","2022","Northern Ireland Office","Belfast","Outside London","G7","[c]","[c]","[c]","[c]"
"Leaver Dept.","2022","Northern Ireland Office","Belfast","Outside London","HEO","[c]","[c]","[c]","[c]"
"Leaver Dept.","2022","Northern Ireland Office","Westminster","London","EO","[c]","[c]","[c]","[c]"
"Leaver Dept.","2022","Northern Ireland Office","Westminster","London","G7","10","[c]","[c]","[c]"
"Leaver Dept.","2022","Northern Ireland Office","Westminster","London","HEO","[c]","[c]","[c]","[c]"
"Leaver Dept.","2022","Northern Ireland Office","Westminster","London","SCS level","[c]","[c]","[c]","[c]"
"Leaver Dept.","2022","Northern Ireland Office","Westminster","London","SEO","[c]","[c]","[c]","[c]"
"Leaver Dept.","2022","Office for Budget Responsibility","Westminster","London","G6","[c]","[c]","[c]","[c]"
"Leaver Dept.","2022","Office for Budget Responsibility","Westminster","London","G7","[c]","[c]","[c]","[c]"
"Leaver Dept.","2022","Office for Budget Responsibility","Westminster","London","HEO","[c]","[c]","[c]","[c]"
"Leaver Dept.","2022","Office for Standards in Education, Children's Services and Skills","Birmingham","Outside London","EO","[c]","[c]","[c]","[c]"
"Leaver Dept.","2022","Office for Standards in Education, Children's Services and Skills","Birmingham","Outside London","G6","[c]","[c]","[c]","[c]"
"Leaver Dept.","2022","Office for Standards in Education, Children's Services and Skills","Bristol, City of","Outside London","EO","5","[c]","[c]","[c]"
"Leaver Dept.","2022","Office for Standards in Education, Children's Services and Skills","Bristol, City of","Outside London","G6","[c]","[c]","[c]","[c]"
"Leaver Dept.","2022","Office for Standards in Education, Children's Services and Skills","Bristol, City of","Outside London","HEO","[c]","[c]","[c]","[c]"
"Leaver Dept.","2022","Office for Standards in Education, Children's Services and Skills","Bristol, City of","Outside London","SEO","[c]","[c]","[c]","[c]"
"Leaver Dept.","2022","Office for Standards in Education, Children's Services and Skills","Cambridgeshire CC","Outside London","EO","[c]","[c]","[c]","[c]"
"Leaver Dept.","2022","Office for Standards in Education, Children's Services and Skills","Dorset","Outside London","G6","[c]","[c]","[c]","[c]"
"Leaver Dept.","2022","Office for Standards in Education, Children's Services and Skills","Manchester","Outside London","AO","[c]","[c]","[c]","[c]"
"Leaver Dept.","2022","Office for Standards in Education, Children's Services and Skills","Manchester","Outside London","EO","[c]","[c]","[c]","[c]"
"Leaver Dept.","2022","Office for Standards in Education, Children's Services and Skills","Manchester","Outside London","G6","[c]","[c]","[c]","[c]"
"Leaver Dept.","2022","Office for Standards in Education, Children's Services and Skills","Manchester","Outside London","G7","[c]","[c]","[c]","[c]"
"Leaver Dept.","2022","Office for Standards in Education, Children's Services and Skills","Manchester","Outside London","HEO","5","[c]","[c]","[c]"
"Leaver Dept.","2022","Office for Standards in Education, Children's Services and Skills","Manchester","Outside London","SEO","[c]","[c]","[c]","[c]"
"Leaver Dept.","2022","Office for Standards in Education, Children's Services and Skills","Nottingham","Outside London","SEO","[c]","[c]","[c]","[c]"
"Leaver Dept.","2022","Office for Standards in Education, Children's Services and Skills","Somerset CC","Outside London","G6","[c]","[c]","[c]","[c]"
"Leaver Dept.","2022","Office for Standards in Education, Children's Services and Skills","South Nottinghamshire","Outside London","SEO","[c]","[c]","[c]","[c]"
"Leaver Dept.","2022","Office for Standards in Education, Children's Services and Skills","West Sussex (North East)","Outside London","G7","[c]","[c]","[c]","[c]"
"Leaver Dept.","2022","Office for Standards in Education, Children's Services and Skills","Westminster","London","EO","[c]","[c]","[c]","[c]"
"Leaver Dept.","2022","Office for Standards in Education, Children's Services and Skills","Westminster","London","G6","[c]","[c]","[c]","[c]"
"Leaver Dept.","2022","Office for Standards in Education, Children's Services and Skills","Westminster","London","G7","[c]","[c]","[c]","[c]"
"Leaver Dept.","2022","Office for Standards in Education, Children's Services and Skills","Westminster","London","HEO","5","[c]","[c]","[c]"
"Leaver Dept.","2022","Office for Standards in Education, Children's Services and Skills","Westminster","London","SEO","5","[c]","[c]","[c]"
"Leaver Dept.","2022","Office for Standards in Education, Children's Services and Skills","York","Outside London","HEO","[c]","[c]","[c]","[c]"
"Leaver Dept.","2022","Office for Standards in Education, Children's Services and Skills","York","Outside London","SEO","[c]","[c]","[c]","[c]"
"Leaver Dept.","2022","Office of Gas and Electricity Markets","Glasgow City","Outside London","AO","[c]","[c]","[c]","[c]"
"Leaver Dept.","2022","Office of Gas and Electricity Markets","Glasgow City","Outside London","EO","25","[c]","24380","23700"
"Leaver Dept.","2022","Office of Gas and Electricity Markets","Glasgow City","Outside London","G6","[c]","[c]","[c]","[c]"
"Leaver Dept.","2022","Office of Gas and Electricity Markets","Glasgow City","Outside London","G7","10","[c]","49560","49580"
"Leaver Dept.","2022","Office of Gas and Electricity Markets","Glasgow City","Outside London","HEO","10","[c]","[c]","[c]"
"Leaver Dept.","2022","Office of Gas and Electricity Markets","Glasgow City","Outside London","SEO","[c]","[c]","[c]","[c]"
"Leaver Dept.","2022","Office of Gas and Electricity Markets","Tower Hamlets","London","EO","15","[c]","26230","26070"
"Leaver Dept.","2022","Office of Gas and Electricity Markets","Tower Hamlets","London","G6","[c]","[c]","[c]","[c]"
"Leaver Dept.","2022","Office of Gas and Electricity Markets","Tower Hamlets","London","G7","15","[c]","53460","53080"
"Leaver Dept.","2022","Office of Gas and Electricity Markets","Tower Hamlets","London","HEO","10","[c]","35680","35400"
"Leaver Dept.","2022","Office of Gas and Electricity Markets","Tower Hamlets","London","SCS level","[c]","[c]","[c]","[c]"
"Leaver Dept.","2022","Office of Gas and Electricity Markets","Tower Hamlets","London","SEO","[c]","[c]","[c]","[c]"
"Leaver Dept.","2022","Office of Qualifications and Examinations Regulation","Coventry","Outside London","EO","[c]","[c]","[c]","[c]"
"Leaver Dept.","2022","Office of Qualifications and Examinations Regulation","Coventry","Outside London","G6","[c]","[c]","[c]","[c]"
"Leaver Dept.","2022","Office of Qualifications and Examinations Regulation","Coventry","Outside London","G7","[c]","[c]","[c]","[c]"
"Leaver Dept.","2022","Office of Qualifications and Examinations Regulation","Coventry","Outside London","HEO","5","[c]","[c]","[c]"
"Leaver Dept.","2022","Office of Qualifications and Examinations Regulation","Coventry","Outside London","SEO","5","[c]","[c]","[c]"
"Leaver Dept.","2022","Office of Rail and Road","Birmingham","Outside London","G7","[c]","[c]","[c]","[c]"
"Leaver Dept.","2022","Office of Rail and Road","Birmingham","Outside London","HEO","[c]","[c]","[c]","[c]"
"Leaver Dept.","2022","Office of Rail and Road","Bristol, City of","Outside London","G7","[c]","[c]","[c]","[c]"
"Leaver Dept.","2022","Office of Rail and Road","Glasgow City","Outside London","HEO","[c]","[c]","[c]","[c]"
"Leaver Dept.","2022","Office of Rail and Road","Glasgow City","Outside London","SCS level","[c]","[c]","[c]","[c]"
"Leaver Dept.","2022","Office of Rail and Road","Manchester","Outside London","HEO","[c]","[c]","[c]","[c]"
"Leaver Dept.","2022","Office of Rail and Road","Tower Hamlets","London","AO","[c]","[c]","[c]","[c]"
"Leaver Dept.","2022","Office of Rail and Road","Tower Hamlets","London","G7","[c]","[c]","[c]","[c]"
"Leaver Dept.","2022","Office of Rail and Road","Tower Hamlets","London","HEO","[c]","[c]","[c]","[c]"
"Leaver Dept.","2022","Office of Rail and Road","Tower Hamlets","London","SCS level","[c]","[c]","[c]","[c]"
"Leaver Dept.","2022","Office of Rail and Road","Tower Hamlets","London","SEO","[c]","[c]","[c]","[c]"
"Leaver Dept.","2022","Office of Rail and Road","York","Outside London","SEO","[c]","[c]","[c]","[c]"
"Leaver Dept.","2022","Office of the Public Guardian","Birmingham","Outside London","AO","45","[c]","20610","20970"
"Leaver Dept.","2022","Office of the Public Guardian","Birmingham","Outside London","EO","25","[c]","23920","23700"
"Leaver Dept.","2022","Office of the Public Guardian","Birmingham","Outside London","G6","[c]","[c]","[c]","[c]"
"Leaver Dept.","2022","Office of the Public Guardian","Birmingham","Outside London","G7","[c]","[c]","[c]","[c]"
"Leaver Dept.","2022","Office of the Public Guardian","Birmingham","Outside London","HEO","15","[c]","30090","30450"
"Leaver Dept.","2022","Office of the Public Guardian","Birmingham","Outside London","SEO","[c]","[c]","[c]","[c]"
"Leaver Dept.","2022","Office of the Public Guardian","Nottingham","Outside London","AO","20","[c]","20160","20370"
"Leaver Dept.","2022","Office of the Public Guardian","Nottingham","Outside London","EO","20","[c]","23070","22940"
"Leaver Dept.","2022","Office of the Public Guardian","Nottingham","Outside London","HEO","[c]","[c]","[c]","[c]"
"Leaver Dept.","2022","Office of the Public Guardian","Nottingham","Outside London","SCS level","[c]","[c]","[c]","[c]"
"Leaver Dept.","2022","Office of the Secretary of State for Scotland (incl. Office of the Advocate General for Scotland)","City of Edinburgh","Outside London","EO","[c]","[c]","[c]","[c]"
"Leaver Dept.","2022","Office of the Secretary of State for Scotland (incl. Office of the Advocate General for Scotland)","City of Edinburgh","Outside London","HEO","[c]","[c]","[c]","[c]"
"Leaver Dept.","2022","Office of the Secretary of State for Scotland (incl. Office of the Advocate General for Scotland)","City of Edinburgh","Outside London","SEO","[c]","[c]","[c]","[c]"
"Leaver Dept.","2022","Office of the Secretary of State for Scotland (incl. Office of the Advocate General for Scotland)","Westminster","London","AO","[c]","[c]","[c]","[c]"
"Leaver Dept.","2022","Office of the Secretary of State for Scotland (incl. Office of the Advocate General for Scotland)","Westminster","London","G7","[c]","[c]","[c]","[c]"
"Leaver Dept.","2022","Office of the Secretary of State for Scotland (incl. Office of the Advocate General for Scotland)","Westminster","London","HEO","[c]","[c]","[c]","[c]"
"Leaver Dept.","2022","Office of the Secretary of State for Scotland (incl. Office of the Advocate General for Scotland)","Westminster","London","SCS level","[c]","[c]","[c]","[c]"
"Leaver Dept.","2022","Office of the Secretary of State for Scotland (incl. Office of the Advocate General for Scotland)","Westminster","London","SEO","[c]","[c]","[c]","[c]"
"Leaver Dept.","2022","Office of the Secretary of State for Wales","Cardiff and Vale of Glamorgan","Outside London","G7","[c]","[c]","[c]","[c]"
"Leaver Dept.","2022","Office of the Secretary of State for Wales","Cardiff and Vale of Glamorgan","Outside London","HEO","[c]","[c]","[c]","[c]"
"Leaver Dept.","2022","Office of the Secretary of State for Wales","Cardiff and Vale of Glamorgan","Outside London","SEO","[c]","[c]","[c]","[c]"
"Leaver Dept.","2022","Office of the Secretary of State for Wales","Westminster","London","AO","[c]","[c]","[c]","[c]"
"Leaver Dept.","2022","Office of the Secretary of State for Wales","Westminster","London","EO","[c]","[c]","[c]","[c]"
"Leaver Dept.","2022","Office of the Secretary of State for Wales","Westminster","London","SCS level","[c]","[c]","[c]","[c]"
"Leaver Dept.","2022","Office of the Secretary of State for Wales","Westminster","London","SEO","[c]","[c]","[c]","[c]"
"Leaver Dept.","2022","Office of the Secretary of State for Wales","Westminster","London","Unknown","[c]","[c]","[c]","[c]"
"Leaver Dept.","2022","Planning Inspectorate","Bristol, City of","Outside London","AA","[c]","[c]","[c]","[c]"
"Leaver Dept.","2022","Planning Inspectorate","Bristol, City of","Outside London","AO","5","[c]","[c]","[c]"
"Leaver Dept.","2022","Planning Inspectorate","Bristol, City of","Outside London","EO","[c]","[c]","[c]","[c]"
"Leaver Dept.","2022","Planning Inspectorate","Bristol, City of","Outside London","HEO","5","[c]","[c]","[c]"
"Leaver Dept.","2022","Planning Inspectorate","Bristol, City of","Outside London","SCS level","[c]","[c]","[c]","[c]"
"Leaver Dept.","2022","Planning Inspectorate","Bristol, City of","Outside London","SEO","5","[c]","[c]","[c]"
"Leaver Dept.","2022","Planning Inspectorate","Cardiff and Vale of Glamorgan","Outside London","AA","[c]","[c]","[c]","[c]"
"Leaver Dept.","2022","Planning Inspectorate","Cardiff and Vale of Glamorgan","Outside London","AO","5","[c]","[c]","[c]"
"Leaver Dept.","2022","Planning Inspectorate","Cardiff and Vale of Glamorgan","Outside London","EO","5","[c]","[c]","[c]"
"Leaver Dept.","2022","Planning Inspectorate","Cardiff and Vale of Glamorgan","Outside London","G6","[c]","[c]","[c]","[c]"
"Leaver Dept.","2022","Planning Inspectorate","Cardiff and Vale of Glamorgan","Outside London","G7","[c]","[c]","[c]","[c]"
"Leaver Dept.","2022","Planning Inspectorate","Cardiff and Vale of Glamorgan","Outside London","HEO","5","[c]","[c]","[c]"
"Leaver Dept.","2022","Planning Inspectorate","Cardiff and Vale of Glamorgan","Outside London","SEO","[c]","[c]","[c]","[c]"
"Leaver Dept.","2022","Planning Inspectorate","Cheshire West and Chester","Outside London","G6","[c]","[c]","[c]","[c]"
"Leaver Dept.","2022","Planning Inspectorate","Conwy and Denbighshire","Outside London","G6","[c]","[c]","[c]","[c]"
"Leaver Dept.","2022","Planning Inspectorate","Conwy and Denbighshire","Outside London","G7","[c]","[c]","[c]","[c]"
"Leaver Dept.","2022","Planning Inspectorate","Flintshire and Wrexham","Outside London","G6","[c]","[c]","[c]","[c]"
"Leaver Dept.","2022","Planning Inspectorate","Gloucestershire CC","Outside London","G6","[c]","[c]","[c]","[c]"
"Leaver Dept.","2022","Planning Inspectorate","Monmouthshire and Newport","Outside London","G6","[c]","[c]","[c]","[c]"
"Leaver Dept.","2022","Planning Inspectorate","South West Wales","Outside London","G6","[c]","[c]","[c]","[c]"
"Leaver Dept.","2022","Planning Inspectorate","South West Wales","Outside London","G7","[c]","[c]","[c]","[c]"
"Leaver Dept.","2022","Planning Inspectorate","Swansea","Outside London","G6","[c]","[c]","[c]","[c]"
"Leaver Dept.","2022","Public Health England","Barking & Dagenham and Havering","London","AO","[c]","[c]","[c]","[c]"
"Leaver Dept.","2022","Public Health England","Barking & Dagenham and Havering","London","HEO","[c]","[c]","[c]","[c]"
"Leaver Dept.","2022","Public Health England","Barking & Dagenham and Havering","London","SEO","[c]","[c]","[c]","[c]"
"Leaver Dept.","2022","Public Health England","Barnet","London","AA","60","[c]","21430","22350"
"Leaver Dept.","2022","Public Health England","Barnet","London","AO","120","[c]","24210","23780"
"Leaver Dept.","2022","Public Health England","Barnet","London","EO","200","[c]","27330","26880"
"Leaver Dept.","2022","Public Health England","Barnet","London","G6","70","[c]","69610","67820"
"Leaver Dept.","2022","Public Health England","Barnet","London","G7","195","[c]","54860","53860"
"Leaver Dept.","2022","Public Health England","Barnet","London","HEO","205","[c]","33340","32650"
"Leaver Dept.","2022","Public Health England","Barnet","London","SCS level","50","[c]","119390","108800"
"Leaver Dept.","2022","Public Health England","Barnet","London","SEO","230","[c]","41450","40570"
"Leaver Dept.","2022","Public Health England","Barnsley, Doncaster and Rotherham","Outside London","EO","[c]","[c]","[c]","[c]"
"Leaver Dept.","2022","Public Health England","Barnsley, Doncaster and Rotherham","Outside London","G7","[c]","[c]","[c]","[c]"
"Leaver Dept.","2022","Public Health England","Barnsley, Doncaster and Rotherham","Outside London","HEO","[c]","[c]","[c]","[c]"
"Leaver Dept.","2022","Public Health England","Bath and North East Somerset, North Somerset and South Gloucestershire","Outside London","G6","[c]","[c]","[c]","[c]"
"Leaver Dept.","2022","Public Health England","Bath and North East Somerset, North Somerset and South Gloucestershire","Outside London","G7","[c]","[c]","[c]","[c]"
"Leaver Dept.","2022","Public Health England","Bath and North East Somerset, North Somerset and South Gloucestershire","Outside London","HEO","[c]","[c]","[c]","[c]"
"Leaver Dept.","2022","Public Health England","Bath and North East Somerset, North Somerset and South Gloucestershire","Outside London","SEO","[c]","[c]","[c]","[c]"
"Leaver Dept.","2022","Public Health England","Berkshire","Outside London","EO","[c]","[c]","[c]","[c]"
"Leaver Dept.","2022","Public Health England","Berkshire","Outside London","G7","[c]","[c]","[c]","[c]"
"Leaver Dept.","2022","Public Health England","Berkshire","Outside London","SCS level","[c]","[c]","[c]","[c]"
"Leaver Dept.","2022","Public Health England","Berkshire","Outside London","SEO","[c]","[c]","[c]","[c]"
"Leaver Dept.","2022","Public Health England","Bexley and Greenwich","London","AO","[c]","[c]","[c]","[c]"
"Leaver Dept.","2022","Public Health England","Bexley and Greenwich","London","EO","[c]","[c]","[c]","[c]"
"Leaver Dept.","2022","Public Health England","Bexley and Greenwich","London","HEO","[c]","[c]","[c]","[c]"
"Leaver Dept.","2022","Public Health England","Bexley and Greenwich","London","SEO","[c]","[c]","[c]","[c]"
"Leaver Dept.","2022","Public Health England","Birmingham","Outside London","AA","10","[c]","[c]","[c]"
"Leaver Dept.","2022","Public Health England","Birmingham","Outside London","AO","65","[c]","20570","19880"
"Leaver Dept.","2022","Public Health England","Birmingham","Outside London","EO","55","[c]","24020","23390"
"Leaver Dept.","2022","Public Health England","Birmingham","Outside London","G6","15","[c]","71300","78190"
"Leaver Dept.","2022","Public Health England","Birmingham","Outside London","G7","40","[c]","51240","50000"
"Leaver Dept.","2022","Public Health England","Birmingham","Outside London","HEO","50","[c]","32240","32040"
"Leaver Dept.","2022","Public Health England","Birmingham","Outside London","SCS level","25","[c]","114120","114000"
"Leaver Dept.","2022","Public Health England","Birmingham","Outside London","SEO","60","[c]","38880","38150"
"Leaver Dept.","2022","Public Health England","Bournemouth, Christchurch and Poole","Outside London","G7","[c]","[c]","[c]","[c]"
"Leaver Dept.","2022","Public Health England","Bournemouth, Christchurch and Poole","Outside London","SEO","[c]","[c]","[c]","[c]"
"Leaver Dept.","2022","Public Health England","Bradford","Outside London","EO","[c]","[c]","[c]","[c]"
"Leaver Dept.","2022","Public Health England","Bradford","Outside London","G7","[c]","[c]","[c]","[c]"
"Leaver Dept.","2022","Public Health England","Bradford","Outside London","HEO","[c]","[c]","[c]","[c]"
"Leaver Dept.","2022","Public Health England","Breckland and South Norfolk","Outside London","AO","[c]","[c]","[c]","[c]"
"Leaver Dept.","2022","Public Health England","Breckland and South Norfolk","Outside London","SEO","[c]","[c]","[c]","[c]"
"Leaver Dept.","2022","Public Health England","Brent","London","G7","[c]","[c]","[c]","[c]"
"Leaver Dept.","2022","Public Health England","Bridgend and Neath Port Talbot","Outside London","SEO","[c]","[c]","[c]","[c]"
"Leaver Dept.","2022","Public Health England","Brighton and Hove","Outside London","EO","[c]","[c]","[c]","[c]"
"Leaver Dept.","2022","Public Health England","Brighton and Hove","Outside London","G7","[c]","[c]","[c]","[c]"
"Leaver Dept.","2022","Public Health England","Brighton and Hove","Outside London","HEO","[c]","[c]","[c]","[c]"
"Leaver Dept.","2022","Public Health England","Brighton and Hove","Outside London","SEO","[c]","[c]","[c]","[c]"
"Leaver Dept.","2022","Public Health England","Bristol, City of","Outside London","AA","10","[c]","19220","19100"
"Leaver Dept.","2022","Public Health England","Bristol, City of","Outside London","AO","60","[c]","21430","20530"
"Leaver Dept.","2022","Public Health England","Bristol, City of","Outside London","EO","25","[c]","24260","23390"
"Leaver Dept.","2022","Public Health England","Bristol, City of","Outside London","G6","15","[c]","74780","69820"
"Leaver Dept.","2022","Public Health England","Bristol, City of","Outside London","G7","40","[c]","52500","51060"
"Leaver Dept.","2022","Public Health England","Bristol, City of","Outside London","HEO","65","[c]","31000","30000"
"Leaver Dept.","2022","Public Health England","Bristol, City of","Outside London","SCS level","20","[c]","113330","108080"
"Leaver Dept.","2022","Public Health England","Bristol, City of","Outside London","SEO","55","[c]","39240","39170"
"Leaver Dept.","2022","Public Health England","Bromley","London","EO","[c]","[c]","[c]","[c]"
"Leaver Dept.","2022","Public Health England","Bromley","London","G7","[c]","[c]","[c]","[c]"
"Leaver Dept.","2022","Public Health England","Bromley","London","HEO","[c]","[c]","[c]","[c]"
"Leaver Dept.","2022","Public Health England","Bromley","London","SEO","[c]","[c]","[c]","[c]"
"Leaver Dept.","2022","Public Health England","Buckinghamshire","Outside London","EO","[c]","[c]","[c]","[c]"
"Leaver Dept.","2022","Public Health England","Buckinghamshire","Outside London","G7","[c]","[c]","[c]","[c]"
"Leaver Dept.","2022","Public Health England","Buckinghamshire","Outside London","HEO","[c]","[c]","[c]","[c]"
"Leaver Dept.","2022","Public Health England","Buckinghamshire","Outside London","SEO","[c]","[c]","[c]","[c]"
"Leaver Dept.","2022","Public Health England","Calderdale and Kirklees","Outside London","AO","[c]","[c]","[c]","[c]"
"Leaver Dept.","2022","Public Health England","Calderdale and Kirklees","Outside London","G6","[c]","[c]","[c]","[c]"
"Leaver Dept.","2022","Public Health England","Calderdale and Kirklees","Outside London","G7","[c]","[c]","[c]","[c]"
"Leaver Dept.","2022","Public Health England","Calderdale and Kirklees","Outside London","SCS level","[c]","[c]","[c]","[c]"
"Leaver Dept.","2022","Public Health England","Calderdale and Kirklees","Outside London","SEO","[c]","[c]","[c]","[c]"
"Leaver Dept.","2022","Public Health England","Cambridgeshire CC","Outside London","AA","[c]","[c]","[c]","[c]"
"Leaver Dept.","2022","Public Health England","Cambridgeshire CC","Outside London","AO","55","[c]","21830","21820"
"Leaver Dept.","2022","Public Health England","Cambridgeshire CC","Outside London","EO","40","[c]","25450","25010"
"Leaver Dept.","2022","Public Health England","Cambridgeshire CC","Outside London","G6","10","[c]","69030","65710"
"Leaver Dept.","2022","Public Health England","Cambridgeshire CC","Outside London","G7","30","[c]","52950","52130"
"Leaver Dept.","2022","Public Health England","Cambridgeshire CC","Outside London","HEO","45","[c]","32580","31420"
"Leaver Dept.","2022","Public Health England","Cambridgeshire CC","Outside London","SCS level","20","[c]","108230","107240"
"Leaver Dept.","2022","Public Health England","Cambridgeshire CC","Outside London","SEO","40","[c]","39690","39370"
"Leaver Dept.","2022","Public Health England","Camden and City of London","London","EO","[c]","[c]","[c]","[c]"
"Leaver Dept.","2022","Public Health England","Camden and City of London","London","G6","[c]","[c]","[c]","[c]"
"Leaver Dept.","2022","Public Health England","Camden and City of London","London","G7","[c]","[c]","[c]","[c]"
"Leaver Dept.","2022","Public Health England","Camden and City of London","London","SEO","[c]","[c]","[c]","[c]"
"Leaver Dept.","2022","Public Health England","Cardiff and Vale of Glamorgan","Outside London","AO","[c]","[c]","[c]","[c]"
"Leaver Dept.","2022","Public Health England","Cardiff and Vale of Glamorgan","Outside London","EO","[c]","[c]","[c]","[c]"
"Leaver Dept.","2022","Public Health England","Cardiff and Vale of Glamorgan","Outside London","G6","[c]","[c]","[c]","[c]"
"Leaver Dept.","2022","Public Health England","Cardiff and Vale of Glamorgan","Outside London","G7","[c]","[c]","[c]","[c]"
"Leaver Dept.","2022","Public Health England","Cardiff and Vale of Glamorgan","Outside London","HEO","[c]","[c]","[c]","[c]"
"Leaver Dept.","2022","Public Health England","Cardiff and Vale of Glamorgan","Outside London","SCS level","[c]","[c]","[c]","[c]"
"Leaver Dept.","2022","Public Health England","Cardiff and Vale of Glamorgan","Outside London","SEO","[c]","[c]","[c]","[c]"
"Leaver Dept.","2022","Public Health England","Central Bedfordshire","Outside London","SEO","[c]","[c]","[c]","[c]"
"Leaver Dept.","2022","Public Health England","Central Hampshire","Outside London","EO","[c]","[c]","[c]","[c]"
"Leaver Dept.","2022","Public Health England","Central Hampshire","Outside London","G7","[c]","[c]","[c]","[c]"
"Leaver Dept.","2022","Public Health England","Central Hampshire","Outside London","HEO","[c]","[c]","[c]","[c]"
"Leaver Dept.","2022","Public Health England","Cheshire East","Outside London","G6","[c]","[c]","[c]","[c]"
"Leaver Dept.","2022","Public Health England","Cheshire East","Outside London","G7","[c]","[c]","[c]","[c]"
"Leaver Dept.","2022","Public Health England","Cheshire West and Chester","Outside London","EO","[c]","[c]","[c]","[c]"
"Leaver Dept.","2022","Public Health England","Cheshire West and Chester","Outside London","SEO","[c]","[c]","[c]","[c]"
"Leaver Dept.","2022","Public Health England","Chorley and West Lancashire","Outside London","AO","[c]","[c]","[c]","[c]"
"Leaver Dept.","2022","Public Health England","Chorley and West Lancashire","Outside London","G7","[c]","[c]","[c]","[c]"
"Leaver Dept.","2022","Public Health England","Conwy and Denbighshire","Outside London","HEO","[c]","[c]","[c]","[c]"
"Leaver Dept.","2022","Public Health England","Cornwall and Isles of Scilly","Outside London","G6","[c]","[c]","[c]","[c]"
"Leaver Dept.","2022","Public Health England","Cornwall and Isles of Scilly","Outside London","G7","[c]","[c]","[c]","[c]"
"Leaver Dept.","2022","Public Health England","Cornwall and Isles of Scilly","Outside London","HEO","[c]","[c]","[c]","[c]"
"Leaver Dept.","2022","Public Health England","Cornwall and Isles of Scilly","Outside London","SCS level","[c]","[c]","[c]","[c]"
"Leaver Dept.","2022","Public Health England","Cornwall and Isles of Scilly","Outside London","SEO","[c]","[c]","[c]","[c]"
"Leaver Dept.","2022","Public Health England","Coventry","Outside London","AO","[c]","[c]","[c]","[c]"
"Leaver Dept.","2022","Public Health England","Croydon","London","HEO","[c]","[c]","[c]","[c]"
"Leaver Dept.","2022","Public Health England","Darlington","Outside London","SCS level","[c]","[c]","[c]","[c]"
"Leaver Dept.","2022","Public Health England","Derby","Outside London","G6","[c]","[c]","[c]","[c]"
"Leaver Dept.","2022","Public Health England","Devon CC","Outside London","AO","[c]","[c]","[c]","[c]"
"Leaver Dept.","2022","Public Health England","Devon CC","Outside London","EO","[c]","[c]","[c]","[c]"
"Leaver Dept.","2022","Public Health England","Devon CC","Outside London","G6","[c]","[c]","[c]","[c]"
"Leaver Dept.","2022","Public Health England","Devon CC","Outside London","G7","5","[c]","[c]","[c]"
"Leaver Dept.","2022","Public Health England","Devon CC","Outside London","HEO","10","[c]","[c]","[c]"
"Leaver Dept.","2022","Public Health England","Devon CC","Outside London","SCS level","[c]","[c]","[c]","[c]"
"Leaver Dept.","2022","Public Health England","Devon CC","Outside London","SEO","[c]","[c]","[c]","[c]"
"Leaver Dept.","2022","Public Health England","Dorset","Outside London","G7","[c]","[c]","[c]","[c]"
"Leaver Dept.","2022","Public Health England","Ealing","London","G7","[c]","[c]","[c]","[c]"
"Leaver Dept.","2022","Public Health England","Ealing","London","HEO","[c]","[c]","[c]","[c]"
"Leaver Dept.","2022","Public Health England","Ealing","London","SEO","[c]","[c]","[c]","[c]"
"Leaver Dept.","2022","Public Health England","East Cumbria","Outside London","SCS level","[c]","[c]","[c]","[c]"
"Leaver Dept.","2022","Public Health England","East Cumbria","Outside London","SEO","[c]","[c]","[c]","[c]"
"Leaver Dept.","2022","Public Health England","East Derbyshire","Outside London","G6","[c]","[c]","[c]","[c]"
"Leaver Dept.","2022","Public Health England","East Derbyshire","Outside London","G7","[c]","[c]","[c]","[c]"
"Leaver Dept.","2022","Public Health England","East Derbyshire","Outside London","SCS level","[c]","[c]","[c]","[c]"
"Leaver Dept.","2022","Public Health England","East Kent","Outside London","AO","[c]","[c]","[c]","[c]"
"Leaver Dept.","2022","Public Health England","East Kent","Outside London","EO","[c]","[c]","[c]","[c]"
"Leaver Dept.","2022","Public Health England","East Kent","Outside London","HEO","[c]","[c]","[c]","[c]"
"Leaver Dept.","2022","Public Health England","East Kent","Outside London","SEO","[c]","[c]","[c]","[c]"
"Leaver Dept.","2022","Public Health England","East Merseyside","Outside London","HEO","[c]","[c]","[c]","[c]"
"Leaver Dept.","2022","Public Health England","East Riding of Yorkshire","Outside London","AO","[c]","[c]","[c]","[c]"
"Leaver Dept.","2022","Public Health England","East Riding of Yorkshire","Outside London","G6","[c]","[c]","[c]","[c]"
"Leaver Dept.","2022","Public Health England","East Riding of Yorkshire","Outside London","G7","[c]","[c]","[c]","[c]"
"Leaver Dept.","2022","Public Health England","East Riding of Yorkshire","Outside London","SCS level","[c]","[c]","[c]","[c]"
"Leaver Dept.","2022","Public Health England","East Riding of Yorkshire","Outside London","SEO","[c]","[c]","[c]","[c]"
"Leaver Dept.","2022","Public Health England","East Surrey","Outside London","AO","[c]","[c]","[c]","[c]"
"Leaver Dept.","2022","Public Health England","East Surrey","Outside London","EO","[c]","[c]","[c]","[c]"
"Leaver Dept.","2022","Public Health England","East Surrey","Outside London","HEO","[c]","[c]","[c]","[c]"
"Leaver Dept.","2022","Public Health England","East Surrey","Outside London","SEO","[c]","[c]","[c]","[c]"
"Leaver Dept.","2022","Public Health England","East Sussex CC","Outside London","AO","[c]","[c]","[c]","[c]"
"Leaver Dept.","2022","Public Health England","East Sussex CC","Outside London","G6","[c]","[c]","[c]","[c]"
"Leaver Dept.","2022","Public Health England","East Sussex CC","Outside London","HEO","[c]","[c]","[c]","[c]"
"Leaver Dept.","2022","Public Health England","East Sussex CC","Outside London","SCS level","[c]","[c]","[c]","[c]"
"Leaver Dept.","2022","Public Health England","East Sussex CC","Outside London","SEO","[c]","[c]","[c]","[c]"
"Leaver Dept.","2022","Public Health England","Enfield","London","HEO","[c]","[c]","[c]","[c]"
"Leaver Dept.","2022","Public Health England","Essex Haven Gateway","Outside London","G7","[c]","[c]","[c]","[c]"
"Leaver Dept.","2022","Public Health England","Essex Haven Gateway","Outside London","SEO","[c]","[c]","[c]","[c]"
"Leaver Dept.","2022","Public Health England","Essex Thames Gateway","Outside London","AO","[c]","[c]","[c]","[c]"
"Leaver Dept.","2022","Public Health England","Essex Thames Gateway","Outside London","G7","[c]","[c]","[c]","[c]"
"Leaver Dept.","2022","Public Health England","Essex Thames Gateway","Outside London","SEO","[c]","[c]","[c]","[c]"
"Leaver Dept.","2022","Public Health England","Flintshire and Wrexham","Outside London","EO","[c]","[c]","[c]","[c]"
"Leaver Dept.","2022","Public Health England","Glasgow City","Outside London","AO","[c]","[c]","[c]","[c]"
"Leaver Dept.","2022","Public Health England","Glasgow City","Outside London","EO","5","[c]","[c]","[c]"
"Leaver Dept.","2022","Public Health England","Glasgow City","Outside London","G6","[c]","[c]","[c]","[c]"
"Leaver Dept.","2022","Public Health England","Glasgow City","Outside London","G7","[c]","[c]","[c]","[c]"
"Leaver Dept.","2022","Public Health England","Glasgow City","Outside London","HEO","[c]","[c]","[c]","[c]"
"Leaver Dept.","2022","Public Health England","Glasgow City","Outside London","SEO","[c]","[c]","[c]","[c]"
"Leaver Dept.","2022","Public Health England","Gloucestershire CC","Outside London","EO","[c]","[c]","[c]","[c]"
"Leaver Dept.","2022","Public Health England","Gloucestershire CC","Outside London","G6","[c]","[c]","[c]","[c]"
"Leaver Dept.","2022","Public Health England","Gloucestershire CC","Outside London","G7","[c]","[c]","[c]","[c]"
"Leaver Dept.","2022","Public Health England","Gloucestershire CC","Outside London","HEO","5","[c]","[c]","[c]"
"Leaver Dept.","2022","Public Health England","Gloucestershire CC","Outside London","SCS level","[c]","[c]","[c]","[c]"
"Leaver Dept.","2022","Public Health England","Gloucestershire CC","Outside London","SEO","5","[c]","[c]","[c]"
"Leaver Dept.","2022","Public Health England","Greater Manchester North East","Outside London","EO","[c]","[c]","[c]","[c]"
"Leaver Dept.","2022","Public Health England","Greater Manchester North East","Outside London","G7","[c]","[c]","[c]","[c]"
"Leaver Dept.","2022","Public Health England","Greater Manchester South West","Outside London","SEO","[c]","[c]","[c]","[c]"
"Leaver Dept.","2022","Public Health England","Hackney and Newham","London","G7","[c]","[c]","[c]","[c]"
"Leaver Dept.","2022","Public Health England","Hackney and Newham","London","HEO","[c]","[c]","[c]","[c]"
"Leaver Dept.","2022","Public Health England","Hackney and Newham","London","SEO","[c]","[c]","[c]","[c]"
"Leaver Dept.","2022","Public Health England","Haringey and Islington","London","HEO","[c]","[c]","[c]","[c]"
"Leaver Dept.","2022","Public Health England","Haringey and Islington","London","SEO","[c]","[c]","[c]","[c]"
"Leaver Dept.","2022","Public Health England","Harrow and Hillingdon","London","EO","5","[c]","[c]","[c]"
"Leaver Dept.","2022","Public Health England","Harrow and Hillingdon","London","G6","10","[c]","[c]","[c]"
"Leaver Dept.","2022","Public Health England","Harrow and Hillingdon","London","G7","[c]","[c]","[c]","[c]"
"Leaver Dept.","2022","Public Health England","Harrow and Hillingdon","London","HEO","[c]","[c]","[c]","[c]"
"Leaver Dept.","2022","Public Health England","Harrow and Hillingdon","London","SCS level","[c]","[c]","[c]","[c]"
"Leaver Dept.","2022","Public Health England","Harrow and Hillingdon","London","SEO","5","[c]","[c]","[c]"
"Leaver Dept.","2022","Public Health England","Hartlepool and Stockton-on-Tees","Outside London","G7","[c]","[c]","[c]","[c]"
"Leaver Dept.","2022","Public Health England","Heart of Essex","Outside London","HEO","[c]","[c]","[c]","[c]"
"Leaver Dept.","2022","Public Health England","Herefordshire, County of","Outside London","EO","[c]","[c]","[c]","[c]"
"Leaver Dept.","2022","Public Health England","Hertfordshire CC","Outside London","AA","[c]","[c]","[c]","[c]"
"Leaver Dept.","2022","Public Health England","Hertfordshire CC","Outside London","AO","[c]","[c]","[c]","[c]"
"Leaver Dept.","2022","Public Health England","Hertfordshire CC","Outside London","EO","[c]","[c]","[c]","[c]"
"Leaver Dept.","2022","Public Health England","Hertfordshire CC","Outside London","G7","[c]","[c]","[c]","[c]"
"Leaver Dept.","2022","Public Health England","Hertfordshire CC","Outside London","HEO","[c]","[c]","[c]","[c]"
"Leaver Dept.","2022","Public Health England","Hertfordshire CC","Outside London","SCS level","[c]","[c]","[c]","[c]"
"Leaver Dept.","2022","Public Health England","Hertfordshire CC","Outside London","SEO","[c]","[c]","[c]","[c]"
"Leaver Dept.","2022","Public Health England","Kensington & Chelsea and Hammersmith & Fulham","London","EO","[c]","[c]","[c]","[c]"
"Leaver Dept.","2022","Public Health England","Kensington & Chelsea and Hammersmith & Fulham","London","HEO","[c]","[c]","[c]","[c]"
"Leaver Dept.","2022","Public Health England","Kensington & Chelsea and Hammersmith & Fulham","London","SEO","[c]","[c]","[c]","[c]"
"Leaver Dept.","2022","Public Health England","Kent Thames Gateway","Outside London","EO","[c]","[c]","[c]","[c]"
"Leaver Dept.","2022","Public Health England","Kingston upon Hull, City of","Outside London","SEO","[c]","[c]","[c]","[c]"
"Leaver Dept.","2022","Public Health England","Lambeth","London","AA","5","[c]","[c]","[c]"
"Leaver Dept.","2022","Public Health England","Lambeth","London","AO","40","[c]","22140","22130"
"Leaver Dept.","2022","Public Health England","Lambeth","London","EO","185","[c]","26830","26880"
"Leaver Dept.","2022","Public Health England","Lambeth","London","G6","175","[c]","70030","66870"
"Leaver Dept.","2022","Public Health England","Lambeth","London","G7","355","[c]","53490","52610"
"Leaver Dept.","2022","Public Health England","Lambeth","London","HEO","320","[c]","32300","32330"
"Leaver Dept.","2022","Public Health England","Lambeth","London","SCS level","115","[c]","101770","95140"
"Leaver Dept.","2022","Public Health England","Lambeth","London","SEO","350","[c]","40250","40070"
"Leaver Dept.","2022","Public Health England","Lambeth","London","Unknown","5","[c]","[c]","[c]"
"Leaver Dept.","2022","Public Health England","Lancaster and Wyre","Outside London","HEO","[c]","[c]","[c]","[c]"
"Leaver Dept.","2022","Public Health England","Lancaster and Wyre","Outside London","SEO","[c]","[c]","[c]","[c]"
"Leaver Dept.","2022","Public Health England","Leeds","Outside London","AO","25","[c]","20260","19880"
"Leaver Dept.","2022","Public Health England","Leeds","Outside London","EO","30","[c]","25760","24980"
"Leaver Dept.","2022","Public Health England","Leeds","Outside London","G6","25","[c]","71030","67630"
"Leaver Dept.","2022","Public Health England","Leeds","Outside London","G7","50","[c]","51460","50200"
"Leaver Dept.","2022","Public Health England","Leeds","Outside London","HEO","75","[c]","31240","29270"
"Leaver Dept.","2022","Public Health England","Leeds","Outside London","SCS level","10","[c]","102040","95140"
"Leaver Dept.","2022","Public Health England","Leeds","Outside London","SEO","50","[c]","38680","38730"
"Leaver Dept.","2022","Public Health England","Leicestershire CC and Rutland","Outside London","EO","[c]","[c]","[c]","[c]"
"Leaver Dept.","2022","Public Health England","Leicestershire CC and Rutland","Outside London","HEO","[c]","[c]","[c]","[c]"
"Leaver Dept.","2022","Public Health England","Leicestershire CC and Rutland","Outside London","SEO","[c]","[c]","[c]","[c]"
"Leaver Dept.","2022","Public Health England","Lewisham and Southwark","London","AO","[c]","[c]","[c]","[c]"
"Leaver Dept.","2022","Public Health England","Lewisham and Southwark","London","EO","15","[c]","27400","26880"
"Leaver Dept.","2022","Public Health England","Lewisham and Southwark","London","G6","30","[c]","72000","68310"
"Leaver Dept.","2022","Public Health England","Lewisham and Southwark","London","G7","60","[c]","54310","54230"
"Leaver Dept.","2022","Public Health England","Lewisham and Southwark","London","HEO","30","[c]","32410","32330"
"Leaver Dept.","2022","Public Health England","Lewisham and Southwark","London","SCS level","15","[c]","104010","104240"
"Leaver Dept.","2022","Public Health England","Lewisham and Southwark","London","SEO","40","[c]","40320","40270"
"Leaver Dept.","2022","Public Health England","Lincolnshire CC","Outside London","G6","[c]","[c]","[c]","[c]"
"Leaver Dept.","2022","Public Health England","Lincolnshire CC","Outside London","HEO","[c]","[c]","[c]","[c]"
"Leaver Dept.","2022","Public Health England","Lincolnshire CC","Outside London","SEO","[c]","[c]","[c]","[c]"
"Leaver Dept.","2022","Public Health England","Liverpool","Outside London","AA","[c]","[c]","[c]","[c]"
"Leaver Dept.","2022","Public Health England","Liverpool","Outside London","AO","10","[c]","20750","19880"
"Leaver Dept.","2022","Public Health England","Liverpool","Outside London","EO","10","[c]","25560","25210"
"Leaver Dept.","2022","Public Health England","Liverpool","Outside London","G6","[c]","[c]","[c]","[c]"
"Leaver Dept.","2022","Public Health England","Liverpool","Outside London","G7","20","[c]","51000","50390"
"Leaver Dept.","2022","Public Health England","Liverpool","Outside London","HEO","25","[c]","31420","30590"
"Leaver Dept.","2022","Public Health England","Liverpool","Outside London","SCS level","5","[c]","[c]","[c]"
"Leaver Dept.","2022","Public Health England","Liverpool","Outside London","SEO","25","[c]","39030","38330"
"Leaver Dept.","2022","Public Health England","Liverpool","Outside London","Unknown","[c]","[c]","[c]","[c]"
"Leaver Dept.","2022","Public Health England","Manchester","Outside London","AA","25","[c]","19420","19100"
"Leaver Dept.","2022","Public Health England","Manchester","Outside London","AO","75","[c]","20670","19880"
"Leaver Dept.","2022","Public Health England","Manchester","Outside London","EO","65","[c]","24310","23390"
"Leaver Dept.","2022","Public Health England","Manchester","Outside London","G6","10","[c]","67960","63280"
"Leaver Dept.","2022","Public Health England","Manchester","Outside London","G7","30","[c]","49790","48860"
"Leaver Dept.","2022","Public Health England","Manchester","Outside London","HEO","50","[c]","31580","30690"
"Leaver Dept.","2022","Public Health England","Manchester","Outside London","SCS level","20","[c]","104660","102090"
"Leaver Dept.","2022","Public Health England","Manchester","Outside London","SEO","35","[c]","39360","38150"
"Leaver Dept.","2022","Public Health England","Medway","Outside London","HEO","[c]","[c]","[c]","[c]"
"Leaver Dept.","2022","Public Health England","Medway","Outside London","SEO","[c]","[c]","[c]","[c]"
"Leaver Dept.","2022","Public Health England","Merton, Kingston upon Thames and Sutton","London","EO","[c]","[c]","[c]","[c]"
"Leaver Dept.","2022","Public Health England","Merton, Kingston upon Thames and Sutton","London","G6","[c]","[c]","[c]","[c]"
"Leaver Dept.","2022","Public Health England","Merton, Kingston upon Thames and Sutton","London","HEO","[c]","[c]","[c]","[c]"
"Leaver Dept.","2022","Public Health England","Merton, Kingston upon Thames and Sutton","London","SEO","[c]","[c]","[c]","[c]"
"Leaver Dept.","2022","Public Health England","Mid Kent","Outside London","AO","[c]","[c]","[c]","[c]"
"Leaver Dept.","2022","Public Health England","Mid Kent","Outside London","EO","5","[c]","[c]","[c]"
"Leaver Dept.","2022","Public Health England","Mid Kent","Outside London","G6","10","[c]","[c]","[c]"
"Leaver Dept.","2022","Public Health England","Mid Kent","Outside London","G7","15","[c]","52870","52330"
"Leaver Dept.","2022","Public Health England","Mid Kent","Outside London","HEO","5","[c]","[c]","[c]"
"Leaver Dept.","2022","Public Health England","Mid Kent","Outside London","SCS level","5","[c]","[c]","[c]"
"Leaver Dept.","2022","Public Health England","Mid Kent","Outside London","SEO","5","[c]","[c]","[c]"
"Leaver Dept.","2022","Public Health England","Mid Lancashire","Outside London","AA","[c]","[c]","[c]","[c]"
"Leaver Dept.","2022","Public Health England","Mid Lancashire","Outside London","AO","[c]","[c]","[c]","[c]"
"Leaver Dept.","2022","Public Health England","Mid Lancashire","Outside London","EO","5","[c]","[c]","[c]"
"Leaver Dept.","2022","Public Health England","Mid Lancashire","Outside London","G6","[c]","[c]","[c]","[c]"
"Leaver Dept.","2022","Public Health England","Mid Lancashire","Outside London","G7","5","[c]","[c]","[c]"
"Leaver Dept.","2022","Public Health England","Mid Lancashire","Outside London","HEO","10","[c]","31640","32310"
"Leaver Dept.","2022","Public Health England","Mid Lancashire","Outside London","SCS level","[c]","[c]","[c]","[c]"
"Leaver Dept.","2022","Public Health England","Mid Lancashire","Outside London","SEO","5","[c]","[c]","[c]"
"Leaver Dept.","2022","Public Health England","Milton Keynes","Outside London","AO","[c]","[c]","[c]","[c]"
"Leaver Dept.","2022","Public Health England","Milton Keynes","Outside London","EO","[c]","[c]","[c]","[c]"
"Leaver Dept.","2022","Public Health England","Milton Keynes","Outside London","SEO","[c]","[c]","[c]","[c]"
"Leaver Dept.","2022","Public Health England","Monmouthshire and Newport","Outside London","SEO","[c]","[c]","[c]","[c]"
"Leaver Dept.","2022","Public Health England","North and North East Lincolnshire","Outside London","SCS level","[c]","[c]","[c]","[c]"
"Leaver Dept.","2022","Public Health England","North Hampshire","Outside London","SCS level","[c]","[c]","[c]","[c]"
"Leaver Dept.","2022","Public Health England","North Northamptonshire","Outside London","SEO","[c]","[c]","[c]","[c]"
"Leaver Dept.","2022","Public Health England","North Nottinghamshire","Outside London","EO","[c]","[c]","[c]","[c]"
"Leaver Dept.","2022","Public Health England","North Nottinghamshire","Outside London","G6","[c]","[c]","[c]","[c]"
"Leaver Dept.","2022","Public Health England","North Yorkshire CC","Outside London","AO","5","[c]","[c]","[c]"
"Leaver Dept.","2022","Public Health England","North Yorkshire CC","Outside London","EO","5","[c]","[c]","[c]"
"Leaver Dept.","2022","Public Health England","North Yorkshire CC","Outside London","G6","[c]","[c]","[c]","[c]"
"Leaver Dept.","2022","Public Health England","North Yorkshire CC","Outside London","G7","[c]","[c]","[c]","[c]"
"Leaver Dept.","2022","Public Health England","North Yorkshire CC","Outside London","HEO","[c]","[c]","[c]","[c]"
"Leaver Dept.","2022","Public Health England","North Yorkshire CC","Outside London","SCS level","[c]","[c]","[c]","[c]"
"Leaver Dept.","2022","Public Health England","North Yorkshire CC","Outside London","SEO","5","[c]","[c]","[c]"
"Leaver Dept.","2022","Public Health England","Northumberland","Outside London","EO","[c]","[c]","[c]","[c]"
"Leaver Dept.","2022","Public Health England","Northumberland","Outside London","HEO","[c]","[c]","[c]","[c]"
"Leaver Dept.","2022","Public Health England","Norwich and East Norfolk","Outside London","SEO","[c]","[c]","[c]","[c]"
"Leaver Dept.","2022","Public Health England","Nottingham","Outside London","AO","15","[c]","20070","19880"
"Leaver Dept.","2022","Public Health England","Nottingham","Outside London","EO","15","[c]","23550","23390"
"Leaver Dept.","2022","Public Health England","Nottingham","Outside London","G6","10","[c]","[c]","[c]"
"Leaver Dept.","2022","Public Health England","Nottingham","Outside London","G7","20","[c]","51600","49840"
"Leaver Dept.","2022","Public Health England","Nottingham","Outside London","HEO","50","[c]","31130","29610"
"Leaver Dept.","2022","Public Health England","Nottingham","Outside London","SCS level","10","[c]","[c]","[c]"
"Leaver Dept.","2022","Public Health England","Nottingham","Outside London","SEO","35","[c]","38230","36330"
"Leaver Dept.","2022","Public Health England","Oxfordshire CC","Outside London","AA","[c]","[c]","[c]","[c]"
"Leaver Dept.","2022","Public Health England","Oxfordshire CC","Outside London","AO","40","[c]","21920","21820"
"Leaver Dept.","2022","Public Health England","Oxfordshire CC","Outside London","EO","30","[c]","26570","25800"
"Leaver Dept.","2022","Public Health England","Oxfordshire CC","Outside London","G6","25","[c]","72200","71550"
"Leaver Dept.","2022","Public Health England","Oxfordshire CC","Outside London","G7","85","[c]","54010","52330"
"Leaver Dept.","2022","Public Health England","Oxfordshire CC","Outside London","HEO","45","[c]","32590","31420"
"Leaver Dept.","2022","Public Health England","Oxfordshire CC","Outside London","SCS level","15","[c]","103610","105460"
"Leaver Dept.","2022","Public Health England","Oxfordshire CC","Outside London","SEO","70","[c]","40110","40040"
"Leaver Dept.","2022","Public Health England","Plymouth","Outside London","EO","[c]","[c]","[c]","[c]"
"Leaver Dept.","2022","Public Health England","Plymouth","Outside London","HEO","[c]","[c]","[c]","[c]"
"Leaver Dept.","2022","Public Health England","Plymouth","Outside London","SEO","[c]","[c]","[c]","[c]"
"Leaver Dept.","2022","Public Health England","Portsmouth","Outside London","SEO","[c]","[c]","[c]","[c]"
"Leaver Dept.","2022","Public Health England","Powys","Outside London","G7","[c]","[c]","[c]","[c]"
"Leaver Dept.","2022","Public Health England","Redbridge and Waltham Forest","London","AA","[c]","[c]","[c]","[c]"
"Leaver Dept.","2022","Public Health England","Redbridge and Waltham Forest","London","EO","[c]","[c]","[c]","[c]"
"Leaver Dept.","2022","Public Health England","Redbridge and Waltham Forest","London","SEO","[c]","[c]","[c]","[c]"
"Leaver Dept.","2022","Public Health England","Sandwell","Outside London","HEO","[c]","[c]","[c]","[c]"
"Leaver Dept.","2022","Public Health England","Scottish Borders","Outside London","HEO","[c]","[c]","[c]","[c]"
"Leaver Dept.","2022","Public Health England","Sefton","Outside London","SEO","[c]","[c]","[c]","[c]"
"Leaver Dept.","2022","Public Health England","Sheffield","Outside London","EO","[c]","[c]","[c]","[c]"
"Leaver Dept.","2022","Public Health England","Sheffield","Outside London","G6","[c]","[c]","[c]","[c]"
"Leaver Dept.","2022","Public Health England","Sheffield","Outside London","G7","5","[c]","[c]","[c]"
"Leaver Dept.","2022","Public Health England","Sheffield","Outside London","SCS level","[c]","[c]","[c]","[c]"
"Leaver Dept.","2022","Public Health England","Sheffield","Outside London","SEO","[c]","[c]","[c]","[c]"
"Leaver Dept.","2022","Public Health England","Shropshire","Outside London","G6","[c]","[c]","[c]","[c]"
"Leaver Dept.","2022","Public Health England","Shropshire","Outside London","G7","[c]","[c]","[c]","[c]"
"Leaver Dept.","2022","Public Health England","Solihull","Outside London","G7","[c]","[c]","[c]","[c]"
"Leaver Dept.","2022","Public Health England","Solihull","Outside London","SEO","[c]","[c]","[c]","[c]"
"Leaver Dept.","2022","Public Health England","Somerset CC","Outside London","EO","[c]","[c]","[c]","[c]"
"Leaver Dept.","2022","Public Health England","South and West Derbyshire","Outside London","G7","[c]","[c]","[c]","[c]"
"Leaver Dept.","2022","Public Health England","South and West Derbyshire","Outside London","SEO","[c]","[c]","[c]","[c]"
"Leaver Dept.","2022","Public Health England","South Hampshire","Outside London","AO","[c]","[c]","[c]","[c]"
"Leaver Dept.","2022","Public Health England","South Hampshire","Outside London","EO","[c]","[c]","[c]","[c]"
"Leaver Dept.","2022","Public Health England","South Hampshire","Outside London","G6","[c]","[c]","[c]","[c]"
"Leaver Dept.","2022","Public Health England","South Hampshire","Outside London","G7","5","[c]","[c]","[c]"
"Leaver Dept.","2022","Public Health England","South Hampshire","Outside London","HEO","[c]","[c]","[c]","[c]"
"Leaver Dept.","2022","Public Health England","South Hampshire","Outside London","SCS level","5","[c]","[c]","[c]"
"Leaver Dept.","2022","Public Health England","South Hampshire","Outside London","SEO","5","[c]","[c]","[c]"
"Leaver Dept.","2022","Public Health England","South Nottinghamshire","Outside London","G7","[c]","[c]","[c]","[c]"
"Leaver Dept.","2022","Public Health England","South Nottinghamshire","Outside London","HEO","[c]","[c]","[c]","[c]"
"Leaver Dept.","2022","Public Health England","Southampton","Outside London","G6","[c]","[c]","[c]","[c]"
"Leaver Dept.","2022","Public Health England","Southampton","Outside London","HEO","[c]","[c]","[c]","[c]"
"Leaver Dept.","2022","Public Health England","Southend-on-Sea","Outside London","HEO","[c]","[c]","[c]","[c]"
"Leaver Dept.","2022","Public Health England","Southend-on-Sea","Outside London","SEO","[c]","[c]","[c]","[c]"
"Leaver Dept.","2022","Public Health England","Staffordshire CC","Outside London","AO","[c]","[c]","[c]","[c]"
"Leaver Dept.","2022","Public Health England","Staffordshire CC","Outside London","EO","[c]","[c]","[c]","[c]"
"Leaver Dept.","2022","Public Health England","Staffordshire CC","Outside London","G6","[c]","[c]","[c]","[c]"
"Leaver Dept.","2022","Public Health England","Staffordshire CC","Outside London","G7","[c]","[c]","[c]","[c]"
"Leaver Dept.","2022","Public Health England","Staffordshire CC","Outside London","SCS level","[c]","[c]","[c]","[c]"
"Leaver Dept.","2022","Public Health England","Stoke-on-Trent","Outside London","SEO","[c]","[c]","[c]","[c]"
"Leaver Dept.","2022","Public Health England","Suffolk CC","Outside London","AO","[c]","[c]","[c]","[c]"
"Leaver Dept.","2022","Public Health England","Suffolk CC","Outside London","EO","[c]","[c]","[c]","[c]"
"Leaver Dept.","2022","Public Health England","Suffolk CC","Outside London","G6","[c]","[c]","[c]","[c]"
"Leaver Dept.","2022","Public Health England","Suffolk CC","Outside London","G7","10","[c]","[c]","[c]"
"Leaver Dept.","2022","Public Health England","Suffolk CC","Outside London","HEO","[c]","[c]","[c]","[c]"
"Leaver Dept.","2022","Public Health England","Suffolk CC","Outside London","SCS level","[c]","[c]","[c]","[c]"
"Leaver Dept.","2022","Public Health England","Suffolk CC","Outside London","SEO","10","[c]","39060","38340"
"Leaver Dept.","2022","Public Health England","Thurrock","Outside London","SEO","[c]","[c]","[c]","[c]"
"Leaver Dept.","2022","Public Health England","Tower Hamlets","London","EO","[c]","[c]","[c]","[c]"
"Leaver Dept.","2022","Public Health England","Tower Hamlets","London","HEO","[c]","[c]","[c]","[c]"
"Leaver Dept.","2022","Public Health England","Tower Hamlets","London","SEO","[c]","[c]","[c]","[c]"
"Leaver Dept.","2022","Public Health England","Tyneside","Outside London","AO","15","[c]","20020","19880"
"Leaver Dept.","2022","Public Health England","Tyneside","Outside London","EO","10","[c]","[c]","[c]"
"Leaver Dept.","2022","Public Health England","Tyneside","Outside London","G6","5","[c]","[c]","[c]"
"Leaver Dept.","2022","Public Health England","Tyneside","Outside London","G7","15","[c]","51880","50820"
"Leaver Dept.","2022","Public Health England","Tyneside","Outside London","HEO","15","[c]","30350","28590"
"Leaver Dept.","2022","Public Health England","Tyneside","Outside London","SCS level","10","[c]","108730","108080"
"Leaver Dept.","2022","Public Health England","Tyneside","Outside London","SEO","25","[c]","40240","40660"
"Leaver Dept.","2022","Public Health England","Wakefield","Outside London","SEO","[c]","[c]","[c]","[c]"
"Leaver Dept.","2022","Public Health England","Wandsworth","London","HEO","[c]","[c]","[c]","[c]"
"Leaver Dept.","2022","Public Health England","Warwickshire CC","Outside London","G6","[c]","[c]","[c]","[c]"
"Leaver Dept.","2022","Public Health England","Warwickshire CC","Outside London","SCS level","[c]","[c]","[c]","[c]"
"Leaver Dept.","2022","Public Health England","West Cumbria","Outside London","G6","[c]","[c]","[c]","[c]"
"Leaver Dept.","2022","Public Health England","West Cumbria","Outside London","SEO","[c]","[c]","[c]","[c]"
"Leaver Dept.","2022","Public Health England","West Essex","Outside London","AO","[c]","[c]","[c]","[c]"
"Leaver Dept.","2022","Public Health England","West Essex","Outside London","EO","[c]","[c]","[c]","[c]"
"Leaver Dept.","2022","Public Health England","West Essex","Outside London","G6","[c]","[c]","[c]","[c]"
"Leaver Dept.","2022","Public Health England","West Essex","Outside London","G7","5","[c]","[c]","[c]"
"Leaver Dept.","2022","Public Health England","West Essex","Outside London","HEO","15","[c]","31520","32310"
"Leaver Dept.","2022","Public Health England","West Essex","Outside London","SCS level","5","[c]","[c]","[c]"
"Leaver Dept.","2022","Public Health England","West Essex","Outside London","SEO","15","[c]","39460","39130"
"Leaver Dept.","2022","Public Health England","West Northamptonshire","Outside London","EO","[c]","[c]","[c]","[c]"
"Leaver Dept.","2022","Public Health England","West Surrey","Outside London","EO","[c]","[c]","[c]","[c]"
"Leaver Dept.","2022","Public Health England","West Surrey","Outside London","G6","[c]","[c]","[c]","[c]"
"Leaver Dept.","2022","Public Health England","West Surrey","Outside London","G7","[c]","[c]","[c]","[c]"
"Leaver Dept.","2022","Public Health England","West Surrey","Outside London","SEO","[c]","[c]","[c]","[c]"
"Leaver Dept.","2022","Public Health England","West Sussex (North East)","Outside London","AO","5","[c]","[c]","[c]"
"Leaver Dept.","2022","Public Health England","West Sussex (North East)","Outside London","EO","[c]","[c]","[c]","[c]"
"Leaver Dept.","2022","Public Health England","West Sussex (North East)","Outside London","G6","[c]","[c]","[c]","[c]"
"Leaver Dept.","2022","Public Health England","West Sussex (North East)","Outside London","G7","5","[c]","[c]","[c]"
"Leaver Dept.","2022","Public Health England","West Sussex (North East)","Outside London","HEO","[c]","[c]","[c]","[c]"
"Leaver Dept.","2022","Public Health England","West Sussex (North East)","Outside London","SCS level","[c]","[c]","[c]","[c]"
"Leaver Dept.","2022","Public Health England","West Sussex (North East)","Outside London","SEO","10","[c]","[c]","[c]"
"Leaver Dept.","2022","Public Health England","West Sussex (South West)","Outside London","EO","[c]","[c]","[c]","[c]"
"Leaver Dept.","2022","Public Health England","West Sussex (South West)","Outside London","HEO","[c]","[c]","[c]","[c]"
"Leaver Dept.","2022","Public Health England","Westminster","London","G6","[c]","[c]","[c]","[c]"
"Leaver Dept.","2022","Public Health England","Westminster","London","G7","5","[c]","[c]","[c]"
"Leaver Dept.","2022","Public Health England","Westminster","London","HEO","[c]","[c]","[c]","[c]"
"Leaver Dept.","2022","Public Health England","Westminster","London","SCS level","[c]","[c]","[c]","[c]"
"Leaver Dept.","2022","Public Health England","Westminster","London","SEO","5","[c]","[c]","[c]"
"Leaver Dept.","2022","Public Health England","Wiltshire","Outside London","AA","30","[c]","19430","19100"
"Leaver Dept.","2022","Public Health England","Wiltshire","Outside London","AO","80","[c]","20500","19880"
"Leaver Dept.","2022","Public Health England","Wiltshire","Outside London","EO","120","[c]","24470","24100"
"Leaver Dept.","2022","Public Health England","Wiltshire","Outside London","G6","45","[c]","70290","67940"
"Leaver Dept.","2022","Public Health England","Wiltshire","Outside London","G7","135","[c]","52240","50420"
"Leaver Dept.","2022","Public Health England","Wiltshire","Outside London","HEO","180","[c]","30300","29270"
"Leaver Dept.","2022","Public Health England","Wiltshire","Outside London","SCS level","10","[c]","102860","100720"
"Leaver Dept.","2022","Public Health England","Wiltshire","Outside London","SEO","170","[c]","38860","37980"
"Leaver Dept.","2022","Public Health England","Wirral","Outside London","EO","[c]","[c]","[c]","[c]"
"Leaver Dept.","2022","Public Health England","Wirral","Outside London","G6","[c]","[c]","[c]","[c]"
"Leaver Dept.","2022","Public Health England","Wirral","Outside London","G7","[c]","[c]","[c]","[c]"
"Leaver Dept.","2022","Public Health England","Wirral","Outside London","SEO","[c]","[c]","[c]","[c]"
"Leaver Dept.","2022","Public Health England","Wolverhampton","Outside London","EO","[c]","[c]","[c]","[c]"
"Leaver Dept.","2022","Public Health England","Worcestershire CC","Outside London","AO","[c]","[c]","[c]","[c]"
"Leaver Dept.","2022","Public Health England","Worcestershire CC","Outside London","EO","[c]","[c]","[c]","[c]"
"Leaver Dept.","2022","Public Health England","Worcestershire CC","Outside London","G6","[c]","[c]","[c]","[c]"
"Leaver Dept.","2022","Public Health England","Worcestershire CC","Outside London","G7","[c]","[c]","[c]","[c]"
"Leaver Dept.","2022","Public Health England","Worcestershire CC","Outside London","SCS level","[c]","[c]","[c]","[c]"
"Leaver Dept.","2022","Public Health England","Worcestershire CC","Outside London","SEO","[c]","[c]","[c]","[c]"
"Leaver Dept.","2022","Public Health England","York","Outside London","AO","5","[c]","[c]","[c]"
"Leaver Dept.","2022","Public Health England","York","Outside London","EO","5","[c]","[c]","[c]"
"Leaver Dept.","2022","Public Health England","York","Outside London","G6","5","[c]","[c]","[c]"
"Leaver Dept.","2022","Public Health England","York","Outside London","G7","20","[c]","53610","53490"
"Leaver Dept.","2022","Public Health England","York","Outside London","HEO","10","[c]","30240","29380"
"Leaver Dept.","2022","Public Health England","York","Outside London","SCS level","[c]","[c]","[c]","[c]"
"Leaver Dept.","2022","Public Health England","York","Outside London","SEO","15","[c]","39150","37470"
"Leaver Dept.","2022","Queen Elizabeth II Centre","Westminster","London","EO","[c]","[c]","[c]","[c]"
"Leaver Dept.","2022","Queen Elizabeth II Centre","Westminster","London","SEO","[c]","[c]","[c]","[c]"
"Leaver Dept.","2022","Registers of Scotland","City of Edinburgh","Outside London","AO","[c]","[c]","[c]","[c]"
"Leaver Dept.","2022","Registers of Scotland","City of Edinburgh","Outside London","EO","[c]","[c]","[c]","[c]"
"Leaver Dept.","2022","Registers of Scotland","City of Edinburgh","Outside London","G6","[c]","[c]","[c]","[c]"
"Leaver Dept.","2022","Registers of Scotland","City of Edinburgh","Outside London","HEO","[c]","[c]","[c]","[c]"
"Leaver Dept.","2022","Registers of Scotland","City of Edinburgh","Outside London","SEO","[c]","[c]","[c]","[c]"
"Leaver Dept.","2022","Registers of Scotland","Glasgow City","Outside London","EO","[c]","[c]","[c]","[c]"
"Leaver Dept.","2022","Royal Fleet Auxiliary","Unknown","Unknown","Unknown","[c]","[c]","[c]","[c]"
"Leaver Dept.","2022","Rural Payments Agency","Berkshire","Outside London","AO","[c]","[c]","[c]","[c]"
"Leaver Dept.","2022","Rural Payments Agency","Berkshire","Outside London","EO","[c]","[c]","[c]","[c]"
"Leaver Dept.","2022","Rural Payments Agency","Berkshire","Outside London","G7","[c]","[c]","[c]","[c]"
"Leaver Dept.","2022","Rural Payments Agency","Berkshire","Outside London","HEO","[c]","[c]","[c]","[c]"
"Leaver Dept.","2022","Rural Payments Agency","Bristol, City of","Outside London","AO","[c]","[c]","[c]","[c]"
"Leaver Dept.","2022","Rural Payments Agency","Cambridgeshire CC","Outside London","EO","[c]","[c]","[c]","[c]"
"Leaver Dept.","2022","Rural Payments Agency","Cheshire East","Outside London","AO","[c]","[c]","[c]","[c]"
"Leaver Dept.","2022","Rural Payments Agency","Cheshire East","Outside London","EO","[c]","[c]","[c]","[c]"
"Leaver Dept.","2022","Rural Payments Agency","Cornwall and Isles of Scilly","Outside London","SEO","[c]","[c]","[c]","[c]"
"Leaver Dept.","2022","Rural Payments Agency","Devon CC","Outside London","AO","[c]","[c]","[c]","[c]"
"Leaver Dept.","2022","Rural Payments Agency","Devon CC","Outside London","HEO","[c]","[c]","[c]","[c]"
"Leaver Dept.","2022","Rural Payments Agency","East Cumbria","Outside London","AO","[c]","[c]","[c]","[c]"
"Leaver Dept.","2022","Rural Payments Agency","East Cumbria","Outside London","EO","[c]","[c]","[c]","[c]"
"Leaver Dept.","2022","Rural Payments Agency","East Cumbria","Outside London","HEO","[c]","[c]","[c]","[c]"
"Leaver Dept.","2022","Rural Payments Agency","East Cumbria","Outside London","SEO","[c]","[c]","[c]","[c]"
"Leaver Dept.","2022","Rural Payments Agency","Gwynedd","Outside London","AO","[c]","[c]","[c]","[c]"
"Leaver Dept.","2022","Rural Payments Agency","Leeds","Outside London","AO","[c]","[c]","[c]","[c]"
"Leaver Dept.","2022","Rural Payments Agency","Manchester","Outside London","EO","[c]","[c]","[c]","[c]"
"Leaver Dept.","2022","Rural Payments Agency","North Yorkshire CC","Outside London","HEO","[c]","[c]","[c]","[c]"
"Leaver Dept.","2022","Rural Payments Agency","Norwich and East Norfolk","Outside London","SEO","[c]","[c]","[c]","[c]"
"Leaver Dept.","2022","Rural Payments Agency","Nottingham","Outside London","AO","[c]","[c]","[c]","[c]"
"Leaver Dept.","2022","Rural Payments Agency","Nottingham","Outside London","EO","[c]","[c]","[c]","[c]"
"Leaver Dept.","2022","Rural Payments Agency","Nottingham","Outside London","HEO","[c]","[c]","[c]","[c]"
"Leaver Dept.","2022","Rural Payments Agency","Shropshire","Outside London","HEO","[c]","[c]","[c]","[c]"
"Leaver Dept.","2022","Rural Payments Agency","Tyneside","Outside London","AO","5","[c]","[c]","[c]"
"Leaver Dept.","2022","Rural Payments Agency","Tyneside","Outside London","EO","[c]","[c]","[c]","[c]"
"Leaver Dept.","2022","Rural Payments Agency","Tyneside","Outside London","G6","[c]","[c]","[c]","[c]"
"Leaver Dept.","2022","Rural Payments Agency","Tyneside","Outside London","G7","[c]","[c]","[c]","[c]"
"Leaver Dept.","2022","Rural Payments Agency","Tyneside","Outside London","HEO","[c]","[c]","[c]","[c]"
"Leaver Dept.","2022","Rural Payments Agency","Tyneside","Outside London","SEO","[c]","[c]","[c]","[c]"
"Leaver Dept.","2022","Rural Payments Agency","West Cumbria","Outside London","AO","[c]","[c]","[c]","[c]"
"Leaver Dept.","2022","Rural Payments Agency","West Cumbria","Outside London","EO","5","[c]","[c]","[c]"
"Leaver Dept.","2022","Rural Payments Agency","West Cumbria","Outside London","HEO","[c]","[c]","[c]","[c]"
"Leaver Dept.","2022","Rural Payments Agency","West Cumbria","Outside London","SEO","[c]","[c]","[c]","[c]"
"Leaver Dept.","2022","Rural Payments Agency","Worcestershire CC","Outside London","AO","[c]","[c]","[c]","[c]"
"Leaver Dept.","2022","Rural Payments Agency","Worcestershire CC","Outside London","HEO","[c]","[c]","[c]","[c]"
"Leaver Dept.","2022","Rural Payments Agency","York","Outside London","AO","5","[c]","[c]","[c]"
"Leaver Dept.","2022","Rural Payments Agency","York","Outside London","EO","[c]","[c]","[c]","[c]"
"Leaver Dept.","2022","Rural Payments Agency","York","Outside London","HEO","[c]","[c]","[c]","[c]"
"Leaver Dept.","2022","Rural Payments Agency","York","Outside London","SEO","[c]","[c]","[c]","[c]"
"Leaver Dept.","2022","Scottish Courts and Tribunals Service","City of Edinburgh","Outside London","AA","[c]","[c]","[c]","[c]"
"Leaver Dept.","2022","Scottish Courts and Tribunals Service","City of Edinburgh","Outside London","AO","5","[c]","[c]","[c]"
"Leaver Dept.","2022","Scottish Courts and Tribunals Service","City of Edinburgh","Outside London","EO","[c]","[c]","[c]","[c]"
"Leaver Dept.","2022","Scottish Courts and Tribunals Service","City of Edinburgh","Outside London","G7","[c]","[c]","[c]","[c]"
"Leaver Dept.","2022","Scottish Courts and Tribunals Service","City of Edinburgh","Outside London","HEO","[c]","[c]","[c]","[c]"
"Leaver Dept.","2022","Scottish Courts and Tribunals Service","Dumfries and Galloway","Outside London","AO","[c]","[c]","[c]","[c]"
"Leaver Dept.","2022","Scottish Courts and Tribunals Service","East Ayrshire and North Ayrshire mainland","Outside London","AO","[c]","[c]","[c]","[c]"
"Leaver Dept.","2022","Scottish Courts and Tribunals Service","Falkirk","Outside London","EO","[c]","[c]","[c]","[c]"
"Leaver Dept.","2022","Scottish Courts and Tribunals Service","Glasgow City","Outside London","AA","[c]","[c]","[c]","[c]"
"Leaver Dept.","2022","Scottish Courts and Tribunals Service","Glasgow City","Outside London","AO","[c]","[c]","[c]","[c]"
"Leaver Dept.","2022","Scottish Courts and Tribunals Service","Glasgow City","Outside London","EO","[c]","[c]","[c]","[c]"
"Leaver Dept.","2022","Scottish Courts and Tribunals Service","Inverclyde, East Renfrewshire, and Renfrewshire","Outside London","G7","[c]","[c]","[c]","[c]"
"Leaver Dept.","2022","Scottish Courts and Tribunals Service","Inverness and Nairn, Moray, and Badenoch and Strathspey","Outside London","G7","[c]","[c]","[c]","[c]"
"Leaver Dept.","2022","Scottish Courts and Tribunals Service","Inverness and Nairn, Moray, and Badenoch and Strathspey","Outside London","SEO","[c]","[c]","[c]","[c]"
"Leaver Dept.","2022","Scottish Courts and Tribunals Service","South Lanarkshire","Outside London","AO","[c]","[c]","[c]","[c]"
"Leaver Dept.","2022","Scottish Courts and Tribunals Service","South Lanarkshire","Outside London","G7","[c]","[c]","[c]","[c]"
"Leaver Dept.","2022","Scottish Courts and Tribunals Service","South Lanarkshire","Outside London","HEO","[c]","[c]","[c]","[c]"
"Leaver Dept.","2022","Scottish Courts and Tribunals Service","West Lothian","Outside London","AO","[c]","[c]","[c]","[c]"
"Leaver Dept.","2022","Scottish Forestry","City of Edinburgh","Outside London","EO","[c]","[c]","[c]","[c]"
"Leaver Dept.","2022","Scottish Forestry","City of Edinburgh","Outside London","G6","[c]","[c]","[c]","[c]"
"Leaver Dept.","2022","Scottish Forestry","City of Edinburgh","Outside London","SEO","[c]","[c]","[c]","[c]"
"Leaver Dept.","2022","Scottish Forestry","Dumfries and Galloway","Outside London","EO","[c]","[c]","[c]","[c]"
"Leaver Dept.","2022","Scottish Forestry","Perth and Kinross, and Stirling","Outside London","AO","[c]","[c]","[c]","[c]"
"Leaver Dept.","2022","Scottish Forestry","Perth and Kinross, and Stirling","Outside London","EO","[c]","[c]","[c]","[c]"
"Leaver Dept.","2022","Scottish Forestry","Unknown","Unknown","G6","[c]","[c]","[c]","[c]"
"Leaver Dept.","2022","Scottish Government (excl. agencies)","Aberdeen City and Aberdeenshire","Outside London","HEO","[c]","[c]","[c]","[c]"
"Leaver Dept.","2022","Scottish Government (excl. agencies)","City of Edinburgh","Outside London","AA","[c]","[c]","[c]","[c]"
"Leaver Dept.","2022","Scottish Government (excl. agencies)","City of Edinburgh","Outside London","AO","[c]","[c]","[c]","[c]"
"Leaver Dept.","2022","Scottish Government (excl. agencies)","City of Edinburgh","Outside London","EO","[c]","[c]","[c]","[c]"
"Leaver Dept.","2022","Scottish Government (excl. agencies)","City of Edinburgh","Outside London","G6","[c]","[c]","[c]","[c]"
"Leaver Dept.","2022","Scottish Government (excl. agencies)","City of Edinburgh","Outside London","G7","5","[c]","[c]","[c]"
"Leaver Dept.","2022","Scottish Government (excl. agencies)","City of Edinburgh","Outside London","HEO","[c]","[c]","[c]","[c]"
"Leaver Dept.","2022","Scottish Government (excl. agencies)","City of Edinburgh","Outside London","SCS level","[c]","[c]","[c]","[c]"
"Leaver Dept.","2022","Scottish Government (excl. agencies)","City of Edinburgh","Outside London","SEO","5","[c]","[c]","[c]"
"Leaver Dept.","2022","Scottish Government (excl. agencies)","Glasgow City","Outside London","HEO","[c]","[c]","[c]","[c]"
"Leaver Dept.","2022","Scottish Government (excl. agencies)","Glasgow City","Outside London","SEO","5","[c]","[c]","[c]"
"Leaver Dept.","2022","Serious Fraud Office","Westminster","London","EO","5","[c]","[c]","[c]"
"Leaver Dept.","2022","Serious Fraud Office","Westminster","London","G6","5","[c]","[c]","[c]"
"Leaver Dept.","2022","Serious Fraud Office","Westminster","London","G7","10","[c]","[c]","[c]"
"Leaver Dept.","2022","Serious Fraud Office","Westminster","London","HEO","10","[c]","32840","33100"
"Leaver Dept.","2022","Serious Fraud Office","Westminster","London","SEO","10","[c]","41900","40770"
"Leaver Dept.","2022","Social Security Scotland","Angus and Dundee City","Outside London","HEO","[c]","[c]","[c]","[c]"
"Leaver Dept.","2022","Social Security Scotland","Dumfries and Galloway","Outside London","HEO","[c]","[c]","[c]","[c]"
"Leaver Dept.","2022","Social Security Scotland","Glasgow City","Outside London","AA","[c]","[c]","[c]","[c]"
"Leaver Dept.","2022","Social Security Scotland","Glasgow City","Outside London","AO","[c]","[c]","[c]","[c]"
"Leaver Dept.","2022","Social Security Scotland","Glasgow City","Outside London","EO","[c]","[c]","[c]","[c]"
"Leaver Dept.","2022","Social Security Scotland","Glasgow City","Outside London","HEO","[c]","[c]","[c]","[c]"
"Leaver Dept.","2022","Social Security Scotland","Glasgow City","Outside London","SEO","[c]","[c]","[c]","[c]"
"Leaver Dept.","2022","Social Security Scotland","Scottish Borders","Outside London","EO","[c]","[c]","[c]","[c]"
"Leaver Dept.","2022","Standards and Testing Agency","Coventry","Outside London","EO","[c]","[c]","[c]","[c]"
"Leaver Dept.","2022","Standards and Testing Agency","Coventry","Outside London","SCS level","[c]","[c]","[c]","[c]"
"Leaver Dept.","2022","Standards and Testing Agency","Sheffield","Outside London","G6","[c]","[c]","[c]","[c]"
"Leaver Dept.","2022","Standards and Testing Agency","Westminster","London","G7","[c]","[c]","[c]","[c]"
"Leaver Dept.","2022","Student Awards Agency for Scotland","City of Edinburgh","Outside London","AA","[c]","[c]","[c]","[c]"
"Leaver Dept.","2022","Student Awards Agency for Scotland","City of Edinburgh","Outside London","SEO","[c]","[c]","[c]","[c]"
"Leaver Dept.","2022","Submarine Delivery Agency","Bath and North East Somerset, North Somerset and South Gloucestershire","Outside London","Unknown","15","[c]","37170","38660"
"Leaver Dept.","2022","Submarine Delivery Agency","East Dunbartonshire, West Dunbartonshire, and Helensburgh and Lomond","Outside London","HEO","[c]","[c]","[c]","[c]"
"Leaver Dept.","2022","Submarine Delivery Agency","East Dunbartonshire, West Dunbartonshire, and Helensburgh and Lomond","Outside London","Unknown","[c]","[c]","[c]","[c]"
"Leaver Dept.","2022","Submarine Delivery Agency","Plymouth","Outside London","Unknown","[c]","[c]","[c]","[c]"
"Leaver Dept.","2022","Submarine Delivery Agency","West Cumbria","Outside London","Unknown","[c]","[c]","[c]","[c]"
"Leaver Dept.","2022","Teaching Regulation Agency","Coventry","Outside London","AO","[c]","[c]","[c]","[c]"
"Leaver Dept.","2022","Teaching Regulation Agency","Coventry","Outside London","EO","[c]","[c]","[c]","[c]"
"Leaver Dept.","2022","Teaching Regulation Agency","Coventry","Outside London","HEO","[c]","[c]","[c]","[c]"
"Leaver Dept.","2022","The Insolvency Service","Berkshire","Outside London","AO","[c]","[c]","[c]","[c]"
"Leaver Dept.","2022","The Insolvency Service","Birmingham","Outside London","AA","[c]","[c]","[c]","[c]"
"Leaver Dept.","2022","The Insolvency Service","Birmingham","Outside London","AO","10","[c]","[c]","[c]"
"Leaver Dept.","2022","The Insolvency Service","Birmingham","Outside London","EO","[c]","[c]","[c]","[c]"
"Leaver Dept.","2022","The Insolvency Service","Birmingham","Outside London","G7","[c]","[c]","[c]","[c]"
"Leaver Dept.","2022","The Insolvency Service","Birmingham","Outside London","HEO","[c]","[c]","[c]","[c]"
"Leaver Dept.","2022","The Insolvency Service","Birmingham","Outside London","SEO","[c]","[c]","[c]","[c]"
"Leaver Dept.","2022","The Insolvency Service","Blackpool","Outside London","AO","[c]","[c]","[c]","[c]"
"Leaver Dept.","2022","The Insolvency Service","Blackpool","Outside London","EO","[c]","[c]","[c]","[c]"
"Leaver Dept.","2022","The Insolvency Service","Blackpool","Outside London","G6","[c]","[c]","[c]","[c]"
"Leaver Dept.","2022","The Insolvency Service","Blackpool","Outside London","G7","[c]","[c]","[c]","[c]"
"Leaver Dept.","2022","The Insolvency Service","Blackpool","Outside London","SEO","[c]","[c]","[c]","[c]"
"Leaver Dept.","2022","The Insolvency Service","Cambridgeshire CC","Outside London","HEO","[c]","[c]","[c]","[c]"
"Leaver Dept.","2022","The Insolvency Service","Cardiff and Vale of Glamorgan","Outside London","AO","[c]","[c]","[c]","[c]"
"Leaver Dept.","2022","The Insolvency Service","Cardiff and Vale of Glamorgan","Outside London","EO","[c]","[c]","[c]","[c]"
"Leaver Dept.","2022","The Insolvency Service","Cardiff and Vale of Glamorgan","Outside London","HEO","[c]","[c]","[c]","[c]"
"Leaver Dept.","2022","The Insolvency Service","Cardiff and Vale of Glamorgan","Outside London","SEO","[c]","[c]","[c]","[c]"
"Leaver Dept.","2022","The Insolvency Service","City of Edinburgh","Outside London","AO","5","[c]","[c]","[c]"
"Leaver Dept.","2022","The Insolvency Service","City of Edinburgh","Outside London","EO","[c]","[c]","[c]","[c]"
"Leaver Dept.","2022","The Insolvency Service","Croydon","London","HEO","[c]","[c]","[c]","[c]"
"Leaver Dept.","2022","The Insolvency Service","Devon CC","Outside London","AO","[c]","[c]","[c]","[c]"
"Leaver Dept.","2022","The Insolvency Service","Devon CC","Outside London","G7","[c]","[c]","[c]","[c]"
"Leaver Dept.","2022","The Insolvency Service","Devon CC","Outside London","SEO","[c]","[c]","[c]","[c]"
"Leaver Dept.","2022","The Insolvency Service","Hackney and Newham","London","AO","[c]","[c]","[c]","[c]"
"Leaver Dept.","2022","The Insolvency Service","Hackney and Newham","London","EO","[c]","[c]","[c]","[c]"
"Leaver Dept.","2022","The Insolvency Service","Hackney and Newham","London","G6","[c]","[c]","[c]","[c]"
"Leaver Dept.","2022","The Insolvency Service","Hackney and Newham","London","G7","[c]","[c]","[c]","[c]"
"Leaver Dept.","2022","The Insolvency Service","Hackney and Newham","London","HEO","[c]","[c]","[c]","[c]"
"Leaver Dept.","2022","The Insolvency Service","Hackney and Newham","London","SEO","[c]","[c]","[c]","[c]"
"Leaver Dept.","2022","The Insolvency Service","Leeds","Outside London","AO","[c]","[c]","[c]","[c]"
"Leaver Dept.","2022","The Insolvency Service","Leeds","Outside London","HEO","[c]","[c]","[c]","[c]"
"Leaver Dept.","2022","The Insolvency Service","Manchester","Outside London","AO","[c]","[c]","[c]","[c]"
"Leaver Dept.","2022","The Insolvency Service","Manchester","Outside London","EO","[c]","[c]","[c]","[c]"
"Leaver Dept.","2022","The Insolvency Service","Manchester","Outside London","HEO","[c]","[c]","[c]","[c]"
"Leaver Dept.","2022","The Insolvency Service","Manchester","Outside London","SEO","[c]","[c]","[c]","[c]"
"Leaver Dept.","2022","The Insolvency Service","Medway","Outside London","AO","[c]","[c]","[c]","[c]"
"Leaver Dept.","2022","The Insolvency Service","Medway","Outside London","EO","[c]","[c]","[c]","[c]"
"Leaver Dept.","2022","The Insolvency Service","Nottingham","Outside London","AO","[c]","[c]","[c]","[c]"
"Leaver Dept.","2022","The Insolvency Service","Nottingham","Outside London","HEO","[c]","[c]","[c]","[c]"
"Leaver Dept.","2022","The Insolvency Service","Nottingham","Outside London","SEO","[c]","[c]","[c]","[c]"
"Leaver Dept.","2022","The Insolvency Service","Plymouth","Outside London","AO","[c]","[c]","[c]","[c]"
"Leaver Dept.","2022","The Insolvency Service","Plymouth","Outside London","EO","[c]","[c]","[c]","[c]"
"Leaver Dept.","2022","The Insolvency Service","Tyneside","Outside London","AO","[c]","[c]","[c]","[c]"
"Leaver Dept.","2022","The Insolvency Service","Tyneside","Outside London","EO","[c]","[c]","[c]","[c]"
"Leaver Dept.","2022","The Insolvency Service","Tyneside","Outside London","G7","[c]","[c]","[c]","[c]"
"Leaver Dept.","2022","The Insolvency Service","Tyneside","Outside London","SEO","[c]","[c]","[c]","[c]"
"Leaver Dept.","2022","The Insolvency Service","Wirral","Outside London","AO","[c]","[c]","[c]","[c]"
"Leaver Dept.","2022","The Insolvency Service","Wirral","Outside London","G7","[c]","[c]","[c]","[c]"
"Leaver Dept.","2022","The Insolvency Service","Wirral","Outside London","HEO","[c]","[c]","[c]","[c]"
"Leaver Dept.","2022","The National Archives","Hounslow and Richmond upon Thames","London","EO","[c]","[c]","[c]","[c]"
"Leaver Dept.","2022","The National Archives","Hounslow and Richmond upon Thames","London","HEO","[c]","[c]","[c]","[c]"
"Leaver Dept.","2022","The National Archives","Hounslow and Richmond upon Thames","London","SEO","[c]","[c]","[c]","[c]"
"Leaver Dept.","2022","Transport Scotland","City of Edinburgh","Outside London","HEO","[c]","[c]","[c]","[c]"
"Leaver Dept.","2022","Transport Scotland","Glasgow City","Outside London","G7","[c]","[c]","[c]","[c]"
"Leaver Dept.","2022","Transport Scotland","Glasgow City","Outside London","HEO","[c]","[c]","[c]","[c]"
"Leaver Dept.","2022","UK Export Finance","Westminster","London","EO","[c]","[c]","[c]","[c]"
"Leaver Dept.","2022","UK Export Finance","Westminster","London","G7","[c]","[c]","[c]","[c]"
"Leaver Dept.","2022","UK Export Finance","Westminster","London","HEO","5","[c]","[c]","[c]"
"Leaver Dept.","2022","UK Export Finance","Westminster","London","SEO","5","[c]","[c]","[c]"
"Leaver Dept.","2022","UK Health Security Agency","Barnet","London","HEO","[c]","[c]","[c]","[c]"
"Leaver Dept.","2022","UK Health Security Agency","Birmingham","Outside London","G7","[c]","[c]","[c]","[c]"
"Leaver Dept.","2022","UK Health Security Agency","Cambridgeshire CC","Outside London","G6","[c]","[c]","[c]","[c]"
"Leaver Dept.","2022","UK Health Security Agency","Lambeth","London","AO","[c]","[c]","[c]","[c]"
"Leaver Dept.","2022","UK Health Security Agency","Lambeth","London","EO","[c]","[c]","[c]","[c]"
"Leaver Dept.","2022","UK Health Security Agency","Lambeth","London","G6","[c]","[c]","[c]","[c]"
"Leaver Dept.","2022","UK Health Security Agency","Lambeth","London","G7","[c]","[c]","[c]","[c]"
"Leaver Dept.","2022","UK Health Security Agency","Lambeth","London","HEO","[c]","[c]","[c]","[c]"
"Leaver Dept.","2022","UK Health Security Agency","Lambeth","London","SEO","[c]","[c]","[c]","[c]"
"Leaver Dept.","2022","UK Health Security Agency","Westminster","London","EO","5","[c]","[c]","[c]"
"Leaver Dept.","2022","UK Health Security Agency","Westminster","London","G6","[c]","[c]","[c]","[c]"
"Leaver Dept.","2022","UK Health Security Agency","Westminster","London","G7","5","[c]","[c]","[c]"
"Leaver Dept.","2022","UK Health Security Agency","Westminster","London","HEO","[c]","[c]","[c]","[c]"
"Leaver Dept.","2022","UK Health Security Agency","Westminster","London","SEO","5","[c]","[c]","[c]"
"Leaver Dept.","2022","UK Health Security Agency","Westminster","London","Unknown","[c]","[c]","[c]","[c]"
"Leaver Dept.","2022","UK Health Security Agency","Wiltshire","Outside London","G7","[c]","[c]","[c]","[c]"
"Leaver Dept.","2022","UK Health Security Agency","Wiltshire","Outside London","HEO","[c]","[c]","[c]","[c]"
"Leaver Dept.","2022","UK Hydrographic Office","Somerset CC","Outside London","HEO","[c]","[c]","[c]","[c]"
"Leaver Dept.","2022","UK Hydrographic Office","Somerset CC","Outside London","SEO","[c]","[c]","[c]","[c]"
"Leaver Dept.","2022","UK Statistics Authority","City of Edinburgh","Outside London","SEO","[c]","[c]","[c]","[c]"
"Leaver Dept.","2022","UK Statistics Authority","Monmouthshire and Newport","Outside London","AO","10","[c]","[c]","[c]"
"Leaver Dept.","2022","UK Statistics Authority","Monmouthshire and Newport","Outside London","EO","15","[c]","24320","23630"
"Leaver Dept.","2022","UK Statistics Authority","Monmouthshire and Newport","Outside London","G6","[c]","[c]","[c]","[c]"
"Leaver Dept.","2022","UK Statistics Authority","Monmouthshire and Newport","Outside London","G7","20","[c]","51300","50210"
"Leaver Dept.","2022","UK Statistics Authority","Monmouthshire and Newport","Outside London","HEO","35","[c]","30530","29540"
"Leaver Dept.","2022","UK Statistics Authority","Monmouthshire and Newport","Outside London","SEO","25","[c]","37430","36900"
"Leaver Dept.","2022","UK Statistics Authority","South Hampshire","Outside London","AA","10","[c]","21260","20100"
"Leaver Dept.","2022","UK Statistics Authority","South Hampshire","Outside London","AO","5","[c]","[c]","[c]"
"Leaver Dept.","2022","UK Statistics Authority","South Hampshire","Outside London","EO","15","[c]","23880","23630"
"Leaver Dept.","2022","UK Statistics Authority","South Hampshire","Outside London","G7","5","[c]","[c]","[c]"
"Leaver Dept.","2022","UK Statistics Authority","South Hampshire","Outside London","HEO","25","[c]","30030","30210"
"Leaver Dept.","2022","UK Statistics Authority","South Hampshire","Outside London","SCS level","[c]","[c]","[c]","[c]"
"Leaver Dept.","2022","UK Statistics Authority","South Hampshire","Outside London","SEO","10","[c]","37720","36840"
"Leaver Dept.","2022","UK Statistics Authority","South Lanarkshire","Outside London","G6","[c]","[c]","[c]","[c]"
"Leaver Dept.","2022","UK Statistics Authority","South Lanarkshire","Outside London","SEO","[c]","[c]","[c]","[c]"
"Leaver Dept.","2022","UK Statistics Authority","Westminster","London","AO","[c]","[c]","[c]","[c]"
"Leaver Dept.","2022","UK Statistics Authority","Westminster","London","EO","[c]","[c]","[c]","[c]"
"Leaver Dept.","2022","UK Statistics Authority","Westminster","London","G6","[c]","[c]","[c]","[c]"
"Leaver Dept.","2022","UK Statistics Authority","Westminster","London","G7","10","[c]","[c]","[c]"
"Leaver Dept.","2022","UK Statistics Authority","Westminster","London","HEO","25","[c]","32230","32540"
"Leaver Dept.","2022","UK Statistics Authority","Westminster","London","SCS level","[c]","[c]","[c]","[c]"
"Leaver Dept.","2022","UK Statistics Authority","Westminster","London","SEO","10","[c]","[c]","[c]"
"Leaver Dept.","2022","Valuation Office Agency","Birmingham","Outside London","EO","[c]","[c]","[c]","[c]"
"Leaver Dept.","2022","Valuation Office Agency","Birmingham","Outside London","G7","[c]","[c]","[c]","[c]"
"Leaver Dept.","2022","Valuation Office Agency","Bristol, City of","Outside London","EO","[c]","[c]","[c]","[c]"
"Leaver Dept.","2022","Valuation Office Agency","Calderdale and Kirklees","Outside London","AO","[c]","[c]","[c]","[c]"
"Leaver Dept.","2022","Valuation Office Agency","Calderdale and Kirklees","Outside London","EO","[c]","[c]","[c]","[c]"
"Leaver Dept.","2022","Valuation Office Agency","Cambridgeshire CC","Outside London","EO","[c]","[c]","[c]","[c]"
"Leaver Dept.","2022","Valuation Office Agency","Cardiff and Vale of Glamorgan","Outside London","AO","[c]","[c]","[c]","[c]"
"Leaver Dept.","2022","Valuation Office Agency","Croydon","London","HEO","[c]","[c]","[c]","[c]"
"Leaver Dept.","2022","Valuation Office Agency","Durham","Outside London","AO","10","[c]","21830","22010"
"Leaver Dept.","2022","Valuation Office Agency","Durham","Outside London","HEO","[c]","[c]","[c]","[c]"
"Leaver Dept.","2022","Valuation Office Agency","Essex Haven Gateway","Outside London","EO","[c]","[c]","[c]","[c]"
"Leaver Dept.","2022","Valuation Office Agency","Kingston upon Hull, City of","Outside London","G7","[c]","[c]","[c]","[c]"
"Leaver Dept.","2022","Valuation Office Agency","Lancaster and Wyre","Outside London","G6","[c]","[c]","[c]","[c]"
"Leaver Dept.","2022","Valuation Office Agency","Leeds","Outside London","AO","[c]","[c]","[c]","[c]"
"Leaver Dept.","2022","Valuation Office Agency","Leeds","Outside London","HEO","[c]","[c]","[c]","[c]"
"Leaver Dept.","2022","Valuation Office Agency","Manchester","Outside London","EO","[c]","[c]","[c]","[c]"
"Leaver Dept.","2022","Valuation Office Agency","Manchester","Outside London","G7","[c]","[c]","[c]","[c]"
"Leaver Dept.","2022","Valuation Office Agency","Manchester","Outside London","HEO","[c]","[c]","[c]","[c]"
"Leaver Dept.","2022","Valuation Office Agency","Plymouth","Outside London","AO","10","[c]","[c]","[c]"
"Leaver Dept.","2022","Valuation Office Agency","Plymouth","Outside London","EO","[c]","[c]","[c]","[c]"
"Leaver Dept.","2022","Valuation Office Agency","Tower Hamlets","London","G6","[c]","[c]","[c]","[c]"
"Leaver Dept.","2022","Valuation Office Agency","Tower Hamlets","London","G7","[c]","[c]","[c]","[c]"
"Leaver Dept.","2022","Valuation Office Agency","Tower Hamlets","London","HEO","5","[c]","[c]","[c]"
"Leaver Dept.","2022","Valuation Office Agency","Tower Hamlets","London","SCS level","[c]","[c]","[c]","[c]"
"Leaver Dept.","2022","Valuation Office Agency","Tyneside","Outside London","AO","[c]","[c]","[c]","[c]"
"Leaver Dept.","2022","Valuation Office Agency","Tyneside","Outside London","HEO","[c]","[c]","[c]","[c]"
"Leaver Dept.","2022","Valuation Office Agency","Tyneside","Outside London","SEO","[c]","[c]","[c]","[c]"
"Leaver Dept.","2022","Valuation Office Agency","West Kent","Outside London","HEO","[c]","[c]","[c]","[c]"
"Leaver Dept.","2022","Valuation Office Agency","West Sussex (South West)","Outside London","EO","[c]","[c]","[c]","[c]"
"Leaver Dept.","2022","Vehicle Certification Agency","Bristol, City of","Outside London","AO","[c]","[c]","[c]","[c]"
"Leaver Dept.","2022","Vehicle Certification Agency","Bristol, City of","Outside London","EO","[c]","[c]","[c]","[c]"
"Leaver Dept.","2022","Vehicle Certification Agency","Bristol, City of","Outside London","G7","[c]","[c]","[c]","[c]"
"Leaver Dept.","2022","Vehicle Certification Agency","Bristol, City of","Outside London","HEO","[c]","[c]","[c]","[c]"
"Leaver Dept.","2022","Vehicle Certification Agency","East Surrey","Outside London","HEO","[c]","[c]","[c]","[c]"
"Leaver Dept.","2022","Vehicle Certification Agency","Leicestershire CC and Rutland","Outside London","AO","[c]","[c]","[c]","[c]"
"Leaver Dept.","2022","Veterinary Medicines Directorate","West Surrey","Outside London","AO","[c]","[c]","[c]","[c]"
"Leaver Dept.","2022","Veterinary Medicines Directorate","West Surrey","Outside London","EO","[c]","[c]","[c]","[c]"
"Leaver Dept.","2022","Veterinary Medicines Directorate","West Surrey","Outside London","G7","[c]","[c]","[c]","[c]"
"Leaver Dept.","2022","Water Services Regulation Authority","Birmingham","Outside London","G6","[c]","[c]","[c]","[c]"
"Leaver Dept.","2022","Water Services Regulation Authority","Birmingham","Outside London","HEO","[c]","[c]","[c]","[c]"
"Leaver Dept.","2022","Welsh Government (excl. agencies)","Cardiff and Vale of Glamorgan","Outside London","AO","5","[c]","[c]","[c]"
"Leaver Dept.","2022","Welsh Government (excl. agencies)","Cardiff and Vale of Glamorgan","Outside London","EO","10","[c]","27450","27400"
"Leaver Dept.","2022","Welsh Government (excl. agencies)","Cardiff and Vale of Glamorgan","Outside London","G7","5","[c]","[c]","[c]"
"Leaver Dept.","2022","Welsh Government (excl. agencies)","Cardiff and Vale of Glamorgan","Outside London","HEO","10","[c]","[c]","[c]"
"Leaver Dept.","2022","Welsh Government (excl. agencies)","Cardiff and Vale of Glamorgan","Outside London","SCS level","[c]","[c]","[c]","[c]"
"Leaver Dept.","2022","Welsh Government (excl. agencies)","Cardiff and Vale of Glamorgan","Outside London","SEO","5","[c]","[c]","[c]"
"Leaver Dept.","2022","Welsh Government (excl. agencies)","Central Valleys","Outside London","AO","[c]","[c]","[c]","[c]"
"Leaver Dept.","2022","Welsh Government (excl. agencies)","Central Valleys","Outside London","EO","[c]","[c]","[c]","[c]"
"Leaver Dept.","2022","Welsh Government (excl. agencies)","Central Valleys","Outside London","HEO","[c]","[c]","[c]","[c]"
"Leaver Dept.","2022","Welsh Government (excl. agencies)","Central Valleys","Outside London","SEO","[c]","[c]","[c]","[c]"
"Leaver Dept.","2022","Welsh Government (excl. agencies)","Conwy and Denbighshire","Outside London","SCS level","[c]","[c]","[c]","[c]"
"Leaver Dept.","2022","Welsh Government (excl. agencies)","Gwent Valleys","Outside London","SEO","[c]","[c]","[c]","[c]"
"Leaver Dept.","2022","Welsh Government (excl. agencies)","South West Wales","Outside London","AO","[c]","[c]","[c]","[c]"
"Leaver Dept.","2022","Welsh Government (excl. agencies)","South West Wales","Outside London","G6","[c]","[c]","[c]","[c]"
"Leaver Dept.","2022","Welsh Government (excl. agencies)","South West Wales","Outside London","G7","[c]","[c]","[c]","[c]"
"Leaver Dept.","2022","Welsh Government (excl. agencies)","South West Wales","Outside London","HEO","[c]","[c]","[c]","[c]"
"Leaver Dept.","2022","Welsh Government (excl. agencies)","Swansea","Outside London","SEO","[c]","[c]","[c]","[c]"
"Leaver Dept.","2022","Welsh Revenue Authority","Cardiff and Vale of Glamorgan","Outside London","G7","[c]","[c]","[c]","[c]"
"Leaver Dept.","2022","Welsh Revenue Authority","Cardiff and Vale of Glamorgan","Outside London","SEO","[c]","[c]","[c]","[c]"
"Leaver Dept.","2022","Welsh Revenue Authority","Central Valleys","Outside London","AO","[c]","[c]","[c]","[c]"
"Leaver Dept.","2022","Welsh Revenue Authority","Central Valleys","Outside London","EO","[c]","[c]","[c]","[c]"
"Leaver Dept.","2022","Welsh Revenue Authority","Central Valleys","Outside London","G7","[c]","[c]","[c]","[c]"
"Leaver Dept.","2022","Welsh Revenue Authority","Central Valleys","Outside London","SEO","[c]","[c]","[c]","[c]"
"Leaver Dept.","2022","Wilton Park","West Sussex (North East)","Outside London","HEO","[c]","[c]","[c]","[c]"
"Leaver Dept.","2022","Wilton Park","West Sussex (North East)","Outside London","SEO","[c]","[c]","[c]","[c]"
"New entrant CS","2022","Accountant in Bankruptcy","East Ayrshire and North Ayrshire mainland","Outside London","AA","[c]","[c]","[c]","[c]"
"New entrant CS","2022","Accountant in Bankruptcy","East Ayrshire and North Ayrshire mainland","Outside London","EO","5","[c]","[c]","[c]"
"New entrant CS","2022","Advisory, Conciliation and Arbitration Service","Birmingham","Outside London","EO","[c]","[c]","[c]","[c]"
"New entrant CS","2022","Advisory, Conciliation and Arbitration Service","Birmingham","Outside London","HEO","[c]","[c]","[c]","[c]"
"New entrant CS","2022","Advisory, Conciliation and Arbitration Service","Birmingham","Outside London","SEO","[c]","[c]","[c]","[c]"
"New entrant CS","2022","Advisory, Conciliation and Arbitration Service","Cardiff and Vale of Glamorgan","Outside London","EO","[c]","[c]","[c]","[c]"
"New entrant CS","2022","Advisory, Conciliation and Arbitration Service","Cardiff and Vale of Glamorgan","Outside London","HEO","[c]","[c]","[c]","[c]"
"New entrant CS","2022","Advisory, Conciliation and Arbitration Service","Glasgow City","Outside London","HEO","[c]","[c]","[c]","[c]"
"New entrant CS","2022","Advisory, Conciliation and Arbitration Service","Leeds","Outside London","AO","[c]","[c]","[c]","[c]"
"New entrant CS","2022","Advisory, Conciliation and Arbitration Service","Leeds","Outside London","EO","[c]","[c]","[c]","[c]"
"New entrant CS","2022","Advisory, Conciliation and Arbitration Service","Manchester","Outside London","AO","[c]","[c]","[c]","[c]"
"New entrant CS","2022","Advisory, Conciliation and Arbitration Service","Manchester","Outside London","EO","[c]","[c]","[c]","[c]"
"New entrant CS","2022","Advisory, Conciliation and Arbitration Service","Manchester","Outside London","HEO","[c]","[c]","[c]","[c]"
"New entrant CS","2022","Advisory, Conciliation and Arbitration Service","North Hampshire","Outside London","SEO","[c]","[c]","[c]","[c]"
"New entrant CS","2022","Advisory, Conciliation and Arbitration Service","Nottingham","Outside London","AO","[c]","[c]","[c]","[c]"
"New entrant CS","2022","Advisory, Conciliation and Arbitration Service","Nottingham","Outside London","EO","10","[c]","[c]","[c]"
"New entrant CS","2022","Advisory, Conciliation and Arbitration Service","Nottingham","Outside London","HEO","[c]","[c]","[c]","[c]"
"New entrant CS","2022","Advisory, Conciliation and Arbitration Service","Tyneside","Outside London","EO","15","[c]","24250","24250"
"New entrant CS","2022","Advisory, Conciliation and Arbitration Service","Tyneside","Outside London","HEO","[c]","[c]","[c]","[c]"
"New entrant CS","2022","Advisory, Conciliation and Arbitration Service","Westminster","London","AO","[c]","[c]","[c]","[c]"
"New entrant CS","2022","Advisory, Conciliation and Arbitration Service","Westminster","London","EO","5","[c]","[c]","[c]"
"New entrant CS","2022","Advisory, Conciliation and Arbitration Service","Westminster","London","HEO","[c]","[c]","[c]","[c]"
"New entrant CS","2022","Advisory, Conciliation and Arbitration Service","Westminster","London","SEO","[c]","[c]","[c]","[c]"
"New entrant CS","2022","Animal and Plant Health Agency","Aberdeen City and Aberdeenshire","Outside London","AO","[c]","[c]","[c]","[c]"
"New entrant CS","2022","Animal and Plant Health Agency","Bristol, City of","Outside London","AO","15","[c]","21500","21300"
"New entrant CS","2022","Animal and Plant Health Agency","Bristol, City of","Outside London","HEO","[c]","[c]","[c]","[c]"
"New entrant CS","2022","Animal and Plant Health Agency","Cambridgeshire CC","Outside London","EO","[c]","[c]","[c]","[c]"
"New entrant CS","2022","Animal and Plant Health Agency","Cambridgeshire CC","Outside London","SEO","[c]","[c]","[c]","[c]"
"New entrant CS","2022","Animal and Plant Health Agency","Cardiff and Vale of Glamorgan","Outside London","AO","10","[c]","21060","21300"
"New entrant CS","2022","Animal and Plant Health Agency","Cardiff and Vale of Glamorgan","Outside London","EO","[c]","[c]","[c]","[c]"
"New entrant CS","2022","Animal and Plant Health Agency","Central Hampshire","Outside London","EO","10","[c]","[c]","[c]"
"New entrant CS","2022","Animal and Plant Health Agency","Central Hampshire","Outside London","HEO","[c]","[c]","[c]","[c]"
"New entrant CS","2022","Animal and Plant Health Agency","Cheshire East","Outside London","EO","[c]","[c]","[c]","[c]"
"New entrant CS","2022","Animal and Plant Health Agency","Cheshire East","Outside London","SEO","[c]","[c]","[c]","[c]"
"New entrant CS","2022","Animal and Plant Health Agency","Cornwall and Isles of Scilly","Outside London","EO","[c]","[c]","[c]","[c]"
"New entrant CS","2022","Animal and Plant Health Agency","Cornwall and Isles of Scilly","Outside London","HEO","[c]","[c]","[c]","[c]"
"New entrant CS","2022","Animal and Plant Health Agency","Cornwall and Isles of Scilly","Outside London","SEO","[c]","[c]","[c]","[c]"
"New entrant CS","2022","Animal and Plant Health Agency","Devon CC","Outside London","AO","15","[c]","21300","21300"
"New entrant CS","2022","Animal and Plant Health Agency","Devon CC","Outside London","EO","[c]","[c]","[c]","[c]"
"New entrant CS","2022","Animal and Plant Health Agency","Devon CC","Outside London","SEO","[c]","[c]","[c]","[c]"
"New entrant CS","2022","Animal and Plant Health Agency","Dorset","Outside London","SEO","[c]","[c]","[c]","[c]"
"New entrant CS","2022","Animal and Plant Health Agency","East Cumbria","Outside London","AO","25","[c]","21500","21300"
"New entrant CS","2022","Animal and Plant Health Agency","East Cumbria","Outside London","EO","[c]","[c]","[c]","[c]"
"New entrant CS","2022","Animal and Plant Health Agency","East Cumbria","Outside London","HEO","[c]","[c]","[c]","[c]"
"New entrant CS","2022","Animal and Plant Health Agency","East Kent","Outside London","EO","[c]","[c]","[c]","[c]"
"New entrant CS","2022","Animal and Plant Health Agency","East Kent","Outside London","SEO","[c]","[c]","[c]","[c]"
"New entrant CS","2022","Animal and Plant Health Agency","East Lothian and Midlothian","Outside London","SEO","[c]","[c]","[c]","[c]"
"New entrant CS","2022","Animal and Plant Health Agency","East Riding of Yorkshire","Outside London","EO","10","[c]","[c]","[c]"
"New entrant CS","2022","Animal and Plant Health Agency","Gloucestershire CC","Outside London","EO","5","[c]","[c]","[c]"
"New entrant CS","2022","Animal and Plant Health Agency","Gloucestershire CC","Outside London","HEO","[c]","[c]","[c]","[c]"
"New entrant CS","2022","Animal and Plant Health Agency","Gloucestershire CC","Outside London","SEO","[c]","[c]","[c]","[c]"
"New entrant CS","2022","Animal and Plant Health Agency","Gwynedd","Outside London","AO","[c]","[c]","[c]","[c]"
"New entrant CS","2022","Animal and Plant Health Agency","Gwynedd","Outside London","EO","[c]","[c]","[c]","[c]"
"New entrant CS","2022","Animal and Plant Health Agency","Gwynedd","Outside London","SEO","[c]","[c]","[c]","[c]"
"New entrant CS","2022","Animal and Plant Health Agency","Harrow and Hillingdon","London","AO","[c]","[c]","[c]","[c]"
"New entrant CS","2022","Animal and Plant Health Agency","Harrow and Hillingdon","London","EO","[c]","[c]","[c]","[c]"
"New entrant CS","2022","Animal and Plant Health Agency","Heart of Essex","Outside London","EO","5","[c]","[c]","[c]"
"New entrant CS","2022","Animal and Plant Health Agency","Heart of Essex","Outside London","HEO","[c]","[c]","[c]","[c]"
"New entrant CS","2022","Animal and Plant Health Agency","Hertfordshire CC","Outside London","HEO","[c]","[c]","[c]","[c]"
"New entrant CS","2022","Animal and Plant Health Agency","Hounslow and Richmond upon Thames","London","EO","5","[c]","[c]","[c]"
"New entrant CS","2022","Animal and Plant Health Agency","Hounslow and Richmond upon Thames","London","SEO","[c]","[c]","[c]","[c]"
"New entrant CS","2022","Animal and Plant Health Agency","Inverness and Nairn, Moray, and Badenoch and Strathspey","Outside London","EO","[c]","[c]","[c]","[c]"
"New entrant CS","2022","Animal and Plant Health Agency","Inverness and Nairn, Moray, and Badenoch and Strathspey","Outside London","SEO","[c]","[c]","[c]","[c]"
"New entrant CS","2022","Animal and Plant Health Agency","Leicestershire CC and Rutland","Outside London","AO","[c]","[c]","[c]","[c]"
"New entrant CS","2022","Animal and Plant Health Agency","Leicestershire CC and Rutland","Outside London","EO","[c]","[c]","[c]","[c]"
"New entrant CS","2022","Animal and Plant Health Agency","Leicestershire CC and Rutland","Outside London","SEO","[c]","[c]","[c]","[c]"
"New entrant CS","2022","Animal and Plant Health Agency","Lincolnshire CC","Outside London","EO","[c]","[c]","[c]","[c]"
"New entrant CS","2022","Animal and Plant Health Agency","Lincolnshire CC","Outside London","HEO","[c]","[c]","[c]","[c]"
"New entrant CS","2022","Animal and Plant Health Agency","Lincolnshire CC","Outside London","SEO","[c]","[c]","[c]","[c]"
"New entrant CS","2022","Animal and Plant Health Agency","Manchester","Outside London","G6","[c]","[c]","[c]","[c]"
"New entrant CS","2022","Animal and Plant Health Agency","Mid Kent","Outside London","EO","5","[c]","[c]","[c]"
"New entrant CS","2022","Animal and Plant Health Agency","Mid Lancashire","Outside London","AO","15","[c]","21300","21300"
"New entrant CS","2022","Animal and Plant Health Agency","Mid Lancashire","Outside London","EO","10","[c]","24920","24920"
"New entrant CS","2022","Animal and Plant Health Agency","Mid Lancashire","Outside London","HEO","[c]","[c]","[c]","[c]"
"New entrant CS","2022","Animal and Plant Health Agency","Mid Lancashire","Outside London","SEO","[c]","[c]","[c]","[c]"
"New entrant CS","2022","Animal and Plant Health Agency","North and West Norfolk","Outside London","EO","[c]","[c]","[c]","[c]"
"New entrant CS","2022","Animal and Plant Health Agency","North Yorkshire CC","Outside London","AO","5","[c]","[c]","[c]"
"New entrant CS","2022","Animal and Plant Health Agency","North Yorkshire CC","Outside London","EO","5","[c]","[c]","[c]"
"New entrant CS","2022","Animal and Plant Health Agency","North Yorkshire CC","Outside London","G7","[c]","[c]","[c]","[c]"
"New entrant CS","2022","Animal and Plant Health Agency","North Yorkshire CC","Outside London","HEO","5","[c]","[c]","[c]"
"New entrant CS","2022","Animal and Plant Health Agency","North Yorkshire CC","Outside London","SEO","[c]","[c]","[c]","[c]"
"New entrant CS","2022","Animal and Plant Health Agency","Norwich and East Norfolk","Outside London","EO","[c]","[c]","[c]","[c]"
"New entrant CS","2022","Animal and Plant Health Agency","Nottingham","Outside London","EO","[c]","[c]","[c]","[c]"
"New entrant CS","2022","Animal and Plant Health Agency","Oxfordshire CC","Outside London","EO","[c]","[c]","[c]","[c]"
"New entrant CS","2022","Animal and Plant Health Agency","Perth and Kinross, and Stirling","Outside London","AO","[c]","[c]","[c]","[c]"
"New entrant CS","2022","Animal and Plant Health Agency","Perth and Kinross, and Stirling","Outside London","EO","[c]","[c]","[c]","[c]"
"New entrant CS","2022","Animal and Plant Health Agency","Perth and Kinross, and Stirling","Outside London","G6","[c]","[c]","[c]","[c]"
"New entrant CS","2022","Animal and Plant Health Agency","Powys","Outside London","EO","[c]","[c]","[c]","[c]"
"New entrant CS","2022","Animal and Plant Health Agency","Redbridge and Waltham Forest","London","EO","[c]","[c]","[c]","[c]"
"New entrant CS","2022","Animal and Plant Health Agency","Scottish Borders","Outside London","AO","[c]","[c]","[c]","[c]"
"New entrant CS","2022","Animal and Plant Health Agency","Scottish Borders","Outside London","EO","[c]","[c]","[c]","[c]"
"New entrant CS","2022","Animal and Plant Health Agency","Shropshire","Outside London","EO","[c]","[c]","[c]","[c]"
"New entrant CS","2022","Animal and Plant Health Agency","Shropshire","Outside London","HEO","[c]","[c]","[c]","[c]"
"New entrant CS","2022","Animal and Plant Health Agency","Shropshire","Outside London","SEO","[c]","[c]","[c]","[c]"
"New entrant CS","2022","Animal and Plant Health Agency","Somerset CC","Outside London","EO","[c]","[c]","[c]","[c]"
"New entrant CS","2022","Animal and Plant Health Agency","Somerset CC","Outside London","SEO","[c]","[c]","[c]","[c]"
"New entrant CS","2022","Animal and Plant Health Agency","South and West Derbyshire","Outside London","EO","[c]","[c]","[c]","[c]"
"New entrant CS","2022","Animal and Plant Health Agency","South Ayrshire","Outside London","AO","5","[c]","[c]","[c]"
"New entrant CS","2022","Animal and Plant Health Agency","South Ayrshire","Outside London","EO","[c]","[c]","[c]","[c]"
"New entrant CS","2022","Animal and Plant Health Agency","South Lanarkshire","Outside London","EO","[c]","[c]","[c]","[c]"
"New entrant CS","2022","Animal and Plant Health Agency","South Nottinghamshire","Outside London","AO","[c]","[c]","[c]","[c]"
"New entrant CS","2022","Animal and Plant Health Agency","South Nottinghamshire","Outside London","HEO","[c]","[c]","[c]","[c]"
"New entrant CS","2022","Animal and Plant Health Agency","South West Wales","Outside London","AO","15","[c]","21300","21300"
"New entrant CS","2022","Animal and Plant Health Agency","South West Wales","Outside London","EO","[c]","[c]","[c]","[c]"
"New entrant CS","2022","Animal and Plant Health Agency","South West Wales","Outside London","SEO","5","[c]","[c]","[c]"
"New entrant CS","2022","Animal and Plant Health Agency","Staffordshire CC","Outside London","AO","10","[c]","21300","21300"
"New entrant CS","2022","Animal and Plant Health Agency","Staffordshire CC","Outside London","EO","[c]","[c]","[c]","[c]"
"New entrant CS","2022","Animal and Plant Health Agency","Staffordshire CC","Outside London","HEO","[c]","[c]","[c]","[c]"
"New entrant CS","2022","Animal and Plant Health Agency","Suffolk CC","Outside London","AO","[c]","[c]","[c]","[c]"
"New entrant CS","2022","Animal and Plant Health Agency","Suffolk CC","Outside London","EO","[c]","[c]","[c]","[c]"
"New entrant CS","2022","Animal and Plant Health Agency","Suffolk CC","Outside London","SEO","[c]","[c]","[c]","[c]"
"New entrant CS","2022","Animal and Plant Health Agency","Telford and Wrekin","Outside London","HEO","[c]","[c]","[c]","[c]"
"New entrant CS","2022","Animal and Plant Health Agency","Tyneside","Outside London","AO","[c]","[c]","[c]","[c]"
"New entrant CS","2022","Animal and Plant Health Agency","Tyneside","Outside London","EO","5","[c]","[c]","[c]"
"New entrant CS","2022","Animal and Plant Health Agency","Tyneside","Outside London","HEO","[c]","[c]","[c]","[c]"
"New entrant CS","2022","Animal and Plant Health Agency","Unknown","Unknown","AO","5","[c]","[c]","[c]"
"New entrant CS","2022","Animal and Plant Health Agency","Unknown","Unknown","EO","[c]","[c]","[c]","[c]"
"New entrant CS","2022","Animal and Plant Health Agency","Unknown","Unknown","HEO","[c]","[c]","[c]","[c]"
"New entrant CS","2022","Animal and Plant Health Agency","Unknown","Unknown","SEO","[c]","[c]","[c]","[c]"
"New entrant CS","2022","Animal and Plant Health Agency","West Surrey","Outside London","AO","60","[c]","24270","24370"
"New entrant CS","2022","Animal and Plant Health Agency","West Surrey","Outside London","EO","25","[c]","27900","27960"
"New entrant CS","2022","Animal and Plant Health Agency","West Surrey","Outside London","G6","[c]","[c]","[c]","[c]"
"New entrant CS","2022","Animal and Plant Health Agency","West Surrey","Outside London","G7","[c]","[c]","[c]","[c]"
"New entrant CS","2022","Animal and Plant Health Agency","West Surrey","Outside London","HEO","15","[c]","32660","32560"
"New entrant CS","2022","Animal and Plant Health Agency","West Surrey","Outside London","SEO","10","[c]","[c]","[c]"
"New entrant CS","2022","Animal and Plant Health Agency","West Sussex (North East)","Outside London","EO","[c]","[c]","[c]","[c]"
"New entrant CS","2022","Animal and Plant Health Agency","West Sussex (North East)","Outside London","SEO","[c]","[c]","[c]","[c]"
"New entrant CS","2022","Animal and Plant Health Agency","Westminster","London","EO","[c]","[c]","[c]","[c]"
"New entrant CS","2022","Animal and Plant Health Agency","Westminster","London","SEO","[c]","[c]","[c]","[c]"
"New entrant CS","2022","Animal and Plant Health Agency","Wiltshire","Outside London","EO","[c]","[c]","[c]","[c]"
"New entrant CS","2022","Animal and Plant Health Agency","Worcestershire CC","Outside London","AO","5","[c]","[c]","[c]"
"New entrant CS","2022","Animal and Plant Health Agency","Worcestershire CC","Outside London","EO","[c]","[c]","[c]","[c]"
"New entrant CS","2022","Animal and Plant Health Agency","Worcestershire CC","Outside London","HEO","[c]","[c]","[c]","[c]"
"New entrant CS","2022","Animal and Plant Health Agency","York","Outside London","AO","25","[c]","22070","21300"
"New entrant CS","2022","Attorney General's Office","Westminster","London","EO","[c]","[c]","[c]","[c]"
"New entrant CS","2022","Attorney General's Office","Westminster","London","HEO","[c]","[c]","[c]","[c]"
"New entrant CS","2022","Cabinet Office (excl. agencies)","Bath and North East Somerset, North Somerset and South Gloucestershire","Outside London","HEO","5","[c]","[c]","[c]"
"New entrant CS","2022","Cabinet Office (excl. agencies)","Bath and North East Somerset, North Somerset and South Gloucestershire","Outside London","SCS level","[c]","[c]","[c]","[c]"
"New entrant CS","2022","Cabinet Office (excl. agencies)","Belfast","Outside London","HEO","[c]","[c]","[c]","[c]"
"New entrant CS","2022","Cabinet Office (excl. agencies)","Berkshire","Outside London","G7","[c]","[c]","[c]","[c]"
"New entrant CS","2022","Cabinet Office (excl. agencies)","Berkshire","Outside London","HEO","10","[c]","28000","28000"
"New entrant CS","2022","Cabinet Office (excl. agencies)","Birmingham","Outside London","EO","[c]","[c]","[c]","[c]"
"New entrant CS","2022","Cabinet Office (excl. agencies)","Birmingham","Outside London","G6","[c]","[c]","[c]","[c]"
"New entrant CS","2022","Cabinet Office (excl. agencies)","Birmingham","Outside London","G7","5","[c]","[c]","[c]"
"New entrant CS","2022","Cabinet Office (excl. agencies)","Birmingham","Outside London","HEO","20","[c]","28440","28000"
"New entrant CS","2022","Cabinet Office (excl. agencies)","Birmingham","Outside London","SCS level","[c]","[c]","[c]","[c]"
"New entrant CS","2022","Cabinet Office (excl. agencies)","Birmingham","Outside London","SEO","[c]","[c]","[c]","[c]"
"New entrant CS","2022","Cabinet Office (excl. agencies)","Blackpool","Outside London","G7","[c]","[c]","[c]","[c]"
"New entrant CS","2022","Cabinet Office (excl. agencies)","Bradford","Outside London","G7","[c]","[c]","[c]","[c]"
"New entrant CS","2022","Cabinet Office (excl. agencies)","Bristol, City of","Outside London","EO","[c]","[c]","[c]","[c]"
"New entrant CS","2022","Cabinet Office (excl. agencies)","Bristol, City of","Outside London","G6","[c]","[c]","[c]","[c]"
"New entrant CS","2022","Cabinet Office (excl. agencies)","Bristol, City of","Outside London","G7","10","[c]","53160","49700"
"New entrant CS","2022","Cabinet Office (excl. agencies)","Bristol, City of","Outside London","HEO","10","[c]","30650","32000"
"New entrant CS","2022","Cabinet Office (excl. agencies)","Bristol, City of","Outside London","SCS level","[c]","[c]","[c]","[c]"
"New entrant CS","2022","Cabinet Office (excl. agencies)","Bristol, City of","Outside London","SEO","[c]","[c]","[c]","[c]"
"New entrant CS","2022","Cabinet Office (excl. agencies)","Buckinghamshire","Outside London","G7","[c]","[c]","[c]","[c]"
"New entrant CS","2022","Cabinet Office (excl. agencies)","Buckinghamshire","Outside London","HEO","[c]","[c]","[c]","[c]"
"New entrant CS","2022","Cabinet Office (excl. agencies)","Cambridgeshire CC","Outside London","G6","[c]","[c]","[c]","[c]"
"New entrant CS","2022","Cabinet Office (excl. agencies)","Camden and City of London","London","G6","[c]","[c]","[c]","[c]"
"New entrant CS","2022","Cabinet Office (excl. agencies)","Camden and City of London","London","G7","[c]","[c]","[c]","[c]"
"New entrant CS","2022","Cabinet Office (excl. agencies)","Camden and City of London","London","SEO","[c]","[c]","[c]","[c]"
"New entrant CS","2022","Cabinet Office (excl. agencies)","Cardiff and Vale of Glamorgan","Outside London","EO","[c]","[c]","[c]","[c]"
"New entrant CS","2022","Cabinet Office (excl. agencies)","Cardiff and Vale of Glamorgan","Outside London","G7","5","[c]","[c]","[c]"
"New entrant CS","2022","Cabinet Office (excl. agencies)","Cardiff and Vale of Glamorgan","Outside London","HEO","5","[c]","[c]","[c]"
"New entrant CS","2022","Cabinet Office (excl. agencies)","Cardiff and Vale of Glamorgan","Outside London","SEO","[c]","[c]","[c]","[c]"
"New entrant CS","2022","Cabinet Office (excl. agencies)","Central Hampshire","Outside London","G6","[c]","[c]","[c]","[c]"
"New entrant CS","2022","Cabinet Office (excl. agencies)","Central Hampshire","Outside London","G7","[c]","[c]","[c]","[c]"
"New entrant CS","2022","Cabinet Office (excl. agencies)","Central Hampshire","Outside London","HEO","[c]","[c]","[c]","[c]"
"New entrant CS","2022","Cabinet Office (excl. agencies)","City of Edinburgh","Outside London","AO","[c]","[c]","[c]","[c]"
"New entrant CS","2022","Cabinet Office (excl. agencies)","City of Edinburgh","Outside London","EO","[c]","[c]","[c]","[c]"
"New entrant CS","2022","Cabinet Office (excl. agencies)","City of Edinburgh","Outside London","HEO","[c]","[c]","[c]","[c]"
"New entrant CS","2022","Cabinet Office (excl. agencies)","Coventry","Outside London","HEO","[c]","[c]","[c]","[c]"
"New entrant CS","2022","Cabinet Office (excl. agencies)","Coventry","Outside London","SCS level","[c]","[c]","[c]","[c]"
"New entrant CS","2022","Cabinet Office (excl. agencies)","Croydon","London","G7","[c]","[c]","[c]","[c]"
"New entrant CS","2022","Cabinet Office (excl. agencies)","Croydon","London","HEO","[c]","[c]","[c]","[c]"
"New entrant CS","2022","Cabinet Office (excl. agencies)","Darlington","Outside London","G6","[c]","[c]","[c]","[c]"
"New entrant CS","2022","Cabinet Office (excl. agencies)","Darlington","Outside London","G7","[c]","[c]","[c]","[c]"
"New entrant CS","2022","Cabinet Office (excl. agencies)","East Merseyside","Outside London","G7","[c]","[c]","[c]","[c]"
"New entrant CS","2022","Cabinet Office (excl. agencies)","East Riding of Yorkshire","Outside London","G7","[c]","[c]","[c]","[c]"
"New entrant CS","2022","Cabinet Office (excl. agencies)","Essex Haven Gateway","Outside London","SCS level","[c]","[c]","[c]","[c]"
"New entrant CS","2022","Cabinet Office (excl. agencies)","Falkirk","Outside London","HEO","[c]","[c]","[c]","[c]"
"New entrant CS","2022","Cabinet Office (excl. agencies)","Glasgow City","Outside London","AO","[c]","[c]","[c]","[c]"
"New entrant CS","2022","Cabinet Office (excl. agencies)","Glasgow City","Outside London","EO","30","[c]","24400","23850"
"New entrant CS","2022","Cabinet Office (excl. agencies)","Glasgow City","Outside London","G6","10","[c]","[c]","[c]"
"New entrant CS","2022","Cabinet Office (excl. agencies)","Glasgow City","Outside London","G7","20","[c]","51160","49700"
"New entrant CS","2022","Cabinet Office (excl. agencies)","Glasgow City","Outside London","HEO","45","[c]","31070","32000"
"New entrant CS","2022","Cabinet Office (excl. agencies)","Glasgow City","Outside London","SCS level","10","[c]","[c]","[c]"
"New entrant CS","2022","Cabinet Office (excl. agencies)","Glasgow City","Outside London","SEO","15","[c]","37600","37300"
"New entrant CS","2022","Cabinet Office (excl. agencies)","Greater Manchester South West","Outside London","EO","5","[c]","[c]","[c]"
"New entrant CS","2022","Cabinet Office (excl. agencies)","Greater Manchester South West","Outside London","G6","[c]","[c]","[c]","[c]"
"New entrant CS","2022","Cabinet Office (excl. agencies)","Greater Manchester South West","Outside London","G7","15","[c]","61640","61710"
"New entrant CS","2022","Cabinet Office (excl. agencies)","Greater Manchester South West","Outside London","HEO","20","[c]","29050","28000"
"New entrant CS","2022","Cabinet Office (excl. agencies)","Greater Manchester South West","Outside London","SCS level","[c]","[c]","[c]","[c]"
"New entrant CS","2022","Cabinet Office (excl. agencies)","Greater Manchester South West","Outside London","SEO","5","[c]","[c]","[c]"
"New entrant CS","2022","Cabinet Office (excl. agencies)","Hackney and Newham","London","G7","[c]","[c]","[c]","[c]"
"New entrant CS","2022","Cabinet Office (excl. agencies)","Hertfordshire CC","Outside London","HEO","[c]","[c]","[c]","[c]"
"New entrant CS","2022","Cabinet Office (excl. agencies)","Leeds","Outside London","AO","[c]","[c]","[c]","[c]"
"New entrant CS","2022","Cabinet Office (excl. agencies)","Leeds","Outside London","EO","5","[c]","[c]","[c]"
"New entrant CS","2022","Cabinet Office (excl. agencies)","Leeds","Outside London","G7","15","[c]","66630","65200"
"New entrant CS","2022","Cabinet Office (excl. agencies)","Leeds","Outside London","HEO","20","[c]","28200","28000"
"New entrant CS","2022","Cabinet Office (excl. agencies)","Lewisham and Southwark","London","G6","[c]","[c]","[c]","[c]"
"New entrant CS","2022","Cabinet Office (excl. agencies)","Lewisham and Southwark","London","SCS level","[c]","[c]","[c]","[c]"
"New entrant CS","2022","Cabinet Office (excl. agencies)","Liverpool","Outside London","G7","[c]","[c]","[c]","[c]"
"New entrant CS","2022","Cabinet Office (excl. agencies)","Liverpool","Outside London","HEO","5","[c]","[c]","[c]"
"New entrant CS","2022","Cabinet Office (excl. agencies)","Manchester","Outside London","AO","[c]","[c]","[c]","[c]"
"New entrant CS","2022","Cabinet Office (excl. agencies)","Manchester","Outside London","EO","5","[c]","[c]","[c]"
"New entrant CS","2022","Cabinet Office (excl. agencies)","Manchester","Outside London","G6","[c]","[c]","[c]","[c]"
"New entrant CS","2022","Cabinet Office (excl. agencies)","Manchester","Outside London","G7","10","[c]","53360","49700"
"New entrant CS","2022","Cabinet Office (excl. agencies)","Manchester","Outside London","HEO","10","[c]","30940","32000"
"New entrant CS","2022","Cabinet Office (excl. agencies)","Manchester","Outside London","SEO","5","[c]","[c]","[c]"
"New entrant CS","2022","Cabinet Office (excl. agencies)","Milton Keynes","Outside London","SCS level","[c]","[c]","[c]","[c]"
"New entrant CS","2022","Cabinet Office (excl. agencies)","Monmouthshire and Newport","Outside London","G7","[c]","[c]","[c]","[c]"
"New entrant CS","2022","Cabinet Office (excl. agencies)","Monmouthshire and Newport","Outside London","HEO","10","[c]","[c]","[c]"
"New entrant CS","2022","Cabinet Office (excl. agencies)","North Hampshire","Outside London","G7","[c]","[c]","[c]","[c]"
"New entrant CS","2022","Cabinet Office (excl. agencies)","North Yorkshire CC","Outside London","EO","[c]","[c]","[c]","[c]"
"New entrant CS","2022","Cabinet Office (excl. agencies)","North Yorkshire CC","Outside London","G7","[c]","[c]","[c]","[c]"
"New entrant CS","2022","Cabinet Office (excl. agencies)","Northumberland","Outside London","G7","[c]","[c]","[c]","[c]"
"New entrant CS","2022","Cabinet Office (excl. agencies)","Norwich and East Norfolk","Outside London","EO","[c]","[c]","[c]","[c]"
"New entrant CS","2022","Cabinet Office (excl. agencies)","Norwich and East Norfolk","Outside London","G7","[c]","[c]","[c]","[c]"
"New entrant CS","2022","Cabinet Office (excl. agencies)","Norwich and East Norfolk","Outside London","HEO","[c]","[c]","[c]","[c]"
"New entrant CS","2022","Cabinet Office (excl. agencies)","Nottingham","Outside London","AO","[c]","[c]","[c]","[c]"
"New entrant CS","2022","Cabinet Office (excl. agencies)","Nottingham","Outside London","EO","[c]","[c]","[c]","[c]"
"New entrant CS","2022","Cabinet Office (excl. agencies)","Nottingham","Outside London","G7","[c]","[c]","[c]","[c]"
"New entrant CS","2022","Cabinet Office (excl. agencies)","Nottingham","Outside London","HEO","5","[c]","[c]","[c]"
"New entrant CS","2022","Cabinet Office (excl. agencies)","Nottingham","Outside London","SCS level","[c]","[c]","[c]","[c]"
"New entrant CS","2022","Cabinet Office (excl. agencies)","Nottingham","Outside London","SEO","[c]","[c]","[c]","[c]"
"New entrant CS","2022","Cabinet Office (excl. agencies)","Peterborough","Outside London","HEO","[c]","[c]","[c]","[c]"
"New entrant CS","2022","Cabinet Office (excl. agencies)","Plymouth","Outside London","HEO","[c]","[c]","[c]","[c]"
"New entrant CS","2022","Cabinet Office (excl. agencies)","Portsmouth","Outside London","HEO","[c]","[c]","[c]","[c]"
"New entrant CS","2022","Cabinet Office (excl. agencies)","Sandwell","Outside London","EO","[c]","[c]","[c]","[c]"
"New entrant CS","2022","Cabinet Office (excl. agencies)","Sheffield","Outside London","AO","[c]","[c]","[c]","[c]"
"New entrant CS","2022","Cabinet Office (excl. agencies)","Sheffield","Outside London","EO","[c]","[c]","[c]","[c]"
"New entrant CS","2022","Cabinet Office (excl. agencies)","Sheffield","Outside London","G6","[c]","[c]","[c]","[c]"
"New entrant CS","2022","Cabinet Office (excl. agencies)","Sheffield","Outside London","G7","[c]","[c]","[c]","[c]"
"New entrant CS","2022","Cabinet Office (excl. agencies)","Sheffield","Outside London","HEO","[c]","[c]","[c]","[c]"
"New entrant CS","2022","Cabinet Office (excl. agencies)","Solihull","Outside London","G7","[c]","[c]","[c]","[c]"
"New entrant CS","2022","Cabinet Office (excl. agencies)","Solihull","Outside London","SCS level","[c]","[c]","[c]","[c]"
"New entrant CS","2022","Cabinet Office (excl. agencies)","South Lanarkshire","Outside London","G7","[c]","[c]","[c]","[c]"
"New entrant CS","2022","Cabinet Office (excl. agencies)","Southampton","Outside London","EO","[c]","[c]","[c]","[c]"
"New entrant CS","2022","Cabinet Office (excl. agencies)","Staffordshire CC","Outside London","G6","[c]","[c]","[c]","[c]"
"New entrant CS","2022","Cabinet Office (excl. agencies)","Staffordshire CC","Outside London","G7","[c]","[c]","[c]","[c]"
"New entrant CS","2022","Cabinet Office (excl. agencies)","Telford and Wrekin","Outside London","G6","[c]","[c]","[c]","[c]"
"New entrant CS","2022","Cabinet Office (excl. agencies)","Telford and Wrekin","Outside London","G7","[c]","[c]","[c]","[c]"
"New entrant CS","2022","Cabinet Office (excl. agencies)","Tower Hamlets","London","AO","20","[c]","21000","18450"
"New entrant CS","2022","Cabinet Office (excl. agencies)","Tower Hamlets","London","EO","20","[c]","27000","27500"
"New entrant CS","2022","Cabinet Office (excl. agencies)","Tower Hamlets","London","G6","10","[c]","[c]","[c]"
"New entrant CS","2022","Cabinet Office (excl. agencies)","Tower Hamlets","London","G7","50","[c]","54970","54700"
"New entrant CS","2022","Cabinet Office (excl. agencies)","Tower Hamlets","London","HEO","35","[c]","31430","32000"
"New entrant CS","2022","Cabinet Office (excl. agencies)","Tower Hamlets","London","SCS level","5","[c]","[c]","[c]"
"New entrant CS","2022","Cabinet Office (excl. agencies)","Tower Hamlets","London","SEO","10","[c]","40050","40600"
"New entrant CS","2022","Cabinet Office (excl. agencies)","Tyneside","Outside London","AO","50","[c]","21050","21050"
"New entrant CS","2022","Cabinet Office (excl. agencies)","Tyneside","Outside London","EO","10","[c]","23930","23850"
"New entrant CS","2022","Cabinet Office (excl. agencies)","Tyneside","Outside London","HEO","20","[c]","29000","28000"
"New entrant CS","2022","Cabinet Office (excl. agencies)","Unknown","Unknown","AO","10","[c]","[c]","[c]"
"New entrant CS","2022","Cabinet Office (excl. agencies)","Unknown","Unknown","EO","30","[c]","26000","27500"
"New entrant CS","2022","Cabinet Office (excl. agencies)","Unknown","Unknown","G6","[c]","[c]","[c]","[c]"
"New entrant CS","2022","Cabinet Office (excl. agencies)","Unknown","Unknown","G7","35","[c]","56620","54700"
"New entrant CS","2022","Cabinet Office (excl. agencies)","Unknown","Unknown","HEO","90","[c]","29680","28000"
"New entrant CS","2022","Cabinet Office (excl. agencies)","Unknown","Unknown","SCS level","[c]","[c]","[c]","[c]"
"New entrant CS","2022","Cabinet Office (excl. agencies)","Unknown","Unknown","SEO","10","[c]","39070","40250"
"New entrant CS","2022","Cabinet Office (excl. agencies)","Warrington","Outside London","G7","[c]","[c]","[c]","[c]"
"New entrant CS","2022","Cabinet Office (excl. agencies)","West Cumbria","Outside London","G7","[c]","[c]","[c]","[c]"
"New entrant CS","2022","Cabinet Office (excl. agencies)","West Surrey","Outside London","G6","[c]","[c]","[c]","[c]"
"New entrant CS","2022","Cabinet Office (excl. agencies)","Westminster","London","AO","40","[c]","20550","18450"
"New entrant CS","2022","Cabinet Office (excl. agencies)","Westminster","London","EO","100","[c]","26650","27500"
"New entrant CS","2022","Cabinet Office (excl. agencies)","Westminster","London","G6","20","[c]","78640","81400"
"New entrant CS","2022","Cabinet Office (excl. agencies)","Westminster","London","G7","95","[c]","60860","58000"
"New entrant CS","2022","Cabinet Office (excl. agencies)","Westminster","London","HEO","445","[c]","29080","28000"
"New entrant CS","2022","Cabinet Office (excl. agencies)","Westminster","London","SCS level","25","[c]","105500","110000"
"New entrant CS","2022","Cabinet Office (excl. agencies)","Westminster","London","SEO","55","[c]","40170","40600"
"New entrant CS","2022","Cabinet Office (excl. agencies)","Wolverhampton","Outside London","G6","[c]","[c]","[c]","[c]"
"New entrant CS","2022","Cabinet Office (excl. agencies)","Wolverhampton","Outside London","G7","5","[c]","[c]","[c]"
"New entrant CS","2022","Cabinet Office (excl. agencies)","York","Outside London","AO","[c]","[c]","[c]","[c]"
"New entrant CS","2022","Cabinet Office (excl. agencies)","York","Outside London","EO","30","[c]","24340","23850"
"New entrant CS","2022","Cabinet Office (excl. agencies)","York","Outside London","G6","[c]","[c]","[c]","[c]"
"New entrant CS","2022","Cabinet Office (excl. agencies)","York","Outside London","G7","15","[c]","54150","49700"
"New entrant CS","2022","Cabinet Office (excl. agencies)","York","Outside London","HEO","25","[c]","31540","32000"
"New entrant CS","2022","Cabinet Office (excl. agencies)","York","Outside London","SCS level","[c]","[c]","[c]","[c]"
"New entrant CS","2022","Cabinet Office (excl. agencies)","York","Outside London","SEO","10","[c]","37550","37300"
"New entrant CS","2022","Centre for Environment, Fisheries and Aquaculture Science","Devon CC","Outside London","EO","[c]","[c]","[c]","[c]"
"New entrant CS","2022","Centre for Environment, Fisheries and Aquaculture Science","Devon CC","Outside London","G7","[c]","[c]","[c]","[c]"
"New entrant CS","2022","Centre for Environment, Fisheries and Aquaculture Science","Dorset","Outside London","AO","5","[c]","[c]","[c]"
"New entrant CS","2022","Centre for Environment, Fisheries and Aquaculture Science","Dorset","Outside London","EO","5","[c]","[c]","[c]"
"New entrant CS","2022","Centre for Environment, Fisheries and Aquaculture Science","Dorset","Outside London","HEO","5","[c]","[c]","[c]"
"New entrant CS","2022","Centre for Environment, Fisheries and Aquaculture Science","Dorset","Outside London","SEO","[c]","[c]","[c]","[c]"
"New entrant CS","2022","Centre for Environment, Fisheries and Aquaculture Science","North Yorkshire CC","Outside London","EO","[c]","[c]","[c]","[c]"
"New entrant CS","2022","Centre for Environment, Fisheries and Aquaculture Science","Plymouth","Outside London","EO","[c]","[c]","[c]","[c]"
"New entrant CS","2022","Centre for Environment, Fisheries and Aquaculture Science","Suffolk CC","Outside London","AO","20","[c]","20910","21510"
"New entrant CS","2022","Centre for Environment, Fisheries and Aquaculture Science","Suffolk CC","Outside London","EO","25","[c]","25410","25460"
"New entrant CS","2022","Centre for Environment, Fisheries and Aquaculture Science","Suffolk CC","Outside London","G7","[c]","[c]","[c]","[c]"
"New entrant CS","2022","Centre for Environment, Fisheries and Aquaculture Science","Suffolk CC","Outside London","HEO","15","[c]","29830","29750"
"New entrant CS","2022","Centre for Environment, Fisheries and Aquaculture Science","Suffolk CC","Outside London","SEO","5","[c]","[c]","[c]"
"New entrant CS","2022","Charity Commission","Sefton","Outside London","AO","20","[c]","17770","17140"
"New entrant CS","2022","Charity Commission","Sefton","Outside London","EO","30","[c]","24570","24440"
"New entrant CS","2022","Charity Commission","Sefton","Outside London","G6","[c]","[c]","[c]","[c]"
"New entrant CS","2022","Charity Commission","Sefton","Outside London","G7","[c]","[c]","[c]","[c]"
"New entrant CS","2022","Charity Commission","Sefton","Outside London","HEO","20","[c]","30240","29160"
"New entrant CS","2022","Charity Commission","Sefton","Outside London","SEO","5","[c]","[c]","[c]"
"New entrant CS","2022","Charity Commission","Westminster","London","EO","[c]","[c]","[c]","[c]"
"New entrant CS","2022","Charity Commission","Westminster","London","G7","[c]","[c]","[c]","[c]"
"New entrant CS","2022","Charity Commission","Westminster","London","HEO","5","[c]","[c]","[c]"
"New entrant CS","2022","Charity Commission","Westminster","London","SEO","5","[c]","[c]","[c]"
"New entrant CS","2022","Companies House","Ards and North Down","Outside London","HEO","[c]","[c]","[c]","[c]"
"New entrant CS","2022","Companies House","Barnsley, Doncaster and Rotherham","Outside London","HEO","[c]","[c]","[c]","[c]"
"New entrant CS","2022","Companies House","Belfast","Outside London","AO","[c]","[c]","[c]","[c]"
"New entrant CS","2022","Companies House","Berkshire","Outside London","EO","[c]","[c]","[c]","[c]"
"New entrant CS","2022","Companies House","Berkshire","Outside London","HEO","[c]","[c]","[c]","[c]"
"New entrant CS","2022","Companies House","Birmingham","Outside London","EO","[c]","[c]","[c]","[c]"
"New entrant CS","2022","Companies House","Birmingham","Outside London","HEO","[c]","[c]","[c]","[c]"
"New entrant CS","2022","Companies House","Cardiff and Vale of Glamorgan","Outside London","AO","80","[c]","20150","20100"
"New entrant CS","2022","Companies House","Cardiff and Vale of Glamorgan","Outside London","EO","25","[c]","25610","24500"
"New entrant CS","2022","Companies House","Cardiff and Vale of Glamorgan","Outside London","G6","[c]","[c]","[c]","[c]"
"New entrant CS","2022","Companies House","Cardiff and Vale of Glamorgan","Outside London","G7","5","[c]","[c]","[c]"
"New entrant CS","2022","Companies House","Cardiff and Vale of Glamorgan","Outside London","HEO","15","[c]","35130","34590"
"New entrant CS","2022","Companies House","Cardiff and Vale of Glamorgan","Outside London","SEO","15","[c]","43220","43030"
"New entrant CS","2022","Companies House","Central Valleys","Outside London","EO","[c]","[c]","[c]","[c]"
"New entrant CS","2022","Companies House","Cheshire West and Chester","Outside London","SEO","[c]","[c]","[c]","[c]"
"New entrant CS","2022","Companies House","City of Edinburgh","Outside London","AO","5","[c]","[c]","[c]"
"New entrant CS","2022","Companies House","City of Edinburgh","Outside London","EO","[c]","[c]","[c]","[c]"
"New entrant CS","2022","Companies House","East Lothian and Midlothian","Outside London","SEO","[c]","[c]","[c]","[c]"
"New entrant CS","2022","Companies House","Glasgow City","Outside London","EO","[c]","[c]","[c]","[c]"
"New entrant CS","2022","Companies House","Lincolnshire CC","Outside London","HEO","[c]","[c]","[c]","[c]"
"New entrant CS","2022","Companies House","Lisburn and Castlereagh","Outside London","HEO","[c]","[c]","[c]","[c]"
"New entrant CS","2022","Companies House","Merton, Kingston upon Thames and Sutton","London","HEO","[c]","[c]","[c]","[c]"
"New entrant CS","2022","Companies House","Milton Keynes","Outside London","HEO","[c]","[c]","[c]","[c]"
"New entrant CS","2022","Companies House","Oxfordshire CC","Outside London","G7","[c]","[c]","[c]","[c]"
"New entrant CS","2022","Companies House","Plymouth","Outside London","HEO","[c]","[c]","[c]","[c]"
"New entrant CS","2022","Companies House","Torbay","Outside London","EO","[c]","[c]","[c]","[c]"
"New entrant CS","2022","Competition and Markets Authority","Belfast","Outside London","G6","[c]","[c]","[c]","[c]"
"New entrant CS","2022","Competition and Markets Authority","Belfast","Outside London","G7","[c]","[c]","[c]","[c]"
"New entrant CS","2022","Competition and Markets Authority","Cardiff and Vale of Glamorgan","Outside London","HEO","[c]","[c]","[c]","[c]"
"New entrant CS","2022","Competition and Markets Authority","City of Edinburgh","Outside London","AO","[c]","[c]","[c]","[c]"
"New entrant CS","2022","Competition and Markets Authority","City of Edinburgh","Outside London","EO","[c]","[c]","[c]","[c]"
"New entrant CS","2022","Competition and Markets Authority","City of Edinburgh","Outside London","G6","[c]","[c]","[c]","[c]"
"New entrant CS","2022","Competition and Markets Authority","City of Edinburgh","Outside London","G7","[c]","[c]","[c]","[c]"
"New entrant CS","2022","Competition and Markets Authority","City of Edinburgh","Outside London","SEO","[c]","[c]","[c]","[c]"
"New entrant CS","2022","Competition and Markets Authority","Tower Hamlets","London","AO","25","[c]","22630","22520"
"New entrant CS","2022","Competition and Markets Authority","Tower Hamlets","London","EO","15","[c]","27210","26750"
"New entrant CS","2022","Competition and Markets Authority","Tower Hamlets","London","G6","10","[c]","74540","76150"
"New entrant CS","2022","Competition and Markets Authority","Tower Hamlets","London","G7","30","[c]","57850","58270"
"New entrant CS","2022","Competition and Markets Authority","Tower Hamlets","London","HEO","35","[c]","33820","33120"
"New entrant CS","2022","Competition and Markets Authority","Tower Hamlets","London","SCS level","5","[c]","[c]","[c]"
"New entrant CS","2022","Competition and Markets Authority","Tower Hamlets","London","SEO","10","[c]","[c]","[c]"
"New entrant CS","2022","Criminal Injuries Compensation Authority","Glasgow City","Outside London","AO","25","[c]","20970","20970"
"New entrant CS","2022","Criminal Injuries Compensation Authority","Glasgow City","Outside London","EO","[c]","[c]","[c]","[c]"
"New entrant CS","2022","Criminal Injuries Compensation Authority","Glasgow City","Outside London","HEO","15","[c]","30450","30450"
"New entrant CS","2022","Criminal Injuries Compensation Authority","Glasgow City","Outside London","SEO","[c]","[c]","[c]","[c]"
"New entrant CS","2022","Criminal Injuries Compensation Authority","North and West Norfolk","Outside London","AO","[c]","[c]","[c]","[c]"
"New entrant CS","2022","Criminal Injuries Compensation Authority","Unknown","Unknown","AO","[c]","[c]","[c]","[c]"
"New entrant CS","2022","Crown Commercial Service","Bath and North East Somerset, North Somerset and South Gloucestershire","Outside London","G7","[c]","[c]","[c]","[c]"
"New entrant CS","2022","Crown Commercial Service","Birmingham","Outside London","AO","[c]","[c]","[c]","[c]"
"New entrant CS","2022","Crown Commercial Service","Birmingham","Outside London","EO","[c]","[c]","[c]","[c]"
"New entrant CS","2022","Crown Commercial Service","Birmingham","Outside London","HEO","[c]","[c]","[c]","[c]"
"New entrant CS","2022","Crown Commercial Service","Birmingham","Outside London","SEO","[c]","[c]","[c]","[c]"
"New entrant CS","2022","Crown Commercial Service","Bristol, City of","Outside London","AO","[c]","[c]","[c]","[c]"
"New entrant CS","2022","Crown Commercial Service","Liverpool","Outside London","AO","10","[c]","19900","20330"
"New entrant CS","2022","Crown Commercial Service","Liverpool","Outside London","EO","20","[c]","25660","25520"
"New entrant CS","2022","Crown Commercial Service","Liverpool","Outside London","G7","[c]","[c]","[c]","[c]"
"New entrant CS","2022","Crown Commercial Service","Liverpool","Outside London","HEO","15","[c]","30490","30420"
"New entrant CS","2022","Crown Commercial Service","Liverpool","Outside London","SEO","10","[c]","39980","40000"
"New entrant CS","2022","Crown Commercial Service","Monmouthshire and Newport","Outside London","AO","5","[c]","[c]","[c]"
"New entrant CS","2022","Crown Commercial Service","Monmouthshire and Newport","Outside London","EO","[c]","[c]","[c]","[c]"
"New entrant CS","2022","Crown Commercial Service","Monmouthshire and Newport","Outside London","G7","[c]","[c]","[c]","[c]"
"New entrant CS","2022","Crown Commercial Service","Monmouthshire and Newport","Outside London","HEO","10","[c]","[c]","[c]"
"New entrant CS","2022","Crown Commercial Service","Monmouthshire and Newport","Outside London","SEO","[c]","[c]","[c]","[c]"
"New entrant CS","2022","Crown Commercial Service","Norwich and East Norfolk","Outside London","AO","[c]","[c]","[c]","[c]"
"New entrant CS","2022","Crown Commercial Service","Norwich and East Norfolk","Outside London","EO","5","[c]","[c]","[c]"
"New entrant CS","2022","Crown Commercial Service","Norwich and East Norfolk","Outside London","G7","[c]","[c]","[c]","[c]"
"New entrant CS","2022","Crown Commercial Service","Norwich and East Norfolk","Outside London","HEO","[c]","[c]","[c]","[c]"
"New entrant CS","2022","Crown Commercial Service","Norwich and East Norfolk","Outside London","SEO","[c]","[c]","[c]","[c]"
"New entrant CS","2022","Crown Commercial Service","Swindon","Outside London","G7","[c]","[c]","[c]","[c]"
"New entrant CS","2022","Crown Commercial Service","Tower Hamlets","London","AO","[c]","[c]","[c]","[c]"
"New entrant CS","2022","Crown Commercial Service","Tower Hamlets","London","EO","[c]","[c]","[c]","[c]"
"New entrant CS","2022","Crown Commercial Service","Tower Hamlets","London","G6","[c]","[c]","[c]","[c]"
"New entrant CS","2022","Crown Commercial Service","Tower Hamlets","London","G7","5","[c]","[c]","[c]"
"New entrant CS","2022","Crown Commercial Service","Tower Hamlets","London","HEO","[c]","[c]","[c]","[c]"
"New entrant CS","2022","Crown Commercial Service","Tower Hamlets","London","SCS level","[c]","[c]","[c]","[c]"
"New entrant CS","2022","Crown Commercial Service","Tower Hamlets","London","SEO","[c]","[c]","[c]","[c]"
"New entrant CS","2022","Crown Commercial Service","Wakefield","Outside London","EO","[c]","[c]","[c]","[c]"
"New entrant CS","2022","Crown Office and Procurator Fiscal Service","Aberdeen City and Aberdeenshire","Outside London","AO","20","[c]","21050","21050"
"New entrant CS","2022","Crown Office and Procurator Fiscal Service","Aberdeen City and Aberdeenshire","Outside London","EO","[c]","[c]","[c]","[c]"
"New entrant CS","2022","Crown Office and Procurator Fiscal Service","Aberdeen City and Aberdeenshire","Outside London","HEO","5","[c]","[c]","[c]"
"New entrant CS","2022","Crown Office and Procurator Fiscal Service","Aberdeen City and Aberdeenshire","Outside London","SEO","5","[c]","[c]","[c]"
"New entrant CS","2022","Crown Office and Procurator Fiscal Service","Angus and Dundee City","Outside London","AO","10","[c]","21050","21050"
"New entrant CS","2022","Crown Office and Procurator Fiscal Service","Angus and Dundee City","Outside London","EO","[c]","[c]","[c]","[c]"
"New entrant CS","2022","Crown Office and Procurator Fiscal Service","Angus and Dundee City","Outside London","HEO","[c]","[c]","[c]","[c]"
"New entrant CS","2022","Crown Office and Procurator Fiscal Service","Angus and Dundee City","Outside London","SEO","[c]","[c]","[c]","[c]"
"New entrant CS","2022","Crown Office and Procurator Fiscal Service","City of Edinburgh","Outside London","AO","55","[c]","21050","21050"
"New entrant CS","2022","Crown Office and Procurator Fiscal Service","City of Edinburgh","Outside London","EO","25","[c]","27400","27230"
"New entrant CS","2022","Crown Office and Procurator Fiscal Service","City of Edinburgh","Outside London","G7","[c]","[c]","[c]","[c]"
"New entrant CS","2022","Crown Office and Procurator Fiscal Service","City of Edinburgh","Outside London","HEO","20","[c]","32090","31540"
"New entrant CS","2022","Crown Office and Procurator Fiscal Service","City of Edinburgh","Outside London","SEO","10","[c]","[c]","[c]"
"New entrant CS","2022","Crown Office and Procurator Fiscal Service","Clackmannanshire and Fife","Outside London","AO","5","[c]","[c]","[c]"
"New entrant CS","2022","Crown Office and Procurator Fiscal Service","Clackmannanshire and Fife","Outside London","EO","[c]","[c]","[c]","[c]"
"New entrant CS","2022","Crown Office and Procurator Fiscal Service","Clackmannanshire and Fife","Outside London","HEO","[c]","[c]","[c]","[c]"
"New entrant CS","2022","Crown Office and Procurator Fiscal Service","Clackmannanshire and Fife","Outside London","SEO","[c]","[c]","[c]","[c]"
"New entrant CS","2022","Crown Office and Procurator Fiscal Service","Dumfries and Galloway","Outside London","AO","[c]","[c]","[c]","[c]"
"New entrant CS","2022","Crown Office and Procurator Fiscal Service","Dumfries and Galloway","Outside London","HEO","[c]","[c]","[c]","[c]"
"New entrant CS","2022","Crown Office and Procurator Fiscal Service","East Ayrshire and North Ayrshire mainland","Outside London","AO","10","[c]","21050","21050"
"New entrant CS","2022","Crown Office and Procurator Fiscal Service","East Ayrshire and North Ayrshire mainland","Outside London","EO","[c]","[c]","[c]","[c]"
"New entrant CS","2022","Crown Office and Procurator Fiscal Service","East Ayrshire and North Ayrshire mainland","Outside London","SEO","[c]","[c]","[c]","[c]"
"New entrant CS","2022","Crown Office and Procurator Fiscal Service","East Dunbartonshire, West Dunbartonshire, and Helensburgh and Lomond","Outside London","AO","20","[c]","21050","21050"
"New entrant CS","2022","Crown Office and Procurator Fiscal Service","East Dunbartonshire, West Dunbartonshire, and Helensburgh and Lomond","Outside London","SEO","[c]","[c]","[c]","[c]"
"New entrant CS","2022","Crown Office and Procurator Fiscal Service","Falkirk","Outside London","AO","[c]","[c]","[c]","[c]"
"New entrant CS","2022","Crown Office and Procurator Fiscal Service","Falkirk","Outside London","SEO","[c]","[c]","[c]","[c]"
"New entrant CS","2022","Crown Office and Procurator Fiscal Service","Glasgow City","Outside London","AO","50","[c]","21050","21050"
"New entrant CS","2022","Crown Office and Procurator Fiscal Service","Glasgow City","Outside London","EO","10","[c]","[c]","[c]"
"New entrant CS","2022","Crown Office and Procurator Fiscal Service","Glasgow City","Outside London","HEO","15","[c]","32110","31540"
"New entrant CS","2022","Crown Office and Procurator Fiscal Service","Glasgow City","Outside London","SEO","10","[c]","41750","41750"
"New entrant CS","2022","Crown Office and Procurator Fiscal Service","Inverclyde, East Renfrewshire, and Renfrewshire","Outside London","AO","15","[c]","21050","21050"
"New entrant CS","2022","Crown Office and Procurator Fiscal Service","Inverclyde, East Renfrewshire, and Renfrewshire","Outside London","EO","[c]","[c]","[c]","[c]"
"New entrant CS","2022","Crown Office and Procurator Fiscal Service","Inverclyde, East Renfrewshire, and Renfrewshire","Outside London","SEO","5","[c]","[c]","[c]"
"New entrant CS","2022","Crown Office and Procurator Fiscal Service","Inverness and Nairn, Moray, and Badenoch and Strathspey","Outside London","AO","10","[c]","21050","21050"
"New entrant CS","2022","Crown Office and Procurator Fiscal Service","Inverness and Nairn, Moray, and Badenoch and Strathspey","Outside London","EO","[c]","[c]","[c]","[c]"
"New entrant CS","2022","Crown Office and Procurator Fiscal Service","Inverness and Nairn, Moray, and Badenoch and Strathspey","Outside London","HEO","[c]","[c]","[c]","[c]"
"New entrant CS","2022","Crown Office and Procurator Fiscal Service","Inverness and Nairn, Moray, and Badenoch and Strathspey","Outside London","SEO","[c]","[c]","[c]","[c]"
"New entrant CS","2022","Crown Office and Procurator Fiscal Service","Lochaber, Skye and Lochalsh, Arran and Cumbrae, and Argyll and Bute","Outside London","AO","[c]","[c]","[c]","[c]"
"New entrant CS","2022","Crown Office and Procurator Fiscal Service","North Lanarkshire","Outside London","AO","10","[c]","21050","21050"
"New entrant CS","2022","Crown Office and Procurator Fiscal Service","North Lanarkshire","Outside London","EO","[c]","[c]","[c]","[c]"
"New entrant CS","2022","Crown Office and Procurator Fiscal Service","North Lanarkshire","Outside London","HEO","[c]","[c]","[c]","[c]"
"New entrant CS","2022","Crown Office and Procurator Fiscal Service","North Lanarkshire","Outside London","SEO","[c]","[c]","[c]","[c]"
"New entrant CS","2022","Crown Office and Procurator Fiscal Service","Perth and Kinross, and Stirling","Outside London","AO","[c]","[c]","[c]","[c]"
"New entrant CS","2022","Crown Office and Procurator Fiscal Service","Perth and Kinross, and Stirling","Outside London","EO","[c]","[c]","[c]","[c]"
"New entrant CS","2022","Crown Office and Procurator Fiscal Service","Perth and Kinross, and Stirling","Outside London","SEO","[c]","[c]","[c]","[c]"
"New entrant CS","2022","Crown Office and Procurator Fiscal Service","Scottish Borders","Outside London","AO","10","[c]","21050","21050"
"New entrant CS","2022","Crown Office and Procurator Fiscal Service","South Lanarkshire","Outside London","AO","15","[c]","21050","21050"
"New entrant CS","2022","Crown Office and Procurator Fiscal Service","South Lanarkshire","Outside London","EO","[c]","[c]","[c]","[c]"
"New entrant CS","2022","Crown Office and Procurator Fiscal Service","South Lanarkshire","Outside London","HEO","[c]","[c]","[c]","[c]"
"New entrant CS","2022","Crown Office and Procurator Fiscal Service","South Lanarkshire","Outside London","SEO","10","[c]","[c]","[c]"
"New entrant CS","2022","Crown Office and Procurator Fiscal Service","West Lothian","Outside London","AO","[c]","[c]","[c]","[c]"
"New entrant CS","2022","Crown Office and Procurator Fiscal Service","West Lothian","Outside London","EO","[c]","[c]","[c]","[c]"
"New entrant CS","2022","Crown Office and Procurator Fiscal Service","West Lothian","Outside London","HEO","[c]","[c]","[c]","[c]"
"New entrant CS","2022","Crown Office and Procurator Fiscal Service","West Lothian","Outside London","SEO","[c]","[c]","[c]","[c]"
"New entrant CS","2022","Crown Prosecution Service","Berkshire","Outside London","AO","[c]","[c]","[c]","[c]"
"New entrant CS","2022","Crown Prosecution Service","Berkshire","Outside London","EO","[c]","[c]","[c]","[c]"
"New entrant CS","2022","Crown Prosecution Service","Berkshire","Outside London","G7","[c]","[c]","[c]","[c]"
"New entrant CS","2022","Crown Prosecution Service","Berkshire","Outside London","HEO","[c]","[c]","[c]","[c]"
"New entrant CS","2022","Crown Prosecution Service","Bexley and Greenwich","London","AO","[c]","[c]","[c]","[c]"
"New entrant CS","2022","Crown Prosecution Service","Birmingham","Outside London","AO","15","[c]","20700","20500"
"New entrant CS","2022","Crown Prosecution Service","Birmingham","Outside London","EO","10","[c]","[c]","[c]"
"New entrant CS","2022","Crown Prosecution Service","Birmingham","Outside London","G7","10","[c]","48880","48080"
"New entrant CS","2022","Crown Prosecution Service","Birmingham","Outside London","HEO","10","[c]","[c]","[c]"
"New entrant CS","2022","Crown Prosecution Service","Brighton and Hove","Outside London","AO","15","[c]","22800","23770"
"New entrant CS","2022","Crown Prosecution Service","Brighton and Hove","Outside London","EO","5","[c]","[c]","[c]"
"New entrant CS","2022","Crown Prosecution Service","Brighton and Hove","Outside London","HEO","[c]","[c]","[c]","[c]"
"New entrant CS","2022","Crown Prosecution Service","Bristol, City of","Outside London","AO","10","[c]","20740","21350"
"New entrant CS","2022","Crown Prosecution Service","Bristol, City of","Outside London","EO","[c]","[c]","[c]","[c]"
"New entrant CS","2022","Crown Prosecution Service","Bristol, City of","Outside London","G7","5","[c]","[c]","[c]"
"New entrant CS","2022","Crown Prosecution Service","Bristol, City of","Outside London","HEO","[c]","[c]","[c]","[c]"
"New entrant CS","2022","Crown Prosecution Service","Bristol, City of","Outside London","SEO","[c]","[c]","[c]","[c]"
"New entrant CS","2022","Crown Prosecution Service","Cambridgeshire CC","Outside London","AO","[c]","[c]","[c]","[c]"
"New entrant CS","2022","Crown Prosecution Service","Cambridgeshire CC","Outside London","G7","[c]","[c]","[c]","[c]"
"New entrant CS","2022","Crown Prosecution Service","Cambridgeshire CC","Outside London","HEO","[c]","[c]","[c]","[c]"
"New entrant CS","2022","Crown Prosecution Service","Camden and City of London","London","AO","[c]","[c]","[c]","[c]"
"New entrant CS","2022","Crown Prosecution Service","Cardiff and Vale of Glamorgan","Outside London","AO","10","[c]","[c]","[c]"
"New entrant CS","2022","Crown Prosecution Service","Cardiff and Vale of Glamorgan","Outside London","G7","[c]","[c]","[c]","[c]"
"New entrant CS","2022","Crown Prosecution Service","Cardiff and Vale of Glamorgan","Outside London","HEO","[c]","[c]","[c]","[c]"
"New entrant CS","2022","Crown Prosecution Service","Cardiff and Vale of Glamorgan","Outside London","SEO","[c]","[c]","[c]","[c]"
"New entrant CS","2022","Crown Prosecution Service","Cornwall and Isles of Scilly","Outside London","G7","[c]","[c]","[c]","[c]"
"New entrant CS","2022","Crown Prosecution Service","Cornwall and Isles of Scilly","Outside London","HEO","[c]","[c]","[c]","[c]"
"New entrant CS","2022","Crown Prosecution Service","Croydon","London","AO","[c]","[c]","[c]","[c]"
"New entrant CS","2022","Crown Prosecution Service","Devon CC","Outside London","AO","[c]","[c]","[c]","[c]"
"New entrant CS","2022","Crown Prosecution Service","Devon CC","Outside London","EO","[c]","[c]","[c]","[c]"
"New entrant CS","2022","Crown Prosecution Service","Devon CC","Outside London","G7","[c]","[c]","[c]","[c]"
"New entrant CS","2022","Crown Prosecution Service","Devon CC","Outside London","HEO","[c]","[c]","[c]","[c]"
"New entrant CS","2022","Crown Prosecution Service","East Cumbria","Outside London","G7","[c]","[c]","[c]","[c]"
"New entrant CS","2022","Crown Prosecution Service","East Cumbria","Outside London","HEO","[c]","[c]","[c]","[c]"
"New entrant CS","2022","Crown Prosecution Service","East Kent","Outside London","AO","10","[c]","[c]","[c]"
"New entrant CS","2022","Crown Prosecution Service","East Kent","Outside London","EO","[c]","[c]","[c]","[c]"
"New entrant CS","2022","Crown Prosecution Service","East Kent","Outside London","G7","[c]","[c]","[c]","[c]"
"New entrant CS","2022","Crown Prosecution Service","East Kent","Outside London","HEO","[c]","[c]","[c]","[c]"
"New entrant CS","2022","Crown Prosecution Service","East Kent","Outside London","SEO","[c]","[c]","[c]","[c]"
"New entrant CS","2022","Crown Prosecution Service","Flintshire and Wrexham","Outside London","AO","5","[c]","[c]","[c]"
"New entrant CS","2022","Crown Prosecution Service","Flintshire and Wrexham","Outside London","EO","[c]","[c]","[c]","[c]"
"New entrant CS","2022","Crown Prosecution Service","Flintshire and Wrexham","Outside London","G7","[c]","[c]","[c]","[c]"
"New entrant CS","2022","Crown Prosecution Service","Flintshire and Wrexham","Outside London","SEO","[c]","[c]","[c]","[c]"
"New entrant CS","2022","Crown Prosecution Service","Harrow and Hillingdon","London","AO","[c]","[c]","[c]","[c]"
"New entrant CS","2022","Crown Prosecution Service","Heart of Essex","Outside London","AO","10","[c]","22000","21250"
"New entrant CS","2022","Crown Prosecution Service","Heart of Essex","Outside London","EO","[c]","[c]","[c]","[c]"
"New entrant CS","2022","Crown Prosecution Service","Heart of Essex","Outside London","G7","10","[c]","[c]","[c]"
"New entrant CS","2022","Crown Prosecution Service","Heart of Essex","Outside London","HEO","5","[c]","[c]","[c]"
"New entrant CS","2022","Crown Prosecution Service","Hertfordshire CC","Outside London","AO","10","[c]","[c]","[c]"
"New entrant CS","2022","Crown Prosecution Service","Hertfordshire CC","Outside London","EO","[c]","[c]","[c]","[c]"
"New entrant CS","2022","Crown Prosecution Service","Hertfordshire CC","Outside London","G7","[c]","[c]","[c]","[c]"
"New entrant CS","2022","Crown Prosecution Service","Hertfordshire CC","Outside London","HEO","[c]","[c]","[c]","[c]"
"New entrant CS","2022","Crown Prosecution Service","Hounslow and Richmond upon Thames","London","AO","[c]","[c]","[c]","[c]"
"New entrant CS","2022","Crown Prosecution Service","Kingston upon Hull, City of","Outside London","AO","[c]","[c]","[c]","[c]"
"New entrant CS","2022","Crown Prosecution Service","Kingston upon Hull, City of","Outside London","EO","[c]","[c]","[c]","[c]"
"New entrant CS","2022","Crown Prosecution Service","Kingston upon Hull, City of","Outside London","G7","[c]","[c]","[c]","[c]"
"New entrant CS","2022","Crown Prosecution Service","Kingston upon Hull, City of","Outside London","HEO","[c]","[c]","[c]","[c]"
"New entrant CS","2022","Crown Prosecution Service","Leeds","Outside London","AO","15","[c]","21100","22200"
"New entrant CS","2022","Crown Prosecution Service","Leeds","Outside London","EO","[c]","[c]","[c]","[c]"
"New entrant CS","2022","Crown Prosecution Service","Leeds","Outside London","G7","5","[c]","[c]","[c]"
"New entrant CS","2022","Crown Prosecution Service","Leeds","Outside London","HEO","5","[c]","[c]","[c]"
"New entrant CS","2022","Crown Prosecution Service","Leicester","Outside London","AO","10","[c]","20420","19740"
"New entrant CS","2022","Crown Prosecution Service","Leicester","Outside London","EO","[c]","[c]","[c]","[c]"
"New entrant CS","2022","Crown Prosecution Service","Leicester","Outside London","G6","[c]","[c]","[c]","[c]"
"New entrant CS","2022","Crown Prosecution Service","Leicester","Outside London","G7","[c]","[c]","[c]","[c]"
"New entrant CS","2022","Crown Prosecution Service","Leicester","Outside London","HEO","[c]","[c]","[c]","[c]"
"New entrant CS","2022","Crown Prosecution Service","Lewisham and Southwark","London","AO","[c]","[c]","[c]","[c]"
"New entrant CS","2022","Crown Prosecution Service","Lincolnshire CC","Outside London","G7","[c]","[c]","[c]","[c]"
"New entrant CS","2022","Crown Prosecution Service","Liverpool","Outside London","AO","20","[c]","20370","18990"
"New entrant CS","2022","Crown Prosecution Service","Liverpool","Outside London","EO","[c]","[c]","[c]","[c]"
"New entrant CS","2022","Crown Prosecution Service","Liverpool","Outside London","G7","[c]","[c]","[c]","[c]"
"New entrant CS","2022","Crown Prosecution Service","Liverpool","Outside London","HEO","5","[c]","[c]","[c]"
"New entrant CS","2022","Crown Prosecution Service","Manchester","Outside London","AO","10","[c]","20410","20500"
"New entrant CS","2022","Crown Prosecution Service","Manchester","Outside London","EO","5","[c]","[c]","[c]"
"New entrant CS","2022","Crown Prosecution Service","Manchester","Outside London","G7","5","[c]","[c]","[c]"
"New entrant CS","2022","Crown Prosecution Service","Manchester","Outside London","HEO","5","[c]","[c]","[c]"
"New entrant CS","2022","Crown Prosecution Service","Manchester","Outside London","SEO","[c]","[c]","[c]","[c]"
"New entrant CS","2022","Crown Prosecution Service","Merton, Kingston upon Thames and Sutton","London","AO","[c]","[c]","[c]","[c]"
"New entrant CS","2022","Crown Prosecution Service","Mid Kent","Outside London","AO","[c]","[c]","[c]","[c]"
"New entrant CS","2022","Crown Prosecution Service","Mid Lancashire","Outside London","AO","[c]","[c]","[c]","[c]"
"New entrant CS","2022","Crown Prosecution Service","Mid Lancashire","Outside London","EO","[c]","[c]","[c]","[c]"
"New entrant CS","2022","Crown Prosecution Service","Mid Lancashire","Outside London","G7","[c]","[c]","[c]","[c]"
"New entrant CS","2022","Crown Prosecution Service","Mid Lancashire","Outside London","HEO","[c]","[c]","[c]","[c]"
"New entrant CS","2022","Crown Prosecution Service","Norwich and East Norfolk","Outside London","AO","5","[c]","[c]","[c]"
"New entrant CS","2022","Crown Prosecution Service","Norwich and East Norfolk","Outside London","EO","[c]","[c]","[c]","[c]"
"New entrant CS","2022","Crown Prosecution Service","Norwich and East Norfolk","Outside London","HEO","[c]","[c]","[c]","[c]"
"New entrant CS","2022","Crown Prosecution Service","Nottingham","Outside London","AO","20","[c]","20420","18990"
"New entrant CS","2022","Crown Prosecution Service","Nottingham","Outside London","EO","15","[c]","25480","25480"
"New entrant CS","2022","Crown Prosecution Service","Nottingham","Outside London","G7","10","[c]","48080","48080"
"New entrant CS","2022","Crown Prosecution Service","Nottingham","Outside London","HEO","10","[c]","[c]","[c]"
"New entrant CS","2022","Crown Prosecution Service","Portsmouth","Outside London","AO","[c]","[c]","[c]","[c]"
"New entrant CS","2022","Crown Prosecution Service","Portsmouth","Outside London","EO","[c]","[c]","[c]","[c]"
"New entrant CS","2022","Crown Prosecution Service","Portsmouth","Outside London","G7","[c]","[c]","[c]","[c]"
"New entrant CS","2022","Crown Prosecution Service","Redbridge and Waltham Forest","London","AO","[c]","[c]","[c]","[c]"
"New entrant CS","2022","Crown Prosecution Service","Sheffield","Outside London","AO","10","[c]","21110","22200"
"New entrant CS","2022","Crown Prosecution Service","Sheffield","Outside London","EO","[c]","[c]","[c]","[c]"
"New entrant CS","2022","Crown Prosecution Service","Sheffield","Outside London","G7","[c]","[c]","[c]","[c]"
"New entrant CS","2022","Crown Prosecution Service","Sheffield","Outside London","HEO","[c]","[c]","[c]","[c]"
"New entrant CS","2022","Crown Prosecution Service","South Hampshire","Outside London","AO","5","[c]","[c]","[c]"
"New entrant CS","2022","Crown Prosecution Service","South Hampshire","Outside London","EO","[c]","[c]","[c]","[c]"
"New entrant CS","2022","Crown Prosecution Service","South Hampshire","Outside London","G7","5","[c]","[c]","[c]"
"New entrant CS","2022","Crown Prosecution Service","South Hampshire","Outside London","HEO","[c]","[c]","[c]","[c]"
"New entrant CS","2022","Crown Prosecution Service","Stoke-on-Trent","Outside London","AO","[c]","[c]","[c]","[c]"
"New entrant CS","2022","Crown Prosecution Service","Stoke-on-Trent","Outside London","G7","[c]","[c]","[c]","[c]"
"New entrant CS","2022","Crown Prosecution Service","Stoke-on-Trent","Outside London","HEO","[c]","[c]","[c]","[c]"
"New entrant CS","2022","Crown Prosecution Service","Stoke-on-Trent","Outside London","SEO","[c]","[c]","[c]","[c]"
"New entrant CS","2022","Crown Prosecution Service","Swansea","Outside London","AO","[c]","[c]","[c]","[c]"
"New entrant CS","2022","Crown Prosecution Service","Swansea","Outside London","EO","[c]","[c]","[c]","[c]"
"New entrant CS","2022","Crown Prosecution Service","Swansea","Outside London","G7","[c]","[c]","[c]","[c]"
"New entrant CS","2022","Crown Prosecution Service","Swansea","Outside London","HEO","[c]","[c]","[c]","[c]"
"New entrant CS","2022","Crown Prosecution Service","Tyneside","Outside London","AO","5","[c]","[c]","[c]"
"New entrant CS","2022","Crown Prosecution Service","Tyneside","Outside London","EO","[c]","[c]","[c]","[c]"
"New entrant CS","2022","Crown Prosecution Service","Tyneside","Outside London","G7","5","[c]","[c]","[c]"
"New entrant CS","2022","Crown Prosecution Service","Tyneside","Outside London","HEO","[c]","[c]","[c]","[c]"
"New entrant CS","2022","Crown Prosecution Service","Tyneside","Outside London","SEO","[c]","[c]","[c]","[c]"
"New entrant CS","2022","Crown Prosecution Service","Wakefield","Outside London","AO","[c]","[c]","[c]","[c]"
"New entrant CS","2022","Crown Prosecution Service","Wakefield","Outside London","HEO","[c]","[c]","[c]","[c]"
"New entrant CS","2022","Crown Prosecution Service","Warrington","Outside London","AO","[c]","[c]","[c]","[c]"
"New entrant CS","2022","Crown Prosecution Service","West Northamptonshire","Outside London","G7","[c]","[c]","[c]","[c]"
"New entrant CS","2022","Crown Prosecution Service","West Surrey","Outside London","AO","[c]","[c]","[c]","[c]"
"New entrant CS","2022","Crown Prosecution Service","West Surrey","Outside London","EO","[c]","[c]","[c]","[c]"
"New entrant CS","2022","Crown Prosecution Service","West Surrey","Outside London","G7","[c]","[c]","[c]","[c]"
"New entrant CS","2022","Crown Prosecution Service","Westminster","London","AO","75","[c]","21770","20370"
"New entrant CS","2022","Crown Prosecution Service","Westminster","London","EO","30","[c]","26980","26970"
"New entrant CS","2022","Crown Prosecution Service","Westminster","London","G6","[c]","[c]","[c]","[c]"
"New entrant CS","2022","Crown Prosecution Service","Westminster","London","G7","45","[c]","54400","53050"
"New entrant CS","2022","Crown Prosecution Service","Westminster","London","HEO","20","[c]","36150","40000"
"New entrant CS","2022","Crown Prosecution Service","Westminster","London","SEO","[c]","[c]","[c]","[c]"
"New entrant CS","2022","Crown Prosecution Service","Wiltshire","Outside London","G7","[c]","[c]","[c]","[c]"
"New entrant CS","2022","Crown Prosecution Service","York","Outside London","AO","[c]","[c]","[c]","[c]"
"New entrant CS","2022","Crown Prosecution Service","York","Outside London","EO","[c]","[c]","[c]","[c]"
"New entrant CS","2022","Crown Prosecution Service","York","Outside London","HEO","[c]","[c]","[c]","[c]"
"New entrant CS","2022","Crown Prosecution Service","York","Outside London","SEO","[c]","[c]","[c]","[c]"
"New entrant CS","2022","Defence Equipment and Support","Bath and North East Somerset, North Somerset and South Gloucestershire","Outside London","EO","355","[c]","21790","21000"
"New entrant CS","2022","Defence Equipment and Support","Bath and North East Somerset, North Somerset and South Gloucestershire","Outside London","G6","5","[c]","[c]","[c]"
"New entrant CS","2022","Defence Equipment and Support","Bath and North East Somerset, North Somerset and South Gloucestershire","Outside London","G7","45","[c]","54710","55000"
"New entrant CS","2022","Defence Equipment and Support","Bath and North East Somerset, North Somerset and South Gloucestershire","Outside London","HEO","175","[c]","29590","29000"
"New entrant CS","2022","Defence Equipment and Support","Bath and North East Somerset, North Somerset and South Gloucestershire","Outside London","SCS level","[c]","[c]","[c]","[c]"
"New entrant CS","2022","Defence Equipment and Support","Bath and North East Somerset, North Somerset and South Gloucestershire","Outside London","SEO","185","[c]","41680","41000"
"New entrant CS","2022","Defence Equipment and Support","Birmingham","Outside London","SEO","[c]","[c]","[c]","[c]"
"New entrant CS","2022","Defence Equipment and Support","Cambridgeshire CC","Outside London","EO","[c]","[c]","[c]","[c]"
"New entrant CS","2022","Defence Equipment and Support","Cambridgeshire CC","Outside London","HEO","[c]","[c]","[c]","[c]"
"New entrant CS","2022","Defence Equipment and Support","Central Bedfordshire","Outside London","EO","[c]","[c]","[c]","[c]"
"New entrant CS","2022","Defence Equipment and Support","Central Bedfordshire","Outside London","SEO","[c]","[c]","[c]","[c]"
"New entrant CS","2022","Defence Equipment and Support","Central Hampshire","Outside London","EO","[c]","[c]","[c]","[c]"
"New entrant CS","2022","Defence Equipment and Support","Central Hampshire","Outside London","G7","[c]","[c]","[c]","[c]"
"New entrant CS","2022","Defence Equipment and Support","Clackmannanshire and Fife","Outside London","EO","[c]","[c]","[c]","[c]"
"New entrant CS","2022","Defence Equipment and Support","Clackmannanshire and Fife","Outside London","HEO","[c]","[c]","[c]","[c]"
"New entrant CS","2022","Defence Equipment and Support","Cornwall and Isles of Scilly","Outside London","HEO","[c]","[c]","[c]","[c]"
"New entrant CS","2022","Defence Equipment and Support","Dorset","Outside London","EO","[c]","[c]","[c]","[c]"
"New entrant CS","2022","Defence Equipment and Support","Dorset","Outside London","SEO","[c]","[c]","[c]","[c]"
"New entrant CS","2022","Defence Equipment and Support","East Ayrshire and North Ayrshire mainland","Outside London","EO","15","[c]","19000","17930"
"New entrant CS","2022","Defence Equipment and Support","East Ayrshire and North Ayrshire mainland","Outside London","HEO","[c]","[c]","[c]","[c]"
"New entrant CS","2022","Defence Equipment and Support","East Ayrshire and North Ayrshire mainland","Outside London","SEO","[c]","[c]","[c]","[c]"
"New entrant CS","2022","Defence Equipment and Support","East Dunbartonshire, West Dunbartonshire, and Helensburgh and Lomond","Outside London","EO","[c]","[c]","[c]","[c]"
"New entrant CS","2022","Defence Equipment and Support","East Dunbartonshire, West Dunbartonshire, and Helensburgh and Lomond","Outside London","HEO","[c]","[c]","[c]","[c]"
"New entrant CS","2022","Defence Equipment and Support","East Dunbartonshire, West Dunbartonshire, and Helensburgh and Lomond","Outside London","SEO","[c]","[c]","[c]","[c]"
"New entrant CS","2022","Defence Equipment and Support","Essex Haven Gateway","Outside London","SEO","[c]","[c]","[c]","[c]"
"New entrant CS","2022","Defence Equipment and Support","Glasgow City","Outside London","EO","[c]","[c]","[c]","[c]"
"New entrant CS","2022","Defence Equipment and Support","Glasgow City","Outside London","G7","[c]","[c]","[c]","[c]"
"New entrant CS","2022","Defence Equipment and Support","Glasgow City","Outside London","HEO","10","[c]","[c]","[c]"
"New entrant CS","2022","Defence Equipment and Support","Glasgow City","Outside London","SEO","10","[c]","[c]","[c]"
"New entrant CS","2022","Defence Equipment and Support","Harrow and Hillingdon","London","EO","10","[c]","19840","19460"
"New entrant CS","2022","Defence Equipment and Support","Harrow and Hillingdon","London","HEO","[c]","[c]","[c]","[c]"
"New entrant CS","2022","Defence Equipment and Support","Harrow and Hillingdon","London","SEO","[c]","[c]","[c]","[c]"
"New entrant CS","2022","Defence Equipment and Support","Inverness and Nairn, Moray, and Badenoch and Strathspey","Outside London","G7","[c]","[c]","[c]","[c]"
"New entrant CS","2022","Defence Equipment and Support","Inverness and Nairn, Moray, and Badenoch and Strathspey","Outside London","HEO","[c]","[c]","[c]","[c]"
"New entrant CS","2022","Defence Equipment and Support","Inverness and Nairn, Moray, and Badenoch and Strathspey","Outside London","SEO","[c]","[c]","[c]","[c]"
"New entrant CS","2022","Defence Equipment and Support","Isle of Anglesey","Outside London","SEO","[c]","[c]","[c]","[c]"
"New entrant CS","2022","Defence Equipment and Support","Lincolnshire CC","Outside London","EO","[c]","[c]","[c]","[c]"
"New entrant CS","2022","Defence Equipment and Support","Lincolnshire CC","Outside London","G7","[c]","[c]","[c]","[c]"
"New entrant CS","2022","Defence Equipment and Support","Lincolnshire CC","Outside London","HEO","10","[c]","30750","30500"
"New entrant CS","2022","Defence Equipment and Support","Lincolnshire CC","Outside London","SEO","5","[c]","[c]","[c]"
"New entrant CS","2022","Defence Equipment and Support","Manchester","Outside London","EO","[c]","[c]","[c]","[c]"
"New entrant CS","2022","Defence Equipment and Support","Manchester","Outside London","G7","[c]","[c]","[c]","[c]"
"New entrant CS","2022","Defence Equipment and Support","Manchester","Outside London","HEO","[c]","[c]","[c]","[c]"
"New entrant CS","2022","Defence Equipment and Support","Manchester","Outside London","SEO","[c]","[c]","[c]","[c]"
"New entrant CS","2022","Defence Equipment and Support","Mid Lancashire","Outside London","HEO","[c]","[c]","[c]","[c]"
"New entrant CS","2022","Defence Equipment and Support","North Nottinghamshire","Outside London","HEO","[c]","[c]","[c]","[c]"
"New entrant CS","2022","Defence Equipment and Support","North Yorkshire CC","Outside London","SEO","[c]","[c]","[c]","[c]"
"New entrant CS","2022","Defence Equipment and Support","Oxfordshire CC","Outside London","G7","[c]","[c]","[c]","[c]"
"New entrant CS","2022","Defence Equipment and Support","Oxfordshire CC","Outside London","HEO","[c]","[c]","[c]","[c]"
"New entrant CS","2022","Defence Equipment and Support","Oxfordshire CC","Outside London","SEO","[c]","[c]","[c]","[c]"
"New entrant CS","2022","Defence Equipment and Support","Plymouth","Outside London","EO","[c]","[c]","[c]","[c]"
"New entrant CS","2022","Defence Equipment and Support","Plymouth","Outside London","HEO","5","[c]","[c]","[c]"
"New entrant CS","2022","Defence Equipment and Support","Portsmouth","Outside London","EO","[c]","[c]","[c]","[c]"
"New entrant CS","2022","Defence Equipment and Support","Portsmouth","Outside London","HEO","[c]","[c]","[c]","[c]"
"New entrant CS","2022","Defence Equipment and Support","Portsmouth","Outside London","SEO","[c]","[c]","[c]","[c]"
"New entrant CS","2022","Defence Equipment and Support","Sandwell","Outside London","HEO","[c]","[c]","[c]","[c]"
"New entrant CS","2022","Defence Equipment and Support","Sandwell","Outside London","SEO","[c]","[c]","[c]","[c]"
"New entrant CS","2022","Defence Equipment and Support","Somerset CC","Outside London","EO","5","[c]","[c]","[c]"
"New entrant CS","2022","Defence Equipment and Support","Somerset CC","Outside London","G7","[c]","[c]","[c]","[c]"
"New entrant CS","2022","Defence Equipment and Support","Somerset CC","Outside London","HEO","15","[c]","30940","33000"
"New entrant CS","2022","Defence Equipment and Support","Somerset CC","Outside London","SEO","5","[c]","[c]","[c]"
"New entrant CS","2022","Defence Equipment and Support","South Hampshire","Outside London","EO","15","[c]","18020","17930"
"New entrant CS","2022","Defence Equipment and Support","South Hampshire","Outside London","HEO","[c]","[c]","[c]","[c]"
"New entrant CS","2022","Defence Equipment and Support","South Nottinghamshire","Outside London","SEO","[c]","[c]","[c]","[c]"
"New entrant CS","2022","Defence Equipment and Support","Southend-on-Sea","Outside London","SEO","[c]","[c]","[c]","[c]"
"New entrant CS","2022","Defence Equipment and Support","Suffolk CC","Outside London","SEO","[c]","[c]","[c]","[c]"
"New entrant CS","2022","Defence Equipment and Support","Telford and Wrekin","Outside London","EO","[c]","[c]","[c]","[c]"
"New entrant CS","2022","Defence Equipment and Support","Telford and Wrekin","Outside London","HEO","[c]","[c]","[c]","[c]"
"New entrant CS","2022","Defence Equipment and Support","Warwickshire CC","Outside London","EO","5","[c]","[c]","[c]"
"New entrant CS","2022","Defence Equipment and Support","Warwickshire CC","Outside London","HEO","[c]","[c]","[c]","[c]"
"New entrant CS","2022","Defence Equipment and Support","Warwickshire CC","Outside London","SEO","[c]","[c]","[c]","[c]"
"New entrant CS","2022","Defence Equipment and Support","Westminster","London","HEO","[c]","[c]","[c]","[c]"
"New entrant CS","2022","Defence Equipment and Support","Wiltshire","Outside London","G7","[c]","[c]","[c]","[c]"
"New entrant CS","2022","Defence Equipment and Support","Wiltshire","Outside London","HEO","[c]","[c]","[c]","[c]"
"New entrant CS","2022","Defence Equipment and Support","Wiltshire","Outside London","SEO","[c]","[c]","[c]","[c]"
"New entrant CS","2022","Defence Equipment and Support","Wirral","Outside London","SEO","[c]","[c]","[c]","[c]"
"New entrant CS","2022","Defence Science and Technology Laboratory","Cambridgeshire CC","Outside London","HEO","[c]","[c]","[c]","[c]"
"New entrant CS","2022","Defence Science and Technology Laboratory","Central Hampshire","Outside London","AA","[c]","[c]","[c]","[c]"
"New entrant CS","2022","Defence Science and Technology Laboratory","Central Hampshire","Outside London","AO","10","[c]","19710","19170"
"New entrant CS","2022","Defence Science and Technology Laboratory","Central Hampshire","Outside London","EO","25","[c]","23300","23490"
"New entrant CS","2022","Defence Science and Technology Laboratory","Central Hampshire","Outside London","G6","[c]","[c]","[c]","[c]"
"New entrant CS","2022","Defence Science and Technology Laboratory","Central Hampshire","Outside London","G7","30","[c]","48180","47010"
"New entrant CS","2022","Defence Science and Technology Laboratory","Central Hampshire","Outside London","HEO","115","[c]","27070","26030"
"New entrant CS","2022","Defence Science and Technology Laboratory","Central Hampshire","Outside London","SEO","30","[c]","36720","38070"
"New entrant CS","2022","Defence Science and Technology Laboratory","South Hampshire","Outside London","G7","[c]","[c]","[c]","[c]"
"New entrant CS","2022","Defence Science and Technology Laboratory","South Hampshire","Outside London","HEO","[c]","[c]","[c]","[c]"
"New entrant CS","2022","Defence Science and Technology Laboratory","West Kent","Outside London","AA","5","[c]","[c]","[c]"
"New entrant CS","2022","Defence Science and Technology Laboratory","West Kent","Outside London","G6","[c]","[c]","[c]","[c]"
"New entrant CS","2022","Defence Science and Technology Laboratory","Wiltshire","Outside London","AA","50","[c]","17140","17540"
"New entrant CS","2022","Defence Science and Technology Laboratory","Wiltshire","Outside London","AO","45","[c]","19690","18330"
"New entrant CS","2022","Defence Science and Technology Laboratory","Wiltshire","Outside London","EO","45","[c]","23630","23490"
"New entrant CS","2022","Defence Science and Technology Laboratory","Wiltshire","Outside London","G6","[c]","[c]","[c]","[c]"
"New entrant CS","2022","Defence Science and Technology Laboratory","Wiltshire","Outside London","G7","50","[c]","50590","47010"
"New entrant CS","2022","Defence Science and Technology Laboratory","Wiltshire","Outside London","HEO","165","[c]","27680","27010"
"New entrant CS","2022","Defence Science and Technology Laboratory","Wiltshire","Outside London","SCS level","[c]","[c]","[c]","[c]"
"New entrant CS","2022","Defence Science and Technology Laboratory","Wiltshire","Outside London","SEO","60","[c]","37330","38070"
"New entrant CS","2022","Department for Business, Energy and Industrial Strategy (excl. agencies)","Aberdeen City and Aberdeenshire","Outside London","AO","[c]","[c]","[c]","[c]"
"New entrant CS","2022","Department for Business, Energy and Industrial Strategy (excl. agencies)","Aberdeen City and Aberdeenshire","Outside London","EO","[c]","[c]","[c]","[c]"
"New entrant CS","2022","Department for Business, Energy and Industrial Strategy (excl. agencies)","Aberdeen City and Aberdeenshire","Outside London","G7","[c]","[c]","[c]","[c]"
"New entrant CS","2022","Department for Business, Energy and Industrial Strategy (excl. agencies)","Aberdeen City and Aberdeenshire","Outside London","SEO","5","[c]","[c]","[c]"
"New entrant CS","2022","Department for Business, Energy and Industrial Strategy (excl. agencies)","Birmingham","Outside London","AO","[c]","[c]","[c]","[c]"
"New entrant CS","2022","Department for Business, Energy and Industrial Strategy (excl. agencies)","Birmingham","Outside London","EO","15","[c]","25270","24570"
"New entrant CS","2022","Department for Business, Energy and Industrial Strategy (excl. agencies)","Birmingham","Outside London","G6","[c]","[c]","[c]","[c]"
"New entrant CS","2022","Department for Business, Energy and Industrial Strategy (excl. agencies)","Birmingham","Outside London","G7","10","[c]","49720","49080"
"New entrant CS","2022","Department for Business, Energy and Industrial Strategy (excl. agencies)","Birmingham","Outside London","HEO","10","[c]","[c]","[c]"
"New entrant CS","2022","Department for Business, Energy and Industrial Strategy (excl. agencies)","Birmingham","Outside London","SCS level","[c]","[c]","[c]","[c]"
"New entrant CS","2022","Department for Business, Energy and Industrial Strategy (excl. agencies)","Birmingham","Outside London","SEO","10","[c]","39120","38900"
"New entrant CS","2022","Department for Business, Energy and Industrial Strategy (excl. agencies)","Bristol, City of","Outside London","SCS level","[c]","[c]","[c]","[c]"
"New entrant CS","2022","Department for Business, Energy and Industrial Strategy (excl. agencies)","Cambridgeshire CC","Outside London","EO","[c]","[c]","[c]","[c]"
"New entrant CS","2022","Department for Business, Energy and Industrial Strategy (excl. agencies)","Cardiff and Vale of Glamorgan","Outside London","EO","5","[c]","[c]","[c]"
"New entrant CS","2022","Department for Business, Energy and Industrial Strategy (excl. agencies)","Cardiff and Vale of Glamorgan","Outside London","HEO","[c]","[c]","[c]","[c]"
"New entrant CS","2022","Department for Business, Energy and Industrial Strategy (excl. agencies)","City of Edinburgh","Outside London","G7","[c]","[c]","[c]","[c]"
"New entrant CS","2022","Department for Business, Energy and Industrial Strategy (excl. agencies)","Greater Manchester South West","Outside London","AO","[c]","[c]","[c]","[c]"
"New entrant CS","2022","Department for Business, Energy and Industrial Strategy (excl. agencies)","Greater Manchester South West","Outside London","EO","10","[c]","24820","24570"
"New entrant CS","2022","Department for Business, Energy and Industrial Strategy (excl. agencies)","Greater Manchester South West","Outside London","G6","[c]","[c]","[c]","[c]"
"New entrant CS","2022","Department for Business, Energy and Industrial Strategy (excl. agencies)","Greater Manchester South West","Outside London","G7","15","[c]","49230","49080"
"New entrant CS","2022","Department for Business, Energy and Industrial Strategy (excl. agencies)","Greater Manchester South West","Outside London","HEO","50","[c]","30680","30360"
"New entrant CS","2022","Department for Business, Energy and Industrial Strategy (excl. agencies)","Greater Manchester South West","Outside London","SEO","35","[c]","36940","36740"
"New entrant CS","2022","Department for Business, Energy and Industrial Strategy (excl. agencies)","Hounslow and Richmond upon Thames","London","EO","[c]","[c]","[c]","[c]"
"New entrant CS","2022","Department for Business, Energy and Industrial Strategy (excl. agencies)","Hounslow and Richmond upon Thames","London","G7","[c]","[c]","[c]","[c]"
"New entrant CS","2022","Department for Business, Energy and Industrial Strategy (excl. agencies)","Hounslow and Richmond upon Thames","London","HEO","10","[c]","36150","36150"
"New entrant CS","2022","Department for Business, Energy and Industrial Strategy (excl. agencies)","Hounslow and Richmond upon Thames","London","SEO","5","[c]","[c]","[c]"
"New entrant CS","2022","Department for Business, Energy and Industrial Strategy (excl. agencies)","Leeds","Outside London","SEO","[c]","[c]","[c]","[c]"
"New entrant CS","2022","Department for Business, Energy and Industrial Strategy (excl. agencies)","Nottingham","Outside London","EO","[c]","[c]","[c]","[c]"
"New entrant CS","2022","Department for Business, Energy and Industrial Strategy (excl. agencies)","Swindon","Outside London","HEO","[c]","[c]","[c]","[c]"
"New entrant CS","2022","Department for Business, Energy and Industrial Strategy (excl. agencies)","Swindon","Outside London","SEO","[c]","[c]","[c]","[c]"
"New entrant CS","2022","Department for Business, Energy and Industrial Strategy (excl. agencies)","Tyneside","Outside London","HEO","[c]","[c]","[c]","[c]"
"New entrant CS","2022","Department for Business, Energy and Industrial Strategy (excl. agencies)","Unknown","Unknown","EO","[c]","[c]","[c]","[c]"
"New entrant CS","2022","Department for Business, Energy and Industrial Strategy (excl. agencies)","Westminster","London","AO","15","[c]","24900","24900"
"New entrant CS","2022","Department for Business, Energy and Industrial Strategy (excl. agencies)","Westminster","London","EO","105","[c]","28090","27680"
"New entrant CS","2022","Department for Business, Energy and Industrial Strategy (excl. agencies)","Westminster","London","G6","10","[c]","[c]","[c]"
"New entrant CS","2022","Department for Business, Energy and Industrial Strategy (excl. agencies)","Westminster","London","G7","50","[c]","55060","53380"
"New entrant CS","2022","Department for Business, Energy and Industrial Strategy (excl. agencies)","Westminster","London","HEO","195","[c]","34320","33570"
"New entrant CS","2022","Department for Business, Energy and Industrial Strategy (excl. agencies)","Westminster","London","SCS level","5","[c]","[c]","[c]"
"New entrant CS","2022","Department for Business, Energy and Industrial Strategy (excl. agencies)","Westminster","London","SEO","95","[c]","41470","40050"
"New entrant CS","2022","Department for Digital, Culture, Media and Sport","Belfast","Outside London","HEO","[c]","[c]","[c]","[c]"
"New entrant CS","2022","Department for Digital, Culture, Media and Sport","Birmingham","Outside London","HEO","[c]","[c]","[c]","[c]"
"New entrant CS","2022","Department for Digital, Culture, Media and Sport","Bristol, City of","Outside London","G7","[c]","[c]","[c]","[c]"
"New entrant CS","2022","Department for Digital, Culture, Media and Sport","Bristol, City of","Outside London","HEO","[c]","[c]","[c]","[c]"
"New entrant CS","2022","Department for Digital, Culture, Media and Sport","Cardiff and Vale of Glamorgan","Outside London","G6","[c]","[c]","[c]","[c]"
"New entrant CS","2022","Department for Digital, Culture, Media and Sport","Cardiff and Vale of Glamorgan","Outside London","G7","[c]","[c]","[c]","[c]"
"New entrant CS","2022","Department for Digital, Culture, Media and Sport","Cardiff and Vale of Glamorgan","Outside London","HEO","[c]","[c]","[c]","[c]"
"New entrant CS","2022","Department for Digital, Culture, Media and Sport","City of Edinburgh","Outside London","EO","[c]","[c]","[c]","[c]"
"New entrant CS","2022","Department for Digital, Culture, Media and Sport","City of Edinburgh","Outside London","HEO","[c]","[c]","[c]","[c]"
"New entrant CS","2022","Department for Digital, Culture, Media and Sport","Glasgow City","Outside London","EO","[c]","[c]","[c]","[c]"
"New entrant CS","2022","Department for Digital, Culture, Media and Sport","Glasgow City","Outside London","G6","[c]","[c]","[c]","[c]"
"New entrant CS","2022","Department for Digital, Culture, Media and Sport","Glasgow City","Outside London","HEO","[c]","[c]","[c]","[c]"
"New entrant CS","2022","Department for Digital, Culture, Media and Sport","Leeds","Outside London","EO","[c]","[c]","[c]","[c]"
"New entrant CS","2022","Department for Digital, Culture, Media and Sport","Leeds","Outside London","G6","[c]","[c]","[c]","[c]"
"New entrant CS","2022","Department for Digital, Culture, Media and Sport","Leeds","Outside London","HEO","5","[c]","[c]","[c]"
"New entrant CS","2022","Department for Digital, Culture, Media and Sport","Liverpool","Outside London","EO","[c]","[c]","[c]","[c]"
"New entrant CS","2022","Department for Digital, Culture, Media and Sport","Liverpool","Outside London","HEO","[c]","[c]","[c]","[c]"
"New entrant CS","2022","Department for Digital, Culture, Media and Sport","Manchester","Outside London","EO","[c]","[c]","[c]","[c]"
"New entrant CS","2022","Department for Digital, Culture, Media and Sport","Manchester","Outside London","G6","[c]","[c]","[c]","[c]"
"New entrant CS","2022","Department for Digital, Culture, Media and Sport","Manchester","Outside London","G7","5","[c]","[c]","[c]"
"New entrant CS","2022","Department for Digital, Culture, Media and Sport","Manchester","Outside London","HEO","20","[c]","33460","30960"
"New entrant CS","2022","Department for Digital, Culture, Media and Sport","Nottingham","Outside London","HEO","[c]","[c]","[c]","[c]"
"New entrant CS","2022","Department for Digital, Culture, Media and Sport","Tyneside","Outside London","EO","[c]","[c]","[c]","[c]"
"New entrant CS","2022","Department for Digital, Culture, Media and Sport","Tyneside","Outside London","G7","[c]","[c]","[c]","[c]"
"New entrant CS","2022","Department for Digital, Culture, Media and Sport","Tyneside","Outside London","HEO","[c]","[c]","[c]","[c]"
"New entrant CS","2022","Department for Digital, Culture, Media and Sport","Westminster","London","AO","10","[c]","[c]","[c]"
"New entrant CS","2022","Department for Digital, Culture, Media and Sport","Westminster","London","EO","85","[c]","26300","26180"
"New entrant CS","2022","Department for Digital, Culture, Media and Sport","Westminster","London","G6","[c]","[c]","[c]","[c]"
"New entrant CS","2022","Department for Digital, Culture, Media and Sport","Westminster","London","G7","40","[c]","53190","51730"
"New entrant CS","2022","Department for Digital, Culture, Media and Sport","Westminster","London","HEO","185","[c]","34700","34020"
"New entrant CS","2022","Department for Digital, Culture, Media and Sport","Westminster","London","SCS level","[c]","[c]","[c]","[c]"
"New entrant CS","2022","Department for Education (excl. agencies)","Birmingham","Outside London","G7","[c]","[c]","[c]","[c]"
"New entrant CS","2022","Department for Education (excl. agencies)","Bristol, City of","Outside London","AO","[c]","[c]","[c]","[c]"
"New entrant CS","2022","Department for Education (excl. agencies)","Bristol, City of","Outside London","EO","10","[c]","[c]","[c]"
"New entrant CS","2022","Department for Education (excl. agencies)","Bristol, City of","Outside London","G6","[c]","[c]","[c]","[c]"
"New entrant CS","2022","Department for Education (excl. agencies)","Bristol, City of","Outside London","G7","10","[c]","49860","49860"
"New entrant CS","2022","Department for Education (excl. agencies)","Bristol, City of","Outside London","HEO","15","[c]","30980","29360"
"New entrant CS","2022","Department for Education (excl. agencies)","Bristol, City of","Outside London","SEO","15","[c]","37530","36500"
"New entrant CS","2022","Department for Education (excl. agencies)","Bromley","London","G7","[c]","[c]","[c]","[c]"
"New entrant CS","2022","Department for Education (excl. agencies)","Cambridgeshire CC","Outside London","EO","[c]","[c]","[c]","[c]"
"New entrant CS","2022","Department for Education (excl. agencies)","Cambridgeshire CC","Outside London","HEO","[c]","[c]","[c]","[c]"
"New entrant CS","2022","Department for Education (excl. agencies)","Chorley and West Lancashire","Outside London","G6","[c]","[c]","[c]","[c]"
"New entrant CS","2022","Department for Education (excl. agencies)","Clackmannanshire and Fife","Outside London","G7","[c]","[c]","[c]","[c]"
"New entrant CS","2022","Department for Education (excl. agencies)","Conwy and Denbighshire","Outside London","G6","[c]","[c]","[c]","[c]"
"New entrant CS","2022","Department for Education (excl. agencies)","Coventry","Outside London","AO","[c]","[c]","[c]","[c]"
"New entrant CS","2022","Department for Education (excl. agencies)","Coventry","Outside London","EO","20","[c]","25230","25000"
"New entrant CS","2022","Department for Education (excl. agencies)","Coventry","Outside London","G6","[c]","[c]","[c]","[c]"
"New entrant CS","2022","Department for Education (excl. agencies)","Coventry","Outside London","G7","10","[c]","[c]","[c]"
"New entrant CS","2022","Department for Education (excl. agencies)","Coventry","Outside London","HEO","35","[c]","29320","29360"
"New entrant CS","2022","Department for Education (excl. agencies)","Coventry","Outside London","SEO","25","[c]","36590","36500"
"New entrant CS","2022","Department for Education (excl. agencies)","Croydon","London","EO","[c]","[c]","[c]","[c]"
"New entrant CS","2022","Department for Education (excl. agencies)","Croydon","London","HEO","[c]","[c]","[c]","[c]"
"New entrant CS","2022","Department for Education (excl. agencies)","Darlington","Outside London","AO","10","[c]","21250","21250"
"New entrant CS","2022","Department for Education (excl. agencies)","Darlington","Outside London","EO","20","[c]","25000","25000"
"New entrant CS","2022","Department for Education (excl. agencies)","Darlington","Outside London","G6","[c]","[c]","[c]","[c]"
"New entrant CS","2022","Department for Education (excl. agencies)","Darlington","Outside London","G7","[c]","[c]","[c]","[c]"
"New entrant CS","2022","Department for Education (excl. agencies)","Darlington","Outside London","HEO","20","[c]","29550","29360"
"New entrant CS","2022","Department for Education (excl. agencies)","Darlington","Outside London","SEO","25","[c]","37180","36500"
"New entrant CS","2022","Department for Education (excl. agencies)","Devon CC","Outside London","G6","[c]","[c]","[c]","[c]"
"New entrant CS","2022","Department for Education (excl. agencies)","Durham","Outside London","G6","[c]","[c]","[c]","[c]"
"New entrant CS","2022","Department for Education (excl. agencies)","East Riding of Yorkshire","Outside London","G7","[c]","[c]","[c]","[c]"
"New entrant CS","2022","Department for Education (excl. agencies)","East Sussex CC","Outside London","G6","[c]","[c]","[c]","[c]"
"New entrant CS","2022","Department for Education (excl. agencies)","Gloucestershire CC","Outside London","G6","[c]","[c]","[c]","[c]"
"New entrant CS","2022","Department for Education (excl. agencies)","Greater Manchester South West","Outside London","G6","[c]","[c]","[c]","[c]"
"New entrant CS","2022","Department for Education (excl. agencies)","Gwynedd","Outside London","G6","[c]","[c]","[c]","[c]"
"New entrant CS","2022","Department for Education (excl. agencies)","Haringey and Islington","London","G7","[c]","[c]","[c]","[c]"
"New entrant CS","2022","Department for Education (excl. agencies)","Hertfordshire CC","Outside London","G7","[c]","[c]","[c]","[c]"
"New entrant CS","2022","Department for Education (excl. agencies)","Inverclyde, East Renfrewshire, and Renfrewshire","Outside London","EO","[c]","[c]","[c]","[c]"
"New entrant CS","2022","Department for Education (excl. agencies)","Lancaster and Wyre","Outside London","G7","[c]","[c]","[c]","[c]"
"New entrant CS","2022","Department for Education (excl. agencies)","Leeds","Outside London","EO","[c]","[c]","[c]","[c]"
"New entrant CS","2022","Department for Education (excl. agencies)","Leeds","Outside London","G6","[c]","[c]","[c]","[c]"
"New entrant CS","2022","Department for Education (excl. agencies)","Leeds","Outside London","G7","[c]","[c]","[c]","[c]"
"New entrant CS","2022","Department for Education (excl. agencies)","Leeds","Outside London","SCS level","[c]","[c]","[c]","[c]"
"New entrant CS","2022","Department for Education (excl. agencies)","Leeds","Outside London","SEO","5","[c]","[c]","[c]"
"New entrant CS","2022","Department for Education (excl. agencies)","Leicestershire CC and Rutland","Outside London","G7","[c]","[c]","[c]","[c]"
"New entrant CS","2022","Department for Education (excl. agencies)","Manchester","Outside London","AO","5","[c]","[c]","[c]"
"New entrant CS","2022","Department for Education (excl. agencies)","Manchester","Outside London","EO","60","[c]","25000","25000"
"New entrant CS","2022","Department for Education (excl. agencies)","Manchester","Outside London","G6","[c]","[c]","[c]","[c]"
"New entrant CS","2022","Department for Education (excl. agencies)","Manchester","Outside London","G7","20","[c]","50310","49860"
"New entrant CS","2022","Department for Education (excl. agencies)","Manchester","Outside London","HEO","40","[c]","29980","29360"
"New entrant CS","2022","Department for Education (excl. agencies)","Manchester","Outside London","SEO","40","[c]","37030","36500"
"New entrant CS","2022","Department for Education (excl. agencies)","Mid Lancashire","Outside London","G6","[c]","[c]","[c]","[c]"
"New entrant CS","2022","Department for Education (excl. agencies)","Nottingham","Outside London","AO","[c]","[c]","[c]","[c]"
"New entrant CS","2022","Department for Education (excl. agencies)","Nottingham","Outside London","EO","15","[c]","25770","25000"
"New entrant CS","2022","Department for Education (excl. agencies)","Nottingham","Outside London","G7","10","[c]","50570","49860"
"New entrant CS","2022","Department for Education (excl. agencies)","Nottingham","Outside London","HEO","10","[c]","29950","29360"
"New entrant CS","2022","Department for Education (excl. agencies)","Nottingham","Outside London","SEO","10","[c]","[c]","[c]"
"New entrant CS","2022","Department for Education (excl. agencies)","Perth and Kinross, and Stirling","Outside London","G7","[c]","[c]","[c]","[c]"
"New entrant CS","2022","Department for Education (excl. agencies)","Sheffield","Outside London","AO","[c]","[c]","[c]","[c]"
"New entrant CS","2022","Department for Education (excl. agencies)","Sheffield","Outside London","EO","65","[c]","25150","25000"
"New entrant CS","2022","Department for Education (excl. agencies)","Sheffield","Outside London","G6","[c]","[c]","[c]","[c]"
"New entrant CS","2022","Department for Education (excl. agencies)","Sheffield","Outside London","G7","10","[c]","49860","49860"
"New entrant CS","2022","Department for Education (excl. agencies)","Sheffield","Outside London","HEO","30","[c]","30220","29360"
"New entrant CS","2022","Department for Education (excl. agencies)","Sheffield","Outside London","SEO","30","[c]","37590","36500"
"New entrant CS","2022","Department for Education (excl. agencies)","Solihull","Outside London","G7","[c]","[c]","[c]","[c]"
"New entrant CS","2022","Department for Education (excl. agencies)","South Nottinghamshire","Outside London","G6","[c]","[c]","[c]","[c]"
"New entrant CS","2022","Department for Education (excl. agencies)","Staffordshire CC","Outside London","G6","[c]","[c]","[c]","[c]"
"New entrant CS","2022","Department for Education (excl. agencies)","Tyneside","Outside London","AO","[c]","[c]","[c]","[c]"
"New entrant CS","2022","Department for Education (excl. agencies)","Tyneside","Outside London","EO","5","[c]","[c]","[c]"
"New entrant CS","2022","Department for Education (excl. agencies)","Tyneside","Outside London","G7","5","[c]","[c]","[c]"
"New entrant CS","2022","Department for Education (excl. agencies)","Tyneside","Outside London","HEO","5","[c]","[c]","[c]"
"New entrant CS","2022","Department for Education (excl. agencies)","Tyneside","Outside London","SEO","10","[c]","[c]","[c]"
"New entrant CS","2022","Department for Education (excl. agencies)","Wakefield","Outside London","G7","[c]","[c]","[c]","[c]"
"New entrant CS","2022","Department for Education (excl. agencies)","Warwickshire CC","Outside London","G6","[c]","[c]","[c]","[c]"
"New entrant CS","2022","Department for Education (excl. agencies)","West Kent","Outside London","G6","[c]","[c]","[c]","[c]"
"New entrant CS","2022","Department for Education (excl. agencies)","West Surrey","Outside London","G6","[c]","[c]","[c]","[c]"
"New entrant CS","2022","Department for Education (excl. agencies)","West Sussex (North East)","Outside London","G7","[c]","[c]","[c]","[c]"
"New entrant CS","2022","Department for Education (excl. agencies)","Westminster","London","AO","5","[c]","[c]","[c]"
"New entrant CS","2022","Department for Education (excl. agencies)","Westminster","London","EO","50","[c]","27870","28500"
"New entrant CS","2022","Department for Education (excl. agencies)","Westminster","London","G6","5","[c]","[c]","[c]"
"New entrant CS","2022","Department for Education (excl. agencies)","Westminster","London","G7","20","[c]","53880","53420"
"New entrant CS","2022","Department for Education (excl. agencies)","Westminster","London","HEO","45","[c]","34570","32940"
"New entrant CS","2022","Department for Education (excl. agencies)","Westminster","London","SEO","25","[c]","40640","40230"
"New entrant CS","2022","Department for Environment, Food and Rural Affairs (excl. agencies)","Aberdeen City and Aberdeenshire","Outside London","SEO","[c]","[c]","[c]","[c]"
"New entrant CS","2022","Department for Environment, Food and Rural Affairs (excl. agencies)","Ards and North Down","Outside London","G7","[c]","[c]","[c]","[c]"
"New entrant CS","2022","Department for Environment, Food and Rural Affairs (excl. agencies)","Barnet","London","HEO","[c]","[c]","[c]","[c]"
"New entrant CS","2022","Department for Environment, Food and Rural Affairs (excl. agencies)","Barnsley, Doncaster and Rotherham","Outside London","EO","[c]","[c]","[c]","[c]"
"New entrant CS","2022","Department for Environment, Food and Rural Affairs (excl. agencies)","Barnsley, Doncaster and Rotherham","Outside London","G7","[c]","[c]","[c]","[c]"
"New entrant CS","2022","Department for Environment, Food and Rural Affairs (excl. agencies)","Bath and North East Somerset, North Somerset and South Gloucestershire","Outside London","SEO","[c]","[c]","[c]","[c]"
"New entrant CS","2022","Department for Environment, Food and Rural Affairs (excl. agencies)","Berkshire","Outside London","AO","[c]","[c]","[c]","[c]"
"New entrant CS","2022","Department for Environment, Food and Rural Affairs (excl. agencies)","Berkshire","Outside London","EO","[c]","[c]","[c]","[c]"
"New entrant CS","2022","Department for Environment, Food and Rural Affairs (excl. agencies)","Berkshire","Outside London","G7","10","[c]","[c]","[c]"
"New entrant CS","2022","Department for Environment, Food and Rural Affairs (excl. agencies)","Berkshire","Outside London","HEO","5","[c]","[c]","[c]"
"New entrant CS","2022","Department for Environment, Food and Rural Affairs (excl. agencies)","Berkshire","Outside London","SCS level","[c]","[c]","[c]","[c]"
"New entrant CS","2022","Department for Environment, Food and Rural Affairs (excl. agencies)","Berkshire","Outside London","SEO","10","[c]","[c]","[c]"
"New entrant CS","2022","Department for Environment, Food and Rural Affairs (excl. agencies)","Birmingham","Outside London","AO","[c]","[c]","[c]","[c]"
"New entrant CS","2022","Department for Environment, Food and Rural Affairs (excl. agencies)","Birmingham","Outside London","EO","5","[c]","[c]","[c]"
"New entrant CS","2022","Department for Environment, Food and Rural Affairs (excl. agencies)","Birmingham","Outside London","G6","[c]","[c]","[c]","[c]"
"New entrant CS","2022","Department for Environment, Food and Rural Affairs (excl. agencies)","Birmingham","Outside London","G7","5","[c]","[c]","[c]"
"New entrant CS","2022","Department for Environment, Food and Rural Affairs (excl. agencies)","Birmingham","Outside London","HEO","10","[c]","[c]","[c]"
"New entrant CS","2022","Department for Environment, Food and Rural Affairs (excl. agencies)","Birmingham","Outside London","SEO","15","[c]","36370","35900"
"New entrant CS","2022","Department for Environment, Food and Rural Affairs (excl. agencies)","Bournemouth, Christchurch and Poole","Outside London","HEO","[c]","[c]","[c]","[c]"
"New entrant CS","2022","Department for Environment, Food and Rural Affairs (excl. agencies)","Bradford","Outside London","G7","[c]","[c]","[c]","[c]"
"New entrant CS","2022","Department for Environment, Food and Rural Affairs (excl. agencies)","Breckland and South Norfolk","Outside London","HEO","[c]","[c]","[c]","[c]"
"New entrant CS","2022","Department for Environment, Food and Rural Affairs (excl. agencies)","Bristol, City of","Outside London","AO","10","[c]","[c]","[c]"
"New entrant CS","2022","Department for Environment, Food and Rural Affairs (excl. agencies)","Bristol, City of","Outside London","EO","25","[c]","24300","24920"
"New entrant CS","2022","Department for Environment, Food and Rural Affairs (excl. agencies)","Bristol, City of","Outside London","G6","10","[c]","[c]","[c]"
"New entrant CS","2022","Department for Environment, Food and Rural Affairs (excl. agencies)","Bristol, City of","Outside London","G7","60","[c]","48910","47550"
"New entrant CS","2022","Department for Environment, Food and Rural Affairs (excl. agencies)","Bristol, City of","Outside London","HEO","95","[c]","29630","29180"
"New entrant CS","2022","Department for Environment, Food and Rural Affairs (excl. agencies)","Bristol, City of","Outside London","SCS level","[c]","[c]","[c]","[c]"
"New entrant CS","2022","Department for Environment, Food and Rural Affairs (excl. agencies)","Bristol, City of","Outside London","SEO","60","[c]","36840","35900"
"New entrant CS","2022","Department for Environment, Food and Rural Affairs (excl. agencies)","Buckinghamshire","Outside London","EO","[c]","[c]","[c]","[c]"
"New entrant CS","2022","Department for Environment, Food and Rural Affairs (excl. agencies)","Cambridgeshire CC","Outside London","EO","[c]","[c]","[c]","[c]"
"New entrant CS","2022","Department for Environment, Food and Rural Affairs (excl. agencies)","Cambridgeshire CC","Outside London","G7","[c]","[c]","[c]","[c]"
"New entrant CS","2022","Department for Environment, Food and Rural Affairs (excl. agencies)","Cambridgeshire CC","Outside London","HEO","[c]","[c]","[c]","[c]"
"New entrant CS","2022","Department for Environment, Food and Rural Affairs (excl. agencies)","Cambridgeshire CC","Outside London","SEO","[c]","[c]","[c]","[c]"
"New entrant CS","2022","Department for Environment, Food and Rural Affairs (excl. agencies)","Camden and City of London","London","EO","[c]","[c]","[c]","[c]"
"New entrant CS","2022","Department for Environment, Food and Rural Affairs (excl. agencies)","Cardiff and Vale of Glamorgan","Outside London","G7","[c]","[c]","[c]","[c]"
"New entrant CS","2022","Department for Environment, Food and Rural Affairs (excl. agencies)","Cardiff and Vale of Glamorgan","Outside London","HEO","[c]","[c]","[c]","[c]"
"New entrant CS","2022","Department for Environment, Food and Rural Affairs (excl. agencies)","Cardiff and Vale of Glamorgan","Outside London","SEO","[c]","[c]","[c]","[c]"
"New entrant CS","2022","Department for Environment, Food and Rural Affairs (excl. agencies)","Central Bedfordshire","Outside London","SEO","[c]","[c]","[c]","[c]"
"New entrant CS","2022","Department for Environment, Food and Rural Affairs (excl. agencies)","Central Hampshire","Outside London","G7","[c]","[c]","[c]","[c]"
"New entrant CS","2022","Department for Environment, Food and Rural Affairs (excl. agencies)","Central Hampshire","Outside London","HEO","[c]","[c]","[c]","[c]"
"New entrant CS","2022","Department for Environment, Food and Rural Affairs (excl. agencies)","Central Hampshire","Outside London","SEO","[c]","[c]","[c]","[c]"
"New entrant CS","2022","Department for Environment, Food and Rural Affairs (excl. agencies)","Cheshire East","Outside London","EO","[c]","[c]","[c]","[c]"
"New entrant CS","2022","Department for Environment, Food and Rural Affairs (excl. agencies)","Cheshire East","Outside London","G6","[c]","[c]","[c]","[c]"
"New entrant CS","2022","Department for Environment, Food and Rural Affairs (excl. agencies)","Cheshire East","Outside London","G7","[c]","[c]","[c]","[c]"
"New entrant CS","2022","Department for Environment, Food and Rural Affairs (excl. agencies)","Cheshire East","Outside London","HEO","10","[c]","[c]","[c]"
"New entrant CS","2022","Department for Environment, Food and Rural Affairs (excl. agencies)","Cheshire East","Outside London","SCS level","[c]","[c]","[c]","[c]"
"New entrant CS","2022","Department for Environment, Food and Rural Affairs (excl. agencies)","Cheshire East","Outside London","SEO","[c]","[c]","[c]","[c]"
"New entrant CS","2022","Department for Environment, Food and Rural Affairs (excl. agencies)","Chorley and West Lancashire","Outside London","G7","[c]","[c]","[c]","[c]"
"New entrant CS","2022","Department for Environment, Food and Rural Affairs (excl. agencies)","Chorley and West Lancashire","Outside London","HEO","[c]","[c]","[c]","[c]"
"New entrant CS","2022","Department for Environment, Food and Rural Affairs (excl. agencies)","Chorley and West Lancashire","Outside London","SEO","[c]","[c]","[c]","[c]"
"New entrant CS","2022","Department for Environment, Food and Rural Affairs (excl. agencies)","City of Edinburgh","Outside London","G7","[c]","[c]","[c]","[c]"
"New entrant CS","2022","Department for Environment, Food and Rural Affairs (excl. agencies)","City of Edinburgh","Outside London","HEO","[c]","[c]","[c]","[c]"
"New entrant CS","2022","Department for Environment, Food and Rural Affairs (excl. agencies)","Cornwall and Isles of Scilly","Outside London","G7","[c]","[c]","[c]","[c]"
"New entrant CS","2022","Department for Environment, Food and Rural Affairs (excl. agencies)","Cornwall and Isles of Scilly","Outside London","HEO","[c]","[c]","[c]","[c]"
"New entrant CS","2022","Department for Environment, Food and Rural Affairs (excl. agencies)","Cornwall and Isles of Scilly","Outside London","SEO","[c]","[c]","[c]","[c]"
"New entrant CS","2022","Department for Environment, Food and Rural Affairs (excl. agencies)","Coventry","Outside London","HEO","[c]","[c]","[c]","[c]"
"New entrant CS","2022","Department for Environment, Food and Rural Affairs (excl. agencies)","Coventry","Outside London","SEO","[c]","[c]","[c]","[c]"
"New entrant CS","2022","Department for Environment, Food and Rural Affairs (excl. agencies)","Darlington","Outside London","SEO","[c]","[c]","[c]","[c]"
"New entrant CS","2022","Department for Environment, Food and Rural Affairs (excl. agencies)","Devon CC","Outside London","AO","[c]","[c]","[c]","[c]"
"New entrant CS","2022","Department for Environment, Food and Rural Affairs (excl. agencies)","Devon CC","Outside London","EO","5","[c]","[c]","[c]"
"New entrant CS","2022","Department for Environment, Food and Rural Affairs (excl. agencies)","Devon CC","Outside London","G6","[c]","[c]","[c]","[c]"
"New entrant CS","2022","Department for Environment, Food and Rural Affairs (excl. agencies)","Devon CC","Outside London","G7","5","[c]","[c]","[c]"
"New entrant CS","2022","Department for Environment, Food and Rural Affairs (excl. agencies)","Devon CC","Outside London","HEO","[c]","[c]","[c]","[c]"
"New entrant CS","2022","Department for Environment, Food and Rural Affairs (excl. agencies)","Devon CC","Outside London","SEO","15","[c]","36520","35900"
"New entrant CS","2022","Department for Environment, Food and Rural Affairs (excl. agencies)","Dorset","Outside London","HEO","[c]","[c]","[c]","[c]"
"New entrant CS","2022","Department for Environment, Food and Rural Affairs (excl. agencies)","Dorset","Outside London","SEO","[c]","[c]","[c]","[c]"
"New entrant CS","2022","Department for Environment, Food and Rural Affairs (excl. agencies)","Dudley","Outside London","G7","[c]","[c]","[c]","[c]"
"New entrant CS","2022","Department for Environment, Food and Rural Affairs (excl. agencies)","Durham","Outside London","G7","[c]","[c]","[c]","[c]"
"New entrant CS","2022","Department for Environment, Food and Rural Affairs (excl. agencies)","Durham","Outside London","SEO","[c]","[c]","[c]","[c]"
"New entrant CS","2022","Department for Environment, Food and Rural Affairs (excl. agencies)","East Cumbria","Outside London","EO","[c]","[c]","[c]","[c]"
"New entrant CS","2022","Department for Environment, Food and Rural Affairs (excl. agencies)","East Cumbria","Outside London","G6","[c]","[c]","[c]","[c]"
"New entrant CS","2022","Department for Environment, Food and Rural Affairs (excl. agencies)","East Cumbria","Outside London","G7","[c]","[c]","[c]","[c]"
"New entrant CS","2022","Department for Environment, Food and Rural Affairs (excl. agencies)","East Cumbria","Outside London","HEO","[c]","[c]","[c]","[c]"
"New entrant CS","2022","Department for Environment, Food and Rural Affairs (excl. agencies)","East Cumbria","Outside London","SEO","[c]","[c]","[c]","[c]"
"New entrant CS","2022","Department for Environment, Food and Rural Affairs (excl. agencies)","East Dunbartonshire, West Dunbartonshire, and Helensburgh and Lomond","Outside London","G7","[c]","[c]","[c]","[c]"
"New entrant CS","2022","Department for Environment, Food and Rural Affairs (excl. agencies)","East Kent","Outside London","G7","[c]","[c]","[c]","[c]"
"New entrant CS","2022","Department for Environment, Food and Rural Affairs (excl. agencies)","East Merseyside","Outside London","SEO","[c]","[c]","[c]","[c]"
"New entrant CS","2022","Department for Environment, Food and Rural Affairs (excl. agencies)","East Surrey","Outside London","G7","[c]","[c]","[c]","[c]"
"New entrant CS","2022","Department for Environment, Food and Rural Affairs (excl. agencies)","Essex Thames Gateway","Outside London","SEO","[c]","[c]","[c]","[c]"
"New entrant CS","2022","Department for Environment, Food and Rural Affairs (excl. agencies)","Falkirk","Outside London","G7","[c]","[c]","[c]","[c]"
"New entrant CS","2022","Department for Environment, Food and Rural Affairs (excl. agencies)","Glasgow City","Outside London","G7","[c]","[c]","[c]","[c]"
"New entrant CS","2022","Department for Environment, Food and Rural Affairs (excl. agencies)","Glasgow City","Outside London","HEO","[c]","[c]","[c]","[c]"
"New entrant CS","2022","Department for Environment, Food and Rural Affairs (excl. agencies)","Greater Manchester North East","Outside London","HEO","[c]","[c]","[c]","[c]"
"New entrant CS","2022","Department for Environment, Food and Rural Affairs (excl. agencies)","Greater Manchester South West","Outside London","HEO","[c]","[c]","[c]","[c]"
"New entrant CS","2022","Department for Environment, Food and Rural Affairs (excl. agencies)","Gwynedd","Outside London","SEO","[c]","[c]","[c]","[c]"
"New entrant CS","2022","Department for Environment, Food and Rural Affairs (excl. agencies)","Hackney and Newham","London","HEO","[c]","[c]","[c]","[c]"
"New entrant CS","2022","Department for Environment, Food and Rural Affairs (excl. agencies)","Haringey and Islington","London","HEO","[c]","[c]","[c]","[c]"
"New entrant CS","2022","Department for Environment, Food and Rural Affairs (excl. agencies)","Heart of Essex","Outside London","EO","[c]","[c]","[c]","[c]"
"New entrant CS","2022","Department for Environment, Food and Rural Affairs (excl. agencies)","Hertfordshire CC","Outside London","HEO","[c]","[c]","[c]","[c]"
"New entrant CS","2022","Department for Environment, Food and Rural Affairs (excl. agencies)","Hertfordshire CC","Outside London","SEO","[c]","[c]","[c]","[c]"
"New entrant CS","2022","Department for Environment, Food and Rural Affairs (excl. agencies)","Hounslow and Richmond upon Thames","London","SEO","[c]","[c]","[c]","[c]"
"New entrant CS","2022","Department for Environment, Food and Rural Affairs (excl. agencies)","Inverness and Nairn, Moray, and Badenoch and Strathspey","Outside London","AO","[c]","[c]","[c]","[c]"
"New entrant CS","2022","Department for Environment, Food and Rural Affairs (excl. agencies)","Inverness and Nairn, Moray, and Badenoch and Strathspey","Outside London","EO","[c]","[c]","[c]","[c]"
"New entrant CS","2022","Department for Environment, Food and Rural Affairs (excl. agencies)","Lancaster and Wyre","Outside London","HEO","[c]","[c]","[c]","[c]"
"New entrant CS","2022","Department for Environment, Food and Rural Affairs (excl. agencies)","Leeds","Outside London","EO","[c]","[c]","[c]","[c]"
"New entrant CS","2022","Department for Environment, Food and Rural Affairs (excl. agencies)","Leeds","Outside London","G6","[c]","[c]","[c]","[c]"
"New entrant CS","2022","Department for Environment, Food and Rural Affairs (excl. agencies)","Leeds","Outside London","G7","[c]","[c]","[c]","[c]"
"New entrant CS","2022","Department for Environment, Food and Rural Affairs (excl. agencies)","Leeds","Outside London","HEO","10","[c]","[c]","[c]"
"New entrant CS","2022","Department for Environment, Food and Rural Affairs (excl. agencies)","Leeds","Outside London","SEO","5","[c]","[c]","[c]"
"New entrant CS","2022","Department for Environment, Food and Rural Affairs (excl. agencies)","Leicester","Outside London","G7","[c]","[c]","[c]","[c]"
"New entrant CS","2022","Department for Environment, Food and Rural Affairs (excl. agencies)","Leicestershire CC and Rutland","Outside London","SEO","[c]","[c]","[c]","[c]"
"New entrant CS","2022","Department for Environment, Food and Rural Affairs (excl. agencies)","Lewisham and Southwark","London","HEO","[c]","[c]","[c]","[c]"
"New entrant CS","2022","Department for Environment, Food and Rural Affairs (excl. agencies)","Lincolnshire CC","Outside London","AO","[c]","[c]","[c]","[c]"
"New entrant CS","2022","Department for Environment, Food and Rural Affairs (excl. agencies)","Lincolnshire CC","Outside London","EO","[c]","[c]","[c]","[c]"
"New entrant CS","2022","Department for Environment, Food and Rural Affairs (excl. agencies)","Lincolnshire CC","Outside London","G7","[c]","[c]","[c]","[c]"
"New entrant CS","2022","Department for Environment, Food and Rural Affairs (excl. agencies)","Lincolnshire CC","Outside London","HEO","[c]","[c]","[c]","[c]"
"New entrant CS","2022","Department for Environment, Food and Rural Affairs (excl. agencies)","Lincolnshire CC","Outside London","SEO","[c]","[c]","[c]","[c]"
"New entrant CS","2022","Department for Environment, Food and Rural Affairs (excl. agencies)","Lisburn and Castlereagh","Outside London","G7","[c]","[c]","[c]","[c]"
"New entrant CS","2022","Department for Environment, Food and Rural Affairs (excl. agencies)","Liverpool","Outside London","HEO","[c]","[c]","[c]","[c]"
"New entrant CS","2022","Department for Environment, Food and Rural Affairs (excl. agencies)","Liverpool","Outside London","SEO","[c]","[c]","[c]","[c]"
"New entrant CS","2022","Department for Environment, Food and Rural Affairs (excl. agencies)","Manchester","Outside London","EO","[c]","[c]","[c]","[c]"
"New entrant CS","2022","Department for Environment, Food and Rural Affairs (excl. agencies)","Manchester","Outside London","G7","[c]","[c]","[c]","[c]"
"New entrant CS","2022","Department for Environment, Food and Rural Affairs (excl. agencies)","Manchester","Outside London","HEO","5","[c]","[c]","[c]"
"New entrant CS","2022","Department for Environment, Food and Rural Affairs (excl. agencies)","Manchester","Outside London","SEO","[c]","[c]","[c]","[c]"
"New entrant CS","2022","Department for Environment, Food and Rural Affairs (excl. agencies)","Merton, Kingston upon Thames and Sutton","London","SEO","[c]","[c]","[c]","[c]"
"New entrant CS","2022","Department for Environment, Food and Rural Affairs (excl. agencies)","Mid Kent","Outside London","G7","[c]","[c]","[c]","[c]"
"New entrant CS","2022","Department for Environment, Food and Rural Affairs (excl. agencies)","Mid Kent","Outside London","HEO","[c]","[c]","[c]","[c]"
"New entrant CS","2022","Department for Environment, Food and Rural Affairs (excl. agencies)","Mid Kent","Outside London","SCS level","[c]","[c]","[c]","[c]"
"New entrant CS","2022","Department for Environment, Food and Rural Affairs (excl. agencies)","Mid Kent","Outside London","SEO","[c]","[c]","[c]","[c]"
"New entrant CS","2022","Department for Environment, Food and Rural Affairs (excl. agencies)","Mid Lancashire","Outside London","AO","[c]","[c]","[c]","[c]"
"New entrant CS","2022","Department for Environment, Food and Rural Affairs (excl. agencies)","Mid Lancashire","Outside London","EO","[c]","[c]","[c]","[c]"
"New entrant CS","2022","Department for Environment, Food and Rural Affairs (excl. agencies)","Mid Lancashire","Outside London","G6","[c]","[c]","[c]","[c]"
"New entrant CS","2022","Department for Environment, Food and Rural Affairs (excl. agencies)","Mid Lancashire","Outside London","G7","5","[c]","[c]","[c]"
"New entrant CS","2022","Department for Environment, Food and Rural Affairs (excl. agencies)","Mid Lancashire","Outside London","HEO","[c]","[c]","[c]","[c]"
"New entrant CS","2022","Department for Environment, Food and Rural Affairs (excl. agencies)","Mid Lancashire","Outside London","SCS level","[c]","[c]","[c]","[c]"
"New entrant CS","2022","Department for Environment, Food and Rural Affairs (excl. agencies)","Mid Lancashire","Outside London","SEO","[c]","[c]","[c]","[c]"
"New entrant CS","2022","Department for Environment, Food and Rural Affairs (excl. agencies)","Na h-Eileanan Siar","Outside London","SEO","[c]","[c]","[c]","[c]"
"New entrant CS","2022","Department for Environment, Food and Rural Affairs (excl. agencies)","North Lanarkshire","Outside London","G7","[c]","[c]","[c]","[c]"
"New entrant CS","2022","Department for Environment, Food and Rural Affairs (excl. agencies)","North Northamptonshire","Outside London","HEO","[c]","[c]","[c]","[c]"
"New entrant CS","2022","Department for Environment, Food and Rural Affairs (excl. agencies)","North Nottinghamshire","Outside London","EO","[c]","[c]","[c]","[c]"
"New entrant CS","2022","Department for Environment, Food and Rural Affairs (excl. agencies)","North Yorkshire CC","Outside London","EO","[c]","[c]","[c]","[c]"
"New entrant CS","2022","Department for Environment, Food and Rural Affairs (excl. agencies)","North Yorkshire CC","Outside London","G6","[c]","[c]","[c]","[c]"
"New entrant CS","2022","Department for Environment, Food and Rural Affairs (excl. agencies)","North Yorkshire CC","Outside London","G7","[c]","[c]","[c]","[c]"
"New entrant CS","2022","Department for Environment, Food and Rural Affairs (excl. agencies)","North Yorkshire CC","Outside London","HEO","[c]","[c]","[c]","[c]"
"New entrant CS","2022","Department for Environment, Food and Rural Affairs (excl. agencies)","Northumberland","Outside London","EO","[c]","[c]","[c]","[c]"
"New entrant CS","2022","Department for Environment, Food and Rural Affairs (excl. agencies)","Norwich and East Norfolk","Outside London","EO","[c]","[c]","[c]","[c]"
"New entrant CS","2022","Department for Environment, Food and Rural Affairs (excl. agencies)","Norwich and East Norfolk","Outside London","G6","[c]","[c]","[c]","[c]"
"New entrant CS","2022","Department for Environment, Food and Rural Affairs (excl. agencies)","Norwich and East Norfolk","Outside London","G7","[c]","[c]","[c]","[c]"
"New entrant CS","2022","Department for Environment, Food and Rural Affairs (excl. agencies)","Norwich and East Norfolk","Outside London","HEO","5","[c]","[c]","[c]"
"New entrant CS","2022","Department for Environment, Food and Rural Affairs (excl. agencies)","Norwich and East Norfolk","Outside London","SEO","5","[c]","[c]","[c]"
"New entrant CS","2022","Department for Environment, Food and Rural Affairs (excl. agencies)","Nottingham","Outside London","EO","[c]","[c]","[c]","[c]"
"New entrant CS","2022","Department for Environment, Food and Rural Affairs (excl. agencies)","Nottingham","Outside London","HEO","[c]","[c]","[c]","[c]"
"New entrant CS","2022","Department for Environment, Food and Rural Affairs (excl. agencies)","Nottingham","Outside London","SEO","[c]","[c]","[c]","[c]"
"New entrant CS","2022","Department for Environment, Food and Rural Affairs (excl. agencies)","Peterborough","Outside London","EO","[c]","[c]","[c]","[c]"
"New entrant CS","2022","Department for Environment, Food and Rural Affairs (excl. agencies)","Peterborough","Outside London","G7","[c]","[c]","[c]","[c]"
"New entrant CS","2022","Department for Environment, Food and Rural Affairs (excl. agencies)","Peterborough","Outside London","HEO","[c]","[c]","[c]","[c]"
"New entrant CS","2022","Department for Environment, Food and Rural Affairs (excl. agencies)","Peterborough","Outside London","SEO","[c]","[c]","[c]","[c]"
"New entrant CS","2022","Department for Environment, Food and Rural Affairs (excl. agencies)","Plymouth","Outside London","EO","[c]","[c]","[c]","[c]"
"New entrant CS","2022","Department for Environment, Food and Rural Affairs (excl. agencies)","Plymouth","Outside London","G7","[c]","[c]","[c]","[c]"
"New entrant CS","2022","Department for Environment, Food and Rural Affairs (excl. agencies)","Plymouth","Outside London","HEO","[c]","[c]","[c]","[c]"
"New entrant CS","2022","Department for Environment, Food and Rural Affairs (excl. agencies)","Plymouth","Outside London","SEO","[c]","[c]","[c]","[c]"
"New entrant CS","2022","Department for Environment, Food and Rural Affairs (excl. agencies)","Portsmouth","Outside London","G7","[c]","[c]","[c]","[c]"
"New entrant CS","2022","Department for Environment, Food and Rural Affairs (excl. agencies)","Redbridge and Waltham Forest","London","G7","[c]","[c]","[c]","[c]"
"New entrant CS","2022","Department for Environment, Food and Rural Affairs (excl. agencies)","Scottish Borders","Outside London","EO","[c]","[c]","[c]","[c]"
"New entrant CS","2022","Department for Environment, Food and Rural Affairs (excl. agencies)","Scottish Borders","Outside London","HEO","[c]","[c]","[c]","[c]"
"New entrant CS","2022","Department for Environment, Food and Rural Affairs (excl. agencies)","Sefton","Outside London","HEO","[c]","[c]","[c]","[c]"
"New entrant CS","2022","Department for Environment, Food and Rural Affairs (excl. agencies)","Sheffield","Outside London","G6","[c]","[c]","[c]","[c]"
"New entrant CS","2022","Department for Environment, Food and Rural Affairs (excl. agencies)","Sheffield","Outside London","G7","[c]","[c]","[c]","[c]"
"New entrant CS","2022","Department for Environment, Food and Rural Affairs (excl. agencies)","Sheffield","Outside London","HEO","[c]","[c]","[c]","[c]"
"New entrant CS","2022","Department for Environment, Food and Rural Affairs (excl. agencies)","Sheffield","Outside London","SEO","[c]","[c]","[c]","[c]"
"New entrant CS","2022","Department for Environment, Food and Rural Affairs (excl. agencies)","Shropshire","Outside London","HEO","[c]","[c]","[c]","[c]"
"New entrant CS","2022","Department for Environment, Food and Rural Affairs (excl. agencies)","Solihull","Outside London","HEO","[c]","[c]","[c]","[c]"
"New entrant CS","2022","Department for Environment, Food and Rural Affairs (excl. agencies)","Somerset CC","Outside London","G7","[c]","[c]","[c]","[c]"
"New entrant CS","2022","Department for Environment, Food and Rural Affairs (excl. agencies)","South and West Derbyshire","Outside London","HEO","[c]","[c]","[c]","[c]"
"New entrant CS","2022","Department for Environment, Food and Rural Affairs (excl. agencies)","South and West Derbyshire","Outside London","SEO","[c]","[c]","[c]","[c]"
"New entrant CS","2022","Department for Environment, Food and Rural Affairs (excl. agencies)","South Hampshire","Outside London","G7","[c]","[c]","[c]","[c]"
"New entrant CS","2022","Department for Environment, Food and Rural Affairs (excl. agencies)","South Hampshire","Outside London","HEO","[c]","[c]","[c]","[c]"
"New entrant CS","2022","Department for Environment, Food and Rural Affairs (excl. agencies)","South Hampshire","Outside London","SEO","[c]","[c]","[c]","[c]"
"New entrant CS","2022","Department for Environment, Food and Rural Affairs (excl. agencies)","South Lanarkshire","Outside London","G7","[c]","[c]","[c]","[c]"
"New entrant CS","2022","Department for Environment, Food and Rural Affairs (excl. agencies)","South Lanarkshire","Outside London","HEO","[c]","[c]","[c]","[c]"
"New entrant CS","2022","Department for Environment, Food and Rural Affairs (excl. agencies)","South Nottinghamshire","Outside London","EO","[c]","[c]","[c]","[c]"
"New entrant CS","2022","Department for Environment, Food and Rural Affairs (excl. agencies)","South Nottinghamshire","Outside London","G7","[c]","[c]","[c]","[c]"
"New entrant CS","2022","Department for Environment, Food and Rural Affairs (excl. agencies)","South Nottinghamshire","Outside London","HEO","10","[c]","[c]","[c]"
"New entrant CS","2022","Department for Environment, Food and Rural Affairs (excl. agencies)","South Nottinghamshire","Outside London","SCS level","[c]","[c]","[c]","[c]"
"New entrant CS","2022","Department for Environment, Food and Rural Affairs (excl. agencies)","South Nottinghamshire","Outside London","SEO","10","[c]","[c]","[c]"
"New entrant CS","2022","Department for Environment, Food and Rural Affairs (excl. agencies)","South West Wales","Outside London","AO","[c]","[c]","[c]","[c]"
"New entrant CS","2022","Department for Environment, Food and Rural Affairs (excl. agencies)","South West Wales","Outside London","EO","[c]","[c]","[c]","[c]"
"New entrant CS","2022","Department for Environment, Food and Rural Affairs (excl. agencies)","South West Wales","Outside London","SEO","[c]","[c]","[c]","[c]"
"New entrant CS","2022","Department for Environment, Food and Rural Affairs (excl. agencies)","Southend-on-Sea","Outside London","SEO","[c]","[c]","[c]","[c]"
"New entrant CS","2022","Department for Environment, Food and Rural Affairs (excl. agencies)","Staffordshire CC","Outside London","AO","[c]","[c]","[c]","[c]"
"New entrant CS","2022","Department for Environment, Food and Rural Affairs (excl. agencies)","Staffordshire CC","Outside London","G7","[c]","[c]","[c]","[c]"
"New entrant CS","2022","Department for Environment, Food and Rural Affairs (excl. agencies)","Staffordshire CC","Outside London","SCS level","[c]","[c]","[c]","[c]"
"New entrant CS","2022","Department for Environment, Food and Rural Affairs (excl. agencies)","Staffordshire CC","Outside London","SEO","[c]","[c]","[c]","[c]"
"New entrant CS","2022","Department for Environment, Food and Rural Affairs (excl. agencies)","Suffolk CC","Outside London","EO","[c]","[c]","[c]","[c]"
"New entrant CS","2022","Department for Environment, Food and Rural Affairs (excl. agencies)","Suffolk CC","Outside London","SEO","[c]","[c]","[c]","[c]"
"New entrant CS","2022","Department for Environment, Food and Rural Affairs (excl. agencies)","Swansea","Outside London","SEO","[c]","[c]","[c]","[c]"
"New entrant CS","2022","Department for Environment, Food and Rural Affairs (excl. agencies)","Telford and Wrekin","Outside London","EO","[c]","[c]","[c]","[c]"
"New entrant CS","2022","Department for Environment, Food and Rural Affairs (excl. agencies)","Tyneside","Outside London","EO","15","[c]","24340","24920"
"New entrant CS","2022","Department for Environment, Food and Rural Affairs (excl. agencies)","Tyneside","Outside London","G6","[c]","[c]","[c]","[c]"
"New entrant CS","2022","Department for Environment, Food and Rural Affairs (excl. agencies)","Tyneside","Outside London","G7","10","[c]","48100","47550"
"New entrant CS","2022","Department for Environment, Food and Rural Affairs (excl. agencies)","Tyneside","Outside London","HEO","30","[c]","29560","29180"
"New entrant CS","2022","Department for Environment, Food and Rural Affairs (excl. agencies)","Tyneside","Outside London","SCS level","[c]","[c]","[c]","[c]"
"New entrant CS","2022","Department for Environment, Food and Rural Affairs (excl. agencies)","Tyneside","Outside London","SEO","25","[c]","37010","36150"
"New entrant CS","2022","Department for Environment, Food and Rural Affairs (excl. agencies)","Unknown","Unknown","Unknown","[c]","[c]","[c]","[c]"
"New entrant CS","2022","Department for Environment, Food and Rural Affairs (excl. agencies)","Wakefield","Outside London","EO","[c]","[c]","[c]","[c]"
"New entrant CS","2022","Department for Environment, Food and Rural Affairs (excl. agencies)","Wakefield","Outside London","SEO","[c]","[c]","[c]","[c]"
"New entrant CS","2022","Department for Environment, Food and Rural Affairs (excl. agencies)","Walsall","Outside London","G6","[c]","[c]","[c]","[c]"
"New entrant CS","2022","Department for Environment, Food and Rural Affairs (excl. agencies)","Warrington","Outside London","EO","10","[c]","23710","23670"
"New entrant CS","2022","Department for Environment, Food and Rural Affairs (excl. agencies)","Warrington","Outside London","G6","[c]","[c]","[c]","[c]"
"New entrant CS","2022","Department for Environment, Food and Rural Affairs (excl. agencies)","Warrington","Outside London","G7","15","[c]","48830","47550"
"New entrant CS","2022","Department for Environment, Food and Rural Affairs (excl. agencies)","Warrington","Outside London","HEO","15","[c]","29600","29180"
"New entrant CS","2022","Department for Environment, Food and Rural Affairs (excl. agencies)","Warrington","Outside London","SCS level","[c]","[c]","[c]","[c]"
"New entrant CS","2022","Department for Environment, Food and Rural Affairs (excl. agencies)","Warrington","Outside London","SEO","15","[c]","36430","35900"
"New entrant CS","2022","Department for Environment, Food and Rural Affairs (excl. agencies)","Warwickshire CC","Outside London","EO","[c]","[c]","[c]","[c]"
"New entrant CS","2022","Department for Environment, Food and Rural Affairs (excl. agencies)","Warwickshire CC","Outside London","G7","[c]","[c]","[c]","[c]"
"New entrant CS","2022","Department for Environment, Food and Rural Affairs (excl. agencies)","Warwickshire CC","Outside London","HEO","[c]","[c]","[c]","[c]"
"New entrant CS","2022","Department for Environment, Food and Rural Affairs (excl. agencies)","West Cumbria","Outside London","AO","[c]","[c]","[c]","[c]"
"New entrant CS","2022","Department for Environment, Food and Rural Affairs (excl. agencies)","West Cumbria","Outside London","EO","5","[c]","[c]","[c]"
"New entrant CS","2022","Department for Environment, Food and Rural Affairs (excl. agencies)","West Cumbria","Outside London","G7","[c]","[c]","[c]","[c]"
"New entrant CS","2022","Department for Environment, Food and Rural Affairs (excl. agencies)","West Cumbria","Outside London","HEO","5","[c]","[c]","[c]"
"New entrant CS","2022","Department for Environment, Food and Rural Affairs (excl. agencies)","West Kent","Outside London","HEO","[c]","[c]","[c]","[c]"
"New entrant CS","2022","Department for Environment, Food and Rural Affairs (excl. agencies)","West Lothian","Outside London","G7","[c]","[c]","[c]","[c]"
"New entrant CS","2022","Department for Environment, Food and Rural Affairs (excl. agencies)","West Surrey","Outside London","G6","[c]","[c]","[c]","[c]"
"New entrant CS","2022","Department for Environment, Food and Rural Affairs (excl. agencies)","West Surrey","Outside London","G7","[c]","[c]","[c]","[c]"
"New entrant CS","2022","Department for Environment, Food and Rural Affairs (excl. agencies)","West Surrey","Outside London","HEO","[c]","[c]","[c]","[c]"
"New entrant CS","2022","Department for Environment, Food and Rural Affairs (excl. agencies)","West Surrey","Outside London","SCS level","[c]","[c]","[c]","[c]"
"New entrant CS","2022","Department for Environment, Food and Rural Affairs (excl. agencies)","West Surrey","Outside London","SEO","[c]","[c]","[c]","[c]"
"New entrant CS","2022","Department for Environment, Food and Rural Affairs (excl. agencies)","West Sussex (South West)","Outside London","EO","[c]","[c]","[c]","[c]"
"New entrant CS","2022","Department for Environment, Food and Rural Affairs (excl. agencies)","West Sussex (South West)","Outside London","G7","[c]","[c]","[c]","[c]"
"New entrant CS","2022","Department for Environment, Food and Rural Affairs (excl. agencies)","West Sussex (South West)","Outside London","HEO","[c]","[c]","[c]","[c]"
"New entrant CS","2022","Department for Environment, Food and Rural Affairs (excl. agencies)","West Sussex (South West)","Outside London","SEO","[c]","[c]","[c]","[c]"
"New entrant CS","2022","Department for Environment, Food and Rural Affairs (excl. agencies)","Westminster","London","AO","20","[c]","22670","24370"
"New entrant CS","2022","Department for Environment, Food and Rural Affairs (excl. agencies)","Westminster","London","EO","110","[c]","27120","27960"
"New entrant CS","2022","Department for Environment, Food and Rural Affairs (excl. agencies)","Westminster","London","G6","30","[c]","64090","63680"
"New entrant CS","2022","Department for Environment, Food and Rural Affairs (excl. agencies)","Westminster","London","G7","125","[c]","53080","52290"
"New entrant CS","2022","Department for Environment, Food and Rural Affairs (excl. agencies)","Westminster","London","HEO","350","[c]","32640","32560"
"New entrant CS","2022","Department for Environment, Food and Rural Affairs (excl. agencies)","Westminster","London","SCS level","10","[c]","86630","75780"
"New entrant CS","2022","Department for Environment, Food and Rural Affairs (excl. agencies)","Westminster","London","SEO","120","[c]","39450","38750"
"New entrant CS","2022","Department for Environment, Food and Rural Affairs (excl. agencies)","Westminster","London","Unknown","[c]","[c]","[c]","[c]"
"New entrant CS","2022","Department for Environment, Food and Rural Affairs (excl. agencies)","Wiltshire","Outside London","G7","[c]","[c]","[c]","[c]"
"New entrant CS","2022","Department for Environment, Food and Rural Affairs (excl. agencies)","Wiltshire","Outside London","HEO","[c]","[c]","[c]","[c]"
"New entrant CS","2022","Department for Environment, Food and Rural Affairs (excl. agencies)","Wiltshire","Outside London","SEO","[c]","[c]","[c]","[c]"
"New entrant CS","2022","Department for Environment, Food and Rural Affairs (excl. agencies)","Worcestershire CC","Outside London","EO","[c]","[c]","[c]","[c]"
"New entrant CS","2022","Department for Environment, Food and Rural Affairs (excl. agencies)","Worcestershire CC","Outside London","G6","10","[c]","[c]","[c]"
"New entrant CS","2022","Department for Environment, Food and Rural Affairs (excl. agencies)","Worcestershire CC","Outside London","G7","10","[c]","[c]","[c]"
"New entrant CS","2022","Department for Environment, Food and Rural Affairs (excl. agencies)","Worcestershire CC","Outside London","HEO","10","[c]","[c]","[c]"
"New entrant CS","2022","Department for Environment, Food and Rural Affairs (excl. agencies)","Worcestershire CC","Outside London","SCS level","[c]","[c]","[c]","[c]"
"New entrant CS","2022","Department for Environment, Food and Rural Affairs (excl. agencies)","Worcestershire CC","Outside London","SEO","10","[c]","[c]","[c]"
"New entrant CS","2022","Department for Environment, Food and Rural Affairs (excl. agencies)","York","Outside London","AO","5","[c]","[c]","[c]"
"New entrant CS","2022","Department for Environment, Food and Rural Affairs (excl. agencies)","York","Outside London","EO","10","[c]","24170","24920"
"New entrant CS","2022","Department for Environment, Food and Rural Affairs (excl. agencies)","York","Outside London","G6","[c]","[c]","[c]","[c]"
"New entrant CS","2022","Department for Environment, Food and Rural Affairs (excl. agencies)","York","Outside London","G7","35","[c]","48140","47550"
"New entrant CS","2022","Department for Environment, Food and Rural Affairs (excl. agencies)","York","Outside London","HEO","45","[c]","29550","29180"
"New entrant CS","2022","Department for Environment, Food and Rural Affairs (excl. agencies)","York","Outside London","SCS level","[c]","[c]","[c]","[c]"
"New entrant CS","2022","Department for Environment, Food and Rural Affairs (excl. agencies)","York","Outside London","SEO","35","[c]","36790","35900"
"New entrant CS","2022","Department for International Trade","Belfast","Outside London","G7","[c]","[c]","[c]","[c]"
"New entrant CS","2022","Department for International Trade","Birmingham","Outside London","EO","[c]","[c]","[c]","[c]"
"New entrant CS","2022","Department for International Trade","Birmingham","Outside London","G7","[c]","[c]","[c]","[c]"
"New entrant CS","2022","Department for International Trade","Cardiff and Vale of Glamorgan","Outside London","EO","[c]","[c]","[c]","[c]"
"New entrant CS","2022","Department for International Trade","Cardiff and Vale of Glamorgan","Outside London","G6","[c]","[c]","[c]","[c]"
"New entrant CS","2022","Department for International Trade","Cardiff and Vale of Glamorgan","Outside London","G7","5","[c]","[c]","[c]"
"New entrant CS","2022","Department for International Trade","Cardiff and Vale of Glamorgan","Outside London","SEO","[c]","[c]","[c]","[c]"
"New entrant CS","2022","Department for International Trade","City of Edinburgh","Outside London","G6","[c]","[c]","[c]","[c]"
"New entrant CS","2022","Department for International Trade","City of Edinburgh","Outside London","G7","5","[c]","[c]","[c]"
"New entrant CS","2022","Department for International Trade","Darlington","Outside London","EO","[c]","[c]","[c]","[c]"
"New entrant CS","2022","Department for International Trade","Darlington","Outside London","G7","[c]","[c]","[c]","[c]"
"New entrant CS","2022","Department for International Trade","Darlington","Outside London","HEO","10","[c]","[c]","[c]"
"New entrant CS","2022","Department for International Trade","Darlington","Outside London","SCS level","[c]","[c]","[c]","[c]"
"New entrant CS","2022","Department for International Trade","Darlington","Outside London","SEO","5","[c]","[c]","[c]"
"New entrant CS","2022","Department for International Trade","Glasgow City","Outside London","G7","[c]","[c]","[c]","[c]"
"New entrant CS","2022","Department for International Trade","Leeds","Outside London","EO","[c]","[c]","[c]","[c]"
"New entrant CS","2022","Department for International Trade","Leeds","Outside London","HEO","[c]","[c]","[c]","[c]"
"New entrant CS","2022","Department for International Trade","Manchester","Outside London","G7","[c]","[c]","[c]","[c]"
"New entrant CS","2022","Department for International Trade","Manchester","Outside London","HEO","[c]","[c]","[c]","[c]"
"New entrant CS","2022","Department for International Trade","Manchester","Outside London","SEO","[c]","[c]","[c]","[c]"
"New entrant CS","2022","Department for International Trade","Nottingham","Outside London","SEO","[c]","[c]","[c]","[c]"
"New entrant CS","2022","Department for International Trade","Tyneside","Outside London","EO","[c]","[c]","[c]","[c]"
"New entrant CS","2022","Department for International Trade","Westminster","London","AO","[c]","[c]","[c]","[c]"
"New entrant CS","2022","Department for International Trade","Westminster","London","EO","150","[c]","26310","26250"
"New entrant CS","2022","Department for International Trade","Westminster","London","G6","10","[c]","67880","70000"
"New entrant CS","2022","Department for International Trade","Westminster","London","G7","35","[c]","54110","51710"
"New entrant CS","2022","Department for International Trade","Westminster","London","HEO","135","[c]","31840","31800"
"New entrant CS","2022","Department for International Trade","Westminster","London","SCS level","5","[c]","[c]","[c]"
"New entrant CS","2022","Department for International Trade","Westminster","London","SEO","50","[c]","40560","38540"
"New entrant CS","2022","Department for Levelling Up, Housing and Communities (excl. agencies)","Birmingham","Outside London","AO","[c]","[c]","[c]","[c]"
"New entrant CS","2022","Department for Levelling Up, Housing and Communities (excl. agencies)","Birmingham","Outside London","EO","[c]","[c]","[c]","[c]"
"New entrant CS","2022","Department for Levelling Up, Housing and Communities (excl. agencies)","Birmingham","Outside London","G7","5","[c]","[c]","[c]"
"New entrant CS","2022","Department for Levelling Up, Housing and Communities (excl. agencies)","Birmingham","Outside London","HEO","5","[c]","[c]","[c]"
"New entrant CS","2022","Department for Levelling Up, Housing and Communities (excl. agencies)","Birmingham","Outside London","SEO","5","[c]","[c]","[c]"
"New entrant CS","2022","Department for Levelling Up, Housing and Communities (excl. agencies)","Bristol, City of","Outside London","AA","[c]","[c]","[c]","[c]"
"New entrant CS","2022","Department for Levelling Up, Housing and Communities (excl. agencies)","Bristol, City of","Outside London","EO","[c]","[c]","[c]","[c]"
"New entrant CS","2022","Department for Levelling Up, Housing and Communities (excl. agencies)","Bristol, City of","Outside London","G6","[c]","[c]","[c]","[c]"
"New entrant CS","2022","Department for Levelling Up, Housing and Communities (excl. agencies)","Bristol, City of","Outside London","G7","[c]","[c]","[c]","[c]"
"New entrant CS","2022","Department for Levelling Up, Housing and Communities (excl. agencies)","Bristol, City of","Outside London","HEO","5","[c]","[c]","[c]"
"New entrant CS","2022","Department for Levelling Up, Housing and Communities (excl. agencies)","Bristol, City of","Outside London","SEO","[c]","[c]","[c]","[c]"
"New entrant CS","2022","Department for Levelling Up, Housing and Communities (excl. agencies)","Cambridgeshire CC","Outside London","HEO","[c]","[c]","[c]","[c]"
"New entrant CS","2022","Department for Levelling Up, Housing and Communities (excl. agencies)","Cambridgeshire CC","Outside London","SEO","[c]","[c]","[c]","[c]"
"New entrant CS","2022","Department for Levelling Up, Housing and Communities (excl. agencies)","Cardiff and Vale of Glamorgan","Outside London","EO","[c]","[c]","[c]","[c]"
"New entrant CS","2022","Department for Levelling Up, Housing and Communities (excl. agencies)","Cardiff and Vale of Glamorgan","Outside London","G7","[c]","[c]","[c]","[c]"
"New entrant CS","2022","Department for Levelling Up, Housing and Communities (excl. agencies)","Cardiff and Vale of Glamorgan","Outside London","HEO","[c]","[c]","[c]","[c]"
"New entrant CS","2022","Department for Levelling Up, Housing and Communities (excl. agencies)","City of Edinburgh","Outside London","EO","[c]","[c]","[c]","[c]"
"New entrant CS","2022","Department for Levelling Up, Housing and Communities (excl. agencies)","City of Edinburgh","Outside London","G7","[c]","[c]","[c]","[c]"
"New entrant CS","2022","Department for Levelling Up, Housing and Communities (excl. agencies)","City of Edinburgh","Outside London","HEO","5","[c]","[c]","[c]"
"New entrant CS","2022","Department for Levelling Up, Housing and Communities (excl. agencies)","City of Edinburgh","Outside London","SCS level","[c]","[c]","[c]","[c]"
"New entrant CS","2022","Department for Levelling Up, Housing and Communities (excl. agencies)","City of Edinburgh","Outside London","SEO","[c]","[c]","[c]","[c]"
"New entrant CS","2022","Department for Levelling Up, Housing and Communities (excl. agencies)","Darlington","Outside London","EO","[c]","[c]","[c]","[c]"
"New entrant CS","2022","Department for Levelling Up, Housing and Communities (excl. agencies)","Darlington","Outside London","G7","[c]","[c]","[c]","[c]"
"New entrant CS","2022","Department for Levelling Up, Housing and Communities (excl. agencies)","Darlington","Outside London","HEO","[c]","[c]","[c]","[c]"
"New entrant CS","2022","Department for Levelling Up, Housing and Communities (excl. agencies)","Devon CC","Outside London","G6","[c]","[c]","[c]","[c]"
"New entrant CS","2022","Department for Levelling Up, Housing and Communities (excl. agencies)","Devon CC","Outside London","HEO","[c]","[c]","[c]","[c]"
"New entrant CS","2022","Department for Levelling Up, Housing and Communities (excl. agencies)","East Riding of Yorkshire","Outside London","SEO","[c]","[c]","[c]","[c]"
"New entrant CS","2022","Department for Levelling Up, Housing and Communities (excl. agencies)","Hertfordshire CC","Outside London","G6","[c]","[c]","[c]","[c]"
"New entrant CS","2022","Department for Levelling Up, Housing and Communities (excl. agencies)","Hertfordshire CC","Outside London","HEO","[c]","[c]","[c]","[c]"
"New entrant CS","2022","Department for Levelling Up, Housing and Communities (excl. agencies)","Leeds","Outside London","AA","[c]","[c]","[c]","[c]"
"New entrant CS","2022","Department for Levelling Up, Housing and Communities (excl. agencies)","Leeds","Outside London","EO","[c]","[c]","[c]","[c]"
"New entrant CS","2022","Department for Levelling Up, Housing and Communities (excl. agencies)","Leeds","Outside London","G7","[c]","[c]","[c]","[c]"
"New entrant CS","2022","Department for Levelling Up, Housing and Communities (excl. agencies)","Leeds","Outside London","HEO","[c]","[c]","[c]","[c]"
"New entrant CS","2022","Department for Levelling Up, Housing and Communities (excl. agencies)","Leeds","Outside London","SEO","5","[c]","[c]","[c]"
"New entrant CS","2022","Department for Levelling Up, Housing and Communities (excl. agencies)","Manchester","Outside London","AA","[c]","[c]","[c]","[c]"
"New entrant CS","2022","Department for Levelling Up, Housing and Communities (excl. agencies)","Manchester","Outside London","EO","5","[c]","[c]","[c]"
"New entrant CS","2022","Department for Levelling Up, Housing and Communities (excl. agencies)","Manchester","Outside London","G7","[c]","[c]","[c]","[c]"
"New entrant CS","2022","Department for Levelling Up, Housing and Communities (excl. agencies)","Manchester","Outside London","HEO","5","[c]","[c]","[c]"
"New entrant CS","2022","Department for Levelling Up, Housing and Communities (excl. agencies)","Manchester","Outside London","SEO","[c]","[c]","[c]","[c]"
"New entrant CS","2022","Department for Levelling Up, Housing and Communities (excl. agencies)","Nottingham","Outside London","G6","[c]","[c]","[c]","[c]"
"New entrant CS","2022","Department for Levelling Up, Housing and Communities (excl. agencies)","Nottingham","Outside London","HEO","[c]","[c]","[c]","[c]"
"New entrant CS","2022","Department for Levelling Up, Housing and Communities (excl. agencies)","Nottingham","Outside London","SEO","[c]","[c]","[c]","[c]"
"New entrant CS","2022","Department for Levelling Up, Housing and Communities (excl. agencies)","Plymouth","Outside London","G7","[c]","[c]","[c]","[c]"
"New entrant CS","2022","Department for Levelling Up, Housing and Communities (excl. agencies)","Tyneside","Outside London","AA","[c]","[c]","[c]","[c]"
"New entrant CS","2022","Department for Levelling Up, Housing and Communities (excl. agencies)","Tyneside","Outside London","EO","[c]","[c]","[c]","[c]"
"New entrant CS","2022","Department for Levelling Up, Housing and Communities (excl. agencies)","Tyneside","Outside London","G7","[c]","[c]","[c]","[c]"
"New entrant CS","2022","Department for Levelling Up, Housing and Communities (excl. agencies)","Tyneside","Outside London","HEO","[c]","[c]","[c]","[c]"
"New entrant CS","2022","Department for Levelling Up, Housing and Communities (excl. agencies)","Tyneside","Outside London","SEO","[c]","[c]","[c]","[c]"
"New entrant CS","2022","Department for Levelling Up, Housing and Communities (excl. agencies)","Unknown","Unknown","G6","[c]","[c]","[c]","[c]"
"New entrant CS","2022","Department for Levelling Up, Housing and Communities (excl. agencies)","Unknown","Unknown","G7","[c]","[c]","[c]","[c]"
"New entrant CS","2022","Department for Levelling Up, Housing and Communities (excl. agencies)","Unknown","Unknown","SCS level","[c]","[c]","[c]","[c]"
"New entrant CS","2022","Department for Levelling Up, Housing and Communities (excl. agencies)","Unknown","Unknown","SEO","[c]","[c]","[c]","[c]"
"New entrant CS","2022","Department for Levelling Up, Housing and Communities (excl. agencies)","Warrington","Outside London","HEO","[c]","[c]","[c]","[c]"
"New entrant CS","2022","Department for Levelling Up, Housing and Communities (excl. agencies)","Westminster","London","AA","10","[c]","[c]","[c]"
"New entrant CS","2022","Department for Levelling Up, Housing and Communities (excl. agencies)","Westminster","London","AO","10","[c]","[c]","[c]"
"New entrant CS","2022","Department for Levelling Up, Housing and Communities (excl. agencies)","Westminster","London","EO","85","[c]","27900","27850"
"New entrant CS","2022","Department for Levelling Up, Housing and Communities (excl. agencies)","Westminster","London","G6","10","[c]","[c]","[c]"
"New entrant CS","2022","Department for Levelling Up, Housing and Communities (excl. agencies)","Westminster","London","G7","50","[c]","53640","53130"
"New entrant CS","2022","Department for Levelling Up, Housing and Communities (excl. agencies)","Westminster","London","HEO","130","[c]","33090","33210"
"New entrant CS","2022","Department for Levelling Up, Housing and Communities (excl. agencies)","Westminster","London","SCS level","[c]","[c]","[c]","[c]"
"New entrant CS","2022","Department for Levelling Up, Housing and Communities (excl. agencies)","Westminster","London","SEO","60","[c]","40100","39600"
"New entrant CS","2022","Department for Levelling Up, Housing and Communities (excl. agencies)","Wirral","Outside London","AO","10","[c]","[c]","[c]"
"New entrant CS","2022","Department for Levelling Up, Housing and Communities (excl. agencies)","Wirral","Outside London","EO","[c]","[c]","[c]","[c]"
"New entrant CS","2022","Department for Levelling Up, Housing and Communities (excl. agencies)","Wolverhampton","Outside London","AO","[c]","[c]","[c]","[c]"
"New entrant CS","2022","Department for Levelling Up, Housing and Communities (excl. agencies)","Wolverhampton","Outside London","EO","30","[c]","24850","24830"
"New entrant CS","2022","Department for Levelling Up, Housing and Communities (excl. agencies)","Wolverhampton","Outside London","G7","20","[c]","48300","48200"
"New entrant CS","2022","Department for Levelling Up, Housing and Communities (excl. agencies)","Wolverhampton","Outside London","HEO","40","[c]","30270","30190"
"New entrant CS","2022","Department for Levelling Up, Housing and Communities (excl. agencies)","Wolverhampton","Outside London","SEO","10","[c]","36990","36340"
"New entrant CS","2022","Department for Transport (excl. agencies)","Birmingham","Outside London","EO","20","[c]","25320","26130"
"New entrant CS","2022","Department for Transport (excl. agencies)","Birmingham","Outside London","G6","[c]","[c]","[c]","[c]"
"New entrant CS","2022","Department for Transport (excl. agencies)","Birmingham","Outside London","G7","15","[c]","49330","48770"
"New entrant CS","2022","Department for Transport (excl. agencies)","Birmingham","Outside London","HEO","20","[c]","30600","30730"
"New entrant CS","2022","Department for Transport (excl. agencies)","Birmingham","Outside London","SCS level","[c]","[c]","[c]","[c]"
"New entrant CS","2022","Department for Transport (excl. agencies)","Birmingham","Outside London","SEO","25","[c]","38650","38650"
"New entrant CS","2022","Department for Transport (excl. agencies)","Bristol, City of","Outside London","G7","[c]","[c]","[c]","[c]"
"New entrant CS","2022","Department for Transport (excl. agencies)","City of Edinburgh","Outside London","G6","[c]","[c]","[c]","[c]"
"New entrant CS","2022","Department for Transport (excl. agencies)","City of Edinburgh","Outside London","SCS level","[c]","[c]","[c]","[c]"
"New entrant CS","2022","Department for Transport (excl. agencies)","East Sussex CC","Outside London","AO","[c]","[c]","[c]","[c]"
"New entrant CS","2022","Department for Transport (excl. agencies)","East Sussex CC","Outside London","EO","[c]","[c]","[c]","[c]"
"New entrant CS","2022","Department for Transport (excl. agencies)","East Sussex CC","Outside London","G7","[c]","[c]","[c]","[c]"
"New entrant CS","2022","Department for Transport (excl. agencies)","East Sussex CC","Outside London","HEO","10","[c]","[c]","[c]"
"New entrant CS","2022","Department for Transport (excl. agencies)","East Sussex CC","Outside London","SEO","[c]","[c]","[c]","[c]"
"New entrant CS","2022","Department for Transport (excl. agencies)","Leeds","Outside London","EO","20","[c]","24110","25360"
"New entrant CS","2022","Department for Transport (excl. agencies)","Leeds","Outside London","G6","[c]","[c]","[c]","[c]"
"New entrant CS","2022","Department for Transport (excl. agencies)","Leeds","Outside London","G7","25","[c]","49370","48770"
"New entrant CS","2022","Department for Transport (excl. agencies)","Leeds","Outside London","HEO","20","[c]","30790","30730"
"New entrant CS","2022","Department for Transport (excl. agencies)","Leeds","Outside London","SCS level","[c]","[c]","[c]","[c]"
"New entrant CS","2022","Department for Transport (excl. agencies)","Leeds","Outside London","SEO","20","[c]","38820","38650"
"New entrant CS","2022","Department for Transport (excl. agencies)","North Hampshire","Outside London","EO","[c]","[c]","[c]","[c]"
"New entrant CS","2022","Department for Transport (excl. agencies)","North Hampshire","Outside London","G7","[c]","[c]","[c]","[c]"
"New entrant CS","2022","Department for Transport (excl. agencies)","Southampton","Outside London","EO","[c]","[c]","[c]","[c]"
"New entrant CS","2022","Department for Transport (excl. agencies)","Southampton","Outside London","G6","[c]","[c]","[c]","[c]"
"New entrant CS","2022","Department for Transport (excl. agencies)","Southampton","Outside London","G7","[c]","[c]","[c]","[c]"
"New entrant CS","2022","Department for Transport (excl. agencies)","Southampton","Outside London","HEO","[c]","[c]","[c]","[c]"
"New entrant CS","2022","Department for Transport (excl. agencies)","Swansea","Outside London","AO","[c]","[c]","[c]","[c]"
"New entrant CS","2022","Department for Transport (excl. agencies)","Swansea","Outside London","EO","[c]","[c]","[c]","[c]"
"New entrant CS","2022","Department for Transport (excl. agencies)","Swansea","Outside London","G7","5","[c]","[c]","[c]"
"New entrant CS","2022","Department for Transport (excl. agencies)","Swansea","Outside London","HEO","[c]","[c]","[c]","[c]"
"New entrant CS","2022","Department for Transport (excl. agencies)","Swansea","Outside London","SCS level","[c]","[c]","[c]","[c]"
"New entrant CS","2022","Department for Transport (excl. agencies)","Swansea","Outside London","SEO","[c]","[c]","[c]","[c]"
"New entrant CS","2022","Department for Transport (excl. agencies)","Tyneside","Outside London","EO","[c]","[c]","[c]","[c]"
"New entrant CS","2022","Department for Transport (excl. agencies)","West Surrey","Outside London","SEO","[c]","[c]","[c]","[c]"
"New entrant CS","2022","Department for Transport (excl. agencies)","Westminster","London","AA","[c]","[c]","[c]","[c]"
"New entrant CS","2022","Department for Transport (excl. agencies)","Westminster","London","AO","10","[c]","24080","25730"
"New entrant CS","2022","Department for Transport (excl. agencies)","Westminster","London","EO","65","[c]","28690","29970"
"New entrant CS","2022","Department for Transport (excl. agencies)","Westminster","London","G6","45","[c]","65940","65440"
"New entrant CS","2022","Department for Transport (excl. agencies)","Westminster","London","G7","120","[c]","54740","54110"
"New entrant CS","2022","Department for Transport (excl. agencies)","Westminster","London","HEO","140","[c]","33780","34710"
"New entrant CS","2022","Department for Transport (excl. agencies)","Westminster","London","SCS level","15","[c]","79420","75500"
"New entrant CS","2022","Department for Transport (excl. agencies)","Westminster","London","SEO","110","[c]","42500","42470"
"New entrant CS","2022","Department for Transport (excl. agencies)","Westminster","London","Unknown","[c]","[c]","[c]","[c]"
"New entrant CS","2022","Department for Work and Pensions (excl. agencies)","Aberdeen City and Aberdeenshire","Outside London","EO","35","[c]","27570","27570"
"New entrant CS","2022","Department for Work and Pensions (excl. agencies)","Angus and Dundee City","Outside London","AO","60","[c]","21260","21260"
"New entrant CS","2022","Department for Work and Pensions (excl. agencies)","Angus and Dundee City","Outside London","EO","25","[c]","27570","27570"
"New entrant CS","2022","Department for Work and Pensions (excl. agencies)","Barking & Dagenham and Havering","London","AO","[c]","[c]","[c]","[c]"
"New entrant CS","2022","Department for Work and Pensions (excl. agencies)","Barking & Dagenham and Havering","London","EO","55","[c]","31060","31060"
"New entrant CS","2022","Department for Work and Pensions (excl. agencies)","Barking & Dagenham and Havering","London","HEO","[c]","[c]","[c]","[c]"
"New entrant CS","2022","Department for Work and Pensions (excl. agencies)","Barnet","London","AO","5","[c]","[c]","[c]"
"New entrant CS","2022","Department for Work and Pensions (excl. agencies)","Barnet","London","EO","50","[c]","31060","31060"
"New entrant CS","2022","Department for Work and Pensions (excl. agencies)","Barnsley, Doncaster and Rotherham","Outside London","AO","55","[c]","21220","21260"
"New entrant CS","2022","Department for Work and Pensions (excl. agencies)","Barnsley, Doncaster and Rotherham","Outside London","EO","55","[c]","27570","27570"
"New entrant CS","2022","Department for Work and Pensions (excl. agencies)","Barnsley, Doncaster and Rotherham","Outside London","HEO","[c]","[c]","[c]","[c]"
"New entrant CS","2022","Department for Work and Pensions (excl. agencies)","Bath and North East Somerset, North Somerset and South Gloucestershire","Outside London","AO","5","[c]","[c]","[c]"
"New entrant CS","2022","Department for Work and Pensions (excl. agencies)","Bath and North East Somerset, North Somerset and South Gloucestershire","Outside London","EO","10","[c]","27570","27570"
"New entrant CS","2022","Department for Work and Pensions (excl. agencies)","Bedford","Outside London","AO","[c]","[c]","[c]","[c]"
"New entrant CS","2022","Department for Work and Pensions (excl. agencies)","Bedford","Outside London","EO","20","[c]","27570","27570"
"New entrant CS","2022","Department for Work and Pensions (excl. agencies)","Berkshire","Outside London","AO","5","[c]","[c]","[c]"
"New entrant CS","2022","Department for Work and Pensions (excl. agencies)","Berkshire","Outside London","EO","60","[c]","29260","29290"
"New entrant CS","2022","Department for Work and Pensions (excl. agencies)","Bexley and Greenwich","London","AO","[c]","[c]","[c]","[c]"
"New entrant CS","2022","Department for Work and Pensions (excl. agencies)","Bexley and Greenwich","London","EO","40","[c]","31060","31060"
"New entrant CS","2022","Department for Work and Pensions (excl. agencies)","Birmingham","Outside London","AO","40","[c]","21260","21260"
"New entrant CS","2022","Department for Work and Pensions (excl. agencies)","Birmingham","Outside London","EO","245","[c]","27490","27570"
"New entrant CS","2022","Department for Work and Pensions (excl. agencies)","Birmingham","Outside London","G7","[c]","[c]","[c]","[c]"
"New entrant CS","2022","Department for Work and Pensions (excl. agencies)","Birmingham","Outside London","HEO","[c]","[c]","[c]","[c]"
"New entrant CS","2022","Department for Work and Pensions (excl. agencies)","Birmingham","Outside London","SEO","[c]","[c]","[c]","[c]"
"New entrant CS","2022","Department for Work and Pensions (excl. agencies)","Blackburn with Darwen","Outside London","EO","10","[c]","[c]","[c]"
"New entrant CS","2022","Department for Work and Pensions (excl. agencies)","Blackburn with Darwen","Outside London","G7","[c]","[c]","[c]","[c]"
"New entrant CS","2022","Department for Work and Pensions (excl. agencies)","Blackpool","Outside London","AO","385","[c]","21260","21260"
"New entrant CS","2022","Department for Work and Pensions (excl. agencies)","Blackpool","Outside London","EO","190","[c]","27570","27570"
"New entrant CS","2022","Department for Work and Pensions (excl. agencies)","Blackpool","Outside London","G6","[c]","[c]","[c]","[c]"
"New entrant CS","2022","Department for Work and Pensions (excl. agencies)","Blackpool","Outside London","G7","25","[c]","55720","57030"
"New entrant CS","2022","Department for Work and Pensions (excl. agencies)","Blackpool","Outside London","HEO","10","[c]","32370","31990"
"New entrant CS","2022","Department for Work and Pensions (excl. agencies)","Blackpool","Outside London","SEO","25","[c]","38650","38690"
"New entrant CS","2022","Department for Work and Pensions (excl. agencies)","Bournemouth, Christchurch and Poole","Outside London","EO","20","[c]","27570","27570"
"New entrant CS","2022","Department for Work and Pensions (excl. agencies)","Bournemouth, Christchurch and Poole","Outside London","HEO","[c]","[c]","[c]","[c]"
"New entrant CS","2022","Department for Work and Pensions (excl. agencies)","Bradford","Outside London","AO","55","[c]","21240","21260"
"New entrant CS","2022","Department for Work and Pensions (excl. agencies)","Bradford","Outside London","EO","80","[c]","27570","27570"
"New entrant CS","2022","Department for Work and Pensions (excl. agencies)","Bradford","Outside London","SEO","[c]","[c]","[c]","[c]"
"New entrant CS","2022","Department for Work and Pensions (excl. agencies)","Breckland and South Norfolk","Outside London","AO","[c]","[c]","[c]","[c]"
"New entrant CS","2022","Department for Work and Pensions (excl. agencies)","Breckland and South Norfolk","Outside London","EO","[c]","[c]","[c]","[c]"
"New entrant CS","2022","Department for Work and Pensions (excl. agencies)","Brent","London","AO","5","[c]","[c]","[c]"
"New entrant CS","2022","Department for Work and Pensions (excl. agencies)","Brent","London","EO","50","[c]","31060","31060"
"New entrant CS","2022","Department for Work and Pensions (excl. agencies)","Brent","London","HEO","[c]","[c]","[c]","[c]"
"New entrant CS","2022","Department for Work and Pensions (excl. agencies)","Bridgend and Neath Port Talbot","Outside London","AO","20","[c]","21220","21260"
"New entrant CS","2022","Department for Work and Pensions (excl. agencies)","Bridgend and Neath Port Talbot","Outside London","EO","5","[c]","[c]","[c]"
"New entrant CS","2022","Department for Work and Pensions (excl. agencies)","Bridgend and Neath Port Talbot","Outside London","HEO","[c]","[c]","[c]","[c]"
"New entrant CS","2022","Department for Work and Pensions (excl. agencies)","Brighton and Hove","Outside London","EO","[c]","[c]","[c]","[c]"
"New entrant CS","2022","Department for Work and Pensions (excl. agencies)","Brighton and Hove","Outside London","SEO","[c]","[c]","[c]","[c]"
"New entrant CS","2022","Department for Work and Pensions (excl. agencies)","Bristol, City of","Outside London","AO","75","[c]","21260","21260"
"New entrant CS","2022","Department for Work and Pensions (excl. agencies)","Bristol, City of","Outside London","EO","15","[c]","27570","27570"
"New entrant CS","2022","Department for Work and Pensions (excl. agencies)","Bristol, City of","Outside London","HEO","[c]","[c]","[c]","[c]"
"New entrant CS","2022","Department for Work and Pensions (excl. agencies)","Bristol, City of","Outside London","SEO","[c]","[c]","[c]","[c]"
"New entrant CS","2022","Department for Work and Pensions (excl. agencies)","Bromley","London","AO","10","[c]","25110","25110"
"New entrant CS","2022","Department for Work and Pensions (excl. agencies)","Bromley","London","EO","15","[c]","31060","31060"
"New entrant CS","2022","Department for Work and Pensions (excl. agencies)","Bromley","London","HEO","[c]","[c]","[c]","[c]"
"New entrant CS","2022","Department for Work and Pensions (excl. agencies)","Buckinghamshire","Outside London","AO","[c]","[c]","[c]","[c]"
"New entrant CS","2022","Department for Work and Pensions (excl. agencies)","Buckinghamshire","Outside London","EO","10","[c]","27570","27570"
"New entrant CS","2022","Department for Work and Pensions (excl. agencies)","Buckinghamshire","Outside London","HEO","[c]","[c]","[c]","[c]"
"New entrant CS","2022","Department for Work and Pensions (excl. agencies)","Caithness and Sutherland, and Ross and Cromarty","Outside London","AO","[c]","[c]","[c]","[c]"
"New entrant CS","2022","Department for Work and Pensions (excl. agencies)","Caithness and Sutherland, and Ross and Cromarty","Outside London","EO","[c]","[c]","[c]","[c]"
"New entrant CS","2022","Department for Work and Pensions (excl. agencies)","Calderdale and Kirklees","Outside London","AO","30","[c]","21260","21260"
"New entrant CS","2022","Department for Work and Pensions (excl. agencies)","Calderdale and Kirklees","Outside London","EO","80","[c]","27570","27570"
"New entrant CS","2022","Department for Work and Pensions (excl. agencies)","Cambridgeshire CC","Outside London","AO","[c]","[c]","[c]","[c]"
"New entrant CS","2022","Department for Work and Pensions (excl. agencies)","Cambridgeshire CC","Outside London","EO","25","[c]","27570","27570"
"New entrant CS","2022","Department for Work and Pensions (excl. agencies)","Camden and City of London","London","AO","[c]","[c]","[c]","[c]"
"New entrant CS","2022","Department for Work and Pensions (excl. agencies)","Camden and City of London","London","EO","5","[c]","[c]","[c]"
"New entrant CS","2022","Department for Work and Pensions (excl. agencies)","Cardiff and Vale of Glamorgan","Outside London","AO","[c]","[c]","[c]","[c]"
"New entrant CS","2022","Department for Work and Pensions (excl. agencies)","Cardiff and Vale of Glamorgan","Outside London","EO","10","[c]","[c]","[c]"
"New entrant CS","2022","Department for Work and Pensions (excl. agencies)","Central Bedfordshire","Outside London","EO","[c]","[c]","[c]","[c]"
"New entrant CS","2022","Department for Work and Pensions (excl. agencies)","Central Hampshire","Outside London","AO","[c]","[c]","[c]","[c]"
"New entrant CS","2022","Department for Work and Pensions (excl. agencies)","Central Hampshire","Outside London","EO","5","[c]","[c]","[c]"
"New entrant CS","2022","Department for Work and Pensions (excl. agencies)","Central Valleys","Outside London","AO","50","[c]","21260","21260"
"New entrant CS","2022","Department for Work and Pensions (excl. agencies)","Central Valleys","Outside London","EO","140","[c]","27570","27570"
"New entrant CS","2022","Department for Work and Pensions (excl. agencies)","Central Valleys","Outside London","HEO","[c]","[c]","[c]","[c]"
"New entrant CS","2022","Department for Work and Pensions (excl. agencies)","Cheshire East","Outside London","AO","[c]","[c]","[c]","[c]"
"New entrant CS","2022","Department for Work and Pensions (excl. agencies)","Cheshire East","Outside London","EO","10","[c]","[c]","[c]"
"New entrant CS","2022","Department for Work and Pensions (excl. agencies)","Cheshire West and Chester","Outside London","AO","5","[c]","[c]","[c]"
"New entrant CS","2022","Department for Work and Pensions (excl. agencies)","Chorley and West Lancashire","Outside London","AO","[c]","[c]","[c]","[c]"
"New entrant CS","2022","Department for Work and Pensions (excl. agencies)","Chorley and West Lancashire","Outside London","EO","[c]","[c]","[c]","[c]"
"New entrant CS","2022","Department for Work and Pensions (excl. agencies)","City of Edinburgh","Outside London","AO","10","[c]","[c]","[c]"
"New entrant CS","2022","Department for Work and Pensions (excl. agencies)","City of Edinburgh","Outside London","EO","40","[c]","27570","27570"
"New entrant CS","2022","Department for Work and Pensions (excl. agencies)","City of Edinburgh","Outside London","HEO","[c]","[c]","[c]","[c]"
"New entrant CS","2022","Department for Work and Pensions (excl. agencies)","City of Edinburgh","Outside London","SEO","[c]","[c]","[c]","[c]"
"New entrant CS","2022","Department for Work and Pensions (excl. agencies)","Clackmannanshire and Fife","Outside London","AO","5","[c]","[c]","[c]"
"New entrant CS","2022","Department for Work and Pensions (excl. agencies)","Clackmannanshire and Fife","Outside London","EO","30","[c]","27570","27570"
"New entrant CS","2022","Department for Work and Pensions (excl. agencies)","Clackmannanshire and Fife","Outside London","G7","[c]","[c]","[c]","[c]"
"New entrant CS","2022","Department for Work and Pensions (excl. agencies)","Conwy and Denbighshire","Outside London","EO","20","[c]","27570","27570"
"New entrant CS","2022","Department for Work and Pensions (excl. agencies)","Cornwall and Isles of Scilly","Outside London","AO","100","[c]","21260","21260"
"New entrant CS","2022","Department for Work and Pensions (excl. agencies)","Cornwall and Isles of Scilly","Outside London","EO","20","[c]","27570","27570"
"New entrant CS","2022","Department for Work and Pensions (excl. agencies)","Cornwall and Isles of Scilly","Outside London","HEO","[c]","[c]","[c]","[c]"
"New entrant CS","2022","Department for Work and Pensions (excl. agencies)","Cornwall and Isles of Scilly","Outside London","SEO","[c]","[c]","[c]","[c]"
"New entrant CS","2022","Department for Work and Pensions (excl. agencies)","Coventry","Outside London","AO","20","[c]","21240","21260"
"New entrant CS","2022","Department for Work and Pensions (excl. agencies)","Coventry","Outside London","EO","10","[c]","27570","27570"
"New entrant CS","2022","Department for Work and Pensions (excl. agencies)","Croydon","London","AO","5","[c]","[c]","[c]"
"New entrant CS","2022","Department for Work and Pensions (excl. agencies)","Croydon","London","EO","40","[c]","31060","31060"
"New entrant CS","2022","Department for Work and Pensions (excl. agencies)","Darlington","Outside London","AO","[c]","[c]","[c]","[c]"
"New entrant CS","2022","Department for Work and Pensions (excl. agencies)","Darlington","Outside London","EO","10","[c]","[c]","[c]"
"New entrant CS","2022","Department for Work and Pensions (excl. agencies)","Derby","Outside London","AO","65","[c]","21260","21260"
"New entrant CS","2022","Department for Work and Pensions (excl. agencies)","Derby","Outside London","EO","15","[c]","27570","27570"
"New entrant CS","2022","Department for Work and Pensions (excl. agencies)","Devon CC","Outside London","AO","55","[c]","21240","21260"
"New entrant CS","2022","Department for Work and Pensions (excl. agencies)","Devon CC","Outside London","EO","10","[c]","27570","27570"
"New entrant CS","2022","Department for Work and Pensions (excl. agencies)","Devon CC","Outside London","HEO","[c]","[c]","[c]","[c]"
"New entrant CS","2022","Department for Work and Pensions (excl. agencies)","Dorset","Outside London","AO","[c]","[c]","[c]","[c]"
"New entrant CS","2022","Department for Work and Pensions (excl. agencies)","Dorset","Outside London","EO","[c]","[c]","[c]","[c]"
"New entrant CS","2022","Department for Work and Pensions (excl. agencies)","Dudley","Outside London","AO","80","[c]","21260","21260"
"New entrant CS","2022","Department for Work and Pensions (excl. agencies)","Dudley","Outside London","EO","20","[c]","27570","27570"
"New entrant CS","2022","Department for Work and Pensions (excl. agencies)","Dudley","Outside London","HEO","[c]","[c]","[c]","[c]"
"New entrant CS","2022","Department for Work and Pensions (excl. agencies)","Dumfries and Galloway","Outside London","EO","[c]","[c]","[c]","[c]"
"New entrant CS","2022","Department for Work and Pensions (excl. agencies)","Durham","Outside London","AO","25","[c]","21260","21260"
"New entrant CS","2022","Department for Work and Pensions (excl. agencies)","Durham","Outside London","EO","25","[c]","27570","27570"
"New entrant CS","2022","Department for Work and Pensions (excl. agencies)","Ealing","London","AO","[c]","[c]","[c]","[c]"
"New entrant CS","2022","Department for Work and Pensions (excl. agencies)","Ealing","London","EO","35","[c]","31060","31060"
"New entrant CS","2022","Department for Work and Pensions (excl. agencies)","Ealing","London","SEO","[c]","[c]","[c]","[c]"
"New entrant CS","2022","Department for Work and Pensions (excl. agencies)","East Ayrshire and North Ayrshire mainland","Outside London","AO","55","[c]","21260","21260"
"New entrant CS","2022","Department for Work and Pensions (excl. agencies)","East Ayrshire and North Ayrshire mainland","Outside London","EO","30","[c]","27570","27570"
"New entrant CS","2022","Department for Work and Pensions (excl. agencies)","East Ayrshire and North Ayrshire mainland","Outside London","G7","[c]","[c]","[c]","[c]"
"New entrant CS","2022","Department for Work and Pensions (excl. agencies)","East Ayrshire and North Ayrshire mainland","Outside London","HEO","[c]","[c]","[c]","[c]"
"New entrant CS","2022","Department for Work and Pensions (excl. agencies)","East Cumbria","Outside London","AO","[c]","[c]","[c]","[c]"
"New entrant CS","2022","Department for Work and Pensions (excl. agencies)","East Cumbria","Outside London","EO","15","[c]","27570","27570"
"New entrant CS","2022","Department for Work and Pensions (excl. agencies)","East Derbyshire","Outside London","AO","15","[c]","21260","21260"
"New entrant CS","2022","Department for Work and Pensions (excl. agencies)","East Derbyshire","Outside London","EO","20","[c]","27570","27570"
"New entrant CS","2022","Department for Work and Pensions (excl. agencies)","East Dunbartonshire, West Dunbartonshire, and Helensburgh and Lomond","Outside London","AO","25","[c]","21230","21260"
"New entrant CS","2022","Department for Work and Pensions (excl. agencies)","East Dunbartonshire, West Dunbartonshire, and Helensburgh and Lomond","Outside London","EO","[c]","[c]","[c]","[c]"
"New entrant CS","2022","Department for Work and Pensions (excl. agencies)","East Dunbartonshire, West Dunbartonshire, and Helensburgh and Lomond","Outside London","G6","[c]","[c]","[c]","[c]"
"New entrant CS","2022","Department for Work and Pensions (excl. agencies)","East Kent","Outside London","AO","115","[c]","24250","24250"
"New entrant CS","2022","Department for Work and Pensions (excl. agencies)","East Kent","Outside London","EO","15","[c]","29290","29290"
"New entrant CS","2022","Department for Work and Pensions (excl. agencies)","East Lancashire","Outside London","EO","15","[c]","27570","27570"
"New entrant CS","2022","Department for Work and Pensions (excl. agencies)","East Lancashire","Outside London","G7","[c]","[c]","[c]","[c]"
"New entrant CS","2022","Department for Work and Pensions (excl. agencies)","East Merseyside","Outside London","AO","15","[c]","21260","21260"
"New entrant CS","2022","Department for Work and Pensions (excl. agencies)","East Merseyside","Outside London","EO","35","[c]","27300","27570"
"New entrant CS","2022","Department for Work and Pensions (excl. agencies)","East Merseyside","Outside London","HEO","[c]","[c]","[c]","[c]"
"New entrant CS","2022","Department for Work and Pensions (excl. agencies)","East Merseyside","Outside London","SEO","[c]","[c]","[c]","[c]"
"New entrant CS","2022","Department for Work and Pensions (excl. agencies)","East Riding of Yorkshire","Outside London","EO","[c]","[c]","[c]","[c]"
"New entrant CS","2022","Department for Work and Pensions (excl. agencies)","East Surrey","Outside London","EO","10","[c]","29290","29290"
"New entrant CS","2022","Department for Work and Pensions (excl. agencies)","East Surrey","Outside London","HEO","[c]","[c]","[c]","[c]"
"New entrant CS","2022","Department for Work and Pensions (excl. agencies)","East Sussex CC","Outside London","AO","105","[c]","21260","21260"
"New entrant CS","2022","Department for Work and Pensions (excl. agencies)","East Sussex CC","Outside London","EO","10","[c]","[c]","[c]"
"New entrant CS","2022","Department for Work and Pensions (excl. agencies)","East Sussex CC","Outside London","SEO","[c]","[c]","[c]","[c]"
"New entrant CS","2022","Department for Work and Pensions (excl. agencies)","Enfield","London","AO","[c]","[c]","[c]","[c]"
"New entrant CS","2022","Department for Work and Pensions (excl. agencies)","Enfield","London","EO","25","[c]","31060","31060"
"New entrant CS","2022","Department for Work and Pensions (excl. agencies)","Essex Haven Gateway","Outside London","AO","[c]","[c]","[c]","[c]"
"New entrant CS","2022","Department for Work and Pensions (excl. agencies)","Essex Haven Gateway","Outside London","EO","15","[c]","29290","29290"
"New entrant CS","2022","Department for Work and Pensions (excl. agencies)","Essex Haven Gateway","Outside London","HEO","[c]","[c]","[c]","[c]"
"New entrant CS","2022","Department for Work and Pensions (excl. agencies)","Essex Thames Gateway","Outside London","AO","100","[c]","24260","24250"
"New entrant CS","2022","Department for Work and Pensions (excl. agencies)","Essex Thames Gateway","Outside London","EO","15","[c]","29290","29290"
"New entrant CS","2022","Department for Work and Pensions (excl. agencies)","Essex Thames Gateway","Outside London","SEO","[c]","[c]","[c]","[c]"
"New entrant CS","2022","Department for Work and Pensions (excl. agencies)","Falkirk","Outside London","AO","55","[c]","21220","21260"
"New entrant CS","2022","Department for Work and Pensions (excl. agencies)","Falkirk","Outside London","EO","25","[c]","27570","27570"
"New entrant CS","2022","Department for Work and Pensions (excl. agencies)","Falkirk","Outside London","HEO","[c]","[c]","[c]","[c]"
"New entrant CS","2022","Department for Work and Pensions (excl. agencies)","Flintshire and Wrexham","Outside London","AO","55","[c]","21250","21260"
"New entrant CS","2022","Department for Work and Pensions (excl. agencies)","Flintshire and Wrexham","Outside London","EO","25","[c]","27570","27570"
"New entrant CS","2022","Department for Work and Pensions (excl. agencies)","Glasgow City","Outside London","AO","220","[c]","21260","21260"
"New entrant CS","2022","Department for Work and Pensions (excl. agencies)","Glasgow City","Outside London","EO","105","[c]","27570","27570"
"New entrant CS","2022","Department for Work and Pensions (excl. agencies)","Glasgow City","Outside London","G7","[c]","[c]","[c]","[c]"
"New entrant CS","2022","Department for Work and Pensions (excl. agencies)","Glasgow City","Outside London","HEO","5","[c]","[c]","[c]"
"New entrant CS","2022","Department for Work and Pensions (excl. agencies)","Gloucestershire CC","Outside London","AO","10","[c]","[c]","[c]"
"New entrant CS","2022","Department for Work and Pensions (excl. agencies)","Gloucestershire CC","Outside London","EO","15","[c]","27570","27570"
"New entrant CS","2022","Department for Work and Pensions (excl. agencies)","Greater Manchester North East","Outside London","AO","[c]","[c]","[c]","[c]"
"New entrant CS","2022","Department for Work and Pensions (excl. agencies)","Greater Manchester North East","Outside London","EO","25","[c]","27160","27570"
"New entrant CS","2022","Department for Work and Pensions (excl. agencies)","Greater Manchester North East","Outside London","G7","[c]","[c]","[c]","[c]"
"New entrant CS","2022","Department for Work and Pensions (excl. agencies)","Greater Manchester North West","Outside London","AO","70","[c]","21250","21260"
"New entrant CS","2022","Department for Work and Pensions (excl. agencies)","Greater Manchester North West","Outside London","EO","30","[c]","27570","27570"
"New entrant CS","2022","Department for Work and Pensions (excl. agencies)","Greater Manchester South East","Outside London","AO","50","[c]","21260","21260"
"New entrant CS","2022","Department for Work and Pensions (excl. agencies)","Greater Manchester South East","Outside London","EO","15","[c]","27570","27570"
"New entrant CS","2022","Department for Work and Pensions (excl. agencies)","Greater Manchester South West","Outside London","AO","20","[c]","21260","21260"
"New entrant CS","2022","Department for Work and Pensions (excl. agencies)","Greater Manchester South West","Outside London","EO","15","[c]","27570","27570"
"New entrant CS","2022","Department for Work and Pensions (excl. agencies)","Greater Manchester South West","Outside London","HEO","[c]","[c]","[c]","[c]"
"New entrant CS","2022","Department for Work and Pensions (excl. agencies)","Gwent Valleys","Outside London","EO","30","[c]","27570","27570"
"New entrant CS","2022","Department for Work and Pensions (excl. agencies)","Gwent Valleys","Outside London","G6","[c]","[c]","[c]","[c]"
"New entrant CS","2022","Department for Work and Pensions (excl. agencies)","Gwynedd","Outside London","AO","45","[c]","21260","21260"
"New entrant CS","2022","Department for Work and Pensions (excl. agencies)","Gwynedd","Outside London","EO","[c]","[c]","[c]","[c]"
"New entrant CS","2022","Department for Work and Pensions (excl. agencies)","Hackney and Newham","London","AO","10","[c]","25110","25110"
"New entrant CS","2022","Department for Work and Pensions (excl. agencies)","Hackney and Newham","London","EO","80","[c]","31060","31060"
"New entrant CS","2022","Department for Work and Pensions (excl. agencies)","Hackney and Newham","London","HEO","[c]","[c]","[c]","[c]"
"New entrant CS","2022","Department for Work and Pensions (excl. agencies)","Hackney and Newham","London","SEO","[c]","[c]","[c]","[c]"
"New entrant CS","2022","Department for Work and Pensions (excl. agencies)","Haringey and Islington","London","AO","[c]","[c]","[c]","[c]"
"New entrant CS","2022","Department for Work and Pensions (excl. agencies)","Haringey and Islington","London","EO","50","[c]","31060","31060"
"New entrant CS","2022","Department for Work and Pensions (excl. agencies)","Harrow and Hillingdon","London","AO","[c]","[c]","[c]","[c]"
"New entrant CS","2022","Department for Work and Pensions (excl. agencies)","Harrow and Hillingdon","London","EO","45","[c]","30940","31060"
"New entrant CS","2022","Department for Work and Pensions (excl. agencies)","Hartlepool and Stockton-on-Tees","Outside London","AO","20","[c]","21250","21260"
"New entrant CS","2022","Department for Work and Pensions (excl. agencies)","Hartlepool and Stockton-on-Tees","Outside London","EO","40","[c]","27570","27570"
"New entrant CS","2022","Department for Work and Pensions (excl. agencies)","Heart of Essex","Outside London","EO","30","[c]","29290","29290"
"New entrant CS","2022","Department for Work and Pensions (excl. agencies)","Heart of Essex","Outside London","SEO","[c]","[c]","[c]","[c]"
"New entrant CS","2022","Department for Work and Pensions (excl. agencies)","Herefordshire, County of","Outside London","EO","20","[c]","27570","27570"
"New entrant CS","2022","Department for Work and Pensions (excl. agencies)","Hertfordshire CC","Outside London","AO","25","[c]","24250","24250"
"New entrant CS","2022","Department for Work and Pensions (excl. agencies)","Hertfordshire CC","Outside London","EO","80","[c]","29290","29290"
"New entrant CS","2022","Department for Work and Pensions (excl. agencies)","Hounslow and Richmond upon Thames","London","AO","[c]","[c]","[c]","[c]"
"New entrant CS","2022","Department for Work and Pensions (excl. agencies)","Hounslow and Richmond upon Thames","London","EO","25","[c]","30580","31060"
"New entrant CS","2022","Department for Work and Pensions (excl. agencies)","Inverclyde, East Renfrewshire, and Renfrewshire","Outside London","AO","5","[c]","[c]","[c]"
"New entrant CS","2022","Department for Work and Pensions (excl. agencies)","Inverclyde, East Renfrewshire, and Renfrewshire","Outside London","EO","10","[c]","[c]","[c]"
"New entrant CS","2022","Department for Work and Pensions (excl. agencies)","Inverness and Nairn, Moray, and Badenoch and Strathspey","Outside London","AO","10","[c]","21240","21260"
"New entrant CS","2022","Department for Work and Pensions (excl. agencies)","Inverness and Nairn, Moray, and Badenoch and Strathspey","Outside London","EO","20","[c]","27570","27570"
"New entrant CS","2022","Department for Work and Pensions (excl. agencies)","Inverness and Nairn, Moray, and Badenoch and Strathspey","Outside London","HEO","[c]","[c]","[c]","[c]"
"New entrant CS","2022","Department for Work and Pensions (excl. agencies)","Isle of Wight","Outside London","AO","35","[c]","21260","21260"
"New entrant CS","2022","Department for Work and Pensions (excl. agencies)","Isle of Wight","Outside London","EO","[c]","[c]","[c]","[c]"
"New entrant CS","2022","Department for Work and Pensions (excl. agencies)","Kensington & Chelsea and Hammersmith & Fulham","London","AO","[c]","[c]","[c]","[c]"
"New entrant CS","2022","Department for Work and Pensions (excl. agencies)","Kensington & Chelsea and Hammersmith & Fulham","London","EO","10","[c]","31060","31060"
"New entrant CS","2022","Department for Work and Pensions (excl. agencies)","Kensington & Chelsea and Hammersmith & Fulham","London","HEO","[c]","[c]","[c]","[c]"
"New entrant CS","2022","Department for Work and Pensions (excl. agencies)","Kent Thames Gateway","Outside London","AO","[c]","[c]","[c]","[c]"
"New entrant CS","2022","Department for Work and Pensions (excl. agencies)","Kent Thames Gateway","Outside London","EO","[c]","[c]","[c]","[c]"
"New entrant CS","2022","Department for Work and Pensions (excl. agencies)","Kingston upon Hull, City of","Outside London","AO","50","[c]","21230","21260"
"New entrant CS","2022","Department for Work and Pensions (excl. agencies)","Kingston upon Hull, City of","Outside London","EO","10","[c]","27570","27570"
"New entrant CS","2022","Department for Work and Pensions (excl. agencies)","Lambeth","London","AO","10","[c]","[c]","[c]"
"New entrant CS","2022","Department for Work and Pensions (excl. agencies)","Lambeth","London","EO","50","[c]","31060","31060"
"New entrant CS","2022","Department for Work and Pensions (excl. agencies)","Lambeth","London","HEO","[c]","[c]","[c]","[c]"
"New entrant CS","2022","Department for Work and Pensions (excl. agencies)","Lancaster and Wyre","Outside London","AO","25","[c]","21260","21260"
"New entrant CS","2022","Department for Work and Pensions (excl. agencies)","Lancaster and Wyre","Outside London","EO","[c]","[c]","[c]","[c]"
"New entrant CS","2022","Department for Work and Pensions (excl. agencies)","Leeds","Outside London","AO","125","[c]","21260","21260"
"New entrant CS","2022","Department for Work and Pensions (excl. agencies)","Leeds","Outside London","EO","190","[c]","27470","27570"
"New entrant CS","2022","Department for Work and Pensions (excl. agencies)","Leeds","Outside London","G6","[c]","[c]","[c]","[c]"
"New entrant CS","2022","Department for Work and Pensions (excl. agencies)","Leeds","Outside London","G7","35","[c]","53420","53000"
"New entrant CS","2022","Department for Work and Pensions (excl. agencies)","Leeds","Outside London","HEO","25","[c]","31980","31990"
"New entrant CS","2022","Department for Work and Pensions (excl. agencies)","Leeds","Outside London","SCS level","[c]","[c]","[c]","[c]"
"New entrant CS","2022","Department for Work and Pensions (excl. agencies)","Leeds","Outside London","SEO","35","[c]","37980","37500"
"New entrant CS","2022","Department for Work and Pensions (excl. agencies)","Leicester","Outside London","AO","95","[c]","21240","21260"
"New entrant CS","2022","Department for Work and Pensions (excl. agencies)","Leicester","Outside London","EO","15","[c]","27570","27570"
"New entrant CS","2022","Department for Work and Pensions (excl. agencies)","Leicester","Outside London","HEO","[c]","[c]","[c]","[c]"
"New entrant CS","2022","Department for Work and Pensions (excl. agencies)","Leicestershire CC and Rutland","Outside London","AO","[c]","[c]","[c]","[c]"
"New entrant CS","2022","Department for Work and Pensions (excl. agencies)","Leicestershire CC and Rutland","Outside London","EO","5","[c]","[c]","[c]"
"New entrant CS","2022","Department for Work and Pensions (excl. agencies)","Leicestershire CC and Rutland","Outside London","G7","[c]","[c]","[c]","[c]"
"New entrant CS","2022","Department for Work and Pensions (excl. agencies)","Lewisham and Southwark","London","AO","5","[c]","[c]","[c]"
"New entrant CS","2022","Department for Work and Pensions (excl. agencies)","Lewisham and Southwark","London","EO","40","[c]","31060","31060"
"New entrant CS","2022","Department for Work and Pensions (excl. agencies)","Lincolnshire CC","Outside London","AO","15","[c]","21260","21260"
"New entrant CS","2022","Department for Work and Pensions (excl. agencies)","Lincolnshire CC","Outside London","EO","50","[c]","27570","27570"
"New entrant CS","2022","Department for Work and Pensions (excl. agencies)","Lincolnshire CC","Outside London","G7","[c]","[c]","[c]","[c]"
"New entrant CS","2022","Department for Work and Pensions (excl. agencies)","Liverpool","Outside London","AO","10","[c]","[c]","[c]"
"New entrant CS","2022","Department for Work and Pensions (excl. agencies)","Liverpool","Outside London","EO","155","[c]","27570","27570"
"New entrant CS","2022","Department for Work and Pensions (excl. agencies)","Liverpool","Outside London","HEO","[c]","[c]","[c]","[c]"
"New entrant CS","2022","Department for Work and Pensions (excl. agencies)","Liverpool","Outside London","SEO","[c]","[c]","[c]","[c]"
"New entrant CS","2022","Department for Work and Pensions (excl. agencies)","Lochaber, Skye and Lochalsh, Arran and Cumbrae, and Argyll and Bute","Outside London","EO","[c]","[c]","[c]","[c]"
"New entrant CS","2022","Department for Work and Pensions (excl. agencies)","Luton","Outside London","AO","[c]","[c]","[c]","[c]"
"New entrant CS","2022","Department for Work and Pensions (excl. agencies)","Luton","Outside London","EO","35","[c]","27660","27570"
"New entrant CS","2022","Department for Work and Pensions (excl. agencies)","Manchester","Outside London","AO","105","[c]","21250","21260"
"New entrant CS","2022","Department for Work and Pensions (excl. agencies)","Manchester","Outside London","EO","150","[c]","27540","27570"
"New entrant CS","2022","Department for Work and Pensions (excl. agencies)","Manchester","Outside London","G6","10","[c]","[c]","[c]"
"New entrant CS","2022","Department for Work and Pensions (excl. agencies)","Manchester","Outside London","G7","30","[c]","55240","55500"
"New entrant CS","2022","Department for Work and Pensions (excl. agencies)","Manchester","Outside London","HEO","25","[c]","32230","31990"
"New entrant CS","2022","Department for Work and Pensions (excl. agencies)","Manchester","Outside London","SEO","45","[c]","37690","37100"
"New entrant CS","2022","Department for Work and Pensions (excl. agencies)","Medway","Outside London","AO","5","[c]","[c]","[c]"
"New entrant CS","2022","Department for Work and Pensions (excl. agencies)","Medway","Outside London","EO","5","[c]","[c]","[c]"
"New entrant CS","2022","Department for Work and Pensions (excl. agencies)","Medway","Outside London","G7","[c]","[c]","[c]","[c]"
"New entrant CS","2022","Department for Work and Pensions (excl. agencies)","Medway","Outside London","HEO","[c]","[c]","[c]","[c]"
"New entrant CS","2022","Department for Work and Pensions (excl. agencies)","Merton, Kingston upon Thames and Sutton","London","AO","5","[c]","[c]","[c]"
"New entrant CS","2022","Department for Work and Pensions (excl. agencies)","Merton, Kingston upon Thames and Sutton","London","EO","40","[c]","31010","31060"
"New entrant CS","2022","Department for Work and Pensions (excl. agencies)","Merton, Kingston upon Thames and Sutton","London","HEO","[c]","[c]","[c]","[c]"
"New entrant CS","2022","Department for Work and Pensions (excl. agencies)","Mid Kent","Outside London","AO","[c]","[c]","[c]","[c]"
"New entrant CS","2022","Department for Work and Pensions (excl. agencies)","Mid Kent","Outside London","EO","5","[c]","[c]","[c]"
"New entrant CS","2022","Department for Work and Pensions (excl. agencies)","Mid Lancashire","Outside London","AO","125","[c]","21230","21260"
"New entrant CS","2022","Department for Work and Pensions (excl. agencies)","Mid Lancashire","Outside London","EO","30","[c]","27570","27570"
"New entrant CS","2022","Department for Work and Pensions (excl. agencies)","Mid Lancashire","Outside London","HEO","[c]","[c]","[c]","[c]"
"New entrant CS","2022","Department for Work and Pensions (excl. agencies)","Milton Keynes","Outside London","AO","5","[c]","[c]","[c]"
"New entrant CS","2022","Department for Work and Pensions (excl. agencies)","Milton Keynes","Outside London","EO","30","[c]","27570","27570"
"New entrant CS","2022","Department for Work and Pensions (excl. agencies)","Milton Keynes","Outside London","G7","[c]","[c]","[c]","[c]"
"New entrant CS","2022","Department for Work and Pensions (excl. agencies)","Monmouthshire and Newport","Outside London","AO","[c]","[c]","[c]","[c]"
"New entrant CS","2022","Department for Work and Pensions (excl. agencies)","Monmouthshire and Newport","Outside London","EO","15","[c]","27570","27570"
"New entrant CS","2022","Department for Work and Pensions (excl. agencies)","Na h-Eileanan Siar","Outside London","AO","[c]","[c]","[c]","[c]"
"New entrant CS","2022","Department for Work and Pensions (excl. agencies)","North and North East Lincolnshire","Outside London","AO","15","[c]","21260","21260"
"New entrant CS","2022","Department for Work and Pensions (excl. agencies)","North and North East Lincolnshire","Outside London","EO","10","[c]","27570","27570"
"New entrant CS","2022","Department for Work and Pensions (excl. agencies)","North and West Norfolk","Outside London","AO","[c]","[c]","[c]","[c]"
"New entrant CS","2022","Department for Work and Pensions (excl. agencies)","North and West Norfolk","Outside London","EO","10","[c]","27570","27570"
"New entrant CS","2022","Department for Work and Pensions (excl. agencies)","North Hampshire","Outside London","AO","5","[c]","[c]","[c]"
"New entrant CS","2022","Department for Work and Pensions (excl. agencies)","North Hampshire","Outside London","EO","10","[c]","27570","27570"
"New entrant CS","2022","Department for Work and Pensions (excl. agencies)","North Hampshire","Outside London","G7","[c]","[c]","[c]","[c]"
"New entrant CS","2022","Department for Work and Pensions (excl. agencies)","North Lanarkshire","Outside London","AO","65","[c]","21260","21260"
"New entrant CS","2022","Department for Work and Pensions (excl. agencies)","North Lanarkshire","Outside London","EO","45","[c]","27570","27570"
"New entrant CS","2022","Department for Work and Pensions (excl. agencies)","North Lanarkshire","Outside London","G7","[c]","[c]","[c]","[c]"
"New entrant CS","2022","Department for Work and Pensions (excl. agencies)","North Northamptonshire","Outside London","AO","75","[c]","21260","21260"
"New entrant CS","2022","Department for Work and Pensions (excl. agencies)","North Northamptonshire","Outside London","EO","15","[c]","27570","27570"
"New entrant CS","2022","Department for Work and Pensions (excl. agencies)","North Nottinghamshire","Outside London","AO","[c]","[c]","[c]","[c]"
"New entrant CS","2022","Department for Work and Pensions (excl. agencies)","North Nottinghamshire","Outside London","EO","30","[c]","27570","27570"
"New entrant CS","2022","Department for Work and Pensions (excl. agencies)","North Yorkshire CC","Outside London","AO","[c]","[c]","[c]","[c]"
"New entrant CS","2022","Department for Work and Pensions (excl. agencies)","North Yorkshire CC","Outside London","EO","[c]","[c]","[c]","[c]"
"New entrant CS","2022","Department for Work and Pensions (excl. agencies)","Northumberland","Outside London","AO","5","[c]","[c]","[c]"
"New entrant CS","2022","Department for Work and Pensions (excl. agencies)","Northumberland","Outside London","EO","15","[c]","27570","27570"
"New entrant CS","2022","Department for Work and Pensions (excl. agencies)","Norwich and East Norfolk","Outside London","AO","10","[c]","21260","21260"
"New entrant CS","2022","Department for Work and Pensions (excl. agencies)","Norwich and East Norfolk","Outside London","EO","45","[c]","27570","27570"
"New entrant CS","2022","Department for Work and Pensions (excl. agencies)","Nottingham","Outside London","AO","65","[c]","21260","21260"
"New entrant CS","2022","Department for Work and Pensions (excl. agencies)","Nottingham","Outside London","EO","40","[c]","27330","27570"
"New entrant CS","2022","Department for Work and Pensions (excl. agencies)","Orkney Islands","Outside London","EO","[c]","[c]","[c]","[c]"
"New entrant CS","2022","Department for Work and Pensions (excl. agencies)","Oxfordshire CC","Outside London","AO","[c]","[c]","[c]","[c]"
"New entrant CS","2022","Department for Work and Pensions (excl. agencies)","Oxfordshire CC","Outside London","EO","20","[c]","27570","27570"
"New entrant CS","2022","Department for Work and Pensions (excl. agencies)","Oxfordshire CC","Outside London","HEO","[c]","[c]","[c]","[c]"
"New entrant CS","2022","Department for Work and Pensions (excl. agencies)","Perth and Kinross, and Stirling","Outside London","EO","5","[c]","[c]","[c]"
"New entrant CS","2022","Department for Work and Pensions (excl. agencies)","Peterborough","Outside London","AO","[c]","[c]","[c]","[c]"
"New entrant CS","2022","Department for Work and Pensions (excl. agencies)","Peterborough","Outside London","EO","20","[c]","27570","27570"
"New entrant CS","2022","Department for Work and Pensions (excl. agencies)","Plymouth","Outside London","AO","[c]","[c]","[c]","[c]"
"New entrant CS","2022","Department for Work and Pensions (excl. agencies)","Plymouth","Outside London","EO","[c]","[c]","[c]","[c]"
"New entrant CS","2022","Department for Work and Pensions (excl. agencies)","Plymouth","Outside London","HEO","[c]","[c]","[c]","[c]"
"New entrant CS","2022","Department for Work and Pensions (excl. agencies)","Portsmouth","Outside London","AO","[c]","[c]","[c]","[c]"
"New entrant CS","2022","Department for Work and Pensions (excl. agencies)","Portsmouth","Outside London","EO","10","[c]","27570","27570"
"New entrant CS","2022","Department for Work and Pensions (excl. agencies)","Powys","Outside London","EO","5","[c]","[c]","[c]"
"New entrant CS","2022","Department for Work and Pensions (excl. agencies)","Redbridge and Waltham Forest","London","AO","80","[c]","25100","25110"
"New entrant CS","2022","Department for Work and Pensions (excl. agencies)","Redbridge and Waltham Forest","London","EO","55","[c]","31060","31060"
"New entrant CS","2022","Department for Work and Pensions (excl. agencies)","Redbridge and Waltham Forest","London","G7","[c]","[c]","[c]","[c]"
"New entrant CS","2022","Department for Work and Pensions (excl. agencies)","Redbridge and Waltham Forest","London","HEO","[c]","[c]","[c]","[c]"
"New entrant CS","2022","Department for Work and Pensions (excl. agencies)","Sandwell","Outside London","AO","15","[c]","21250","21260"
"New entrant CS","2022","Department for Work and Pensions (excl. agencies)","Sandwell","Outside London","EO","35","[c]","27570","27570"
"New entrant CS","2022","Department for Work and Pensions (excl. agencies)","Scottish Borders","Outside London","AO","[c]","[c]","[c]","[c]"
"New entrant CS","2022","Department for Work and Pensions (excl. agencies)","Scottish Borders","Outside London","EO","[c]","[c]","[c]","[c]"
"New entrant CS","2022","Department for Work and Pensions (excl. agencies)","Sefton","Outside London","AO","85","[c]","21260","21260"
"New entrant CS","2022","Department for Work and Pensions (excl. agencies)","Sefton","Outside London","EO","85","[c]","27570","27570"
"New entrant CS","2022","Department for Work and Pensions (excl. agencies)","Sefton","Outside London","G7","[c]","[c]","[c]","[c]"
"New entrant CS","2022","Department for Work and Pensions (excl. agencies)","Sefton","Outside London","HEO","[c]","[c]","[c]","[c]"
"New entrant CS","2022","Department for Work and Pensions (excl. agencies)","Sheffield","Outside London","AO","115","[c]","21260","21260"
"New entrant CS","2022","Department for Work and Pensions (excl. agencies)","Sheffield","Outside London","EO","80","[c]","27570","27570"
"New entrant CS","2022","Department for Work and Pensions (excl. agencies)","Sheffield","Outside London","G6","[c]","[c]","[c]","[c]"
"New entrant CS","2022","Department for Work and Pensions (excl. agencies)","Sheffield","Outside London","G7","15","[c]","52040","51000"
"New entrant CS","2022","Department for Work and Pensions (excl. agencies)","Sheffield","Outside London","HEO","20","[c]","32670","31990"
"New entrant CS","2022","Department for Work and Pensions (excl. agencies)","Sheffield","Outside London","SEO","15","[c]","36610","35450"
"New entrant CS","2022","Department for Work and Pensions (excl. agencies)","Shropshire","Outside London","EO","20","[c]","27570","27570"
"New entrant CS","2022","Department for Work and Pensions (excl. agencies)","Solihull","Outside London","AO","10","[c]","[c]","[c]"
"New entrant CS","2022","Department for Work and Pensions (excl. agencies)","Solihull","Outside London","EO","70","[c]","27570","27570"
"New entrant CS","2022","Department for Work and Pensions (excl. agencies)","Somerset CC","Outside London","AO","25","[c]","21230","21260"
"New entrant CS","2022","Department for Work and Pensions (excl. agencies)","Somerset CC","Outside London","EO","[c]","[c]","[c]","[c]"
"New entrant CS","2022","Department for Work and Pensions (excl. agencies)","South and West Derbyshire","Outside London","AO","[c]","[c]","[c]","[c]"
"New entrant CS","2022","Department for Work and Pensions (excl. agencies)","South and West Derbyshire","Outside London","EO","15","[c]","27570","27570"
"New entrant CS","2022","Department for Work and Pensions (excl. agencies)","South Ayrshire","Outside London","AO","[c]","[c]","[c]","[c]"
"New entrant CS","2022","Department for Work and Pensions (excl. agencies)","South Ayrshire","Outside London","EO","35","[c]","27570","27570"
"New entrant CS","2022","Department for Work and Pensions (excl. agencies)","South Hampshire","Outside London","AO","[c]","[c]","[c]","[c]"
"New entrant CS","2022","Department for Work and Pensions (excl. agencies)","South Hampshire","Outside London","EO","5","[c]","[c]","[c]"
"New entrant CS","2022","Department for Work and Pensions (excl. agencies)","South Lanarkshire","Outside London","AO","[c]","[c]","[c]","[c]"
"New entrant CS","2022","Department for Work and Pensions (excl. agencies)","South Lanarkshire","Outside London","EO","40","[c]","27570","27570"
"New entrant CS","2022","Department for Work and Pensions (excl. agencies)","South Lanarkshire","Outside London","G7","[c]","[c]","[c]","[c]"
"New entrant CS","2022","Department for Work and Pensions (excl. agencies)","South Nottinghamshire","Outside London","AO","[c]","[c]","[c]","[c]"
"New entrant CS","2022","Department for Work and Pensions (excl. agencies)","South Nottinghamshire","Outside London","EO","[c]","[c]","[c]","[c]"
"New entrant CS","2022","Department for Work and Pensions (excl. agencies)","South Teesside","Outside London","AO","10","[c]","21260","21260"
"New entrant CS","2022","Department for Work and Pensions (excl. agencies)","South Teesside","Outside London","EO","25","[c]","27570","27570"
"New entrant CS","2022","Department for Work and Pensions (excl. agencies)","South West Wales","Outside London","AO","35","[c]","21260","21260"
"New entrant CS","2022","Department for Work and Pensions (excl. agencies)","South West Wales","Outside London","EO","5","[c]","[c]","[c]"
"New entrant CS","2022","Department for Work and Pensions (excl. agencies)","Southampton","Outside London","AO","5","[c]","[c]","[c]"
"New entrant CS","2022","Department for Work and Pensions (excl. agencies)","Southampton","Outside London","EO","20","[c]","27570","27570"
"New entrant CS","2022","Department for Work and Pensions (excl. agencies)","Southampton","Outside London","HEO","[c]","[c]","[c]","[c]"
"New entrant CS","2022","Department for Work and Pensions (excl. agencies)","Southend-on-Sea","Outside London","AO","10","[c]","[c]","[c]"
"New entrant CS","2022","Department for Work and Pensions (excl. agencies)","Southend-on-Sea","Outside London","EO","10","[c]","29290","29290"
"New entrant CS","2022","Department for Work and Pensions (excl. agencies)","Staffordshire CC","Outside London","AO","25","[c]","21260","21260"
"New entrant CS","2022","Department for Work and Pensions (excl. agencies)","Staffordshire CC","Outside London","EO","20","[c]","27570","27570"
"New entrant CS","2022","Department for Work and Pensions (excl. agencies)","Stoke-on-Trent","Outside London","AO","5","[c]","[c]","[c]"
"New entrant CS","2022","Department for Work and Pensions (excl. agencies)","Stoke-on-Trent","Outside London","EO","15","[c]","27570","27570"
"New entrant CS","2022","Department for Work and Pensions (excl. agencies)","Suffolk CC","Outside London","AO","60","[c]","21250","21260"
"New entrant CS","2022","Department for Work and Pensions (excl. agencies)","Suffolk CC","Outside London","EO","25","[c]","27560","27570"
"New entrant CS","2022","Department for Work and Pensions (excl. agencies)","Sunderland","Outside London","AO","120","[c]","21260","21260"
"New entrant CS","2022","Department for Work and Pensions (excl. agencies)","Sunderland","Outside London","EO","65","[c]","27570","27570"
"New entrant CS","2022","Department for Work and Pensions (excl. agencies)","Sunderland","Outside London","HEO","[c]","[c]","[c]","[c]"
"New entrant CS","2022","Department for Work and Pensions (excl. agencies)","Swansea","Outside London","AO","50","[c]","21260","21260"
"New entrant CS","2022","Department for Work and Pensions (excl. agencies)","Swansea","Outside London","EO","5","[c]","[c]","[c]"
"New entrant CS","2022","Department for Work and Pensions (excl. agencies)","Swindon","Outside London","AO","[c]","[c]","[c]","[c]"
"New entrant CS","2022","Department for Work and Pensions (excl. agencies)","Swindon","Outside London","EO","[c]","[c]","[c]","[c]"
"New entrant CS","2022","Department for Work and Pensions (excl. agencies)","Telford and Wrekin","Outside London","AO","[c]","[c]","[c]","[c]"
"New entrant CS","2022","Department for Work and Pensions (excl. agencies)","Telford and Wrekin","Outside London","EO","15","[c]","27570","27570"
"New entrant CS","2022","Department for Work and Pensions (excl. agencies)","Thurrock","Outside London","AO","[c]","[c]","[c]","[c]"
"New entrant CS","2022","Department for Work and Pensions (excl. agencies)","Thurrock","Outside London","EO","[c]","[c]","[c]","[c]"
"New entrant CS","2022","Department for Work and Pensions (excl. agencies)","Torbay","Outside London","AO","10","[c]","21190","21260"
"New entrant CS","2022","Department for Work and Pensions (excl. agencies)","Torbay","Outside London","EO","[c]","[c]","[c]","[c]"
"New entrant CS","2022","Department for Work and Pensions (excl. agencies)","Tower Hamlets","London","AO","10","[c]","[c]","[c]"
"New entrant CS","2022","Department for Work and Pensions (excl. agencies)","Tower Hamlets","London","EO","15","[c]","31060","31060"
"New entrant CS","2022","Department for Work and Pensions (excl. agencies)","Tyneside","Outside London","AO","525","[c]","21260","21260"
"New entrant CS","2022","Department for Work and Pensions (excl. agencies)","Tyneside","Outside London","EO","190","[c]","27520","27570"
"New entrant CS","2022","Department for Work and Pensions (excl. agencies)","Tyneside","Outside London","G6","[c]","[c]","[c]","[c]"
"New entrant CS","2022","Department for Work and Pensions (excl. agencies)","Tyneside","Outside London","G7","40","[c]","53750","53000"
"New entrant CS","2022","Department for Work and Pensions (excl. agencies)","Tyneside","Outside London","HEO","35","[c]","32610","31990"
"New entrant CS","2022","Department for Work and Pensions (excl. agencies)","Tyneside","Outside London","SEO","40","[c]","37460","37100"
"New entrant CS","2022","Department for Work and Pensions (excl. agencies)","Unknown","Unknown","AO","20","[c]","21250","21260"
"New entrant CS","2022","Department for Work and Pensions (excl. agencies)","Unknown","Unknown","EO","55","[c]","29270","29290"
"New entrant CS","2022","Department for Work and Pensions (excl. agencies)","Unknown","Unknown","G6","[c]","[c]","[c]","[c]"
"New entrant CS","2022","Department for Work and Pensions (excl. agencies)","Unknown","Unknown","G7","[c]","[c]","[c]","[c]"
"New entrant CS","2022","Department for Work and Pensions (excl. agencies)","Unknown","Unknown","HEO","5","[c]","[c]","[c]"
"New entrant CS","2022","Department for Work and Pensions (excl. agencies)","Unknown","Unknown","SCS level","[c]","[c]","[c]","[c]"
"New entrant CS","2022","Department for Work and Pensions (excl. agencies)","Unknown","Unknown","SEO","[c]","[c]","[c]","[c]"
"New entrant CS","2022","Department for Work and Pensions (excl. agencies)","Wakefield","Outside London","EO","15","[c]","27570","27570"
"New entrant CS","2022","Department for Work and Pensions (excl. agencies)","Wakefield","Outside London","G7","[c]","[c]","[c]","[c]"
"New entrant CS","2022","Department for Work and Pensions (excl. agencies)","Walsall","Outside London","AO","35","[c]","21260","21260"
"New entrant CS","2022","Department for Work and Pensions (excl. agencies)","Walsall","Outside London","EO","10","[c]","[c]","[c]"
"New entrant CS","2022","Department for Work and Pensions (excl. agencies)","Wandsworth","London","AO","15","[c]","25110","25110"
"New entrant CS","2022","Department for Work and Pensions (excl. agencies)","Wandsworth","London","EO","35","[c]","31060","31060"
"New entrant CS","2022","Department for Work and Pensions (excl. agencies)","Wandsworth","London","HEO","[c]","[c]","[c]","[c]"
"New entrant CS","2022","Department for Work and Pensions (excl. agencies)","Warrington","Outside London","AO","[c]","[c]","[c]","[c]"
"New entrant CS","2022","Department for Work and Pensions (excl. agencies)","Warrington","Outside London","EO","10","[c]","[c]","[c]"
"New entrant CS","2022","Department for Work and Pensions (excl. agencies)","Warrington","Outside London","HEO","[c]","[c]","[c]","[c]"
"New entrant CS","2022","Department for Work and Pensions (excl. agencies)","Warwickshire CC","Outside London","AO","10","[c]","21160","21260"
"New entrant CS","2022","Department for Work and Pensions (excl. agencies)","Warwickshire CC","Outside London","EO","55","[c]","27570","27570"
"New entrant CS","2022","Department for Work and Pensions (excl. agencies)","Warwickshire CC","Outside London","HEO","[c]","[c]","[c]","[c]"
"New entrant CS","2022","Department for Work and Pensions (excl. agencies)","West Cumbria","Outside London","AO","[c]","[c]","[c]","[c]"
"New entrant CS","2022","Department for Work and Pensions (excl. agencies)","West Cumbria","Outside London","EO","5","[c]","[c]","[c]"
"New entrant CS","2022","Department for Work and Pensions (excl. agencies)","West Essex","Outside London","AO","[c]","[c]","[c]","[c]"
"New entrant CS","2022","Department for Work and Pensions (excl. agencies)","West Essex","Outside London","EO","5","[c]","[c]","[c]"
"New entrant CS","2022","Department for Work and Pensions (excl. agencies)","West Kent","Outside London","AO","[c]","[c]","[c]","[c]"
"New entrant CS","2022","Department for Work and Pensions (excl. agencies)","West Kent","Outside London","EO","[c]","[c]","[c]","[c]"
"New entrant CS","2022","Department for Work and Pensions (excl. agencies)","West Lothian","Outside London","AO","20","[c]","21260","21260"
"New entrant CS","2022","Department for Work and Pensions (excl. agencies)","West Northamptonshire","Outside London","AO","5","[c]","[c]","[c]"
"New entrant CS","2022","Department for Work and Pensions (excl. agencies)","West Northamptonshire","Outside London","EO","30","[c]","27570","27570"
"New entrant CS","2022","Department for Work and Pensions (excl. agencies)","West Surrey","Outside London","EO","15","[c]","29290","29290"
"New entrant CS","2022","Department for Work and Pensions (excl. agencies)","West Surrey","Outside London","HEO","[c]","[c]","[c]","[c]"
"New entrant CS","2022","Department for Work and Pensions (excl. agencies)","West Sussex (North East)","Outside London","EO","10","[c]","[c]","[c]"
"New entrant CS","2022","Department for Work and Pensions (excl. agencies)","West Sussex (North East)","Outside London","G7","[c]","[c]","[c]","[c]"
"New entrant CS","2022","Department for Work and Pensions (excl. agencies)","West Sussex (South West)","Outside London","AO","[c]","[c]","[c]","[c]"
"New entrant CS","2022","Department for Work and Pensions (excl. agencies)","West Sussex (South West)","Outside London","EO","30","[c]","27570","27570"
"New entrant CS","2022","Department for Work and Pensions (excl. agencies)","Westminster","London","AO","30","[c]","25110","25110"
"New entrant CS","2022","Department for Work and Pensions (excl. agencies)","Westminster","London","EO","60","[c]","28330","31060"
"New entrant CS","2022","Department for Work and Pensions (excl. agencies)","Westminster","London","G6","10","[c]","71000","72000"
"New entrant CS","2022","Department for Work and Pensions (excl. agencies)","Westminster","London","G7","25","[c]","57670","57600"
"New entrant CS","2022","Department for Work and Pensions (excl. agencies)","Westminster","London","HEO","110","[c]","35940","36650"
"New entrant CS","2022","Department for Work and Pensions (excl. agencies)","Westminster","London","SEO","35","[c]","41600","40140"
"New entrant CS","2022","Department for Work and Pensions (excl. agencies)","Wiltshire","Outside London","AO","[c]","[c]","[c]","[c]"
"New entrant CS","2022","Department for Work and Pensions (excl. agencies)","Wiltshire","Outside London","EO","[c]","[c]","[c]","[c]"
"New entrant CS","2022","Department for Work and Pensions (excl. agencies)","Wiltshire","Outside London","G7","[c]","[c]","[c]","[c]"
"New entrant CS","2022","Department for Work and Pensions (excl. agencies)","Wiltshire","Outside London","HEO","[c]","[c]","[c]","[c]"
"New entrant CS","2022","Department for Work and Pensions (excl. agencies)","Wirral","Outside London","AO","135","[c]","21250","21260"
"New entrant CS","2022","Department for Work and Pensions (excl. agencies)","Wirral","Outside London","EO","15","[c]","27570","27570"
"New entrant CS","2022","Department for Work and Pensions (excl. agencies)","Wirral","Outside London","HEO","[c]","[c]","[c]","[c]"
"New entrant CS","2022","Department for Work and Pensions (excl. agencies)","Wolverhampton","Outside London","AO","25","[c]","21250","21260"
"New entrant CS","2022","Department for Work and Pensions (excl. agencies)","Wolverhampton","Outside London","EO","15","[c]","27570","27570"
"New entrant CS","2022","Department for Work and Pensions (excl. agencies)","Worcestershire CC","Outside London","AO","[c]","[c]","[c]","[c]"
"New entrant CS","2022","Department for Work and Pensions (excl. agencies)","Worcestershire CC","Outside London","EO","30","[c]","27570","27570"
"New entrant CS","2022","Department for Work and Pensions (excl. agencies)","York","Outside London","AO","[c]","[c]","[c]","[c]"
"New entrant CS","2022","Department for Work and Pensions (excl. agencies)","York","Outside London","EO","[c]","[c]","[c]","[c]"
"New entrant CS","2022","Department for Work and Pensions (excl. agencies)","York","Outside London","G6","[c]","[c]","[c]","[c]"
"New entrant CS","2022","Department for Work and Pensions (excl. agencies)","York","Outside London","HEO","[c]","[c]","[c]","[c]"
"New entrant CS","2022","Department of Health and Social Care (excl. agencies)","Bath and North East Somerset, North Somerset and South Gloucestershire","Outside London","SEO","[c]","[c]","[c]","[c]"
"New entrant CS","2022","Department of Health and Social Care (excl. agencies)","Bedford","Outside London","HEO","[c]","[c]","[c]","[c]"
"New entrant CS","2022","Department of Health and Social Care (excl. agencies)","Berkshire","Outside London","HEO","[c]","[c]","[c]","[c]"
"New entrant CS","2022","Department of Health and Social Care (excl. agencies)","Birmingham","Outside London","G6","[c]","[c]","[c]","[c]"
"New entrant CS","2022","Department of Health and Social Care (excl. agencies)","Birmingham","Outside London","G7","[c]","[c]","[c]","[c]"
"New entrant CS","2022","Department of Health and Social Care (excl. agencies)","Birmingham","Outside London","HEO","[c]","[c]","[c]","[c]"
"New entrant CS","2022","Department of Health and Social Care (excl. agencies)","Birmingham","Outside London","SCS level","[c]","[c]","[c]","[c]"
"New entrant CS","2022","Department of Health and Social Care (excl. agencies)","Birmingham","Outside London","Unknown","[c]","[c]","[c]","[c]"
"New entrant CS","2022","Department of Health and Social Care (excl. agencies)","Bournemouth, Christchurch and Poole","Outside London","G7","[c]","[c]","[c]","[c]"
"New entrant CS","2022","Department of Health and Social Care (excl. agencies)","Bristol, City of","Outside London","G7","[c]","[c]","[c]","[c]"
"New entrant CS","2022","Department of Health and Social Care (excl. agencies)","Bristol, City of","Outside London","HEO","[c]","[c]","[c]","[c]"
"New entrant CS","2022","Department of Health and Social Care (excl. agencies)","Bristol, City of","Outside London","SCS level","[c]","[c]","[c]","[c]"
"New entrant CS","2022","Department of Health and Social Care (excl. agencies)","Bristol, City of","Outside London","SEO","[c]","[c]","[c]","[c]"
"New entrant CS","2022","Department of Health and Social Care (excl. agencies)","Buckinghamshire","Outside London","SCS level","[c]","[c]","[c]","[c]"
"New entrant CS","2022","Department of Health and Social Care (excl. agencies)","Calderdale and Kirklees","Outside London","G7","[c]","[c]","[c]","[c]"
"New entrant CS","2022","Department of Health and Social Care (excl. agencies)","Cambridgeshire CC","Outside London","SEO","[c]","[c]","[c]","[c]"
"New entrant CS","2022","Department of Health and Social Care (excl. agencies)","Cheshire East","Outside London","G7","[c]","[c]","[c]","[c]"
"New entrant CS","2022","Department of Health and Social Care (excl. agencies)","Devon CC","Outside London","EO","[c]","[c]","[c]","[c]"
"New entrant CS","2022","Department of Health and Social Care (excl. agencies)","Devon CC","Outside London","G7","[c]","[c]","[c]","[c]"
"New entrant CS","2022","Department of Health and Social Care (excl. agencies)","East Merseyside","Outside London","G6","[c]","[c]","[c]","[c]"
"New entrant CS","2022","Department of Health and Social Care (excl. agencies)","East Merseyside","Outside London","G7","[c]","[c]","[c]","[c]"
"New entrant CS","2022","Department of Health and Social Care (excl. agencies)","East Merseyside","Outside London","HEO","[c]","[c]","[c]","[c]"
"New entrant CS","2022","Department of Health and Social Care (excl. agencies)","East Merseyside","Outside London","SEO","[c]","[c]","[c]","[c]"
"New entrant CS","2022","Department of Health and Social Care (excl. agencies)","Essex Thames Gateway","Outside London","EO","[c]","[c]","[c]","[c]"
"New entrant CS","2022","Department of Health and Social Care (excl. agencies)","Hertfordshire CC","Outside London","EO","[c]","[c]","[c]","[c]"
"New entrant CS","2022","Department of Health and Social Care (excl. agencies)","Leeds","Outside London","AO","[c]","[c]","[c]","[c]"
"New entrant CS","2022","Department of Health and Social Care (excl. agencies)","Leeds","Outside London","EO","50","[c]","23790","23690"
"New entrant CS","2022","Department of Health and Social Care (excl. agencies)","Leeds","Outside London","G6","[c]","[c]","[c]","[c]"
"New entrant CS","2022","Department of Health and Social Care (excl. agencies)","Leeds","Outside London","G7","30","[c]","49880","49530"
"New entrant CS","2022","Department of Health and Social Care (excl. agencies)","Leeds","Outside London","HEO","75","[c]","29380","28970"
"New entrant CS","2022","Department of Health and Social Care (excl. agencies)","Leeds","Outside London","SEO","40","[c]","37230","36820"
"New entrant CS","2022","Department of Health and Social Care (excl. agencies)","Leeds","Outside London","Unknown","5","[c]","[c]","[c]"
"New entrant CS","2022","Department of Health and Social Care (excl. agencies)","Lewisham and Southwark","London","SEO","[c]","[c]","[c]","[c]"
"New entrant CS","2022","Department of Health and Social Care (excl. agencies)","Liverpool","Outside London","G7","[c]","[c]","[c]","[c]"
"New entrant CS","2022","Department of Health and Social Care (excl. agencies)","Manchester","Outside London","AO","[c]","[c]","[c]","[c]"
"New entrant CS","2022","Department of Health and Social Care (excl. agencies)","Manchester","Outside London","SEO","[c]","[c]","[c]","[c]"
"New entrant CS","2022","Department of Health and Social Care (excl. agencies)","Mid Lancashire","Outside London","SEO","[c]","[c]","[c]","[c]"
"New entrant CS","2022","Department of Health and Social Care (excl. agencies)","Norwich and East Norfolk","Outside London","EO","[c]","[c]","[c]","[c]"
"New entrant CS","2022","Department of Health and Social Care (excl. agencies)","Nottingham","Outside London","G7","[c]","[c]","[c]","[c]"
"New entrant CS","2022","Department of Health and Social Care (excl. agencies)","Nottingham","Outside London","HEO","[c]","[c]","[c]","[c]"
"New entrant CS","2022","Department of Health and Social Care (excl. agencies)","Oxfordshire CC","Outside London","G7","[c]","[c]","[c]","[c]"
"New entrant CS","2022","Department of Health and Social Care (excl. agencies)","Oxfordshire CC","Outside London","HEO","[c]","[c]","[c]","[c]"
"New entrant CS","2022","Department of Health and Social Care (excl. agencies)","Sheffield","Outside London","HEO","[c]","[c]","[c]","[c]"
"New entrant CS","2022","Department of Health and Social Care (excl. agencies)","Solihull","Outside London","G7","[c]","[c]","[c]","[c]"
"New entrant CS","2022","Department of Health and Social Care (excl. agencies)","South Hampshire","Outside London","G7","[c]","[c]","[c]","[c]"
"New entrant CS","2022","Department of Health and Social Care (excl. agencies)","Tyneside","Outside London","EO","[c]","[c]","[c]","[c]"
"New entrant CS","2022","Department of Health and Social Care (excl. agencies)","Tyneside","Outside London","G7","[c]","[c]","[c]","[c]"
"New entrant CS","2022","Department of Health and Social Care (excl. agencies)","Unknown","Unknown","EO","15","[c]","[c]","[c]"
"New entrant CS","2022","Department of Health and Social Care (excl. agencies)","Unknown","Unknown","G7","[c]","[c]","[c]","[c]"
"New entrant CS","2022","Department of Health and Social Care (excl. agencies)","Unknown","Unknown","HEO","20","[c]","[c]","[c]"
"New entrant CS","2022","Department of Health and Social Care (excl. agencies)","Unknown","Unknown","SEO","20","[c]","[c]","[c]"
"New entrant CS","2022","Department of Health and Social Care (excl. agencies)","Unknown","Unknown","Unknown","[c]","[c]","[c]","[c]"
"New entrant CS","2022","Department of Health and Social Care (excl. agencies)","West Sussex (North East)","Outside London","G6","[c]","[c]","[c]","[c]"
"New entrant CS","2022","Department of Health and Social Care (excl. agencies)","West Sussex (North East)","Outside London","G7","[c]","[c]","[c]","[c]"
"New entrant CS","2022","Department of Health and Social Care (excl. agencies)","Westminster","London","AO","15","[c]","23170","23170"
"New entrant CS","2022","Department of Health and Social Care (excl. agencies)","Westminster","London","EO","195","[c]","27400","27270"
"New entrant CS","2022","Department of Health and Social Care (excl. agencies)","Westminster","London","G6","20","[c]","69530","66230"
"New entrant CS","2022","Department of Health and Social Care (excl. agencies)","Westminster","London","G7","75","[c]","53610","53360"
"New entrant CS","2022","Department of Health and Social Care (excl. agencies)","Westminster","London","HEO","200","[c]","32740","32790"
"New entrant CS","2022","Department of Health and Social Care (excl. agencies)","Westminster","London","SCS level","15","[c]","108380","108860"
"New entrant CS","2022","Department of Health and Social Care (excl. agencies)","Westminster","London","SEO","105","[c]","40950","40650"
"New entrant CS","2022","Department of Health and Social Care (excl. agencies)","Westminster","London","Unknown","10","[c]","[c]","[c]"
"New entrant CS","2022","Department of Health and Social Care (excl. agencies)","Wiltshire","Outside London","EO","[c]","[c]","[c]","[c]"
"New entrant CS","2022","Department of Health and Social Care (excl. agencies)","Wiltshire","Outside London","HEO","[c]","[c]","[c]","[c]"
"New entrant CS","2022","Department of Health and Social Care (excl. agencies)","York","Outside London","HEO","[c]","[c]","[c]","[c]"
"New entrant CS","2022","Disclosure Scotland","Glasgow City","Outside London","AA","55","[c]","21050","21050"
"New entrant CS","2022","Disclosure Scotland","Glasgow City","Outside London","EO","[c]","[c]","[c]","[c]"
"New entrant CS","2022","Disclosure Scotland","Glasgow City","Outside London","G6","[c]","[c]","[c]","[c]"
"New entrant CS","2022","Disclosure Scotland","Glasgow City","Outside London","G7","[c]","[c]","[c]","[c]"
"New entrant CS","2022","Disclosure Scotland","Glasgow City","Outside London","SEO","[c]","[c]","[c]","[c]"
"New entrant CS","2022","Driver and Vehicle Licensing Agency","Aberdeen City and Aberdeenshire","Outside London","AO","[c]","[c]","[c]","[c]"
"New entrant CS","2022","Driver and Vehicle Licensing Agency","Birmingham","Outside London","AO","75","[c]","21840","21840"
"New entrant CS","2022","Driver and Vehicle Licensing Agency","Birmingham","Outside London","EO","10","[c]","[c]","[c]"
"New entrant CS","2022","Driver and Vehicle Licensing Agency","Birmingham","Outside London","HEO","[c]","[c]","[c]","[c]"
"New entrant CS","2022","Driver and Vehicle Licensing Agency","Devon CC","Outside London","AO","[c]","[c]","[c]","[c]"
"New entrant CS","2022","Driver and Vehicle Licensing Agency","Dorset","Outside London","AO","[c]","[c]","[c]","[c]"
"New entrant CS","2022","Driver and Vehicle Licensing Agency","North Northamptonshire","Outside London","AO","[c]","[c]","[c]","[c]"
"New entrant CS","2022","Driver and Vehicle Licensing Agency","Swansea","Outside London","AA","255","[c]","18460","18310"
"New entrant CS","2022","Driver and Vehicle Licensing Agency","Swansea","Outside London","AO","205","[c]","21930","21840"
"New entrant CS","2022","Driver and Vehicle Licensing Agency","Swansea","Outside London","EO","30","[c]","26310","26130"
"New entrant CS","2022","Driver and Vehicle Licensing Agency","Swansea","Outside London","G6","[c]","[c]","[c]","[c]"
"New entrant CS","2022","Driver and Vehicle Licensing Agency","Swansea","Outside London","G7","10","[c]","[c]","[c]"
"New entrant CS","2022","Driver and Vehicle Licensing Agency","Swansea","Outside London","HEO","20","[c]","31140","30730"
"New entrant CS","2022","Driver and Vehicle Licensing Agency","Swansea","Outside London","SEO","15","[c]","39030","38650"
"New entrant CS","2022","Driver and Vehicle Licensing Agency","Unknown","Unknown","AA","15","[c]","18310","18310"
"New entrant CS","2022","Driver and Vehicle Licensing Agency","Unknown","Unknown","AO","20","[c]","21840","21840"
"New entrant CS","2022","Driver and Vehicle Licensing Agency","Unknown","Unknown","EO","[c]","[c]","[c]","[c]"
"New entrant CS","2022","Driver and Vehicle Licensing Agency","Unknown","Unknown","HEO","[c]","[c]","[c]","[c]"
"New entrant CS","2022","Driver and Vehicle Standards Agency","Aberdeen City and Aberdeenshire","Outside London","EO","[c]","[c]","[c]","[c]"
"New entrant CS","2022","Driver and Vehicle Standards Agency","Barking & Dagenham and Havering","London","AO","[c]","[c]","[c]","[c]"
"New entrant CS","2022","Driver and Vehicle Standards Agency","Barking & Dagenham and Havering","London","EO","[c]","[c]","[c]","[c]"
"New entrant CS","2022","Driver and Vehicle Standards Agency","Barnet","London","EO","[c]","[c]","[c]","[c]"
"New entrant CS","2022","Driver and Vehicle Standards Agency","Barnsley, Doncaster and Rotherham","Outside London","EO","[c]","[c]","[c]","[c]"
"New entrant CS","2022","Driver and Vehicle Standards Agency","Bath and North East Somerset, North Somerset and South Gloucestershire","Outside London","AO","[c]","[c]","[c]","[c]"
"New entrant CS","2022","Driver and Vehicle Standards Agency","Bath and North East Somerset, North Somerset and South Gloucestershire","Outside London","EO","[c]","[c]","[c]","[c]"
"New entrant CS","2022","Driver and Vehicle Standards Agency","Bedford","Outside London","AO","[c]","[c]","[c]","[c]"
"New entrant CS","2022","Driver and Vehicle Standards Agency","Bedford","Outside London","EO","[c]","[c]","[c]","[c]"
"New entrant CS","2022","Driver and Vehicle Standards Agency","Berkshire","Outside London","AO","5","[c]","[c]","[c]"
"New entrant CS","2022","Driver and Vehicle Standards Agency","Berkshire","Outside London","EO","10","[c]","[c]","[c]"
"New entrant CS","2022","Driver and Vehicle Standards Agency","Berkshire","Outside London","G7","[c]","[c]","[c]","[c]"
"New entrant CS","2022","Driver and Vehicle Standards Agency","Bexley and Greenwich","London","AO","[c]","[c]","[c]","[c]"
"New entrant CS","2022","Driver and Vehicle Standards Agency","Bexley and Greenwich","London","EO","[c]","[c]","[c]","[c]"
"New entrant CS","2022","Driver and Vehicle Standards Agency","Bexley and Greenwich","London","HEO","[c]","[c]","[c]","[c]"
"New entrant CS","2022","Driver and Vehicle Standards Agency","Birmingham","Outside London","AO","[c]","[c]","[c]","[c]"
"New entrant CS","2022","Driver and Vehicle Standards Agency","Birmingham","Outside London","EO","10","[c]","26130","26130"
"New entrant CS","2022","Driver and Vehicle Standards Agency","Bournemouth, Christchurch and Poole","Outside London","AO","[c]","[c]","[c]","[c]"
"New entrant CS","2022","Driver and Vehicle Standards Agency","Bournemouth, Christchurch and Poole","Outside London","EO","[c]","[c]","[c]","[c]"
"New entrant CS","2022","Driver and Vehicle Standards Agency","Bradford","Outside London","AO","[c]","[c]","[c]","[c]"
"New entrant CS","2022","Driver and Vehicle Standards Agency","Bridgend and Neath Port Talbot","Outside London","EO","[c]","[c]","[c]","[c]"
"New entrant CS","2022","Driver and Vehicle Standards Agency","Bristol, City of","Outside London","AA","[c]","[c]","[c]","[c]"
"New entrant CS","2022","Driver and Vehicle Standards Agency","Bristol, City of","Outside London","AO","15","[c]","21450","21840"
"New entrant CS","2022","Driver and Vehicle Standards Agency","Bristol, City of","Outside London","EO","10","[c]","[c]","[c]"
"New entrant CS","2022","Driver and Vehicle Standards Agency","Bristol, City of","Outside London","HEO","15","[c]","31220","30730"
"New entrant CS","2022","Driver and Vehicle Standards Agency","Bristol, City of","Outside London","SEO","5","[c]","[c]","[c]"
"New entrant CS","2022","Driver and Vehicle Standards Agency","Bromley","London","EO","[c]","[c]","[c]","[c]"
"New entrant CS","2022","Driver and Vehicle Standards Agency","Cambridgeshire CC","Outside London","EO","[c]","[c]","[c]","[c]"
"New entrant CS","2022","Driver and Vehicle Standards Agency","Cardiff and Vale of Glamorgan","Outside London","EO","5","[c]","[c]","[c]"
"New entrant CS","2022","Driver and Vehicle Standards Agency","Central Bedfordshire","Outside London","AO","[c]","[c]","[c]","[c]"
"New entrant CS","2022","Driver and Vehicle Standards Agency","Central Bedfordshire","Outside London","EO","[c]","[c]","[c]","[c]"
"New entrant CS","2022","Driver and Vehicle Standards Agency","Central Hampshire","Outside London","EO","[c]","[c]","[c]","[c]"
"New entrant CS","2022","Driver and Vehicle Standards Agency","Cheshire East","Outside London","EO","[c]","[c]","[c]","[c]"
"New entrant CS","2022","Driver and Vehicle Standards Agency","Cheshire West and Chester","Outside London","EO","[c]","[c]","[c]","[c]"
"New entrant CS","2022","Driver and Vehicle Standards Agency","City of Edinburgh","Outside London","EO","[c]","[c]","[c]","[c]"
"New entrant CS","2022","Driver and Vehicle Standards Agency","Clackmannanshire and Fife","Outside London","EO","[c]","[c]","[c]","[c]"
"New entrant CS","2022","Driver and Vehicle Standards Agency","Cornwall and Isles of Scilly","Outside London","EO","[c]","[c]","[c]","[c]"
"New entrant CS","2022","Driver and Vehicle Standards Agency","Darlington","Outside London","EO","[c]","[c]","[c]","[c]"
"New entrant CS","2022","Driver and Vehicle Standards Agency","Darlington","Outside London","HEO","[c]","[c]","[c]","[c]"
"New entrant CS","2022","Driver and Vehicle Standards Agency","Derby","Outside London","EO","[c]","[c]","[c]","[c]"
"New entrant CS","2022","Driver and Vehicle Standards Agency","Devon CC","Outside London","EO","[c]","[c]","[c]","[c]"
"New entrant CS","2022","Driver and Vehicle Standards Agency","Dorset","Outside London","EO","[c]","[c]","[c]","[c]"
"New entrant CS","2022","Driver and Vehicle Standards Agency","Dudley","Outside London","AO","[c]","[c]","[c]","[c]"
"New entrant CS","2022","Driver and Vehicle Standards Agency","Dudley","Outside London","EO","[c]","[c]","[c]","[c]"
"New entrant CS","2022","Driver and Vehicle Standards Agency","Durham","Outside London","EO","[c]","[c]","[c]","[c]"
"New entrant CS","2022","Driver and Vehicle Standards Agency","East Ayrshire and North Ayrshire mainland","Outside London","EO","[c]","[c]","[c]","[c]"
"New entrant CS","2022","Driver and Vehicle Standards Agency","East Cumbria","Outside London","HEO","[c]","[c]","[c]","[c]"
"New entrant CS","2022","Driver and Vehicle Standards Agency","East Derbyshire","Outside London","EO","[c]","[c]","[c]","[c]"
"New entrant CS","2022","Driver and Vehicle Standards Agency","East Dunbartonshire, West Dunbartonshire, and Helensburgh and Lomond","Outside London","EO","[c]","[c]","[c]","[c]"
"New entrant CS","2022","Driver and Vehicle Standards Agency","East Kent","Outside London","EO","5","[c]","[c]","[c]"
"New entrant CS","2022","Driver and Vehicle Standards Agency","East Lancashire","Outside London","EO","[c]","[c]","[c]","[c]"
"New entrant CS","2022","Driver and Vehicle Standards Agency","East Lothian and Midlothian","Outside London","EO","5","[c]","[c]","[c]"
"New entrant CS","2022","Driver and Vehicle Standards Agency","East Merseyside","Outside London","AO","[c]","[c]","[c]","[c]"
"New entrant CS","2022","Driver and Vehicle Standards Agency","East Merseyside","Outside London","EO","[c]","[c]","[c]","[c]"
"New entrant CS","2022","Driver and Vehicle Standards Agency","East Surrey","Outside London","EO","[c]","[c]","[c]","[c]"
"New entrant CS","2022","Driver and Vehicle Standards Agency","East Sussex CC","Outside London","AO","[c]","[c]","[c]","[c]"
"New entrant CS","2022","Driver and Vehicle Standards Agency","Enfield","London","EO","[c]","[c]","[c]","[c]"
"New entrant CS","2022","Driver and Vehicle Standards Agency","Essex Thames Gateway","Outside London","EO","[c]","[c]","[c]","[c]"
"New entrant CS","2022","Driver and Vehicle Standards Agency","Flintshire and Wrexham","Outside London","EO","[c]","[c]","[c]","[c]"
"New entrant CS","2022","Driver and Vehicle Standards Agency","Glasgow City","Outside London","EO","5","[c]","[c]","[c]"
"New entrant CS","2022","Driver and Vehicle Standards Agency","Gloucestershire CC","Outside London","EO","[c]","[c]","[c]","[c]"
"New entrant CS","2022","Driver and Vehicle Standards Agency","Greater Manchester North East","Outside London","EO","5","[c]","[c]","[c]"
"New entrant CS","2022","Driver and Vehicle Standards Agency","Greater Manchester North West","Outside London","AO","[c]","[c]","[c]","[c]"
"New entrant CS","2022","Driver and Vehicle Standards Agency","Greater Manchester North West","Outside London","EO","5","[c]","[c]","[c]"
"New entrant CS","2022","Driver and Vehicle Standards Agency","Greater Manchester South East","Outside London","AO","[c]","[c]","[c]","[c]"
"New entrant CS","2022","Driver and Vehicle Standards Agency","Greater Manchester South East","Outside London","EO","[c]","[c]","[c]","[c]"
"New entrant CS","2022","Driver and Vehicle Standards Agency","Greater Manchester South West","Outside London","EO","[c]","[c]","[c]","[c]"
"New entrant CS","2022","Driver and Vehicle Standards Agency","Gwynedd","Outside London","EO","[c]","[c]","[c]","[c]"
"New entrant CS","2022","Driver and Vehicle Standards Agency","Haringey and Islington","London","EO","[c]","[c]","[c]","[c]"
"New entrant CS","2022","Driver and Vehicle Standards Agency","Harrow and Hillingdon","London","AO","[c]","[c]","[c]","[c]"
"New entrant CS","2022","Driver and Vehicle Standards Agency","Harrow and Hillingdon","London","EO","[c]","[c]","[c]","[c]"
"New entrant CS","2022","Driver and Vehicle Standards Agency","Hartlepool and Stockton-on-Tees","Outside London","EO","[c]","[c]","[c]","[c]"
"New entrant CS","2022","Driver and Vehicle Standards Agency","Heart of Essex","Outside London","AO","[c]","[c]","[c]","[c]"
"New entrant CS","2022","Driver and Vehicle Standards Agency","Heart of Essex","Outside London","EO","[c]","[c]","[c]","[c]"
"New entrant CS","2022","Driver and Vehicle Standards Agency","Herefordshire, County of","Outside London","EO","[c]","[c]","[c]","[c]"
"New entrant CS","2022","Driver and Vehicle Standards Agency","Hertfordshire CC","Outside London","AO","[c]","[c]","[c]","[c]"
"New entrant CS","2022","Driver and Vehicle Standards Agency","Hertfordshire CC","Outside London","EO","10","[c]","[c]","[c]"
"New entrant CS","2022","Driver and Vehicle Standards Agency","Hounslow and Richmond upon Thames","London","EO","[c]","[c]","[c]","[c]"
"New entrant CS","2022","Driver and Vehicle Standards Agency","Inverclyde, East Renfrewshire, and Renfrewshire","Outside London","EO","[c]","[c]","[c]","[c]"
"New entrant CS","2022","Driver and Vehicle Standards Agency","Inverness and Nairn, Moray, and Badenoch and Strathspey","Outside London","EO","[c]","[c]","[c]","[c]"
"New entrant CS","2022","Driver and Vehicle Standards Agency","Isle of Wight","Outside London","EO","[c]","[c]","[c]","[c]"
"New entrant CS","2022","Driver and Vehicle Standards Agency","Kingston upon Hull, City of","Outside London","EO","[c]","[c]","[c]","[c]"
"New entrant CS","2022","Driver and Vehicle Standards Agency","Lancaster and Wyre","Outside London","EO","[c]","[c]","[c]","[c]"
"New entrant CS","2022","Driver and Vehicle Standards Agency","Leeds","Outside London","AA","[c]","[c]","[c]","[c]"
"New entrant CS","2022","Driver and Vehicle Standards Agency","Leeds","Outside London","AO","30","[c]","21840","21840"
"New entrant CS","2022","Driver and Vehicle Standards Agency","Leeds","Outside London","EO","5","[c]","[c]","[c]"
"New entrant CS","2022","Driver and Vehicle Standards Agency","Leicester","Outside London","EO","[c]","[c]","[c]","[c]"
"New entrant CS","2022","Driver and Vehicle Standards Agency","Leicestershire CC and Rutland","Outside London","EO","[c]","[c]","[c]","[c]"
"New entrant CS","2022","Driver and Vehicle Standards Agency","Lewisham and Southwark","London","EO","5","[c]","[c]","[c]"
"New entrant CS","2022","Driver and Vehicle Standards Agency","Lincolnshire CC","Outside London","EO","5","[c]","[c]","[c]"
"New entrant CS","2022","Driver and Vehicle Standards Agency","Liverpool","Outside London","AO","[c]","[c]","[c]","[c]"
"New entrant CS","2022","Driver and Vehicle Standards Agency","Liverpool","Outside London","EO","5","[c]","[c]","[c]"
"New entrant CS","2022","Driver and Vehicle Standards Agency","Luton","Outside London","EO","[c]","[c]","[c]","[c]"
"New entrant CS","2022","Driver and Vehicle Standards Agency","Manchester","Outside London","EO","5","[c]","[c]","[c]"
"New entrant CS","2022","Driver and Vehicle Standards Agency","Medway","Outside London","EO","5","[c]","[c]","[c]"
"New entrant CS","2022","Driver and Vehicle Standards Agency","Merton, Kingston upon Thames and Sutton","London","EO","[c]","[c]","[c]","[c]"
"New entrant CS","2022","Driver and Vehicle Standards Agency","Mid Kent","Outside London","EO","5","[c]","[c]","[c]"
"New entrant CS","2022","Driver and Vehicle Standards Agency","Mid Lancashire","Outside London","EO","[c]","[c]","[c]","[c]"
"New entrant CS","2022","Driver and Vehicle Standards Agency","Milton Keynes","Outside London","AO","[c]","[c]","[c]","[c]"
"New entrant CS","2022","Driver and Vehicle Standards Agency","Milton Keynes","Outside London","EO","[c]","[c]","[c]","[c]"
"New entrant CS","2022","Driver and Vehicle Standards Agency","Monmouthshire and Newport","Outside London","AO","[c]","[c]","[c]","[c]"
"New entrant CS","2022","Driver and Vehicle Standards Agency","Monmouthshire and Newport","Outside London","EO","[c]","[c]","[c]","[c]"
"New entrant CS","2022","Driver and Vehicle Standards Agency","North and North East Lincolnshire","Outside London","EO","[c]","[c]","[c]","[c]"
"New entrant CS","2022","Driver and Vehicle Standards Agency","North and West Norfolk","Outside London","EO","[c]","[c]","[c]","[c]"
"New entrant CS","2022","Driver and Vehicle Standards Agency","North Hampshire","Outside London","EO","[c]","[c]","[c]","[c]"
"New entrant CS","2022","Driver and Vehicle Standards Agency","North Lanarkshire","Outside London","EO","[c]","[c]","[c]","[c]"
"New entrant CS","2022","Driver and Vehicle Standards Agency","North Northamptonshire","Outside London","AO","[c]","[c]","[c]","[c]"
"New entrant CS","2022","Driver and Vehicle Standards Agency","North Northamptonshire","Outside London","EO","[c]","[c]","[c]","[c]"
"New entrant CS","2022","Driver and Vehicle Standards Agency","North Nottinghamshire","Outside London","EO","[c]","[c]","[c]","[c]"
"New entrant CS","2022","Driver and Vehicle Standards Agency","North Yorkshire CC","Outside London","EO","[c]","[c]","[c]","[c]"
"New entrant CS","2022","Driver and Vehicle Standards Agency","Northumberland","Outside London","EO","[c]","[c]","[c]","[c]"
"New entrant CS","2022","Driver and Vehicle Standards Agency","Norwich and East Norfolk","Outside London","EO","[c]","[c]","[c]","[c]"
"New entrant CS","2022","Driver and Vehicle Standards Agency","Nottingham","Outside London","AO","[c]","[c]","[c]","[c]"
"New entrant CS","2022","Driver and Vehicle Standards Agency","Nottingham","Outside London","EO","10","[c]","25520","26130"
"New entrant CS","2022","Driver and Vehicle Standards Agency","Nottingham","Outside London","G7","[c]","[c]","[c]","[c]"
"New entrant CS","2022","Driver and Vehicle Standards Agency","Nottingham","Outside London","HEO","15","[c]","31430","30730"
"New entrant CS","2022","Driver and Vehicle Standards Agency","Nottingham","Outside London","SEO","10","[c]","41200","40000"
"New entrant CS","2022","Driver and Vehicle Standards Agency","Oxfordshire CC","Outside London","EO","[c]","[c]","[c]","[c]"
"New entrant CS","2022","Driver and Vehicle Standards Agency","Peterborough","Outside London","EO","[c]","[c]","[c]","[c]"
"New entrant CS","2022","Driver and Vehicle Standards Agency","Plymouth","Outside London","AO","[c]","[c]","[c]","[c]"
"New entrant CS","2022","Driver and Vehicle Standards Agency","Plymouth","Outside London","EO","[c]","[c]","[c]","[c]"
"New entrant CS","2022","Driver and Vehicle Standards Agency","Portsmouth","Outside London","EO","[c]","[c]","[c]","[c]"
"New entrant CS","2022","Driver and Vehicle Standards Agency","Powys","Outside London","EO","[c]","[c]","[c]","[c]"
"New entrant CS","2022","Driver and Vehicle Standards Agency","Redbridge and Waltham Forest","London","EO","10","[c]","27140","30130"
"New entrant CS","2022","Driver and Vehicle Standards Agency","Sandwell","Outside London","EO","[c]","[c]","[c]","[c]"
"New entrant CS","2022","Driver and Vehicle Standards Agency","Scottish Borders","Outside London","EO","[c]","[c]","[c]","[c]"
"New entrant CS","2022","Driver and Vehicle Standards Agency","Sheffield","Outside London","EO","[c]","[c]","[c]","[c]"
"New entrant CS","2022","Driver and Vehicle Standards Agency","Shropshire","Outside London","EO","[c]","[c]","[c]","[c]"
"New entrant CS","2022","Driver and Vehicle Standards Agency","Somerset CC","Outside London","AO","[c]","[c]","[c]","[c]"
"New entrant CS","2022","Driver and Vehicle Standards Agency","South Hampshire","Outside London","AO","[c]","[c]","[c]","[c]"
"New entrant CS","2022","Driver and Vehicle Standards Agency","South Hampshire","Outside London","EO","[c]","[c]","[c]","[c]"
"New entrant CS","2022","Driver and Vehicle Standards Agency","South Nottinghamshire","Outside London","EO","5","[c]","[c]","[c]"
"New entrant CS","2022","Driver and Vehicle Standards Agency","South Teesside","Outside London","EO","[c]","[c]","[c]","[c]"
"New entrant CS","2022","Driver and Vehicle Standards Agency","South West Wales","Outside London","EO","[c]","[c]","[c]","[c]"
"New entrant CS","2022","Driver and Vehicle Standards Agency","Southampton","Outside London","AO","[c]","[c]","[c]","[c]"
"New entrant CS","2022","Driver and Vehicle Standards Agency","Southampton","Outside London","EO","[c]","[c]","[c]","[c]"
"New entrant CS","2022","Driver and Vehicle Standards Agency","Southend-on-Sea","Outside London","EO","[c]","[c]","[c]","[c]"
"New entrant CS","2022","Driver and Vehicle Standards Agency","Staffordshire CC","Outside London","AO","10","[c]","[c]","[c]"
"New entrant CS","2022","Driver and Vehicle Standards Agency","Staffordshire CC","Outside London","EO","5","[c]","[c]","[c]"
"New entrant CS","2022","Driver and Vehicle Standards Agency","Stoke-on-Trent","Outside London","EO","[c]","[c]","[c]","[c]"
"New entrant CS","2022","Driver and Vehicle Standards Agency","Suffolk CC","Outside London","EO","10","[c]","[c]","[c]"
"New entrant CS","2022","Driver and Vehicle Standards Agency","Sunderland","Outside London","HEO","[c]","[c]","[c]","[c]"
"New entrant CS","2022","Driver and Vehicle Standards Agency","Swansea","Outside London","AO","40","[c]","21330","21840"
"New entrant CS","2022","Driver and Vehicle Standards Agency","Swansea","Outside London","EO","5","[c]","[c]","[c]"
"New entrant CS","2022","Driver and Vehicle Standards Agency","Swansea","Outside London","HEO","10","[c]","[c]","[c]"
"New entrant CS","2022","Driver and Vehicle Standards Agency","Swansea","Outside London","SEO","5","[c]","[c]","[c]"
"New entrant CS","2022","Driver and Vehicle Standards Agency","Swindon","Outside London","AO","[c]","[c]","[c]","[c]"
"New entrant CS","2022","Driver and Vehicle Standards Agency","Swindon","Outside London","EO","[c]","[c]","[c]","[c]"
"New entrant CS","2022","Driver and Vehicle Standards Agency","Telford and Wrekin","Outside London","EO","[c]","[c]","[c]","[c]"
"New entrant CS","2022","Driver and Vehicle Standards Agency","Thurrock","Outside London","EO","[c]","[c]","[c]","[c]"
"New entrant CS","2022","Driver and Vehicle Standards Agency","Tyneside","Outside London","AO","40","[c]","21720","21840"
"New entrant CS","2022","Driver and Vehicle Standards Agency","Tyneside","Outside London","EO","10","[c]","26370","26130"
"New entrant CS","2022","Driver and Vehicle Standards Agency","Tyneside","Outside London","G7","[c]","[c]","[c]","[c]"
"New entrant CS","2022","Driver and Vehicle Standards Agency","Tyneside","Outside London","HEO","[c]","[c]","[c]","[c]"
"New entrant CS","2022","Driver and Vehicle Standards Agency","Wakefield","Outside London","EO","[c]","[c]","[c]","[c]"
"New entrant CS","2022","Driver and Vehicle Standards Agency","Warwickshire CC","Outside London","EO","5","[c]","[c]","[c]"
"New entrant CS","2022","Driver and Vehicle Standards Agency","West Cumbria","Outside London","EO","[c]","[c]","[c]","[c]"
"New entrant CS","2022","Driver and Vehicle Standards Agency","West Kent","Outside London","EO","5","[c]","[c]","[c]"
"New entrant CS","2022","Driver and Vehicle Standards Agency","West Northamptonshire","Outside London","EO","[c]","[c]","[c]","[c]"
"New entrant CS","2022","Driver and Vehicle Standards Agency","West Surrey","Outside London","AO","[c]","[c]","[c]","[c]"
"New entrant CS","2022","Driver and Vehicle Standards Agency","West Sussex (North East)","Outside London","EO","[c]","[c]","[c]","[c]"
"New entrant CS","2022","Driver and Vehicle Standards Agency","West Sussex (South West)","Outside London","EO","[c]","[c]","[c]","[c]"
"New entrant CS","2022","Driver and Vehicle Standards Agency","West Sussex (South West)","Outside London","SEO","[c]","[c]","[c]","[c]"
"New entrant CS","2022","Driver and Vehicle Standards Agency","Wiltshire","Outside London","EO","[c]","[c]","[c]","[c]"
"New entrant CS","2022","Driver and Vehicle Standards Agency","Wirral","Outside London","EO","[c]","[c]","[c]","[c]"
"New entrant CS","2022","Driver and Vehicle Standards Agency","Wolverhampton","Outside London","EO","[c]","[c]","[c]","[c]"
"New entrant CS","2022","Driver and Vehicle Standards Agency","Worcestershire CC","Outside London","EO","[c]","[c]","[c]","[c]"
"New entrant CS","2022","Driver and Vehicle Standards Agency","Worcestershire CC","Outside London","HEO","[c]","[c]","[c]","[c]"
"New entrant CS","2022","Education and Skills Funding Agency","Bristol, City of","Outside London","AO","[c]","[c]","[c]","[c]"
"New entrant CS","2022","Education and Skills Funding Agency","Bristol, City of","Outside London","EO","5","[c]","[c]","[c]"
"New entrant CS","2022","Education and Skills Funding Agency","Bristol, City of","Outside London","G7","5","[c]","[c]","[c]"
"New entrant CS","2022","Education and Skills Funding Agency","Bristol, City of","Outside London","HEO","5","[c]","[c]","[c]"
"New entrant CS","2022","Education and Skills Funding Agency","Bristol, City of","Outside London","SEO","5","[c]","[c]","[c]"
"New entrant CS","2022","Education and Skills Funding Agency","Cambridgeshire CC","Outside London","G7","[c]","[c]","[c]","[c]"
"New entrant CS","2022","Education and Skills Funding Agency","Coventry","Outside London","EO","10","[c]","25000","25000"
"New entrant CS","2022","Education and Skills Funding Agency","Coventry","Outside London","G6","[c]","[c]","[c]","[c]"
"New entrant CS","2022","Education and Skills Funding Agency","Coventry","Outside London","G7","10","[c]","[c]","[c]"
"New entrant CS","2022","Education and Skills Funding Agency","Coventry","Outside London","HEO","15","[c]","29570","29360"
"New entrant CS","2022","Education and Skills Funding Agency","Coventry","Outside London","SEO","10","[c]","36950","36500"
"New entrant CS","2022","Education and Skills Funding Agency","Croydon","London","HEO","[c]","[c]","[c]","[c]"
"New entrant CS","2022","Education and Skills Funding Agency","Darlington","Outside London","EO","[c]","[c]","[c]","[c]"
"New entrant CS","2022","Education and Skills Funding Agency","Darlington","Outside London","HEO","5","[c]","[c]","[c]"
"New entrant CS","2022","Education and Skills Funding Agency","Darlington","Outside London","SEO","[c]","[c]","[c]","[c]"
"New entrant CS","2022","Education and Skills Funding Agency","Leeds","Outside London","AO","[c]","[c]","[c]","[c]"
"New entrant CS","2022","Education and Skills Funding Agency","Leeds","Outside London","EO","[c]","[c]","[c]","[c]"
"New entrant CS","2022","Education and Skills Funding Agency","Leeds","Outside London","HEO","[c]","[c]","[c]","[c]"
"New entrant CS","2022","Education and Skills Funding Agency","Leeds","Outside London","SEO","[c]","[c]","[c]","[c]"
"New entrant CS","2022","Education and Skills Funding Agency","Manchester","Outside London","AO","[c]","[c]","[c]","[c]"
"New entrant CS","2022","Education and Skills Funding Agency","Manchester","Outside London","EO","[c]","[c]","[c]","[c]"
"New entrant CS","2022","Education and Skills Funding Agency","Manchester","Outside London","G6","[c]","[c]","[c]","[c]"
"New entrant CS","2022","Education and Skills Funding Agency","Manchester","Outside London","G7","[c]","[c]","[c]","[c]"
"New entrant CS","2022","Education and Skills Funding Agency","Manchester","Outside London","HEO","15","[c]","29360","29360"
"New entrant CS","2022","Education and Skills Funding Agency","Manchester","Outside London","SCS level","[c]","[c]","[c]","[c]"
"New entrant CS","2022","Education and Skills Funding Agency","Manchester","Outside London","SEO","5","[c]","[c]","[c]"
"New entrant CS","2022","Education and Skills Funding Agency","Nottingham","Outside London","EO","[c]","[c]","[c]","[c]"
"New entrant CS","2022","Education and Skills Funding Agency","Nottingham","Outside London","HEO","[c]","[c]","[c]","[c]"
"New entrant CS","2022","Education and Skills Funding Agency","Sheffield","Outside London","EO","5","[c]","[c]","[c]"
"New entrant CS","2022","Education and Skills Funding Agency","Sheffield","Outside London","G6","[c]","[c]","[c]","[c]"
"New entrant CS","2022","Education and Skills Funding Agency","Sheffield","Outside London","G7","[c]","[c]","[c]","[c]"
"New entrant CS","2022","Education and Skills Funding Agency","Sheffield","Outside London","HEO","5","[c]","[c]","[c]"
"New entrant CS","2022","Education and Skills Funding Agency","Sheffield","Outside London","SEO","15","[c]","36930","36500"
"New entrant CS","2022","Education and Skills Funding Agency","Tyneside","Outside London","EO","[c]","[c]","[c]","[c]"
"New entrant CS","2022","Education and Skills Funding Agency","Tyneside","Outside London","HEO","[c]","[c]","[c]","[c]"
"New entrant CS","2022","Education and Skills Funding Agency","Tyneside","Outside London","SEO","[c]","[c]","[c]","[c]"
"New entrant CS","2022","Education and Skills Funding Agency","Westminster","London","EO","5","[c]","[c]","[c]"
"New entrant CS","2022","Education and Skills Funding Agency","Westminster","London","G7","[c]","[c]","[c]","[c]"
"New entrant CS","2022","Education and Skills Funding Agency","Westminster","London","HEO","10","[c]","[c]","[c]"
"New entrant CS","2022","Education and Skills Funding Agency","Westminster","London","SEO","[c]","[c]","[c]","[c]"
"New entrant CS","2022","Education Scotland","Aberdeen City and Aberdeenshire","Outside London","G6","[c]","[c]","[c]","[c]"
"New entrant CS","2022","Education Scotland","Angus and Dundee City","Outside London","AA","[c]","[c]","[c]","[c]"
"New entrant CS","2022","Education Scotland","Angus and Dundee City","Outside London","G6","[c]","[c]","[c]","[c]"
"New entrant CS","2022","Education Scotland","Angus and Dundee City","Outside London","G7","[c]","[c]","[c]","[c]"
"New entrant CS","2022","Education Scotland","Angus and Dundee City","Outside London","HEO","[c]","[c]","[c]","[c]"
"New entrant CS","2022","Education Scotland","Glasgow City","Outside London","AA","[c]","[c]","[c]","[c]"
"New entrant CS","2022","Education Scotland","Glasgow City","Outside London","EO","[c]","[c]","[c]","[c]"
"New entrant CS","2022","Education Scotland","Glasgow City","Outside London","G6","15","[c]","65280","65280"
"New entrant CS","2022","Education Scotland","Glasgow City","Outside London","G7","5","[c]","[c]","[c]"
"New entrant CS","2022","Education Scotland","Glasgow City","Outside London","HEO","[c]","[c]","[c]","[c]"
"New entrant CS","2022","Education Scotland","Glasgow City","Outside London","SEO","5","[c]","[c]","[c]"
"New entrant CS","2022","Education Scotland","Inverness and Nairn, Moray, and Badenoch and Strathspey","Outside London","G6","[c]","[c]","[c]","[c]"
"New entrant CS","2022","Education Scotland","West Lothian","Outside London","AA","[c]","[c]","[c]","[c]"
"New entrant CS","2022","Education Scotland","West Lothian","Outside London","G7","[c]","[c]","[c]","[c]"
"New entrant CS","2022","Education Scotland","West Lothian","Outside London","HEO","[c]","[c]","[c]","[c]"
"New entrant CS","2022","Education Scotland","West Lothian","Outside London","SEO","[c]","[c]","[c]","[c]"
"New entrant CS","2022","Estyn","Cardiff and Vale of Glamorgan","Outside London","EO","[c]","[c]","[c]","[c]"
"New entrant CS","2022","Estyn","Cardiff and Vale of Glamorgan","Outside London","G7","[c]","[c]","[c]","[c]"
"New entrant CS","2022","Estyn","Cardiff and Vale of Glamorgan","Outside London","SCS level","[c]","[c]","[c]","[c]"
"New entrant CS","2022","Estyn","Central Valleys","Outside London","G6","[c]","[c]","[c]","[c]"
"New entrant CS","2022","Estyn","Conwy and Denbighshire","Outside London","G6","[c]","[c]","[c]","[c]"
"New entrant CS","2022","Estyn","Gwent Valleys","Outside London","G6","[c]","[c]","[c]","[c]"
"New entrant CS","2022","Estyn","Monmouthshire and Newport","Outside London","G6","[c]","[c]","[c]","[c]"
"New entrant CS","2022","Estyn","South West Wales","Outside London","G6","[c]","[c]","[c]","[c]"
"New entrant CS","2022","Estyn","Swansea","Outside London","G6","[c]","[c]","[c]","[c]"
"New entrant CS","2022","Food Standards Agency","Antrim and Newtownabbey","Outside London","HEO","[c]","[c]","[c]","[c]"
"New entrant CS","2022","Food Standards Agency","Ards and North Down","Outside London","SEO","[c]","[c]","[c]","[c]"
"New entrant CS","2022","Food Standards Agency","Armagh City, Banbridge and Craigavon","Outside London","AO","[c]","[c]","[c]","[c]"
"New entrant CS","2022","Food Standards Agency","Armagh City, Banbridge and Craigavon","Outside London","EO","[c]","[c]","[c]","[c]"
"New entrant CS","2022","Food Standards Agency","Barking & Dagenham and Havering","London","SEO","[c]","[c]","[c]","[c]"
"New entrant CS","2022","Food Standards Agency","Barnet","London","EO","[c]","[c]","[c]","[c]"
"New entrant CS","2022","Food Standards Agency","Barnet","London","HEO","[c]","[c]","[c]","[c]"
"New entrant CS","2022","Food Standards Agency","Bath and North East Somerset, North Somerset and South Gloucestershire","Outside London","EO","[c]","[c]","[c]","[c]"
"New entrant CS","2022","Food Standards Agency","Bath and North East Somerset, North Somerset and South Gloucestershire","Outside London","HEO","[c]","[c]","[c]","[c]"
"New entrant CS","2022","Food Standards Agency","Bath and North East Somerset, North Somerset and South Gloucestershire","Outside London","SEO","[c]","[c]","[c]","[c]"
"New entrant CS","2022","Food Standards Agency","Belfast","Outside London","AO","[c]","[c]","[c]","[c]"
"New entrant CS","2022","Food Standards Agency","Belfast","Outside London","EO","[c]","[c]","[c]","[c]"
"New entrant CS","2022","Food Standards Agency","Belfast","Outside London","HEO","[c]","[c]","[c]","[c]"
"New entrant CS","2022","Food Standards Agency","Belfast","Outside London","SEO","[c]","[c]","[c]","[c]"
"New entrant CS","2022","Food Standards Agency","Berkshire","Outside London","G6","[c]","[c]","[c]","[c]"
"New entrant CS","2022","Food Standards Agency","Berkshire","Outside London","HEO","[c]","[c]","[c]","[c]"
"New entrant CS","2022","Food Standards Agency","Berkshire","Outside London","SEO","[c]","[c]","[c]","[c]"
"New entrant CS","2022","Food Standards Agency","Birmingham","Outside London","EO","[c]","[c]","[c]","[c]"
"New entrant CS","2022","Food Standards Agency","Birmingham","Outside London","HEO","[c]","[c]","[c]","[c]"
"New entrant CS","2022","Food Standards Agency","Birmingham","Outside London","SEO","[c]","[c]","[c]","[c]"
"New entrant CS","2022","Food Standards Agency","Bradford","Outside London","SEO","[c]","[c]","[c]","[c]"
"New entrant CS","2022","Food Standards Agency","Breckland and South Norfolk","Outside London","SEO","[c]","[c]","[c]","[c]"
"New entrant CS","2022","Food Standards Agency","Brent","London","HEO","[c]","[c]","[c]","[c]"
"New entrant CS","2022","Food Standards Agency","Bridgend and Neath Port Talbot","Outside London","HEO","[c]","[c]","[c]","[c]"
"New entrant CS","2022","Food Standards Agency","Bristol, City of","Outside London","SEO","[c]","[c]","[c]","[c]"
"New entrant CS","2022","Food Standards Agency","Bromley","London","EO","[c]","[c]","[c]","[c]"
"New entrant CS","2022","Food Standards Agency","Buckinghamshire","Outside London","HEO","[c]","[c]","[c]","[c]"
"New entrant CS","2022","Food Standards Agency","Buckinghamshire","Outside London","SEO","[c]","[c]","[c]","[c]"
"New entrant CS","2022","Food Standards Agency","Cambridgeshire CC","Outside London","HEO","[c]","[c]","[c]","[c]"
"New entrant CS","2022","Food Standards Agency","Cambridgeshire CC","Outside London","SEO","[c]","[c]","[c]","[c]"
"New entrant CS","2022","Food Standards Agency","Cardiff and Vale of Glamorgan","Outside London","EO","[c]","[c]","[c]","[c]"
"New entrant CS","2022","Food Standards Agency","Cardiff and Vale of Glamorgan","Outside London","HEO","5","[c]","[c]","[c]"
"New entrant CS","2022","Food Standards Agency","Cardiff and Vale of Glamorgan","Outside London","SEO","[c]","[c]","[c]","[c]"
"New entrant CS","2022","Food Standards Agency","Causeway Coast and Glens","Outside London","EO","[c]","[c]","[c]","[c]"
"New entrant CS","2022","Food Standards Agency","Causeway Coast and Glens","Outside London","HEO","[c]","[c]","[c]","[c]"
"New entrant CS","2022","Food Standards Agency","Causeway Coast and Glens","Outside London","SEO","[c]","[c]","[c]","[c]"
"New entrant CS","2022","Food Standards Agency","Central Hampshire","Outside London","G7","[c]","[c]","[c]","[c]"
"New entrant CS","2022","Food Standards Agency","Central Hampshire","Outside London","SEO","[c]","[c]","[c]","[c]"
"New entrant CS","2022","Food Standards Agency","Central Valleys","Outside London","SEO","[c]","[c]","[c]","[c]"
"New entrant CS","2022","Food Standards Agency","Cheshire East","Outside London","EO","[c]","[c]","[c]","[c]"
"New entrant CS","2022","Food Standards Agency","Coventry","Outside London","HEO","[c]","[c]","[c]","[c]"
"New entrant CS","2022","Food Standards Agency","Coventry","Outside London","SEO","[c]","[c]","[c]","[c]"
"New entrant CS","2022","Food Standards Agency","Devon CC","Outside London","EO","[c]","[c]","[c]","[c]"
"New entrant CS","2022","Food Standards Agency","Devon CC","Outside London","SEO","[c]","[c]","[c]","[c]"
"New entrant CS","2022","Food Standards Agency","Dorset","Outside London","EO","[c]","[c]","[c]","[c]"
"New entrant CS","2022","Food Standards Agency","Dorset","Outside London","HEO","[c]","[c]","[c]","[c]"
"New entrant CS","2022","Food Standards Agency","Dudley","Outside London","HEO","[c]","[c]","[c]","[c]"
"New entrant CS","2022","Food Standards Agency","Durham","Outside London","EO","[c]","[c]","[c]","[c]"
"New entrant CS","2022","Food Standards Agency","Durham","Outside London","HEO","[c]","[c]","[c]","[c]"
"New entrant CS","2022","Food Standards Agency","East Derbyshire","Outside London","HEO","[c]","[c]","[c]","[c]"
"New entrant CS","2022","Food Standards Agency","East Kent","Outside London","SEO","[c]","[c]","[c]","[c]"
"New entrant CS","2022","Food Standards Agency","East Riding of Yorkshire","Outside London","EO","[c]","[c]","[c]","[c]"
"New entrant CS","2022","Food Standards Agency","East Riding of Yorkshire","Outside London","G7","[c]","[c]","[c]","[c]"
"New entrant CS","2022","Food Standards Agency","East Riding of Yorkshire","Outside London","HEO","[c]","[c]","[c]","[c]"
"New entrant CS","2022","Food Standards Agency","East Riding of Yorkshire","Outside London","SEO","[c]","[c]","[c]","[c]"
"New entrant CS","2022","Food Standards Agency","East Surrey","Outside London","HEO","[c]","[c]","[c]","[c]"
"New entrant CS","2022","Food Standards Agency","East Sussex CC","Outside London","EO","[c]","[c]","[c]","[c]"
"New entrant CS","2022","Food Standards Agency","East Sussex CC","Outside London","G7","[c]","[c]","[c]","[c]"
"New entrant CS","2022","Food Standards Agency","Enfield","London","G7","[c]","[c]","[c]","[c]"
"New entrant CS","2022","Food Standards Agency","Essex Thames Gateway","Outside London","HEO","[c]","[c]","[c]","[c]"
"New entrant CS","2022","Food Standards Agency","Fermanagh and Omagh","Outside London","AO","[c]","[c]","[c]","[c]"
"New entrant CS","2022","Food Standards Agency","Flintshire and Wrexham","Outside London","EO","[c]","[c]","[c]","[c]"
"New entrant CS","2022","Food Standards Agency","Gloucestershire CC","Outside London","HEO","[c]","[c]","[c]","[c]"
"New entrant CS","2022","Food Standards Agency","Gloucestershire CC","Outside London","SEO","[c]","[c]","[c]","[c]"
"New entrant CS","2022","Food Standards Agency","Greater Manchester North East","Outside London","HEO","[c]","[c]","[c]","[c]"
"New entrant CS","2022","Food Standards Agency","Greater Manchester North East","Outside London","SEO","[c]","[c]","[c]","[c]"
"New entrant CS","2022","Food Standards Agency","Greater Manchester North West","Outside London","SEO","[c]","[c]","[c]","[c]"
"New entrant CS","2022","Food Standards Agency","Greater Manchester South East","Outside London","EO","[c]","[c]","[c]","[c]"
"New entrant CS","2022","Food Standards Agency","Greater Manchester South West","Outside London","HEO","[c]","[c]","[c]","[c]"
"New entrant CS","2022","Food Standards Agency","Greater Manchester South West","Outside London","SEO","[c]","[c]","[c]","[c]"
"New entrant CS","2022","Food Standards Agency","Gwent Valleys","Outside London","EO","[c]","[c]","[c]","[c]"
"New entrant CS","2022","Food Standards Agency","Gwent Valleys","Outside London","HEO","[c]","[c]","[c]","[c]"
"New entrant CS","2022","Food Standards Agency","Heart of Essex","Outside London","HEO","[c]","[c]","[c]","[c]"
"New entrant CS","2022","Food Standards Agency","Hertfordshire CC","Outside London","G7","[c]","[c]","[c]","[c]"
"New entrant CS","2022","Food Standards Agency","Kensington & Chelsea and Hammersmith & Fulham","London","G7","[c]","[c]","[c]","[c]"
"New entrant CS","2022","Food Standards Agency","Kingston upon Hull, City of","Outside London","SEO","[c]","[c]","[c]","[c]"
"New entrant CS","2022","Food Standards Agency","Lancaster and Wyre","Outside London","EO","[c]","[c]","[c]","[c]"
"New entrant CS","2022","Food Standards Agency","Leeds","Outside London","EO","[c]","[c]","[c]","[c]"
"New entrant CS","2022","Food Standards Agency","Leeds","Outside London","HEO","[c]","[c]","[c]","[c]"
"New entrant CS","2022","Food Standards Agency","Leeds","Outside London","SEO","[c]","[c]","[c]","[c]"
"New entrant CS","2022","Food Standards Agency","Leicestershire CC and Rutland","Outside London","G6","[c]","[c]","[c]","[c]"
"New entrant CS","2022","Food Standards Agency","Leicestershire CC and Rutland","Outside London","HEO","[c]","[c]","[c]","[c]"
"New entrant CS","2022","Food Standards Agency","Lisburn and Castlereagh","Outside London","HEO","[c]","[c]","[c]","[c]"
"New entrant CS","2022","Food Standards Agency","Lisburn and Castlereagh","Outside London","SEO","[c]","[c]","[c]","[c]"
"New entrant CS","2022","Food Standards Agency","Luton","Outside London","HEO","[c]","[c]","[c]","[c]"
"New entrant CS","2022","Food Standards Agency","Medway","Outside London","HEO","[c]","[c]","[c]","[c]"
"New entrant CS","2022","Food Standards Agency","Merton, Kingston upon Thames and Sutton","London","SEO","[c]","[c]","[c]","[c]"
"New entrant CS","2022","Food Standards Agency","Mid and East Antrim","Outside London","SEO","[c]","[c]","[c]","[c]"
"New entrant CS","2022","Food Standards Agency","Mid Lancashire","Outside London","EO","[c]","[c]","[c]","[c]"
"New entrant CS","2022","Food Standards Agency","Mid Ulster","Outside London","G7","[c]","[c]","[c]","[c]"
"New entrant CS","2022","Food Standards Agency","Monmouthshire and Newport","Outside London","AO","[c]","[c]","[c]","[c]"
"New entrant CS","2022","Food Standards Agency","Monmouthshire and Newport","Outside London","HEO","[c]","[c]","[c]","[c]"
"New entrant CS","2022","Food Standards Agency","North and North East Lincolnshire","Outside London","EO","[c]","[c]","[c]","[c]"
"New entrant CS","2022","Food Standards Agency","North and North East Lincolnshire","Outside London","HEO","[c]","[c]","[c]","[c]"
"New entrant CS","2022","Food Standards Agency","North Hampshire","Outside London","EO","[c]","[c]","[c]","[c]"
"New entrant CS","2022","Food Standards Agency","North Nottinghamshire","Outside London","SEO","[c]","[c]","[c]","[c]"
"New entrant CS","2022","Food Standards Agency","North Yorkshire CC","Outside London","HEO","[c]","[c]","[c]","[c]"
"New entrant CS","2022","Food Standards Agency","North Yorkshire CC","Outside London","SEO","[c]","[c]","[c]","[c]"
"New entrant CS","2022","Food Standards Agency","Norwich and East Norfolk","Outside London","EO","[c]","[c]","[c]","[c]"
"New entrant CS","2022","Food Standards Agency","Norwich and East Norfolk","Outside London","HEO","[c]","[c]","[c]","[c]"
"New entrant CS","2022","Food Standards Agency","Oxfordshire CC","Outside London","SEO","[c]","[c]","[c]","[c]"
"New entrant CS","2022","Food Standards Agency","Powys","Outside London","SEO","[c]","[c]","[c]","[c]"
"New entrant CS","2022","Food Standards Agency","Redbridge and Waltham Forest","London","HEO","[c]","[c]","[c]","[c]"
"New entrant CS","2022","Food Standards Agency","Shetland Islands","Outside London","G7","[c]","[c]","[c]","[c]"
"New entrant CS","2022","Food Standards Agency","Somerset CC","Outside London","EO","[c]","[c]","[c]","[c]"
"New entrant CS","2022","Food Standards Agency","Somerset CC","Outside London","G7","[c]","[c]","[c]","[c]"
"New entrant CS","2022","Food Standards Agency","South and West Derbyshire","Outside London","AO","[c]","[c]","[c]","[c]"
"New entrant CS","2022","Food Standards Agency","South Lanarkshire","Outside London","SEO","[c]","[c]","[c]","[c]"
"New entrant CS","2022","Food Standards Agency","South Nottinghamshire","Outside London","HEO","[c]","[c]","[c]","[c]"
"New entrant CS","2022","Food Standards Agency","South Teesside","Outside London","HEO","[c]","[c]","[c]","[c]"
"New entrant CS","2022","Food Standards Agency","South West Wales","Outside London","SEO","[c]","[c]","[c]","[c]"
"New entrant CS","2022","Food Standards Agency","Southend-on-Sea","Outside London","HEO","[c]","[c]","[c]","[c]"
"New entrant CS","2022","Food Standards Agency","Staffordshire CC","Outside London","HEO","[c]","[c]","[c]","[c]"
"New entrant CS","2022","Food Standards Agency","Staffordshire CC","Outside London","SEO","[c]","[c]","[c]","[c]"
"New entrant CS","2022","Food Standards Agency","Stoke-on-Trent","Outside London","G7","[c]","[c]","[c]","[c]"
"New entrant CS","2022","Food Standards Agency","Stoke-on-Trent","Outside London","HEO","[c]","[c]","[c]","[c]"
"New entrant CS","2022","Food Standards Agency","Suffolk CC","Outside London","SEO","[c]","[c]","[c]","[c]"
"New entrant CS","2022","Food Standards Agency","Swansea","Outside London","SEO","[c]","[c]","[c]","[c]"
"New entrant CS","2022","Food Standards Agency","Thurrock","Outside London","HEO","[c]","[c]","[c]","[c]"
"New entrant CS","2022","Food Standards Agency","Torbay","Outside London","HEO","[c]","[c]","[c]","[c]"
"New entrant CS","2022","Food Standards Agency","Tyneside","Outside London","EO","[c]","[c]","[c]","[c]"
"New entrant CS","2022","Food Standards Agency","Wakefield","Outside London","G7","[c]","[c]","[c]","[c]"
"New entrant CS","2022","Food Standards Agency","Warwickshire CC","Outside London","EO","[c]","[c]","[c]","[c]"
"New entrant CS","2022","Food Standards Agency","Warwickshire CC","Outside London","HEO","[c]","[c]","[c]","[c]"
"New entrant CS","2022","Food Standards Agency","Warwickshire CC","Outside London","SEO","[c]","[c]","[c]","[c]"
"New entrant CS","2022","Food Standards Agency","West Surrey","Outside London","HEO","[c]","[c]","[c]","[c]"
"New entrant CS","2022","Food Standards Agency","West Surrey","Outside London","SEO","[c]","[c]","[c]","[c]"
"New entrant CS","2022","Food Standards Agency","Westminster","London","AO","[c]","[c]","[c]","[c]"
"New entrant CS","2022","Food Standards Agency","Westminster","London","EO","[c]","[c]","[c]","[c]"
"New entrant CS","2022","Food Standards Agency","Westminster","London","HEO","10","[c]","32350","32350"
"New entrant CS","2022","Food Standards Agency","Westminster","London","SCS level","[c]","[c]","[c]","[c]"
"New entrant CS","2022","Food Standards Agency","Westminster","London","SEO","5","[c]","[c]","[c]"
"New entrant CS","2022","Food Standards Agency","Wiltshire","Outside London","SEO","[c]","[c]","[c]","[c]"
"New entrant CS","2022","Food Standards Agency","Worcestershire CC","Outside London","HEO","[c]","[c]","[c]","[c]"
"New entrant CS","2022","Food Standards Agency","York","Outside London","EO","[c]","[c]","[c]","[c]"
"New entrant CS","2022","Food Standards Agency","York","Outside London","HEO","10","[c]","[c]","[c]"
"New entrant CS","2022","Food Standards Agency","York","Outside London","SEO","[c]","[c]","[c]","[c]"
"New entrant CS","2022","Food Standards Scotland","Aberdeen City and Aberdeenshire","Outside London","AA","[c]","[c]","[c]","[c]"
"New entrant CS","2022","Food Standards Scotland","Aberdeen City and Aberdeenshire","Outside London","AO","5","[c]","[c]","[c]"
"New entrant CS","2022","Food Standards Scotland","Aberdeen City and Aberdeenshire","Outside London","EO","25","[c]","27380","27230"
"New entrant CS","2022","Food Standards Scotland","Aberdeen City and Aberdeenshire","Outside London","G6","[c]","[c]","[c]","[c]"
"New entrant CS","2022","Food Standards Scotland","Aberdeen City and Aberdeenshire","Outside London","G7","5","[c]","[c]","[c]"
"New entrant CS","2022","Food Standards Scotland","Aberdeen City and Aberdeenshire","Outside London","HEO","20","[c]","31830","31540"
"New entrant CS","2022","Food Standards Scotland","Aberdeen City and Aberdeenshire","Outside London","SEO","[c]","[c]","[c]","[c]"
"New entrant CS","2022","Food Standards Scotland","Angus and Dundee City","Outside London","AO","[c]","[c]","[c]","[c]"
"New entrant CS","2022","Food Standards Scotland","Angus and Dundee City","Outside London","EO","[c]","[c]","[c]","[c]"
"New entrant CS","2022","Food Standards Scotland","City of Edinburgh","Outside London","EO","[c]","[c]","[c]","[c]"
"New entrant CS","2022","Food Standards Scotland","City of Edinburgh","Outside London","G7","[c]","[c]","[c]","[c]"
"New entrant CS","2022","Food Standards Scotland","City of Edinburgh","Outside London","HEO","[c]","[c]","[c]","[c]"
"New entrant CS","2022","Food Standards Scotland","City of Edinburgh","Outside London","SEO","[c]","[c]","[c]","[c]"
"New entrant CS","2022","Food Standards Scotland","Inverclyde, East Renfrewshire, and Renfrewshire","Outside London","AO","[c]","[c]","[c]","[c]"
"New entrant CS","2022","Food Standards Scotland","Inverclyde, East Renfrewshire, and Renfrewshire","Outside London","HEO","[c]","[c]","[c]","[c]"
"New entrant CS","2022","Food Standards Scotland","South Ayrshire","Outside London","AO","[c]","[c]","[c]","[c]"
"New entrant CS","2022","Food Standards Scotland","South Lanarkshire","Outside London","HEO","[c]","[c]","[c]","[c]"
"New entrant CS","2022","Government Actuary's Department","Camden and City of London","London","AO","5","[c]","[c]","[c]"
"New entrant CS","2022","Government Actuary's Department","Camden and City of London","London","EO","[c]","[c]","[c]","[c]"
"New entrant CS","2022","Government Actuary's Department","Camden and City of London","London","G6","5","[c]","[c]","[c]"
"New entrant CS","2022","Government Actuary's Department","Camden and City of London","London","G7","[c]","[c]","[c]","[c]"
"New entrant CS","2022","Government Actuary's Department","Camden and City of London","London","HEO","10","[c]","34790","31980"
"New entrant CS","2022","Government Actuary's Department","Camden and City of London","London","SEO","10","[c]","[c]","[c]"
"New entrant CS","2022","Government Actuary's Department","City of Edinburgh","Outside London","G6","[c]","[c]","[c]","[c]"
"New entrant CS","2022","Government Actuary's Department","City of Edinburgh","Outside London","G7","[c]","[c]","[c]","[c]"
"New entrant CS","2022","Government Internal Audit Agency","Birmingham","Outside London","HEO","[c]","[c]","[c]","[c]"
"New entrant CS","2022","Government Internal Audit Agency","Birmingham","Outside London","SCS level","[c]","[c]","[c]","[c]"
"New entrant CS","2022","Government Internal Audit Agency","Birmingham","Outside London","SEO","[c]","[c]","[c]","[c]"
"New entrant CS","2022","Government Internal Audit Agency","Blackpool","Outside London","SEO","[c]","[c]","[c]","[c]"
"New entrant CS","2022","Government Internal Audit Agency","Bristol, City of","Outside London","G7","[c]","[c]","[c]","[c]"
"New entrant CS","2022","Government Internal Audit Agency","Bristol, City of","Outside London","HEO","[c]","[c]","[c]","[c]"
"New entrant CS","2022","Government Internal Audit Agency","Coventry","Outside London","G7","[c]","[c]","[c]","[c]"
"New entrant CS","2022","Government Internal Audit Agency","Leeds","Outside London","HEO","[c]","[c]","[c]","[c]"
"New entrant CS","2022","Government Internal Audit Agency","Leeds","Outside London","SEO","[c]","[c]","[c]","[c]"
"New entrant CS","2022","Government Internal Audit Agency","Manchester","Outside London","SEO","[c]","[c]","[c]","[c]"
"New entrant CS","2022","Government Internal Audit Agency","Sheffield","Outside London","SEO","[c]","[c]","[c]","[c]"
"New entrant CS","2022","Government Internal Audit Agency","Swindon","Outside London","SEO","[c]","[c]","[c]","[c]"
"New entrant CS","2022","Government Internal Audit Agency","Tyneside","Outside London","G7","[c]","[c]","[c]","[c]"
"New entrant CS","2022","Government Internal Audit Agency","Tyneside","Outside London","SEO","[c]","[c]","[c]","[c]"
"New entrant CS","2022","Government Internal Audit Agency","Westminster","London","G6","[c]","[c]","[c]","[c]"
"New entrant CS","2022","Government Internal Audit Agency","Westminster","London","G7","[c]","[c]","[c]","[c]"
"New entrant CS","2022","Government Internal Audit Agency","Westminster","London","HEO","[c]","[c]","[c]","[c]"
"New entrant CS","2022","Government Internal Audit Agency","Westminster","London","SCS level","[c]","[c]","[c]","[c]"
"New entrant CS","2022","Government Internal Audit Agency","Westminster","London","SEO","5","[c]","[c]","[c]"
"New entrant CS","2022","Government Legal Department","Croydon","London","EO","[c]","[c]","[c]","[c]"
"New entrant CS","2022","Government Legal Department","Croydon","London","G7","[c]","[c]","[c]","[c]"
"New entrant CS","2022","Government Legal Department","Leeds","Outside London","EO","[c]","[c]","[c]","[c]"
"New entrant CS","2022","Government Legal Department","Leeds","Outside London","G7","5","[c]","[c]","[c]"
"New entrant CS","2022","Government Legal Department","Leeds","Outside London","HEO","5","[c]","[c]","[c]"
"New entrant CS","2022","Government Legal Department","Westminster","London","AO","10","[c]","[c]","[c]"
"New entrant CS","2022","Government Legal Department","Westminster","London","EO","125","[c]","27470","26950"
"New entrant CS","2022","Government Legal Department","Westminster","London","G6","20","[c]","65130","63730"
"New entrant CS","2022","Government Legal Department","Westminster","London","G7","100","[c]","50530","50500"
"New entrant CS","2022","Government Legal Department","Westminster","London","HEO","45","[c]","43300","43920"
"New entrant CS","2022","Government Legal Department","Westminster","London","SCS level","[c]","[c]","[c]","[c]"
"New entrant CS","2022","Government Legal Department","Westminster","London","SEO","[c]","[c]","[c]","[c]"
"New entrant CS","2022","Government Property Agency","Birmingham","Outside London","EO","[c]","[c]","[c]","[c]"
"New entrant CS","2022","Government Property Agency","Birmingham","Outside London","G6","[c]","[c]","[c]","[c]"
"New entrant CS","2022","Government Property Agency","Birmingham","Outside London","G7","10","[c]","55530","56500"
"New entrant CS","2022","Government Property Agency","Birmingham","Outside London","HEO","5","[c]","[c]","[c]"
"New entrant CS","2022","Government Property Agency","Birmingham","Outside London","SCS level","[c]","[c]","[c]","[c]"
"New entrant CS","2022","Government Property Agency","Birmingham","Outside London","SEO","10","[c]","[c]","[c]"
"New entrant CS","2022","Government Property Agency","Bristol, City of","Outside London","EO","[c]","[c]","[c]","[c]"
"New entrant CS","2022","Government Property Agency","Bristol, City of","Outside London","G7","[c]","[c]","[c]","[c]"
"New entrant CS","2022","Government Property Agency","Leeds","Outside London","G6","[c]","[c]","[c]","[c]"
"New entrant CS","2022","Government Property Agency","Leeds","Outside London","G7","[c]","[c]","[c]","[c]"
"New entrant CS","2022","Government Property Agency","Leeds","Outside London","SEO","[c]","[c]","[c]","[c]"
"New entrant CS","2022","Government Property Agency","Manchester","Outside London","EO","[c]","[c]","[c]","[c]"
"New entrant CS","2022","Government Property Agency","Manchester","Outside London","G6","[c]","[c]","[c]","[c]"
"New entrant CS","2022","Government Property Agency","Manchester","Outside London","G7","5","[c]","[c]","[c]"
"New entrant CS","2022","Government Property Agency","Manchester","Outside London","SEO","[c]","[c]","[c]","[c]"
"New entrant CS","2022","Government Property Agency","Monmouthshire and Newport","Outside London","HEO","[c]","[c]","[c]","[c]"
"New entrant CS","2022","Government Property Agency","Nottingham","Outside London","HEO","[c]","[c]","[c]","[c]"
"New entrant CS","2022","Government Property Agency","Nottingham","Outside London","SEO","[c]","[c]","[c]","[c]"
"New entrant CS","2022","Government Property Agency","Swindon","Outside London","EO","[c]","[c]","[c]","[c]"
"New entrant CS","2022","Government Property Agency","Swindon","Outside London","G7","[c]","[c]","[c]","[c]"
"New entrant CS","2022","Government Property Agency","Westminster","London","EO","[c]","[c]","[c]","[c]"
"New entrant CS","2022","Government Property Agency","Westminster","London","G6","[c]","[c]","[c]","[c]"
"New entrant CS","2022","Government Property Agency","Westminster","London","G7","5","[c]","[c]","[c]"
"New entrant CS","2022","Government Property Agency","Westminster","London","HEO","5","[c]","[c]","[c]"
"New entrant CS","2022","Government Property Agency","Westminster","London","SCS level","[c]","[c]","[c]","[c]"
"New entrant CS","2022","Government Property Agency","Westminster","London","SEO","5","[c]","[c]","[c]"
"New entrant CS","2022","Health and Safety Executive","Aberdeen City and Aberdeenshire","Outside London","HEO","[c]","[c]","[c]","[c]"
"New entrant CS","2022","Health and Safety Executive","Aberdeen City and Aberdeenshire","Outside London","SEO","5","[c]","[c]","[c]"
"New entrant CS","2022","Health and Safety Executive","Bedford","Outside London","AO","[c]","[c]","[c]","[c]"
"New entrant CS","2022","Health and Safety Executive","Bedford","Outside London","HEO","[c]","[c]","[c]","[c]"
"New entrant CS","2022","Health and Safety Executive","Bedford","Outside London","SEO","[c]","[c]","[c]","[c]"
"New entrant CS","2022","Health and Safety Executive","Birmingham","Outside London","G6","[c]","[c]","[c]","[c]"
"New entrant CS","2022","Health and Safety Executive","Birmingham","Outside London","G7","[c]","[c]","[c]","[c]"
"New entrant CS","2022","Health and Safety Executive","Birmingham","Outside London","HEO","[c]","[c]","[c]","[c]"
"New entrant CS","2022","Health and Safety Executive","Birmingham","Outside London","SCS level","[c]","[c]","[c]","[c]"
"New entrant CS","2022","Health and Safety Executive","Birmingham","Outside London","SEO","[c]","[c]","[c]","[c]"
"New entrant CS","2022","Health and Safety Executive","Bristol, City of","Outside London","AO","[c]","[c]","[c]","[c]"
"New entrant CS","2022","Health and Safety Executive","Bristol, City of","Outside London","G7","[c]","[c]","[c]","[c]"
"New entrant CS","2022","Health and Safety Executive","Bristol, City of","Outside London","HEO","[c]","[c]","[c]","[c]"
"New entrant CS","2022","Health and Safety Executive","Cardiff and Vale of Glamorgan","Outside London","SEO","[c]","[c]","[c]","[c]"
"New entrant CS","2022","Health and Safety Executive","Cheshire East","Outside London","HEO","[c]","[c]","[c]","[c]"
"New entrant CS","2022","Health and Safety Executive","City of Edinburgh","Outside London","HEO","[c]","[c]","[c]","[c]"
"New entrant CS","2022","Health and Safety Executive","City of Edinburgh","Outside London","SEO","[c]","[c]","[c]","[c]"
"New entrant CS","2022","Health and Safety Executive","East Cumbria","Outside London","HEO","[c]","[c]","[c]","[c]"
"New entrant CS","2022","Health and Safety Executive","East Cumbria","Outside London","SEO","[c]","[c]","[c]","[c]"
"New entrant CS","2022","Health and Safety Executive","East Surrey","Outside London","HEO","[c]","[c]","[c]","[c]"
"New entrant CS","2022","Health and Safety Executive","Flintshire and Wrexham","Outside London","AO","[c]","[c]","[c]","[c]"
"New entrant CS","2022","Health and Safety Executive","Flintshire and Wrexham","Outside London","HEO","[c]","[c]","[c]","[c]"
"New entrant CS","2022","Health and Safety Executive","Flintshire and Wrexham","Outside London","SEO","[c]","[c]","[c]","[c]"
"New entrant CS","2022","Health and Safety Executive","Glasgow City","Outside London","AO","[c]","[c]","[c]","[c]"
"New entrant CS","2022","Health and Safety Executive","Glasgow City","Outside London","HEO","[c]","[c]","[c]","[c]"
"New entrant CS","2022","Health and Safety Executive","Glasgow City","Outside London","SEO","5","[c]","[c]","[c]"
"New entrant CS","2022","Health and Safety Executive","Heart of Essex","Outside London","AO","[c]","[c]","[c]","[c]"
"New entrant CS","2022","Health and Safety Executive","Heart of Essex","Outside London","HEO","[c]","[c]","[c]","[c]"
"New entrant CS","2022","Health and Safety Executive","Leeds","Outside London","AO","[c]","[c]","[c]","[c]"
"New entrant CS","2022","Health and Safety Executive","Leeds","Outside London","EO","[c]","[c]","[c]","[c]"
"New entrant CS","2022","Health and Safety Executive","Leeds","Outside London","G7","[c]","[c]","[c]","[c]"
"New entrant CS","2022","Health and Safety Executive","Leeds","Outside London","SEO","[c]","[c]","[c]","[c]"
"New entrant CS","2022","Health and Safety Executive","Mid Kent","Outside London","HEO","[c]","[c]","[c]","[c]"
"New entrant CS","2022","Health and Safety Executive","North Hampshire","Outside London","AO","[c]","[c]","[c]","[c]"
"New entrant CS","2022","Health and Safety Executive","North Hampshire","Outside London","G7","[c]","[c]","[c]","[c]"
"New entrant CS","2022","Health and Safety Executive","North Hampshire","Outside London","HEO","[c]","[c]","[c]","[c]"
"New entrant CS","2022","Health and Safety Executive","North Hampshire","Outside London","SEO","[c]","[c]","[c]","[c]"
"New entrant CS","2022","Health and Safety Executive","Norwich and East Norfolk","Outside London","SEO","[c]","[c]","[c]","[c]"
"New entrant CS","2022","Health and Safety Executive","Plymouth","Outside London","HEO","[c]","[c]","[c]","[c]"
"New entrant CS","2022","Health and Safety Executive","Sefton","Outside London","AO","35","[c]","20550","20730"
"New entrant CS","2022","Health and Safety Executive","Sefton","Outside London","EO","50","[c]","26420","26370"
"New entrant CS","2022","Health and Safety Executive","Sefton","Outside London","G6","[c]","[c]","[c]","[c]"
"New entrant CS","2022","Health and Safety Executive","Sefton","Outside London","G7","5","[c]","[c]","[c]"
"New entrant CS","2022","Health and Safety Executive","Sefton","Outside London","HEO","15","[c]","31950","31660"
"New entrant CS","2022","Health and Safety Executive","Sefton","Outside London","SCS level","[c]","[c]","[c]","[c]"
"New entrant CS","2022","Health and Safety Executive","Sefton","Outside London","SEO","20","[c]","41800","39340"
"New entrant CS","2022","Health and Safety Executive","Sheffield","Outside London","EO","[c]","[c]","[c]","[c]"
"New entrant CS","2022","Health and Safety Executive","Sheffield","Outside London","G7","[c]","[c]","[c]","[c]"
"New entrant CS","2022","Health and Safety Executive","Sheffield","Outside London","HEO","[c]","[c]","[c]","[c]"
"New entrant CS","2022","Health and Safety Executive","Sheffield","Outside London","SEO","[c]","[c]","[c]","[c]"
"New entrant CS","2022","Health and Safety Executive","South and West Derbyshire","Outside London","AO","[c]","[c]","[c]","[c]"
"New entrant CS","2022","Health and Safety Executive","South and West Derbyshire","Outside London","EO","[c]","[c]","[c]","[c]"
"New entrant CS","2022","Health and Safety Executive","South and West Derbyshire","Outside London","G6","[c]","[c]","[c]","[c]"
"New entrant CS","2022","Health and Safety Executive","South and West Derbyshire","Outside London","G7","[c]","[c]","[c]","[c]"
"New entrant CS","2022","Health and Safety Executive","South and West Derbyshire","Outside London","HEO","[c]","[c]","[c]","[c]"
"New entrant CS","2022","Health and Safety Executive","South and West Derbyshire","Outside London","SEO","[c]","[c]","[c]","[c]"
"New entrant CS","2022","Health and Safety Executive","South Nottinghamshire","Outside London","EO","[c]","[c]","[c]","[c]"
"New entrant CS","2022","Health and Safety Executive","South Nottinghamshire","Outside London","G7","[c]","[c]","[c]","[c]"
"New entrant CS","2022","Health and Safety Executive","South Nottinghamshire","Outside London","HEO","[c]","[c]","[c]","[c]"
"New entrant CS","2022","Health and Safety Executive","South Nottinghamshire","Outside London","SEO","[c]","[c]","[c]","[c]"
"New entrant CS","2022","Health and Safety Executive","South West Wales","Outside London","HEO","[c]","[c]","[c]","[c]"
"New entrant CS","2022","Health and Safety Executive","Tower Hamlets","London","HEO","10","[c]","35250","36040"
"New entrant CS","2022","Health and Safety Executive","Tower Hamlets","London","SEO","[c]","[c]","[c]","[c]"
"New entrant CS","2022","Health and Safety Executive","Tyneside","Outside London","HEO","[c]","[c]","[c]","[c]"
"New entrant CS","2022","Health and Safety Executive","Tyneside","Outside London","SEO","[c]","[c]","[c]","[c]"
"New entrant CS","2022","Health and Safety Executive","York","Outside London","AO","5","[c]","[c]","[c]"
"New entrant CS","2022","Health and Safety Executive","York","Outside London","EO","40","[c]","26380","26370"
"New entrant CS","2022","Health and Safety Executive","York","Outside London","G7","[c]","[c]","[c]","[c]"
"New entrant CS","2022","Health and Safety Executive","York","Outside London","HEO","[c]","[c]","[c]","[c]"
"New entrant CS","2022","Health and Safety Executive","York","Outside London","SEO","[c]","[c]","[c]","[c]"
"New entrant CS","2022","HM Courts and Tribunals Service","Angus and Dundee City","Outside London","AO","[c]","[c]","[c]","[c]"
"New entrant CS","2022","HM Courts and Tribunals Service","Barking & Dagenham and Havering","London","AA","[c]","[c]","[c]","[c]"
"New entrant CS","2022","HM Courts and Tribunals Service","Barking & Dagenham and Havering","London","SEO","[c]","[c]","[c]","[c]"
"New entrant CS","2022","HM Courts and Tribunals Service","Barnet","London","AO","[c]","[c]","[c]","[c]"
"New entrant CS","2022","HM Courts and Tribunals Service","Barnet","London","SEO","[c]","[c]","[c]","[c]"
"New entrant CS","2022","HM Courts and Tribunals Service","Bath and North East Somerset, North Somerset and South Gloucestershire","Outside London","AA","[c]","[c]","[c]","[c]"
"New entrant CS","2022","HM Courts and Tribunals Service","Bath and North East Somerset, North Somerset and South Gloucestershire","Outside London","AO","10","[c]","21010","20970"
"New entrant CS","2022","HM Courts and Tribunals Service","Bedford","Outside London","SEO","[c]","[c]","[c]","[c]"
"New entrant CS","2022","HM Courts and Tribunals Service","Berkshire","Outside London","AO","5","[c]","[c]","[c]"
"New entrant CS","2022","HM Courts and Tribunals Service","Berkshire","Outside London","G6","[c]","[c]","[c]","[c]"
"New entrant CS","2022","HM Courts and Tribunals Service","Berkshire","Outside London","G7","[c]","[c]","[c]","[c]"
"New entrant CS","2022","HM Courts and Tribunals Service","Berkshire","Outside London","HEO","[c]","[c]","[c]","[c]"
"New entrant CS","2022","HM Courts and Tribunals Service","Berkshire","Outside London","SEO","[c]","[c]","[c]","[c]"
"New entrant CS","2022","HM Courts and Tribunals Service","Bexley and Greenwich","London","AA","[c]","[c]","[c]","[c]"
"New entrant CS","2022","HM Courts and Tribunals Service","Bexley and Greenwich","London","AO","[c]","[c]","[c]","[c]"
"New entrant CS","2022","HM Courts and Tribunals Service","Bexley and Greenwich","London","EO","[c]","[c]","[c]","[c]"
"New entrant CS","2022","HM Courts and Tribunals Service","Bexley and Greenwich","London","HEO","[c]","[c]","[c]","[c]"
"New entrant CS","2022","HM Courts and Tribunals Service","Bexley and Greenwich","London","SEO","[c]","[c]","[c]","[c]"
"New entrant CS","2022","HM Courts and Tribunals Service","Birmingham","Outside London","AO","100","[c]","20940","20970"
"New entrant CS","2022","HM Courts and Tribunals Service","Birmingham","Outside London","EO","15","[c]","25120","25120"
"New entrant CS","2022","HM Courts and Tribunals Service","Birmingham","Outside London","G6","[c]","[c]","[c]","[c]"
"New entrant CS","2022","HM Courts and Tribunals Service","Birmingham","Outside London","G7","[c]","[c]","[c]","[c]"
"New entrant CS","2022","HM Courts and Tribunals Service","Birmingham","Outside London","HEO","10","[c]","30450","30450"
"New entrant CS","2022","HM Courts and Tribunals Service","Birmingham","Outside London","SEO","10","[c]","36490","36050"
"New entrant CS","2022","HM Courts and Tribunals Service","Blackburn with Darwen","Outside London","AA","[c]","[c]","[c]","[c]"
"New entrant CS","2022","HM Courts and Tribunals Service","Blackburn with Darwen","Outside London","AO","[c]","[c]","[c]","[c]"
"New entrant CS","2022","HM Courts and Tribunals Service","Blackburn with Darwen","Outside London","HEO","[c]","[c]","[c]","[c]"
"New entrant CS","2022","HM Courts and Tribunals Service","Blackpool","Outside London","SEO","[c]","[c]","[c]","[c]"
"New entrant CS","2022","HM Courts and Tribunals Service","Bournemouth, Christchurch and Poole","Outside London","AA","[c]","[c]","[c]","[c]"
"New entrant CS","2022","HM Courts and Tribunals Service","Bournemouth, Christchurch and Poole","Outside London","AO","5","[c]","[c]","[c]"
"New entrant CS","2022","HM Courts and Tribunals Service","Bournemouth, Christchurch and Poole","Outside London","HEO","[c]","[c]","[c]","[c]"
"New entrant CS","2022","HM Courts and Tribunals Service","Bradford","Outside London","AO","25","[c]","20970","20970"
"New entrant CS","2022","HM Courts and Tribunals Service","Bradford","Outside London","EO","[c]","[c]","[c]","[c]"
"New entrant CS","2022","HM Courts and Tribunals Service","Bradford","Outside London","HEO","[c]","[c]","[c]","[c]"
"New entrant CS","2022","HM Courts and Tribunals Service","Brent","London","AO","[c]","[c]","[c]","[c]"
"New entrant CS","2022","HM Courts and Tribunals Service","Brent","London","HEO","[c]","[c]","[c]","[c]"
"New entrant CS","2022","HM Courts and Tribunals Service","Bridgend and Neath Port Talbot","Outside London","AA","[c]","[c]","[c]","[c]"
"New entrant CS","2022","HM Courts and Tribunals Service","Bridgend and Neath Port Talbot","Outside London","AO","25","[c]","20970","20970"
"New entrant CS","2022","HM Courts and Tribunals Service","Brighton and Hove","Outside London","AA","5","[c]","[c]","[c]"
"New entrant CS","2022","HM Courts and Tribunals Service","Brighton and Hove","Outside London","AO","10","[c]","20970","20970"
"New entrant CS","2022","HM Courts and Tribunals Service","Brighton and Hove","Outside London","EO","[c]","[c]","[c]","[c]"
"New entrant CS","2022","HM Courts and Tribunals Service","Brighton and Hove","Outside London","HEO","[c]","[c]","[c]","[c]"
"New entrant CS","2022","HM Courts and Tribunals Service","Bristol, City of","Outside London","AA","5","[c]","[c]","[c]"
"New entrant CS","2022","HM Courts and Tribunals Service","Bristol, City of","Outside London","AO","30","[c]","20970","20970"
"New entrant CS","2022","HM Courts and Tribunals Service","Bristol, City of","Outside London","HEO","[c]","[c]","[c]","[c]"
"New entrant CS","2022","HM Courts and Tribunals Service","Bristol, City of","Outside London","SEO","[c]","[c]","[c]","[c]"
"New entrant CS","2022","HM Courts and Tribunals Service","Bromley","London","G7","[c]","[c]","[c]","[c]"
"New entrant CS","2022","HM Courts and Tribunals Service","Bromley","London","HEO","[c]","[c]","[c]","[c]"
"New entrant CS","2022","HM Courts and Tribunals Service","Buckinghamshire","Outside London","HEO","[c]","[c]","[c]","[c]"
"New entrant CS","2022","HM Courts and Tribunals Service","Calderdale and Kirklees","Outside London","EO","[c]","[c]","[c]","[c]"
"New entrant CS","2022","HM Courts and Tribunals Service","Cambridgeshire CC","Outside London","AO","[c]","[c]","[c]","[c]"
"New entrant CS","2022","HM Courts and Tribunals Service","Cambridgeshire CC","Outside London","G7","[c]","[c]","[c]","[c]"
"New entrant CS","2022","HM Courts and Tribunals Service","Camden and City of London","London","AA","5","[c]","[c]","[c]"
"New entrant CS","2022","HM Courts and Tribunals Service","Camden and City of London","London","AO","45","[c]","23720","23720"
"New entrant CS","2022","HM Courts and Tribunals Service","Camden and City of London","London","EO","[c]","[c]","[c]","[c]"
"New entrant CS","2022","HM Courts and Tribunals Service","Camden and City of London","London","HEO","[c]","[c]","[c]","[c]"
"New entrant CS","2022","HM Courts and Tribunals Service","Camden and City of London","London","SEO","[c]","[c]","[c]","[c]"
"New entrant CS","2022","HM Courts and Tribunals Service","Cardiff and Vale of Glamorgan","Outside London","AA","5","[c]","[c]","[c]"
"New entrant CS","2022","HM Courts and Tribunals Service","Cardiff and Vale of Glamorgan","Outside London","AO","35","[c]","20970","20970"
"New entrant CS","2022","HM Courts and Tribunals Service","Cardiff and Vale of Glamorgan","Outside London","EO","[c]","[c]","[c]","[c]"
"New entrant CS","2022","HM Courts and Tribunals Service","Cardiff and Vale of Glamorgan","Outside London","G7","[c]","[c]","[c]","[c]"
"New entrant CS","2022","HM Courts and Tribunals Service","Cardiff and Vale of Glamorgan","Outside London","HEO","[c]","[c]","[c]","[c]"
"New entrant CS","2022","HM Courts and Tribunals Service","Central Hampshire","Outside London","AA","[c]","[c]","[c]","[c]"
"New entrant CS","2022","HM Courts and Tribunals Service","Central Hampshire","Outside London","AO","[c]","[c]","[c]","[c]"
"New entrant CS","2022","HM Courts and Tribunals Service","Central Hampshire","Outside London","EO","[c]","[c]","[c]","[c]"
"New entrant CS","2022","HM Courts and Tribunals Service","Central Hampshire","Outside London","HEO","[c]","[c]","[c]","[c]"
"New entrant CS","2022","HM Courts and Tribunals Service","Central Valleys","Outside London","AO","[c]","[c]","[c]","[c]"
"New entrant CS","2022","HM Courts and Tribunals Service","Cheshire East","Outside London","AA","[c]","[c]","[c]","[c]"
"New entrant CS","2022","HM Courts and Tribunals Service","Cheshire East","Outside London","AO","[c]","[c]","[c]","[c]"
"New entrant CS","2022","HM Courts and Tribunals Service","Cheshire West and Chester","Outside London","AA","[c]","[c]","[c]","[c]"
"New entrant CS","2022","HM Courts and Tribunals Service","Cheshire West and Chester","Outside London","AO","[c]","[c]","[c]","[c]"
"New entrant CS","2022","HM Courts and Tribunals Service","Cheshire West and Chester","Outside London","EO","[c]","[c]","[c]","[c]"
"New entrant CS","2022","HM Courts and Tribunals Service","City of Edinburgh","Outside London","AO","5","[c]","[c]","[c]"
"New entrant CS","2022","HM Courts and Tribunals Service","City of Edinburgh","Outside London","G7","[c]","[c]","[c]","[c]"
"New entrant CS","2022","HM Courts and Tribunals Service","City of Edinburgh","Outside London","SEO","[c]","[c]","[c]","[c]"
"New entrant CS","2022","HM Courts and Tribunals Service","Conwy and Denbighshire","Outside London","AO","[c]","[c]","[c]","[c]"
"New entrant CS","2022","HM Courts and Tribunals Service","Conwy and Denbighshire","Outside London","EO","[c]","[c]","[c]","[c]"
"New entrant CS","2022","HM Courts and Tribunals Service","Conwy and Denbighshire","Outside London","HEO","[c]","[c]","[c]","[c]"
"New entrant CS","2022","HM Courts and Tribunals Service","Cornwall and Isles of Scilly","Outside London","AA","5","[c]","[c]","[c]"
"New entrant CS","2022","HM Courts and Tribunals Service","Cornwall and Isles of Scilly","Outside London","AO","[c]","[c]","[c]","[c]"
"New entrant CS","2022","HM Courts and Tribunals Service","Cornwall and Isles of Scilly","Outside London","HEO","[c]","[c]","[c]","[c]"
"New entrant CS","2022","HM Courts and Tribunals Service","Coventry","Outside London","AO","[c]","[c]","[c]","[c]"
"New entrant CS","2022","HM Courts and Tribunals Service","Croydon","London","AA","[c]","[c]","[c]","[c]"
"New entrant CS","2022","HM Courts and Tribunals Service","Croydon","London","AO","15","[c]","23720","23720"
"New entrant CS","2022","HM Courts and Tribunals Service","Croydon","London","EO","5","[c]","[c]","[c]"
"New entrant CS","2022","HM Courts and Tribunals Service","Croydon","London","HEO","5","[c]","[c]","[c]"
"New entrant CS","2022","HM Courts and Tribunals Service","Croydon","London","SCS level","[c]","[c]","[c]","[c]"
"New entrant CS","2022","HM Courts and Tribunals Service","Croydon","London","SEO","[c]","[c]","[c]","[c]"
"New entrant CS","2022","HM Courts and Tribunals Service","Darlington","Outside London","AO","10","[c]","20970","20970"
"New entrant CS","2022","HM Courts and Tribunals Service","Derby","Outside London","AA","[c]","[c]","[c]","[c]"
"New entrant CS","2022","HM Courts and Tribunals Service","Derby","Outside London","AO","10","[c]","20760","20970"
"New entrant CS","2022","HM Courts and Tribunals Service","Derby","Outside London","EO","[c]","[c]","[c]","[c]"
"New entrant CS","2022","HM Courts and Tribunals Service","Derby","Outside London","HEO","[c]","[c]","[c]","[c]"
"New entrant CS","2022","HM Courts and Tribunals Service","Devon CC","Outside London","AA","[c]","[c]","[c]","[c]"
"New entrant CS","2022","HM Courts and Tribunals Service","Devon CC","Outside London","AO","5","[c]","[c]","[c]"
"New entrant CS","2022","HM Courts and Tribunals Service","Devon CC","Outside London","SEO","[c]","[c]","[c]","[c]"
"New entrant CS","2022","HM Courts and Tribunals Service","Dorset","Outside London","AO","[c]","[c]","[c]","[c]"
"New entrant CS","2022","HM Courts and Tribunals Service","Dudley","Outside London","AO","[c]","[c]","[c]","[c]"
"New entrant CS","2022","HM Courts and Tribunals Service","Durham","Outside London","AA","[c]","[c]","[c]","[c]"
"New entrant CS","2022","HM Courts and Tribunals Service","Durham","Outside London","AO","[c]","[c]","[c]","[c]"
"New entrant CS","2022","HM Courts and Tribunals Service","Durham","Outside London","EO","[c]","[c]","[c]","[c]"
"New entrant CS","2022","HM Courts and Tribunals Service","Durham","Outside London","SEO","[c]","[c]","[c]","[c]"
"New entrant CS","2022","HM Courts and Tribunals Service","East Cumbria","Outside London","AA","[c]","[c]","[c]","[c]"
"New entrant CS","2022","HM Courts and Tribunals Service","East Cumbria","Outside London","AO","5","[c]","[c]","[c]"
"New entrant CS","2022","HM Courts and Tribunals Service","East Kent","Outside London","AA","5","[c]","[c]","[c]"
"New entrant CS","2022","HM Courts and Tribunals Service","East Kent","Outside London","AO","[c]","[c]","[c]","[c]"
"New entrant CS","2022","HM Courts and Tribunals Service","East Kent","Outside London","SEO","[c]","[c]","[c]","[c]"
"New entrant CS","2022","HM Courts and Tribunals Service","East Merseyside","Outside London","AO","[c]","[c]","[c]","[c]"
"New entrant CS","2022","HM Courts and Tribunals Service","East Sussex CC","Outside London","AA","[c]","[c]","[c]","[c]"
"New entrant CS","2022","HM Courts and Tribunals Service","East Sussex CC","Outside London","AO","[c]","[c]","[c]","[c]"
"New entrant CS","2022","HM Courts and Tribunals Service","East Sussex CC","Outside London","EO","[c]","[c]","[c]","[c]"
"New entrant CS","2022","HM Courts and Tribunals Service","Enfield","London","AO","[c]","[c]","[c]","[c]"
"New entrant CS","2022","HM Courts and Tribunals Service","Enfield","London","EO","[c]","[c]","[c]","[c]"
"New entrant CS","2022","HM Courts and Tribunals Service","Essex Haven Gateway","Outside London","AA","[c]","[c]","[c]","[c]"
"New entrant CS","2022","HM Courts and Tribunals Service","Essex Thames Gateway","Outside London","AA","[c]","[c]","[c]","[c]"
"New entrant CS","2022","HM Courts and Tribunals Service","Essex Thames Gateway","Outside London","AO","[c]","[c]","[c]","[c]"
"New entrant CS","2022","HM Courts and Tribunals Service","Essex Thames Gateway","Outside London","EO","[c]","[c]","[c]","[c]"
"New entrant CS","2022","HM Courts and Tribunals Service","Flintshire and Wrexham","Outside London","AA","[c]","[c]","[c]","[c]"
"New entrant CS","2022","HM Courts and Tribunals Service","Flintshire and Wrexham","Outside London","AO","10","[c]","20970","20970"
"New entrant CS","2022","HM Courts and Tribunals Service","Flintshire and Wrexham","Outside London","HEO","[c]","[c]","[c]","[c]"
"New entrant CS","2022","HM Courts and Tribunals Service","Glasgow City","Outside London","AA","5","[c]","[c]","[c]"
"New entrant CS","2022","HM Courts and Tribunals Service","Glasgow City","Outside London","AO","10","[c]","20970","20970"
"New entrant CS","2022","HM Courts and Tribunals Service","Glasgow City","Outside London","EO","[c]","[c]","[c]","[c]"
"New entrant CS","2022","HM Courts and Tribunals Service","Glasgow City","Outside London","HEO","[c]","[c]","[c]","[c]"
"New entrant CS","2022","HM Courts and Tribunals Service","Glasgow City","Outside London","SEO","[c]","[c]","[c]","[c]"
"New entrant CS","2022","HM Courts and Tribunals Service","Gloucestershire CC","Outside London","AA","5","[c]","[c]","[c]"
"New entrant CS","2022","HM Courts and Tribunals Service","Gloucestershire CC","Outside London","AO","10","[c]","[c]","[c]"
"New entrant CS","2022","HM Courts and Tribunals Service","Gloucestershire CC","Outside London","EO","[c]","[c]","[c]","[c]"
"New entrant CS","2022","HM Courts and Tribunals Service","Gloucestershire CC","Outside London","HEO","[c]","[c]","[c]","[c]"
"New entrant CS","2022","HM Courts and Tribunals Service","Greater Manchester North West","Outside London","AA","[c]","[c]","[c]","[c]"
"New entrant CS","2022","HM Courts and Tribunals Service","Greater Manchester North West","Outside London","AO","[c]","[c]","[c]","[c]"
"New entrant CS","2022","HM Courts and Tribunals Service","Greater Manchester North West","Outside London","EO","[c]","[c]","[c]","[c]"
"New entrant CS","2022","HM Courts and Tribunals Service","Greater Manchester South West","Outside London","AO","105","[c]","20970","20970"
"New entrant CS","2022","HM Courts and Tribunals Service","Greater Manchester South West","Outside London","EO","15","[c]","25120","25120"
"New entrant CS","2022","HM Courts and Tribunals Service","Greater Manchester South West","Outside London","G7","[c]","[c]","[c]","[c]"
"New entrant CS","2022","HM Courts and Tribunals Service","Greater Manchester South West","Outside London","HEO","[c]","[c]","[c]","[c]"
"New entrant CS","2022","HM Courts and Tribunals Service","Greater Manchester South West","Outside London","SEO","[c]","[c]","[c]","[c]"
"New entrant CS","2022","HM Courts and Tribunals Service","Gwent Valleys","Outside London","AO","15","[c]","20970","20970"
"New entrant CS","2022","HM Courts and Tribunals Service","Gwynedd","Outside London","AO","[c]","[c]","[c]","[c]"
"New entrant CS","2022","HM Courts and Tribunals Service","Hackney and Newham","London","AO","[c]","[c]","[c]","[c]"
"New entrant CS","2022","HM Courts and Tribunals Service","Hackney and Newham","London","EO","[c]","[c]","[c]","[c]"
"New entrant CS","2022","HM Courts and Tribunals Service","Haringey and Islington","London","AA","5","[c]","[c]","[c]"
"New entrant CS","2022","HM Courts and Tribunals Service","Haringey and Islington","London","AO","20","[c]","23720","23720"
"New entrant CS","2022","HM Courts and Tribunals Service","Haringey and Islington","London","EO","10","[c]","[c]","[c]"
"New entrant CS","2022","HM Courts and Tribunals Service","Haringey and Islington","London","HEO","10","[c]","34260","34260"
"New entrant CS","2022","HM Courts and Tribunals Service","Harrow and Hillingdon","London","AA","[c]","[c]","[c]","[c]"
"New entrant CS","2022","HM Courts and Tribunals Service","Harrow and Hillingdon","London","AO","10","[c]","[c]","[c]"
"New entrant CS","2022","HM Courts and Tribunals Service","Harrow and Hillingdon","London","EO","[c]","[c]","[c]","[c]"
"New entrant CS","2022","HM Courts and Tribunals Service","Harrow and Hillingdon","London","HEO","[c]","[c]","[c]","[c]"
"New entrant CS","2022","HM Courts and Tribunals Service","Harrow and Hillingdon","London","SEO","[c]","[c]","[c]","[c]"
"New entrant CS","2022","HM Courts and Tribunals Service","Heart of Essex","Outside London","AA","[c]","[c]","[c]","[c]"
"New entrant CS","2022","HM Courts and Tribunals Service","Heart of Essex","Outside London","AO","15","[c]","20970","20970"
"New entrant CS","2022","HM Courts and Tribunals Service","Heart of Essex","Outside London","EO","[c]","[c]","[c]","[c]"
"New entrant CS","2022","HM Courts and Tribunals Service","Heart of Essex","Outside London","HEO","[c]","[c]","[c]","[c]"
"New entrant CS","2022","HM Courts and Tribunals Service","Hertfordshire CC","Outside London","AA","5","[c]","[c]","[c]"
"New entrant CS","2022","HM Courts and Tribunals Service","Hertfordshire CC","Outside London","AO","10","[c]","23720","23720"
"New entrant CS","2022","HM Courts and Tribunals Service","Hertfordshire CC","Outside London","HEO","[c]","[c]","[c]","[c]"
"New entrant CS","2022","HM Courts and Tribunals Service","Hounslow and Richmond upon Thames","London","AA","[c]","[c]","[c]","[c]"
"New entrant CS","2022","HM Courts and Tribunals Service","Hounslow and Richmond upon Thames","London","AO","15","[c]","23720","23720"
"New entrant CS","2022","HM Courts and Tribunals Service","Hounslow and Richmond upon Thames","London","EO","[c]","[c]","[c]","[c]"
"New entrant CS","2022","HM Courts and Tribunals Service","Hounslow and Richmond upon Thames","London","HEO","[c]","[c]","[c]","[c]"
"New entrant CS","2022","HM Courts and Tribunals Service","Isle of Wight","Outside London","EO","[c]","[c]","[c]","[c]"
"New entrant CS","2022","HM Courts and Tribunals Service","Kent Thames Gateway","Outside London","AO","[c]","[c]","[c]","[c]"
"New entrant CS","2022","HM Courts and Tribunals Service","Kingston upon Hull, City of","Outside London","AO","[c]","[c]","[c]","[c]"
"New entrant CS","2022","HM Courts and Tribunals Service","Kingston upon Hull, City of","Outside London","EO","[c]","[c]","[c]","[c]"
"New entrant CS","2022","HM Courts and Tribunals Service","Lancaster and Wyre","Outside London","AO","[c]","[c]","[c]","[c]"
"New entrant CS","2022","HM Courts and Tribunals Service","Leeds","Outside London","AA","[c]","[c]","[c]","[c]"
"New entrant CS","2022","HM Courts and Tribunals Service","Leeds","Outside London","AO","20","[c]","20970","20970"
"New entrant CS","2022","HM Courts and Tribunals Service","Leeds","Outside London","HEO","[c]","[c]","[c]","[c]"
"New entrant CS","2022","HM Courts and Tribunals Service","Leeds","Outside London","SEO","[c]","[c]","[c]","[c]"
"New entrant CS","2022","HM Courts and Tribunals Service","Leicester","Outside London","AA","5","[c]","[c]","[c]"
"New entrant CS","2022","HM Courts and Tribunals Service","Leicester","Outside London","AO","75","[c]","20940","20970"
"New entrant CS","2022","HM Courts and Tribunals Service","Leicester","Outside London","EO","5","[c]","[c]","[c]"
"New entrant CS","2022","HM Courts and Tribunals Service","Leicester","Outside London","HEO","[c]","[c]","[c]","[c]"
"New entrant CS","2022","HM Courts and Tribunals Service","Leicestershire CC and Rutland","Outside London","AO","60","[c]","20930","20970"
"New entrant CS","2022","HM Courts and Tribunals Service","Leicestershire CC and Rutland","Outside London","EO","[c]","[c]","[c]","[c]"
"New entrant CS","2022","HM Courts and Tribunals Service","Lewisham and Southwark","London","AA","10","[c]","[c]","[c]"
"New entrant CS","2022","HM Courts and Tribunals Service","Lewisham and Southwark","London","AO","[c]","[c]","[c]","[c]"
"New entrant CS","2022","HM Courts and Tribunals Service","Lewisham and Southwark","London","EO","15","[c]","28410","28310"
"New entrant CS","2022","HM Courts and Tribunals Service","Lincolnshire CC","Outside London","AA","10","[c]","[c]","[c]"
"New entrant CS","2022","HM Courts and Tribunals Service","Lincolnshire CC","Outside London","AO","[c]","[c]","[c]","[c]"
"New entrant CS","2022","HM Courts and Tribunals Service","Lincolnshire CC","Outside London","EO","[c]","[c]","[c]","[c]"
"New entrant CS","2022","HM Courts and Tribunals Service","Lincolnshire CC","Outside London","HEO","[c]","[c]","[c]","[c]"
"New entrant CS","2022","HM Courts and Tribunals Service","Lincolnshire CC","Outside London","SEO","[c]","[c]","[c]","[c]"
"New entrant CS","2022","HM Courts and Tribunals Service","Liverpool","Outside London","AA","10","[c]","19200","19200"
"New entrant CS","2022","HM Courts and Tribunals Service","Liverpool","Outside London","AO","[c]","[c]","[c]","[c]"
"New entrant CS","2022","HM Courts and Tribunals Service","Liverpool","Outside London","EO","10","[c]","[c]","[c]"
"New entrant CS","2022","HM Courts and Tribunals Service","Liverpool","Outside London","G7","[c]","[c]","[c]","[c]"
"New entrant CS","2022","HM Courts and Tribunals Service","Liverpool","Outside London","HEO","5","[c]","[c]","[c]"
"New entrant CS","2022","HM Courts and Tribunals Service","Liverpool","Outside London","SEO","[c]","[c]","[c]","[c]"
"New entrant CS","2022","HM Courts and Tribunals Service","Luton","Outside London","AA","5","[c]","[c]","[c]"
"New entrant CS","2022","HM Courts and Tribunals Service","Luton","Outside London","AO","5","[c]","[c]","[c]"
"New entrant CS","2022","HM Courts and Tribunals Service","Luton","Outside London","HEO","[c]","[c]","[c]","[c]"
"New entrant CS","2022","HM Courts and Tribunals Service","Manchester","Outside London","AA","10","[c]","19200","19200"
"New entrant CS","2022","HM Courts and Tribunals Service","Manchester","Outside London","AO","10","[c]","20920","20970"
"New entrant CS","2022","HM Courts and Tribunals Service","Manchester","Outside London","EO","5","[c]","[c]","[c]"
"New entrant CS","2022","HM Courts and Tribunals Service","Manchester","Outside London","G6","[c]","[c]","[c]","[c]"
"New entrant CS","2022","HM Courts and Tribunals Service","Manchester","Outside London","G7","[c]","[c]","[c]","[c]"
"New entrant CS","2022","HM Courts and Tribunals Service","Manchester","Outside London","HEO","10","[c]","[c]","[c]"
"New entrant CS","2022","HM Courts and Tribunals Service","Manchester","Outside London","SEO","[c]","[c]","[c]","[c]"
"New entrant CS","2022","HM Courts and Tribunals Service","Medway","Outside London","AO","[c]","[c]","[c]","[c]"
"New entrant CS","2022","HM Courts and Tribunals Service","Medway","Outside London","HEO","[c]","[c]","[c]","[c]"
"New entrant CS","2022","HM Courts and Tribunals Service","Merton, Kingston upon Thames and Sutton","London","AA","[c]","[c]","[c]","[c]"
"New entrant CS","2022","HM Courts and Tribunals Service","Merton, Kingston upon Thames and Sutton","London","AO","5","[c]","[c]","[c]"
"New entrant CS","2022","HM Courts and Tribunals Service","Merton, Kingston upon Thames and Sutton","London","EO","[c]","[c]","[c]","[c]"
"New entrant CS","2022","HM Courts and Tribunals Service","Merton, Kingston upon Thames and Sutton","London","G7","[c]","[c]","[c]","[c]"
"New entrant CS","2022","HM Courts and Tribunals Service","Merton, Kingston upon Thames and Sutton","London","HEO","[c]","[c]","[c]","[c]"
"New entrant CS","2022","HM Courts and Tribunals Service","Merton, Kingston upon Thames and Sutton","London","SEO","[c]","[c]","[c]","[c]"
"New entrant CS","2022","HM Courts and Tribunals Service","Mid Kent","Outside London","AA","[c]","[c]","[c]","[c]"
"New entrant CS","2022","HM Courts and Tribunals Service","Mid Kent","Outside London","AO","[c]","[c]","[c]","[c]"
"New entrant CS","2022","HM Courts and Tribunals Service","Mid Lancashire","Outside London","AA","10","[c]","[c]","[c]"
"New entrant CS","2022","HM Courts and Tribunals Service","Mid Lancashire","Outside London","AO","[c]","[c]","[c]","[c]"
"New entrant CS","2022","HM Courts and Tribunals Service","Mid Lancashire","Outside London","EO","5","[c]","[c]","[c]"
"New entrant CS","2022","HM Courts and Tribunals Service","Mid Lancashire","Outside London","HEO","[c]","[c]","[c]","[c]"
"New entrant CS","2022","HM Courts and Tribunals Service","Mid Lancashire","Outside London","SEO","[c]","[c]","[c]","[c]"
"New entrant CS","2022","HM Courts and Tribunals Service","Milton Keynes","Outside London","AO","[c]","[c]","[c]","[c]"
"New entrant CS","2022","HM Courts and Tribunals Service","Milton Keynes","Outside London","HEO","[c]","[c]","[c]","[c]"
"New entrant CS","2022","HM Courts and Tribunals Service","Milton Keynes","Outside London","SEO","[c]","[c]","[c]","[c]"
"New entrant CS","2022","HM Courts and Tribunals Service","Monmouthshire and Newport","Outside London","AA","[c]","[c]","[c]","[c]"
"New entrant CS","2022","HM Courts and Tribunals Service","Monmouthshire and Newport","Outside London","AO","10","[c]","[c]","[c]"
"New entrant CS","2022","HM Courts and Tribunals Service","Monmouthshire and Newport","Outside London","HEO","[c]","[c]","[c]","[c]"
"New entrant CS","2022","HM Courts and Tribunals Service","Monmouthshire and Newport","Outside London","SEO","[c]","[c]","[c]","[c]"
"New entrant CS","2022","HM Courts and Tribunals Service","North and West Norfolk","Outside London","AA","[c]","[c]","[c]","[c]"
"New entrant CS","2022","HM Courts and Tribunals Service","North Hampshire","Outside London","AA","[c]","[c]","[c]","[c]"
"New entrant CS","2022","HM Courts and Tribunals Service","North Hampshire","Outside London","AO","5","[c]","[c]","[c]"
"New entrant CS","2022","HM Courts and Tribunals Service","North Hampshire","Outside London","EO","[c]","[c]","[c]","[c]"
"New entrant CS","2022","HM Courts and Tribunals Service","North Hampshire","Outside London","HEO","[c]","[c]","[c]","[c]"
"New entrant CS","2022","HM Courts and Tribunals Service","North Nottinghamshire","Outside London","AO","[c]","[c]","[c]","[c]"
"New entrant CS","2022","HM Courts and Tribunals Service","Norwich and East Norfolk","Outside London","AA","[c]","[c]","[c]","[c]"
"New entrant CS","2022","HM Courts and Tribunals Service","Norwich and East Norfolk","Outside London","AO","[c]","[c]","[c]","[c]"
"New entrant CS","2022","HM Courts and Tribunals Service","Norwich and East Norfolk","Outside London","EO","[c]","[c]","[c]","[c]"
"New entrant CS","2022","HM Courts and Tribunals Service","Norwich and East Norfolk","Outside London","G7","[c]","[c]","[c]","[c]"
"New entrant CS","2022","HM Courts and Tribunals Service","Nottingham","Outside London","AA","[c]","[c]","[c]","[c]"
"New entrant CS","2022","HM Courts and Tribunals Service","Nottingham","Outside London","AO","25","[c]","20960","20970"
"New entrant CS","2022","HM Courts and Tribunals Service","Nottingham","Outside London","EO","[c]","[c]","[c]","[c]"
"New entrant CS","2022","HM Courts and Tribunals Service","Nottingham","Outside London","G7","[c]","[c]","[c]","[c]"
"New entrant CS","2022","HM Courts and Tribunals Service","Nottingham","Outside London","HEO","[c]","[c]","[c]","[c]"
"New entrant CS","2022","HM Courts and Tribunals Service","Nottingham","Outside London","SEO","[c]","[c]","[c]","[c]"
"New entrant CS","2022","HM Courts and Tribunals Service","Oxfordshire CC","Outside London","AA","5","[c]","[c]","[c]"
"New entrant CS","2022","HM Courts and Tribunals Service","Oxfordshire CC","Outside London","AO","10","[c]","[c]","[c]"
"New entrant CS","2022","HM Courts and Tribunals Service","Oxfordshire CC","Outside London","SEO","[c]","[c]","[c]","[c]"
"New entrant CS","2022","HM Courts and Tribunals Service","Peterborough","Outside London","AO","[c]","[c]","[c]","[c]"
"New entrant CS","2022","HM Courts and Tribunals Service","Peterborough","Outside London","EO","[c]","[c]","[c]","[c]"
"New entrant CS","2022","HM Courts and Tribunals Service","Peterborough","Outside London","HEO","[c]","[c]","[c]","[c]"
"New entrant CS","2022","HM Courts and Tribunals Service","Plymouth","Outside London","AA","[c]","[c]","[c]","[c]"
"New entrant CS","2022","HM Courts and Tribunals Service","Plymouth","Outside London","AO","5","[c]","[c]","[c]"
"New entrant CS","2022","HM Courts and Tribunals Service","Plymouth","Outside London","HEO","[c]","[c]","[c]","[c]"
"New entrant CS","2022","HM Courts and Tribunals Service","Portsmouth","Outside London","AA","[c]","[c]","[c]","[c]"
"New entrant CS","2022","HM Courts and Tribunals Service","Portsmouth","Outside London","AO","[c]","[c]","[c]","[c]"
"New entrant CS","2022","HM Courts and Tribunals Service","Portsmouth","Outside London","HEO","[c]","[c]","[c]","[c]"
"New entrant CS","2022","HM Courts and Tribunals Service","Redbridge and Waltham Forest","London","AA","[c]","[c]","[c]","[c]"
"New entrant CS","2022","HM Courts and Tribunals Service","Redbridge and Waltham Forest","London","AO","5","[c]","[c]","[c]"
"New entrant CS","2022","HM Courts and Tribunals Service","Redbridge and Waltham Forest","London","EO","[c]","[c]","[c]","[c]"
"New entrant CS","2022","HM Courts and Tribunals Service","Redbridge and Waltham Forest","London","HEO","[c]","[c]","[c]","[c]"
"New entrant CS","2022","HM Courts and Tribunals Service","Sheffield","Outside London","AO","[c]","[c]","[c]","[c]"
"New entrant CS","2022","HM Courts and Tribunals Service","Sheffield","Outside London","HEO","[c]","[c]","[c]","[c]"
"New entrant CS","2022","HM Courts and Tribunals Service","Sheffield","Outside London","SEO","[c]","[c]","[c]","[c]"
"New entrant CS","2022","HM Courts and Tribunals Service","Shropshire","Outside London","AA","[c]","[c]","[c]","[c]"
"New entrant CS","2022","HM Courts and Tribunals Service","Shropshire","Outside London","AO","[c]","[c]","[c]","[c]"
"New entrant CS","2022","HM Courts and Tribunals Service","Shropshire","Outside London","EO","[c]","[c]","[c]","[c]"
"New entrant CS","2022","HM Courts and Tribunals Service","Somerset CC","Outside London","AA","[c]","[c]","[c]","[c]"
"New entrant CS","2022","HM Courts and Tribunals Service","Somerset CC","Outside London","AO","10","[c]","20970","20970"
"New entrant CS","2022","HM Courts and Tribunals Service","Somerset CC","Outside London","HEO","[c]","[c]","[c]","[c]"
"New entrant CS","2022","HM Courts and Tribunals Service","South Teesside","Outside London","AA","[c]","[c]","[c]","[c]"
"New entrant CS","2022","HM Courts and Tribunals Service","South Teesside","Outside London","AO","[c]","[c]","[c]","[c]"
"New entrant CS","2022","HM Courts and Tribunals Service","South Teesside","Outside London","EO","[c]","[c]","[c]","[c]"
"New entrant CS","2022","HM Courts and Tribunals Service","South Teesside","Outside London","HEO","[c]","[c]","[c]","[c]"
"New entrant CS","2022","HM Courts and Tribunals Service","South West Wales","Outside London","AA","[c]","[c]","[c]","[c]"
"New entrant CS","2022","HM Courts and Tribunals Service","South West Wales","Outside London","AO","[c]","[c]","[c]","[c]"
"New entrant CS","2022","HM Courts and Tribunals Service","South West Wales","Outside London","HEO","[c]","[c]","[c]","[c]"
"New entrant CS","2022","HM Courts and Tribunals Service","South West Wales","Outside London","SEO","[c]","[c]","[c]","[c]"
"New entrant CS","2022","HM Courts and Tribunals Service","Southampton","Outside London","HEO","[c]","[c]","[c]","[c]"
"New entrant CS","2022","HM Courts and Tribunals Service","Southampton","Outside London","SEO","[c]","[c]","[c]","[c]"
"New entrant CS","2022","HM Courts and Tribunals Service","Southend-on-Sea","Outside London","AO","[c]","[c]","[c]","[c]"
"New entrant CS","2022","HM Courts and Tribunals Service","Staffordshire CC","Outside London","AO","10","[c]","[c]","[c]"
"New entrant CS","2022","HM Courts and Tribunals Service","Staffordshire CC","Outside London","G7","[c]","[c]","[c]","[c]"
"New entrant CS","2022","HM Courts and Tribunals Service","Staffordshire CC","Outside London","HEO","[c]","[c]","[c]","[c]"
"New entrant CS","2022","HM Courts and Tribunals Service","Staffordshire CC","Outside London","SEO","[c]","[c]","[c]","[c]"
"New entrant CS","2022","HM Courts and Tribunals Service","Stoke-on-Trent","Outside London","AA","[c]","[c]","[c]","[c]"
"New entrant CS","2022","HM Courts and Tribunals Service","Stoke-on-Trent","Outside London","AO","90","[c]","20970","20970"
"New entrant CS","2022","HM Courts and Tribunals Service","Stoke-on-Trent","Outside London","EO","[c]","[c]","[c]","[c]"
"New entrant CS","2022","HM Courts and Tribunals Service","Stoke-on-Trent","Outside London","SEO","[c]","[c]","[c]","[c]"
"New entrant CS","2022","HM Courts and Tribunals Service","Suffolk CC","Outside London","AA","[c]","[c]","[c]","[c]"
"New entrant CS","2022","HM Courts and Tribunals Service","Suffolk CC","Outside London","HEO","[c]","[c]","[c]","[c]"
"New entrant CS","2022","HM Courts and Tribunals Service","Suffolk CC","Outside London","SEO","[c]","[c]","[c]","[c]"
"New entrant CS","2022","HM Courts and Tribunals Service","Swansea","Outside London","AO","10","[c]","[c]","[c]"
"New entrant CS","2022","HM Courts and Tribunals Service","Swansea","Outside London","HEO","[c]","[c]","[c]","[c]"
"New entrant CS","2022","HM Courts and Tribunals Service","Swindon","Outside London","AA","[c]","[c]","[c]","[c]"
"New entrant CS","2022","HM Courts and Tribunals Service","Swindon","Outside London","AO","15","[c]","20970","20970"
"New entrant CS","2022","HM Courts and Tribunals Service","Telford and Wrekin","Outside London","HEO","[c]","[c]","[c]","[c]"
"New entrant CS","2022","HM Courts and Tribunals Service","Telford and Wrekin","Outside London","SEO","[c]","[c]","[c]","[c]"
"New entrant CS","2022","HM Courts and Tribunals Service","Torbay","Outside London","AO","[c]","[c]","[c]","[c]"
"New entrant CS","2022","HM Courts and Tribunals Service","Tower Hamlets","London","AO","15","[c]","23720","23720"
"New entrant CS","2022","HM Courts and Tribunals Service","Tower Hamlets","London","HEO","[c]","[c]","[c]","[c]"
"New entrant CS","2022","HM Courts and Tribunals Service","Tyneside","Outside London","AA","10","[c]","19200","19200"
"New entrant CS","2022","HM Courts and Tribunals Service","Tyneside","Outside London","AO","15","[c]","20970","20970"
"New entrant CS","2022","HM Courts and Tribunals Service","Tyneside","Outside London","EO","[c]","[c]","[c]","[c]"
"New entrant CS","2022","HM Courts and Tribunals Service","Tyneside","Outside London","G6","[c]","[c]","[c]","[c]"
"New entrant CS","2022","HM Courts and Tribunals Service","Tyneside","Outside London","HEO","[c]","[c]","[c]","[c]"
"New entrant CS","2022","HM Courts and Tribunals Service","Tyneside","Outside London","SEO","[c]","[c]","[c]","[c]"
"New entrant CS","2022","HM Courts and Tribunals Service","Unknown","Unknown","AA","[c]","[c]","[c]","[c]"
"New entrant CS","2022","HM Courts and Tribunals Service","Unknown","Unknown","AO","10","[c]","[c]","[c]"
"New entrant CS","2022","HM Courts and Tribunals Service","Unknown","Unknown","EO","[c]","[c]","[c]","[c]"
"New entrant CS","2022","HM Courts and Tribunals Service","Walsall","Outside London","AO","[c]","[c]","[c]","[c]"
"New entrant CS","2022","HM Courts and Tribunals Service","Walsall","Outside London","HEO","[c]","[c]","[c]","[c]"
"New entrant CS","2022","HM Courts and Tribunals Service","Wandsworth","London","AO","5","[c]","[c]","[c]"
"New entrant CS","2022","HM Courts and Tribunals Service","Warrington","Outside London","AA","[c]","[c]","[c]","[c]"
"New entrant CS","2022","HM Courts and Tribunals Service","Warrington","Outside London","HEO","[c]","[c]","[c]","[c]"
"New entrant CS","2022","HM Courts and Tribunals Service","Warwickshire CC","Outside London","AO","[c]","[c]","[c]","[c]"
"New entrant CS","2022","HM Courts and Tribunals Service","Warwickshire CC","Outside London","EO","[c]","[c]","[c]","[c]"
"New entrant CS","2022","HM Courts and Tribunals Service","West Cumbria","Outside London","AO","[c]","[c]","[c]","[c]"
"New entrant CS","2022","HM Courts and Tribunals Service","West Kent","Outside London","AA","[c]","[c]","[c]","[c]"
"New entrant CS","2022","HM Courts and Tribunals Service","West Kent","Outside London","SEO","[c]","[c]","[c]","[c]"
"New entrant CS","2022","HM Courts and Tribunals Service","West Northamptonshire","Outside London","AO","10","[c]","[c]","[c]"
"New entrant CS","2022","HM Courts and Tribunals Service","West Northamptonshire","Outside London","EO","[c]","[c]","[c]","[c]"
"New entrant CS","2022","HM Courts and Tribunals Service","West Northamptonshire","Outside London","HEO","[c]","[c]","[c]","[c]"
"New entrant CS","2022","HM Courts and Tribunals Service","West Northamptonshire","Outside London","SEO","[c]","[c]","[c]","[c]"
"New entrant CS","2022","HM Courts and Tribunals Service","West Surrey","Outside London","HEO","[c]","[c]","[c]","[c]"
"New entrant CS","2022","HM Courts and Tribunals Service","West Sussex (South West)","Outside London","AA","[c]","[c]","[c]","[c]"
"New entrant CS","2022","HM Courts and Tribunals Service","West Sussex (South West)","Outside London","AO","[c]","[c]","[c]","[c]"
"New entrant CS","2022","HM Courts and Tribunals Service","West Sussex (South West)","Outside London","EO","[c]","[c]","[c]","[c]"
"New entrant CS","2022","HM Courts and Tribunals Service","Westminster","London","AA","5","[c]","[c]","[c]"
"New entrant CS","2022","HM Courts and Tribunals Service","Westminster","London","AO","45","[c]","23800","23720"
"New entrant CS","2022","HM Courts and Tribunals Service","Westminster","London","EO","35","[c]","28260","28310"
"New entrant CS","2022","HM Courts and Tribunals Service","Westminster","London","G7","10","[c]","[c]","[c]"
"New entrant CS","2022","HM Courts and Tribunals Service","Westminster","London","HEO","40","[c]","34280","34260"
"New entrant CS","2022","HM Courts and Tribunals Service","Westminster","London","SCS level","[c]","[c]","[c]","[c]"
"New entrant CS","2022","HM Courts and Tribunals Service","Westminster","London","SEO","35","[c]","42240","41750"
"New entrant CS","2022","HM Courts and Tribunals Service","Wiltshire","Outside London","AA","[c]","[c]","[c]","[c]"
"New entrant CS","2022","HM Courts and Tribunals Service","Wiltshire","Outside London","AO","[c]","[c]","[c]","[c]"
"New entrant CS","2022","HM Courts and Tribunals Service","Wiltshire","Outside London","EO","[c]","[c]","[c]","[c]"
"New entrant CS","2022","HM Courts and Tribunals Service","Wirral","Outside London","AA","[c]","[c]","[c]","[c]"
"New entrant CS","2022","HM Courts and Tribunals Service","Wirral","Outside London","AO","[c]","[c]","[c]","[c]"
"New entrant CS","2022","HM Courts and Tribunals Service","Wirral","Outside London","EO","[c]","[c]","[c]","[c]"
"New entrant CS","2022","HM Courts and Tribunals Service","Wolverhampton","Outside London","AA","5","[c]","[c]","[c]"
"New entrant CS","2022","HM Courts and Tribunals Service","Wolverhampton","Outside London","AO","5","[c]","[c]","[c]"
"New entrant CS","2022","HM Courts and Tribunals Service","Wolverhampton","Outside London","EO","[c]","[c]","[c]","[c]"
"New entrant CS","2022","HM Courts and Tribunals Service","Worcestershire CC","Outside London","AA","[c]","[c]","[c]","[c]"
"New entrant CS","2022","HM Courts and Tribunals Service","Worcestershire CC","Outside London","AO","20","[c]","20930","20970"
"New entrant CS","2022","HM Courts and Tribunals Service","Worcestershire CC","Outside London","G7","[c]","[c]","[c]","[c]"
"New entrant CS","2022","HM Courts and Tribunals Service","Worcestershire CC","Outside London","HEO","[c]","[c]","[c]","[c]"
"New entrant CS","2022","HM Courts and Tribunals Service","Worcestershire CC","Outside London","SEO","[c]","[c]","[c]","[c]"
"New entrant CS","2022","HM Crown Prosecution Service Inspectorate","Westminster","London","AO","[c]","[c]","[c]","[c]"
"New entrant CS","2022","HM Crown Prosecution Service Inspectorate","Westminster","London","SCS level","[c]","[c]","[c]","[c]"
"New entrant CS","2022","HM Crown Prosecution Service Inspectorate","York","Outside London","G7","[c]","[c]","[c]","[c]"
"New entrant CS","2022","HM Land Registry","Coventry","Outside London","AA","[c]","[c]","[c]","[c]"
"New entrant CS","2022","HM Land Registry","Coventry","Outside London","AO","5","[c]","[c]","[c]"
"New entrant CS","2022","HM Land Registry","Coventry","Outside London","EO","5","[c]","[c]","[c]"
"New entrant CS","2022","HM Land Registry","Coventry","Outside London","G6","[c]","[c]","[c]","[c]"
"New entrant CS","2022","HM Land Registry","Coventry","Outside London","G7","[c]","[c]","[c]","[c]"
"New entrant CS","2022","HM Land Registry","Coventry","Outside London","HEO","[c]","[c]","[c]","[c]"
"New entrant CS","2022","HM Land Registry","Coventry","Outside London","SEO","[c]","[c]","[c]","[c]"
"New entrant CS","2022","HM Land Registry","Croydon","London","AA","[c]","[c]","[c]","[c]"
"New entrant CS","2022","HM Land Registry","Croydon","London","AO","5","[c]","[c]","[c]"
"New entrant CS","2022","HM Land Registry","Croydon","London","EO","25","[c]","30600","30600"
"New entrant CS","2022","HM Land Registry","Croydon","London","G7","[c]","[c]","[c]","[c]"
"New entrant CS","2022","HM Land Registry","Croydon","London","HEO","10","[c]","37290","37290"
"New entrant CS","2022","HM Land Registry","Croydon","London","SCS level","[c]","[c]","[c]","[c]"
"New entrant CS","2022","HM Land Registry","Croydon","London","SEO","[c]","[c]","[c]","[c]"
"New entrant CS","2022","HM Land Registry","Dorset","Outside London","AO","20","[c]","22600","22600"
"New entrant CS","2022","HM Land Registry","Dorset","Outside London","EO","[c]","[c]","[c]","[c]"
"New entrant CS","2022","HM Land Registry","Dorset","Outside London","HEO","[c]","[c]","[c]","[c]"
"New entrant CS","2022","HM Land Registry","Dorset","Outside London","SEO","[c]","[c]","[c]","[c]"
"New entrant CS","2022","HM Land Registry","Durham","Outside London","AO","30","[c]","22600","22600"
"New entrant CS","2022","HM Land Registry","Durham","Outside London","EO","5","[c]","[c]","[c]"
"New entrant CS","2022","HM Land Registry","Durham","Outside London","G7","[c]","[c]","[c]","[c]"
"New entrant CS","2022","HM Land Registry","Durham","Outside London","HEO","[c]","[c]","[c]","[c]"
"New entrant CS","2022","HM Land Registry","Durham","Outside London","SEO","[c]","[c]","[c]","[c]"
"New entrant CS","2022","HM Land Registry","Gloucestershire CC","Outside London","AO","15","[c]","22600","22600"
"New entrant CS","2022","HM Land Registry","Gloucestershire CC","Outside London","EO","15","[c]","27130","27130"
"New entrant CS","2022","HM Land Registry","Gloucestershire CC","Outside London","SEO","[c]","[c]","[c]","[c]"
"New entrant CS","2022","HM Land Registry","Kingston upon Hull, City of","Outside London","AO","20","[c]","22600","22600"
"New entrant CS","2022","HM Land Registry","Kingston upon Hull, City of","Outside London","EO","[c]","[c]","[c]","[c]"
"New entrant CS","2022","HM Land Registry","Kingston upon Hull, City of","Outside London","HEO","[c]","[c]","[c]","[c]"
"New entrant CS","2022","HM Land Registry","Leicester","Outside London","AO","15","[c]","22600","22600"
"New entrant CS","2022","HM Land Registry","Leicester","Outside London","EO","[c]","[c]","[c]","[c]"
"New entrant CS","2022","HM Land Registry","Leicester","Outside London","HEO","[c]","[c]","[c]","[c]"
"New entrant CS","2022","HM Land Registry","Mid Lancashire","Outside London","AO","20","[c]","22600","22600"
"New entrant CS","2022","HM Land Registry","Mid Lancashire","Outside London","EO","10","[c]","27170","27130"
"New entrant CS","2022","HM Land Registry","Mid Lancashire","Outside London","G6","[c]","[c]","[c]","[c]"
"New entrant CS","2022","HM Land Registry","Mid Lancashire","Outside London","G7","[c]","[c]","[c]","[c]"
"New entrant CS","2022","HM Land Registry","Mid Lancashire","Outside London","HEO","[c]","[c]","[c]","[c]"
"New entrant CS","2022","HM Land Registry","Nottingham","Outside London","AA","[c]","[c]","[c]","[c]"
"New entrant CS","2022","HM Land Registry","Nottingham","Outside London","AO","25","[c]","22600","22600"
"New entrant CS","2022","HM Land Registry","Nottingham","Outside London","EO","25","[c]","27130","27130"
"New entrant CS","2022","HM Land Registry","Nottingham","Outside London","G7","[c]","[c]","[c]","[c]"
"New entrant CS","2022","HM Land Registry","Nottingham","Outside London","HEO","[c]","[c]","[c]","[c]"
"New entrant CS","2022","HM Land Registry","Nottingham","Outside London","SEO","5","[c]","[c]","[c]"
"New entrant CS","2022","HM Land Registry","Peterborough","Outside London","AO","15","[c]","22600","22600"
"New entrant CS","2022","HM Land Registry","Peterborough","Outside London","EO","5","[c]","[c]","[c]"
"New entrant CS","2022","HM Land Registry","Peterborough","Outside London","SEO","[c]","[c]","[c]","[c]"
"New entrant CS","2022","HM Land Registry","Plymouth","Outside London","AA","15","[c]","21800","21290"
"New entrant CS","2022","HM Land Registry","Plymouth","Outside London","AO","25","[c]","22600","22600"
"New entrant CS","2022","HM Land Registry","Plymouth","Outside London","EO","15","[c]","27460","27130"
"New entrant CS","2022","HM Land Registry","Plymouth","Outside London","G7","[c]","[c]","[c]","[c]"
"New entrant CS","2022","HM Land Registry","Plymouth","Outside London","HEO","5","[c]","[c]","[c]"
"New entrant CS","2022","HM Land Registry","Plymouth","Outside London","SEO","10","[c]","40390","38550"
"New entrant CS","2022","HM Land Registry","Swansea","Outside London","AO","25","[c]","22600","22600"
"New entrant CS","2022","HM Land Registry","Swansea","Outside London","EO","10","[c]","[c]","[c]"
"New entrant CS","2022","HM Land Registry","Swansea","Outside London","G7","[c]","[c]","[c]","[c]"
"New entrant CS","2022","HM Land Registry","Swansea","Outside London","HEO","5","[c]","[c]","[c]"
"New entrant CS","2022","HM Land Registry","Swansea","Outside London","SEO","[c]","[c]","[c]","[c]"
"New entrant CS","2022","HM Land Registry","Telford and Wrekin","Outside London","AO","15","[c]","22600","22600"
"New entrant CS","2022","HM Land Registry","Telford and Wrekin","Outside London","EO","5","[c]","[c]","[c]"
"New entrant CS","2022","HM Land Registry","Telford and Wrekin","Outside London","G6","[c]","[c]","[c]","[c]"
"New entrant CS","2022","HM Land Registry","Wirral","Outside London","AO","20","[c]","22600","22600"
"New entrant CS","2022","HM Land Registry","Wirral","Outside London","EO","15","[c]","27130","27130"
"New entrant CS","2022","HM Land Registry","Wirral","Outside London","HEO","[c]","[c]","[c]","[c]"
"New entrant CS","2022","HM Land Registry","Wirral","Outside London","SEO","[c]","[c]","[c]","[c]"
"New entrant CS","2022","HM Prison and Probation Service","Barking & Dagenham and Havering","London","Unknown","45","[c]","33200","28690"
"New entrant CS","2022","HM Prison and Probation Service","Barnet","London","SEO","[c]","[c]","[c]","[c]"
"New entrant CS","2022","HM Prison and Probation Service","Barnet","London","Unknown","60","[c]","31890","27980"
"New entrant CS","2022","HM Prison and Probation Service","Barnsley, Doncaster and Rotherham","Outside London","AA","50","[c]","20890","20890"
"New entrant CS","2022","HM Prison and Probation Service","Barnsley, Doncaster and Rotherham","Outside London","AO","90","[c]","22890","23140"
"New entrant CS","2022","HM Prison and Probation Service","Barnsley, Doncaster and Rotherham","Outside London","EO","5","[c]","[c]","[c]"
"New entrant CS","2022","HM Prison and Probation Service","Barnsley, Doncaster and Rotherham","Outside London","HEO","5","[c]","[c]","[c]"
"New entrant CS","2022","HM Prison and Probation Service","Barnsley, Doncaster and Rotherham","Outside London","SEO","[c]","[c]","[c]","[c]"
"New entrant CS","2022","HM Prison and Probation Service","Barnsley, Doncaster and Rotherham","Outside London","Unknown","105","[c]","27650","25480"
"New entrant CS","2022","HM Prison and Probation Service","Bath and North East Somerset, North Somerset and South Gloucestershire","Outside London","AA","20","[c]","20890","20890"
"New entrant CS","2022","HM Prison and Probation Service","Bath and North East Somerset, North Somerset and South Gloucestershire","Outside London","AO","35","[c]","22370","23140"
"New entrant CS","2022","HM Prison and Probation Service","Bath and North East Somerset, North Somerset and South Gloucestershire","Outside London","EO","[c]","[c]","[c]","[c]"
"New entrant CS","2022","HM Prison and Probation Service","Bath and North East Somerset, North Somerset and South Gloucestershire","Outside London","HEO","5","[c]","[c]","[c]"
"New entrant CS","2022","HM Prison and Probation Service","Bath and North East Somerset, North Somerset and South Gloucestershire","Outside London","Unknown","55","[c]","27070","25570"
"New entrant CS","2022","HM Prison and Probation Service","Bedford","Outside London","AA","20","[c]","20200","20890"
"New entrant CS","2022","HM Prison and Probation Service","Bedford","Outside London","AO","70","[c]","27500","28140"
"New entrant CS","2022","HM Prison and Probation Service","Bedford","Outside London","EO","[c]","[c]","[c]","[c]"
"New entrant CS","2022","HM Prison and Probation Service","Bedford","Outside London","Unknown","50","[c]","28430","25890"
"New entrant CS","2022","HM Prison and Probation Service","Berkshire","Outside London","HEO","[c]","[c]","[c]","[c]"
"New entrant CS","2022","HM Prison and Probation Service","Berkshire","Outside London","Unknown","120","[c]","27460","24270"
"New entrant CS","2022","HM Prison and Probation Service","Bexley and Greenwich","London","AA","45","[c]","23810","24080"
"New entrant CS","2022","HM Prison and Probation Service","Bexley and Greenwich","London","AO","115","[c]","28750","29020"
"New entrant CS","2022","HM Prison and Probation Service","Bexley and Greenwich","London","EO","5","[c]","[c]","[c]"
"New entrant CS","2022","HM Prison and Probation Service","Bexley and Greenwich","London","HEO","[c]","[c]","[c]","[c]"
"New entrant CS","2022","HM Prison and Probation Service","Bexley and Greenwich","London","Unknown","20","[c]","26760","27060"
"New entrant CS","2022","HM Prison and Probation Service","Birmingham","Outside London","AA","20","[c]","19930","20890"
"New entrant CS","2022","HM Prison and Probation Service","Birmingham","Outside London","AO","95","[c]","23080","23140"
"New entrant CS","2022","HM Prison and Probation Service","Birmingham","Outside London","HEO","[c]","[c]","[c]","[c]"
"New entrant CS","2022","HM Prison and Probation Service","Birmingham","Outside London","SEO","15","[c]","35120","31580"
"New entrant CS","2022","HM Prison and Probation Service","Birmingham","Outside London","Unknown","275","[c]","27270","24800"
"New entrant CS","2022","HM Prison and Probation Service","Blackburn with Darwen","Outside London","Unknown","25","[c]","26580","24800"
"New entrant CS","2022","HM Prison and Probation Service","Blackpool","Outside London","Unknown","40","[c]","26320","24800"
"New entrant CS","2022","HM Prison and Probation Service","Bournemouth, Christchurch and Poole","Outside London","Unknown","80","[c]","26780","24800"
"New entrant CS","2022","HM Prison and Probation Service","Bradford","Outside London","AO","[c]","[c]","[c]","[c]"
"New entrant CS","2022","HM Prison and Probation Service","Bradford","Outside London","Unknown","95","[c]","28840","26310"
"New entrant CS","2022","HM Prison and Probation Service","Breckland and South Norfolk","Outside London","AA","10","[c]","20680","20890"
"New entrant CS","2022","HM Prison and Probation Service","Breckland and South Norfolk","Outside London","AO","60","[c]","23810","23140"
"New entrant CS","2022","HM Prison and Probation Service","Breckland and South Norfolk","Outside London","EO","[c]","[c]","[c]","[c]"
"New entrant CS","2022","HM Prison and Probation Service","Breckland and South Norfolk","Outside London","G6","[c]","[c]","[c]","[c]"
"New entrant CS","2022","HM Prison and Probation Service","Breckland and South Norfolk","Outside London","HEO","[c]","[c]","[c]","[c]"
"New entrant CS","2022","HM Prison and Probation Service","Brent","London","Unknown","30","[c]","30340","27060"
"New entrant CS","2022","HM Prison and Probation Service","Bridgend and Neath Port Talbot","Outside London","HEO","[c]","[c]","[c]","[c]"
"New entrant CS","2022","HM Prison and Probation Service","Bridgend and Neath Port Talbot","Outside London","Unknown","35","[c]","26460","23170"
"New entrant CS","2022","HM Prison and Probation Service","Brighton and Hove","Outside London","Unknown","60","[c]","30530","28470"
"New entrant CS","2022","HM Prison and Probation Service","Bristol, City of","Outside London","AA","15","[c]","20890","20890"
"New entrant CS","2022","HM Prison and Probation Service","Bristol, City of","Outside London","AO","40","[c]","23070","23140"
"New entrant CS","2022","HM Prison and Probation Service","Bristol, City of","Outside London","EO","[c]","[c]","[c]","[c]"
"New entrant CS","2022","HM Prison and Probation Service","Bristol, City of","Outside London","HEO","5","[c]","[c]","[c]"
"New entrant CS","2022","HM Prison and Probation Service","Bristol, City of","Outside London","SEO","[c]","[c]","[c]","[c]"
"New entrant CS","2022","HM Prison and Probation Service","Bristol, City of","Outside London","Unknown","140","[c]","27230","24090"
"New entrant CS","2022","HM Prison and Probation Service","Bromley","London","SEO","[c]","[c]","[c]","[c]"
"New entrant CS","2022","HM Prison and Probation Service","Bromley","London","Unknown","90","[c]","32970","31200"
"New entrant CS","2022","HM Prison and Probation Service","Buckinghamshire","Outside London","AA","15","[c]","21720","21790"
"New entrant CS","2022","HM Prison and Probation Service","Buckinghamshire","Outside London","AO","65","[c]","26580","28140"
"New entrant CS","2022","HM Prison and Probation Service","Buckinghamshire","Outside London","EO","5","[c]","[c]","[c]"
"New entrant CS","2022","HM Prison and Probation Service","Buckinghamshire","Outside London","HEO","[c]","[c]","[c]","[c]"
"New entrant CS","2022","HM Prison and Probation Service","Buckinghamshire","Outside London","SEO","[c]","[c]","[c]","[c]"
"New entrant CS","2022","HM Prison and Probation Service","Buckinghamshire","Outside London","Unknown","25","[c]","28320","24090"
"New entrant CS","2022","HM Prison and Probation Service","Calderdale and Kirklees","Outside London","Unknown","75","[c]","27440","24800"
"New entrant CS","2022","HM Prison and Probation Service","Cambridgeshire CC","Outside London","AA","30","[c]","20770","20890"
"New entrant CS","2022","HM Prison and Probation Service","Cambridgeshire CC","Outside London","AO","70","[c]","26030","26140"
"New entrant CS","2022","HM Prison and Probation Service","Cambridgeshire CC","Outside London","EO","[c]","[c]","[c]","[c]"
"New entrant CS","2022","HM Prison and Probation Service","Cambridgeshire CC","Outside London","HEO","[c]","[c]","[c]","[c]"
"New entrant CS","2022","HM Prison and Probation Service","Cambridgeshire CC","Outside London","SEO","[c]","[c]","[c]","[c]"
"New entrant CS","2022","HM Prison and Probation Service","Cambridgeshire CC","Outside London","Unknown","90","[c]","27300","24800"
"New entrant CS","2022","HM Prison and Probation Service","Camden and City of London","London","HEO","[c]","[c]","[c]","[c]"
"New entrant CS","2022","HM Prison and Probation Service","Camden and City of London","London","Unknown","30","[c]","34380","33700"
"New entrant CS","2022","HM Prison and Probation Service","Cardiff and Vale of Glamorgan","Outside London","AA","15","[c]","20510","20890"
"New entrant CS","2022","HM Prison and Probation Service","Cardiff and Vale of Glamorgan","Outside London","AO","45","[c]","23110","23140"
"New entrant CS","2022","HM Prison and Probation Service","Cardiff and Vale of Glamorgan","Outside London","EO","[c]","[c]","[c]","[c]"
"New entrant CS","2022","HM Prison and Probation Service","Cardiff and Vale of Glamorgan","Outside London","HEO","[c]","[c]","[c]","[c]"
"New entrant CS","2022","HM Prison and Probation Service","Cardiff and Vale of Glamorgan","Outside London","SEO","[c]","[c]","[c]","[c]"
"New entrant CS","2022","HM Prison and Probation Service","Cardiff and Vale of Glamorgan","Outside London","Unknown","100","[c]","25090","23170"
"New entrant CS","2022","HM Prison and Probation Service","Central Hampshire","Outside London","AA","10","[c]","20890","20890"
"New entrant CS","2022","HM Prison and Probation Service","Central Hampshire","Outside London","AO","50","[c]","26520","28140"
"New entrant CS","2022","HM Prison and Probation Service","Central Hampshire","Outside London","G7","[c]","[c]","[c]","[c]"
"New entrant CS","2022","HM Prison and Probation Service","Central Hampshire","Outside London","Unknown","5","[c]","[c]","[c]"
"New entrant CS","2022","HM Prison and Probation Service","Central Valleys","Outside London","Unknown","40","[c]","27620","24090"
"New entrant CS","2022","HM Prison and Probation Service","Cheshire East","Outside London","AA","15","[c]","20640","20890"
"New entrant CS","2022","HM Prison and Probation Service","Cheshire East","Outside London","AO","40","[c]","22780","23140"
"New entrant CS","2022","HM Prison and Probation Service","Cheshire East","Outside London","G7","[c]","[c]","[c]","[c]"
"New entrant CS","2022","HM Prison and Probation Service","Cheshire East","Outside London","HEO","[c]","[c]","[c]","[c]"
"New entrant CS","2022","HM Prison and Probation Service","Cheshire East","Outside London","Unknown","40","[c]","26780","25480"
"New entrant CS","2022","HM Prison and Probation Service","Cheshire West and Chester","Outside London","Unknown","55","[c]","25470","24800"
"New entrant CS","2022","HM Prison and Probation Service","Chorley and West Lancashire","Outside London","AA","30","[c]","20770","20890"
"New entrant CS","2022","HM Prison and Probation Service","Chorley and West Lancashire","Outside London","AO","140","[c]","23310","23140"
"New entrant CS","2022","HM Prison and Probation Service","Chorley and West Lancashire","Outside London","EO","[c]","[c]","[c]","[c]"
"New entrant CS","2022","HM Prison and Probation Service","Chorley and West Lancashire","Outside London","HEO","5","[c]","[c]","[c]"
"New entrant CS","2022","HM Prison and Probation Service","Chorley and West Lancashire","Outside London","SEO","[c]","[c]","[c]","[c]"
"New entrant CS","2022","HM Prison and Probation Service","Chorley and West Lancashire","Outside London","Unknown","15","[c]","26640","25560"
"New entrant CS","2022","HM Prison and Probation Service","Conwy and Denbighshire","Outside London","Unknown","25","[c]","24720","23170"
"New entrant CS","2022","HM Prison and Probation Service","Cornwall and Isles of Scilly","Outside London","Unknown","50","[c]","27860","24850"
"New entrant CS","2022","HM Prison and Probation Service","Coventry","Outside London","Unknown","40","[c]","26370","24090"
"New entrant CS","2022","HM Prison and Probation Service","Croydon","London","AA","[c]","[c]","[c]","[c]"
"New entrant CS","2022","HM Prison and Probation Service","Croydon","London","AO","30","[c]","22240","22240"
"New entrant CS","2022","HM Prison and Probation Service","Croydon","London","EO","15","[c]","27070","27070"
"New entrant CS","2022","HM Prison and Probation Service","Croydon","London","HEO","[c]","[c]","[c]","[c]"
"New entrant CS","2022","HM Prison and Probation Service","Croydon","London","SEO","[c]","[c]","[c]","[c]"
"New entrant CS","2022","HM Prison and Probation Service","Croydon","London","Unknown","35","[c]","31760","29090"
"New entrant CS","2022","HM Prison and Probation Service","Darlington","Outside London","Unknown","15","[c]","22480","23170"
"New entrant CS","2022","HM Prison and Probation Service","Derby","Outside London","Unknown","105","[c]","27370","25560"
"New entrant CS","2022","HM Prison and Probation Service","Devon CC","Outside London","AA","45","[c]","20620","20890"
"New entrant CS","2022","HM Prison and Probation Service","Devon CC","Outside London","AO","85","[c]","23110","23140"
"New entrant CS","2022","HM Prison and Probation Service","Devon CC","Outside London","EO","5","[c]","[c]","[c]"
"New entrant CS","2022","HM Prison and Probation Service","Devon CC","Outside London","HEO","5","[c]","[c]","[c]"
"New entrant CS","2022","HM Prison and Probation Service","Devon CC","Outside London","SEO","[c]","[c]","[c]","[c]"
"New entrant CS","2022","HM Prison and Probation Service","Devon CC","Outside London","Unknown","70","[c]","27010","24800"
"New entrant CS","2022","HM Prison and Probation Service","Dorset","Outside London","AA","25","[c]","20760","20890"
"New entrant CS","2022","HM Prison and Probation Service","Dorset","Outside London","AO","80","[c]","23910","23140"
"New entrant CS","2022","HM Prison and Probation Service","Dorset","Outside London","EO","5","[c]","[c]","[c]"
"New entrant CS","2022","HM Prison and Probation Service","Dorset","Outside London","HEO","[c]","[c]","[c]","[c]"
"New entrant CS","2022","HM Prison and Probation Service","Dorset","Outside London","SEO","[c]","[c]","[c]","[c]"
"New entrant CS","2022","HM Prison and Probation Service","Dorset","Outside London","Unknown","25","[c]","25360","23170"
"New entrant CS","2022","HM Prison and Probation Service","Dudley","Outside London","Unknown","25","[c]","28090","24450"
"New entrant CS","2022","HM Prison and Probation Service","Durham","Outside London","AA","65","[c]","20720","20890"
"New entrant CS","2022","HM Prison and Probation Service","Durham","Outside London","AO","160","[c]","23200","23140"
"New entrant CS","2022","HM Prison and Probation Service","Durham","Outside London","EO","[c]","[c]","[c]","[c]"
"New entrant CS","2022","HM Prison and Probation Service","Durham","Outside London","HEO","[c]","[c]","[c]","[c]"
"New entrant CS","2022","HM Prison and Probation Service","Durham","Outside London","SEO","5","[c]","[c]","[c]"
"New entrant CS","2022","HM Prison and Probation Service","Durham","Outside London","Unknown","85","[c]","28060","26070"
"New entrant CS","2022","HM Prison and Probation Service","Ealing","London","Unknown","50","[c]","35190","34690"
"New entrant CS","2022","HM Prison and Probation Service","East Cumbria","Outside London","Unknown","40","[c]","28360","28200"
"New entrant CS","2022","HM Prison and Probation Service","East Derbyshire","Outside London","Unknown","35","[c]","29470","26310"
"New entrant CS","2022","HM Prison and Probation Service","East Kent","Outside London","Unknown","40","[c]","28810","28460"
"New entrant CS","2022","HM Prison and Probation Service","East Lancashire","Outside London","Unknown","60","[c]","27120","24800"
"New entrant CS","2022","HM Prison and Probation Service","East Merseyside","Outside London","AO","5","[c]","[c]","[c]"
"New entrant CS","2022","HM Prison and Probation Service","East Merseyside","Outside London","EO","[c]","[c]","[c]","[c]"
"New entrant CS","2022","HM Prison and Probation Service","East Merseyside","Outside London","HEO","5","[c]","[c]","[c]"
"New entrant CS","2022","HM Prison and Probation Service","East Merseyside","Outside London","SEO","[c]","[c]","[c]","[c]"
"New entrant CS","2022","HM Prison and Probation Service","East Merseyside","Outside London","Unknown","100","[c]","29290","24900"
"New entrant CS","2022","HM Prison and Probation Service","East Riding of Yorkshire","Outside London","AA","45","[c]","20590","20890"
"New entrant CS","2022","HM Prison and Probation Service","East Riding of Yorkshire","Outside London","AO","130","[c]","23010","23140"
"New entrant CS","2022","HM Prison and Probation Service","East Riding of Yorkshire","Outside London","EO","[c]","[c]","[c]","[c]"
"New entrant CS","2022","HM Prison and Probation Service","East Riding of Yorkshire","Outside London","HEO","[c]","[c]","[c]","[c]"
"New entrant CS","2022","HM Prison and Probation Service","East Riding of Yorkshire","Outside London","Unknown","25","[c]","27210","25480"
"New entrant CS","2022","HM Prison and Probation Service","East Surrey","Outside London","AA","35","[c]","24600","24950"
"New entrant CS","2022","HM Prison and Probation Service","East Surrey","Outside London","AO","90","[c]","30010","31020"
"New entrant CS","2022","HM Prison and Probation Service","East Surrey","Outside London","EO","[c]","[c]","[c]","[c]"
"New entrant CS","2022","HM Prison and Probation Service","East Surrey","Outside London","HEO","[c]","[c]","[c]","[c]"
"New entrant CS","2022","HM Prison and Probation Service","East Surrey","Outside London","Unknown","30","[c]","27740","26720"
"New entrant CS","2022","HM Prison and Probation Service","East Sussex CC","Outside London","AA","15","[c]","[c]","[c]"
"New entrant CS","2022","HM Prison and Probation Service","East Sussex CC","Outside London","AO","60","[c]","25960","26140"
"New entrant CS","2022","HM Prison and Probation Service","East Sussex CC","Outside London","EO","[c]","[c]","[c]","[c]"
"New entrant CS","2022","HM Prison and Probation Service","East Sussex CC","Outside London","Unknown","50","[c]","28510","24970"
"New entrant CS","2022","HM Prison and Probation Service","Enfield","London","Unknown","10","[c]","[c]","[c]"
"New entrant CS","2022","HM Prison and Probation Service","Essex Haven Gateway","Outside London","SEO","[c]","[c]","[c]","[c]"
"New entrant CS","2022","HM Prison and Probation Service","Essex Haven Gateway","Outside London","Unknown","65","[c]","31550","26310"
"New entrant CS","2022","HM Prison and Probation Service","Essex Thames Gateway","Outside London","Unknown","20","[c]","24430","23170"
"New entrant CS","2022","HM Prison and Probation Service","Flintshire and Wrexham","Outside London","AA","20","[c]","20570","20890"
"New entrant CS","2022","HM Prison and Probation Service","Flintshire and Wrexham","Outside London","AO","110","[c]","23020","23140"
"New entrant CS","2022","HM Prison and Probation Service","Flintshire and Wrexham","Outside London","EO","[c]","[c]","[c]","[c]"
"New entrant CS","2022","HM Prison and Probation Service","Flintshire and Wrexham","Outside London","HEO","[c]","[c]","[c]","[c]"
"New entrant CS","2022","HM Prison and Probation Service","Flintshire and Wrexham","Outside London","SEO","[c]","[c]","[c]","[c]"
"New entrant CS","2022","HM Prison and Probation Service","Flintshire and Wrexham","Outside London","Unknown","40","[c]","26410","24090"
"New entrant CS","2022","HM Prison and Probation Service","Gloucestershire CC","Outside London","Unknown","80","[c]","28070","26310"
"New entrant CS","2022","HM Prison and Probation Service","Greater Manchester North East","Outside London","AA","15","[c]","20380","20890"
"New entrant CS","2022","HM Prison and Probation Service","Greater Manchester North East","Outside London","AO","25","[c]","23120","23140"
"New entrant CS","2022","HM Prison and Probation Service","Greater Manchester North East","Outside London","HEO","[c]","[c]","[c]","[c]"
"New entrant CS","2022","HM Prison and Probation Service","Greater Manchester North East","Outside London","Unknown","85","[c]","26310","24800"
"New entrant CS","2022","HM Prison and Probation Service","Greater Manchester North West","Outside London","AA","5","[c]","[c]","[c]"
"New entrant CS","2022","HM Prison and Probation Service","Greater Manchester North West","Outside London","AO","50","[c]","23050","23140"
"New entrant CS","2022","HM Prison and Probation Service","Greater Manchester North West","Outside London","EO","[c]","[c]","[c]","[c]"
"New entrant CS","2022","HM Prison and Probation Service","Greater Manchester North West","Outside London","SEO","[c]","[c]","[c]","[c]"
"New entrant CS","2022","HM Prison and Probation Service","Greater Manchester North West","Outside London","Unknown","95","[c]","28250","27150"
"New entrant CS","2022","HM Prison and Probation Service","Greater Manchester South East","Outside London","Unknown","50","[c]","27120","24800"
"New entrant CS","2022","HM Prison and Probation Service","Greater Manchester South West","Outside London","AO","[c]","[c]","[c]","[c]"
"New entrant CS","2022","HM Prison and Probation Service","Greater Manchester South West","Outside London","HEO","[c]","[c]","[c]","[c]"
"New entrant CS","2022","HM Prison and Probation Service","Greater Manchester South West","Outside London","SEO","[c]","[c]","[c]","[c]"
"New entrant CS","2022","HM Prison and Probation Service","Greater Manchester South West","Outside London","Unknown","115","[c]","26710","23970"
"New entrant CS","2022","HM Prison and Probation Service","Gwent Valleys","Outside London","Unknown","20","[c]","25520","23630"
"New entrant CS","2022","HM Prison and Probation Service","Gwynedd","Outside London","SEO","[c]","[c]","[c]","[c]"
"New entrant CS","2022","HM Prison and Probation Service","Gwynedd","Outside London","Unknown","5","[c]","[c]","[c]"
"New entrant CS","2022","HM Prison and Probation Service","Hackney and Newham","London","Unknown","35","[c]","31420","27980"
"New entrant CS","2022","HM Prison and Probation Service","Haringey and Islington","London","AA","10","[c]","24720","25740"
"New entrant CS","2022","HM Prison and Probation Service","Haringey and Islington","London","AO","85","[c]","30770","30520"
"New entrant CS","2022","HM Prison and Probation Service","Haringey and Islington","London","EO","[c]","[c]","[c]","[c]"
"New entrant CS","2022","HM Prison and Probation Service","Haringey and Islington","London","HEO","[c]","[c]","[c]","[c]"
"New entrant CS","2022","HM Prison and Probation Service","Haringey and Islington","London","Unknown","115","[c]","33980","32890"
"New entrant CS","2022","HM Prison and Probation Service","Harrow and Hillingdon","London","Unknown","25","[c]","32590","33700"
"New entrant CS","2022","HM Prison and Probation Service","Hartlepool and Stockton-on-Tees","Outside London","AA","35","[c]","21230","20890"
"New entrant CS","2022","HM Prison and Probation Service","Hartlepool and Stockton-on-Tees","Outside London","AO","40","[c]","22860","23140"
"New entrant CS","2022","HM Prison and Probation Service","Hartlepool and Stockton-on-Tees","Outside London","EO","[c]","[c]","[c]","[c]"
"New entrant CS","2022","HM Prison and Probation Service","Hartlepool and Stockton-on-Tees","Outside London","HEO","[c]","[c]","[c]","[c]"
"New entrant CS","2022","HM Prison and Probation Service","Hartlepool and Stockton-on-Tees","Outside London","SEO","[c]","[c]","[c]","[c]"
"New entrant CS","2022","HM Prison and Probation Service","Hartlepool and Stockton-on-Tees","Outside London","Unknown","110","[c]","29140","27610"
"New entrant CS","2022","HM Prison and Probation Service","Heart of Essex","Outside London","AA","35","[c]","20890","20890"
"New entrant CS","2022","HM Prison and Probation Service","Heart of Essex","Outside London","AO","50","[c]","26010","26140"
"New entrant CS","2022","HM Prison and Probation Service","Heart of Essex","Outside London","SEO","[c]","[c]","[c]","[c]"
"New entrant CS","2022","HM Prison and Probation Service","Heart of Essex","Outside London","Unknown","90","[c]","26810","24060"
"New entrant CS","2022","HM Prison and Probation Service","Herefordshire, County of","Outside London","Unknown","10","[c]","[c]","[c]"
"New entrant CS","2022","HM Prison and Probation Service","Hertfordshire CC","Outside London","AA","25","[c]","21960","21790"
"New entrant CS","2022","HM Prison and Probation Service","Hertfordshire CC","Outside London","AO","55","[c]","27940","28140"
"New entrant CS","2022","HM Prison and Probation Service","Hertfordshire CC","Outside London","EO","[c]","[c]","[c]","[c]"
"New entrant CS","2022","HM Prison and Probation Service","Hertfordshire CC","Outside London","SEO","[c]","[c]","[c]","[c]"
"New entrant CS","2022","HM Prison and Probation Service","Hertfordshire CC","Outside London","Unknown","90","[c]","28700","27770"
"New entrant CS","2022","HM Prison and Probation Service","Hounslow and Richmond upon Thames","London","AA","20","[c]","24800","24950"
"New entrant CS","2022","HM Prison and Probation Service","Hounslow and Richmond upon Thames","London","AO","115","[c]","30480","31020"
"New entrant CS","2022","HM Prison and Probation Service","Hounslow and Richmond upon Thames","London","EO","5","[c]","[c]","[c]"
"New entrant CS","2022","HM Prison and Probation Service","Hounslow and Richmond upon Thames","London","HEO","5","[c]","[c]","[c]"
"New entrant CS","2022","HM Prison and Probation Service","Hounslow and Richmond upon Thames","London","SEO","[c]","[c]","[c]","[c]"
"New entrant CS","2022","HM Prison and Probation Service","Hounslow and Richmond upon Thames","London","Unknown","25","[c]","29600","27060"
"New entrant CS","2022","HM Prison and Probation Service","Isle of Anglesey","Outside London","Unknown","15","[c]","31470","28760"
"New entrant CS","2022","HM Prison and Probation Service","Isle of Wight","Outside London","AA","15","[c]","20890","20890"
"New entrant CS","2022","HM Prison and Probation Service","Isle of Wight","Outside London","AO","40","[c]","23910","24430"
"New entrant CS","2022","HM Prison and Probation Service","Isle of Wight","Outside London","EO","[c]","[c]","[c]","[c]"
"New entrant CS","2022","HM Prison and Probation Service","Isle of Wight","Outside London","HEO","[c]","[c]","[c]","[c]"
"New entrant CS","2022","HM Prison and Probation Service","Isle of Wight","Outside London","SEO","[c]","[c]","[c]","[c]"
"New entrant CS","2022","HM Prison and Probation Service","Isle of Wight","Outside London","Unknown","15","[c]","30390","28200"
"New entrant CS","2022","HM Prison and Probation Service","Kensington & Chelsea and Hammersmith & Fulham","London","AA","20","[c]","25550","25740"
"New entrant CS","2022","HM Prison and Probation Service","Kensington & Chelsea and Hammersmith & Fulham","London","AO","85","[c]","30230","30520"
"New entrant CS","2022","HM Prison and Probation Service","Kensington & Chelsea and Hammersmith & Fulham","London","EO","[c]","[c]","[c]","[c]"
"New entrant CS","2022","HM Prison and Probation Service","Kensington & Chelsea and Hammersmith & Fulham","London","Unknown","45","[c]","32150","30200"
"New entrant CS","2022","HM Prison and Probation Service","Kent Thames Gateway","Outside London","AA","40","[c]","21250","21790"
"New entrant CS","2022","HM Prison and Probation Service","Kent Thames Gateway","Outside London","AO","85","[c]","27380","28140"
"New entrant CS","2022","HM Prison and Probation Service","Kent Thames Gateway","Outside London","EO","5","[c]","[c]","[c]"
"New entrant CS","2022","HM Prison and Probation Service","Kent Thames Gateway","Outside London","HEO","[c]","[c]","[c]","[c]"
"New entrant CS","2022","HM Prison and Probation Service","Kent Thames Gateway","Outside London","Unknown","60","[c]","28020","25480"
"New entrant CS","2022","HM Prison and Probation Service","Kingston upon Hull, City of","Outside London","AA","15","[c]","20190","20890"
"New entrant CS","2022","HM Prison and Probation Service","Kingston upon Hull, City of","Outside London","AO","35","[c]","23280","23140"
"New entrant CS","2022","HM Prison and Probation Service","Kingston upon Hull, City of","Outside London","EO","[c]","[c]","[c]","[c]"
"New entrant CS","2022","HM Prison and Probation Service","Kingston upon Hull, City of","Outside London","HEO","[c]","[c]","[c]","[c]"
"New entrant CS","2022","HM Prison and Probation Service","Kingston upon Hull, City of","Outside London","SEO","[c]","[c]","[c]","[c]"
"New entrant CS","2022","HM Prison and Probation Service","Kingston upon Hull, City of","Outside London","Unknown","80","[c]","28240","26080"
"New entrant CS","2022","HM Prison and Probation Service","Lambeth","London","AA","10","[c]","25680","25740"
"New entrant CS","2022","HM Prison and Probation Service","Lambeth","London","AO","40","[c]","29560","30520"
"New entrant CS","2022","HM Prison and Probation Service","Lambeth","London","EO","[c]","[c]","[c]","[c]"
"New entrant CS","2022","HM Prison and Probation Service","Lambeth","London","HEO","[c]","[c]","[c]","[c]"
"New entrant CS","2022","HM Prison and Probation Service","Lambeth","London","SEO","20","[c]","40490","36080"
"New entrant CS","2022","HM Prison and Probation Service","Lambeth","London","Unknown","105","[c]","45630","36580"
"New entrant CS","2022","HM Prison and Probation Service","Lancaster and Wyre","Outside London","AA","5","[c]","[c]","[c]"
"New entrant CS","2022","HM Prison and Probation Service","Lancaster and Wyre","Outside London","AO","20","[c]","23550","23140"
"New entrant CS","2022","HM Prison and Probation Service","Lancaster and Wyre","Outside London","EO","[c]","[c]","[c]","[c]"
"New entrant CS","2022","HM Prison and Probation Service","Lancaster and Wyre","Outside London","HEO","[c]","[c]","[c]","[c]"
"New entrant CS","2022","HM Prison and Probation Service","Lancaster and Wyre","Outside London","SEO","[c]","[c]","[c]","[c]"
"New entrant CS","2022","HM Prison and Probation Service","Lancaster and Wyre","Outside London","Unknown","15","[c]","27410","26780"
"New entrant CS","2022","HM Prison and Probation Service","Leeds","Outside London","AA","50","[c]","20820","20890"
"New entrant CS","2022","HM Prison and Probation Service","Leeds","Outside London","AO","185","[c]","22990","23140"
"New entrant CS","2022","HM Prison and Probation Service","Leeds","Outside London","EO","[c]","[c]","[c]","[c]"
"New entrant CS","2022","HM Prison and Probation Service","Leeds","Outside London","HEO","[c]","[c]","[c]","[c]"
"New entrant CS","2022","HM Prison and Probation Service","Leeds","Outside London","SEO","[c]","[c]","[c]","[c]"
"New entrant CS","2022","HM Prison and Probation Service","Leeds","Outside London","Unknown","150","[c]","27590","24800"
"New entrant CS","2022","HM Prison and Probation Service","Leicester","Outside London","AA","15","[c]","22790","20890"
"New entrant CS","2022","HM Prison and Probation Service","Leicester","Outside London","AO","35","[c]","23120","23140"
"New entrant CS","2022","HM Prison and Probation Service","Leicester","Outside London","Unknown","135","[c]","27810","24800"
"New entrant CS","2022","HM Prison and Probation Service","Leicestershire CC and Rutland","Outside London","AA","25","[c]","20750","20890"
"New entrant CS","2022","HM Prison and Probation Service","Leicestershire CC and Rutland","Outside London","AO","110","[c]","23460","23140"
"New entrant CS","2022","HM Prison and Probation Service","Leicestershire CC and Rutland","Outside London","EO","[c]","[c]","[c]","[c]"
"New entrant CS","2022","HM Prison and Probation Service","Leicestershire CC and Rutland","Outside London","HEO","5","[c]","[c]","[c]"
"New entrant CS","2022","HM Prison and Probation Service","Leicestershire CC and Rutland","Outside London","SEO","[c]","[c]","[c]","[c]"
"New entrant CS","2022","HM Prison and Probation Service","Leicestershire CC and Rutland","Outside London","Unknown","10","[c]","[c]","[c]"
"New entrant CS","2022","HM Prison and Probation Service","Lewisham and Southwark","London","HEO","[c]","[c]","[c]","[c]"
"New entrant CS","2022","HM Prison and Probation Service","Lewisham and Southwark","London","Unknown","160","[c]","34670","33700"
"New entrant CS","2022","HM Prison and Probation Service","Lincolnshire CC","Outside London","AA","25","[c]","20800","20890"
"New entrant CS","2022","HM Prison and Probation Service","Lincolnshire CC","Outside London","AO","90","[c]","23360","23140"
"New entrant CS","2022","HM Prison and Probation Service","Lincolnshire CC","Outside London","EO","[c]","[c]","[c]","[c]"
"New entrant CS","2022","HM Prison and Probation Service","Lincolnshire CC","Outside London","HEO","[c]","[c]","[c]","[c]"
"New entrant CS","2022","HM Prison and Probation Service","Lincolnshire CC","Outside London","SEO","[c]","[c]","[c]","[c]"
"New entrant CS","2022","HM Prison and Probation Service","Lincolnshire CC","Outside London","Unknown","95","[c]","28760","26310"
"New entrant CS","2022","HM Prison and Probation Service","Liverpool","Outside London","AA","5","[c]","[c]","[c]"
"New entrant CS","2022","HM Prison and Probation Service","Liverpool","Outside London","AO","20","[c]","22790","23140"
"New entrant CS","2022","HM Prison and Probation Service","Liverpool","Outside London","HEO","[c]","[c]","[c]","[c]"
"New entrant CS","2022","HM Prison and Probation Service","Liverpool","Outside London","Unknown","185","[c]","26530","24800"
"New entrant CS","2022","HM Prison and Probation Service","Luton","Outside London","Unknown","25","[c]","29200","24800"
"New entrant CS","2022","HM Prison and Probation Service","Manchester","Outside London","AA","20","[c]","20890","20890"
"New entrant CS","2022","HM Prison and Probation Service","Manchester","Outside London","AO","75","[c]","22940","23140"
"New entrant CS","2022","HM Prison and Probation Service","Manchester","Outside London","EO","[c]","[c]","[c]","[c]"
"New entrant CS","2022","HM Prison and Probation Service","Manchester","Outside London","G6","[c]","[c]","[c]","[c]"
"New entrant CS","2022","HM Prison and Probation Service","Manchester","Outside London","HEO","[c]","[c]","[c]","[c]"
"New entrant CS","2022","HM Prison and Probation Service","Manchester","Outside London","Unknown","150","[c]","27740","23170"
"New entrant CS","2022","HM Prison and Probation Service","Medway","Outside London","AA","20","[c]","20870","20890"
"New entrant CS","2022","HM Prison and Probation Service","Medway","Outside London","AO","120","[c]","27460","28140"
"New entrant CS","2022","HM Prison and Probation Service","Medway","Outside London","EO","[c]","[c]","[c]","[c]"
"New entrant CS","2022","HM Prison and Probation Service","Medway","Outside London","HEO","[c]","[c]","[c]","[c]"
"New entrant CS","2022","HM Prison and Probation Service","Medway","Outside London","Unknown","45","[c]","25400","24270"
"New entrant CS","2022","HM Prison and Probation Service","Merton, Kingston upon Thames and Sutton","London","Unknown","50","[c]","32430","28690"
"New entrant CS","2022","HM Prison and Probation Service","Mid Kent","Outside London","AA","10","[c]","20280","20890"
"New entrant CS","2022","HM Prison and Probation Service","Mid Kent","Outside London","AO","30","[c]","21910","23140"
"New entrant CS","2022","HM Prison and Probation Service","Mid Kent","Outside London","EO","[c]","[c]","[c]","[c]"
"New entrant CS","2022","HM Prison and Probation Service","Mid Kent","Outside London","HEO","[c]","[c]","[c]","[c]"
"New entrant CS","2022","HM Prison and Probation Service","Mid Kent","Outside London","SEO","[c]","[c]","[c]","[c]"
"New entrant CS","2022","HM Prison and Probation Service","Mid Kent","Outside London","Unknown","85","[c]","29220","28200"
"New entrant CS","2022","HM Prison and Probation Service","Mid Lancashire","Outside London","AA","15","[c]","20490","20890"
"New entrant CS","2022","HM Prison and Probation Service","Mid Lancashire","Outside London","AO","30","[c]","22410","23140"
"New entrant CS","2022","HM Prison and Probation Service","Mid Lancashire","Outside London","HEO","[c]","[c]","[c]","[c]"
"New entrant CS","2022","HM Prison and Probation Service","Mid Lancashire","Outside London","SEO","5","[c]","[c]","[c]"
"New entrant CS","2022","HM Prison and Probation Service","Mid Lancashire","Outside London","Unknown","110","[c]","29830","26310"
"New entrant CS","2022","HM Prison and Probation Service","Milton Keynes","Outside London","AA","25","[c]","21040","21790"
"New entrant CS","2022","HM Prison and Probation Service","Milton Keynes","Outside London","AO","95","[c]","27710","28140"
"New entrant CS","2022","HM Prison and Probation Service","Milton Keynes","Outside London","EO","[c]","[c]","[c]","[c]"
"New entrant CS","2022","HM Prison and Probation Service","Milton Keynes","Outside London","HEO","[c]","[c]","[c]","[c]"
"New entrant CS","2022","HM Prison and Probation Service","Milton Keynes","Outside London","Unknown","40","[c]","28880","26310"
"New entrant CS","2022","HM Prison and Probation Service","Monmouthshire and Newport","Outside London","AA","10","[c]","[c]","[c]"
"New entrant CS","2022","HM Prison and Probation Service","Monmouthshire and Newport","Outside London","AO","20","[c]","21720","19780"
"New entrant CS","2022","HM Prison and Probation Service","Monmouthshire and Newport","Outside London","EO","[c]","[c]","[c]","[c]"
"New entrant CS","2022","HM Prison and Probation Service","Monmouthshire and Newport","Outside London","HEO","[c]","[c]","[c]","[c]"
"New entrant CS","2022","HM Prison and Probation Service","Monmouthshire and Newport","Outside London","Unknown","40","[c]","29520","26820"
"New entrant CS","2022","HM Prison and Probation Service","North and North East Lincolnshire","Outside London","Unknown","45","[c]","29480","28200"
"New entrant CS","2022","HM Prison and Probation Service","North and West Norfolk","Outside London","AA","10","[c]","[c]","[c]"
"New entrant CS","2022","HM Prison and Probation Service","North and West Norfolk","Outside London","AO","15","[c]","22800","23140"
"New entrant CS","2022","HM Prison and Probation Service","North and West Norfolk","Outside London","EO","[c]","[c]","[c]","[c]"
"New entrant CS","2022","HM Prison and Probation Service","North and West Norfolk","Outside London","Unknown","15","[c]","26000","25560"
"New entrant CS","2022","HM Prison and Probation Service","North Hampshire","Outside London","Unknown","45","[c]","27430","24800"
"New entrant CS","2022","HM Prison and Probation Service","North Northamptonshire","Outside London","Unknown","30","[c]","28420","28200"
"New entrant CS","2022","HM Prison and Probation Service","North Nottinghamshire","Outside London","AA","25","[c]","20750","20890"
"New entrant CS","2022","HM Prison and Probation Service","North Nottinghamshire","Outside London","AO","35","[c]","21800","23140"
"New entrant CS","2022","HM Prison and Probation Service","North Nottinghamshire","Outside London","EO","[c]","[c]","[c]","[c]"
"New entrant CS","2022","HM Prison and Probation Service","North Nottinghamshire","Outside London","HEO","[c]","[c]","[c]","[c]"
"New entrant CS","2022","HM Prison and Probation Service","North Nottinghamshire","Outside London","SEO","[c]","[c]","[c]","[c]"
"New entrant CS","2022","HM Prison and Probation Service","North Nottinghamshire","Outside London","Unknown","70","[c]","27310","25480"
"New entrant CS","2022","HM Prison and Probation Service","North Yorkshire CC","Outside London","Unknown","25","[c]","28180","26310"
"New entrant CS","2022","HM Prison and Probation Service","Northumberland","Outside London","HEO","[c]","[c]","[c]","[c]"
"New entrant CS","2022","HM Prison and Probation Service","Northumberland","Outside London","Unknown","30","[c]","29480","28200"
"New entrant CS","2022","HM Prison and Probation Service","Norwich and East Norfolk","Outside London","AA","15","[c]","20460","20890"
"New entrant CS","2022","HM Prison and Probation Service","Norwich and East Norfolk","Outside London","AO","75","[c]","22760","23140"
"New entrant CS","2022","HM Prison and Probation Service","Norwich and East Norfolk","Outside London","EO","[c]","[c]","[c]","[c]"
"New entrant CS","2022","HM Prison and Probation Service","Norwich and East Norfolk","Outside London","HEO","[c]","[c]","[c]","[c]"
"New entrant CS","2022","HM Prison and Probation Service","Norwich and East Norfolk","Outside London","SEO","[c]","[c]","[c]","[c]"
"New entrant CS","2022","HM Prison and Probation Service","Norwich and East Norfolk","Outside London","Unknown","190","[c]","22980","18870"
"New entrant CS","2022","HM Prison and Probation Service","Nottingham","Outside London","AA","15","[c]","20890","20890"
"New entrant CS","2022","HM Prison and Probation Service","Nottingham","Outside London","AO","60","[c]","22790","23140"
"New entrant CS","2022","HM Prison and Probation Service","Nottingham","Outside London","EO","[c]","[c]","[c]","[c]"
"New entrant CS","2022","HM Prison and Probation Service","Nottingham","Outside London","HEO","[c]","[c]","[c]","[c]"
"New entrant CS","2022","HM Prison and Probation Service","Nottingham","Outside London","Unknown","115","[c]","28160","26090"
"New entrant CS","2022","HM Prison and Probation Service","Oxfordshire CC","Outside London","AA","20","[c]","21670","21790"
"New entrant CS","2022","HM Prison and Probation Service","Oxfordshire CC","Outside London","AO","70","[c]","26870","28140"
"New entrant CS","2022","HM Prison and Probation Service","Oxfordshire CC","Outside London","EO","5","[c]","[c]","[c]"
"New entrant CS","2022","HM Prison and Probation Service","Oxfordshire CC","Outside London","HEO","[c]","[c]","[c]","[c]"
"New entrant CS","2022","HM Prison and Probation Service","Oxfordshire CC","Outside London","SEO","[c]","[c]","[c]","[c]"
"New entrant CS","2022","HM Prison and Probation Service","Oxfordshire CC","Outside London","Unknown","115","[c]","29970","25790"
"New entrant CS","2022","HM Prison and Probation Service","Peterborough","Outside London","EO","[c]","[c]","[c]","[c]"
"New entrant CS","2022","HM Prison and Probation Service","Peterborough","Outside London","Unknown","65","[c]","29540","27860"
"New entrant CS","2022","HM Prison and Probation Service","Plymouth","Outside London","SEO","[c]","[c]","[c]","[c]"
"New entrant CS","2022","HM Prison and Probation Service","Plymouth","Outside London","Unknown","65","[c]","26080","24090"
"New entrant CS","2022","HM Prison and Probation Service","Portsmouth","Outside London","Unknown","55","[c]","26990","24800"
"New entrant CS","2022","HM Prison and Probation Service","Powys","Outside London","Unknown","10","[c]","[c]","[c]"
"New entrant CS","2022","HM Prison and Probation Service","Redbridge and Waltham Forest","London","Unknown","80","[c]","33760","32090"
"New entrant CS","2022","HM Prison and Probation Service","Sandwell","Outside London","Unknown","45","[c]","28450","28200"
"New entrant CS","2022","HM Prison and Probation Service","Sefton","Outside London","SEO","5","[c]","[c]","[c]"
"New entrant CS","2022","HM Prison and Probation Service","Sefton","Outside London","Unknown","80","[c]","26880","24090"
"New entrant CS","2022","HM Prison and Probation Service","Sheffield","Outside London","SEO","[c]","[c]","[c]","[c]"
"New entrant CS","2022","HM Prison and Probation Service","Sheffield","Outside London","Unknown","130","[c]","28870","28200"
"New entrant CS","2022","HM Prison and Probation Service","Shropshire","Outside London","AA","10","[c]","[c]","[c]"
"New entrant CS","2022","HM Prison and Probation Service","Shropshire","Outside London","AO","15","[c]","23470","24430"
"New entrant CS","2022","HM Prison and Probation Service","Shropshire","Outside London","EO","[c]","[c]","[c]","[c]"
"New entrant CS","2022","HM Prison and Probation Service","Shropshire","Outside London","Unknown","20","[c]","28130","26150"
"New entrant CS","2022","HM Prison and Probation Service","Somerset CC","Outside London","Unknown","80","[c]","27600","24090"
"New entrant CS","2022","HM Prison and Probation Service","South and West Derbyshire","Outside London","AA","15","[c]","20890","20890"
"New entrant CS","2022","HM Prison and Probation Service","South and West Derbyshire","Outside London","AO","40","[c]","22690","23140"
"New entrant CS","2022","HM Prison and Probation Service","South and West Derbyshire","Outside London","EO","[c]","[c]","[c]","[c]"
"New entrant CS","2022","HM Prison and Probation Service","South and West Derbyshire","Outside London","HEO","[c]","[c]","[c]","[c]"
"New entrant CS","2022","HM Prison and Probation Service","South and West Derbyshire","Outside London","Unknown","20","[c]","25830","24800"
"New entrant CS","2022","HM Prison and Probation Service","South Hampshire","Outside London","Unknown","45","[c]","30250","24980"
"New entrant CS","2022","HM Prison and Probation Service","South Nottinghamshire","Outside London","AA","10","[c]","20890","20890"
"New entrant CS","2022","HM Prison and Probation Service","South Nottinghamshire","Outside London","AO","45","[c]","22920","23140"
"New entrant CS","2022","HM Prison and Probation Service","South Nottinghamshire","Outside London","EO","5","[c]","[c]","[c]"
"New entrant CS","2022","HM Prison and Probation Service","South Nottinghamshire","Outside London","HEO","5","[c]","[c]","[c]"
"New entrant CS","2022","HM Prison and Probation Service","South Nottinghamshire","Outside London","Unknown","[c]","[c]","[c]","[c]"
"New entrant CS","2022","HM Prison and Probation Service","South Teesside","Outside London","Unknown","50","[c]","28700","28200"
"New entrant CS","2022","HM Prison and Probation Service","South West Wales","Outside London","Unknown","35","[c]","26400","24090"
"New entrant CS","2022","HM Prison and Probation Service","Southampton","Outside London","SEO","[c]","[c]","[c]","[c]"
"New entrant CS","2022","HM Prison and Probation Service","Southampton","Outside London","Unknown","75","[c]","28130","24800"
"New entrant CS","2022","HM Prison and Probation Service","Southend-on-Sea","Outside London","Unknown","70","[c]","28450","25560"
"New entrant CS","2022","HM Prison and Probation Service","Staffordshire CC","Outside London","AA","55","[c]","20890","20890"
"New entrant CS","2022","HM Prison and Probation Service","Staffordshire CC","Outside London","AO","205","[c]","22860","23140"
"New entrant CS","2022","HM Prison and Probation Service","Staffordshire CC","Outside London","EO","10","[c]","25160","24620"
"New entrant CS","2022","HM Prison and Probation Service","Staffordshire CC","Outside London","HEO","10","[c]","[c]","[c]"
"New entrant CS","2022","HM Prison and Probation Service","Staffordshire CC","Outside London","SEO","[c]","[c]","[c]","[c]"
"New entrant CS","2022","HM Prison and Probation Service","Staffordshire CC","Outside London","Unknown","85","[c]","26400","24770"
"New entrant CS","2022","HM Prison and Probation Service","Stoke-on-Trent","Outside London","Unknown","65","[c]","26850","24800"
"New entrant CS","2022","HM Prison and Probation Service","Suffolk CC","Outside London","AA","55","[c]","21270","21790"
"New entrant CS","2022","HM Prison and Probation Service","Suffolk CC","Outside London","AO","90","[c]","25400","25710"
"New entrant CS","2022","HM Prison and Probation Service","Suffolk CC","Outside London","EO","5","[c]","[c]","[c]"
"New entrant CS","2022","HM Prison and Probation Service","Suffolk CC","Outside London","HEO","5","[c]","[c]","[c]"
"New entrant CS","2022","HM Prison and Probation Service","Suffolk CC","Outside London","Unknown","110","[c]","29050","25370"
"New entrant CS","2022","HM Prison and Probation Service","Sunderland","Outside London","Unknown","50","[c]","28300","26430"
"New entrant CS","2022","HM Prison and Probation Service","Swansea","Outside London","AA","10","[c]","[c]","[c]"
"New entrant CS","2022","HM Prison and Probation Service","Swansea","Outside London","AO","20","[c]","22960","23140"
"New entrant CS","2022","HM Prison and Probation Service","Swansea","Outside London","EO","[c]","[c]","[c]","[c]"
"New entrant CS","2022","HM Prison and Probation Service","Swansea","Outside London","G7","[c]","[c]","[c]","[c]"
"New entrant CS","2022","HM Prison and Probation Service","Swansea","Outside London","HEO","[c]","[c]","[c]","[c]"
"New entrant CS","2022","HM Prison and Probation Service","Swansea","Outside London","Unknown","60","[c]","23800","23170"
"New entrant CS","2022","HM Prison and Probation Service","Swindon","Outside London","SEO","[c]","[c]","[c]","[c]"
"New entrant CS","2022","HM Prison and Probation Service","Swindon","Outside London","Unknown","45","[c]","27570","24090"
"New entrant CS","2022","HM Prison and Probation Service","Telford and Wrekin","Outside London","Unknown","40","[c]","30320","24800"
"New entrant CS","2022","HM Prison and Probation Service","Torbay","Outside London","Unknown","35","[c]","28430","26560"
"New entrant CS","2022","HM Prison and Probation Service","Tower Hamlets","London","HEO","[c]","[c]","[c]","[c]"
"New entrant CS","2022","HM Prison and Probation Service","Tower Hamlets","London","Unknown","35","[c]","31780","27060"
"New entrant CS","2022","HM Prison and Probation Service","Tyneside","Outside London","AA","[c]","[c]","[c]","[c]"
"New entrant CS","2022","HM Prison and Probation Service","Tyneside","Outside London","AO","[c]","[c]","[c]","[c]"
"New entrant CS","2022","HM Prison and Probation Service","Tyneside","Outside London","SEO","[c]","[c]","[c]","[c]"
"New entrant CS","2022","HM Prison and Probation Service","Tyneside","Outside London","Unknown","185","[c]","27760","26310"
"New entrant CS","2022","HM Prison and Probation Service","Unknown","Unknown","AA","10","[c]","[c]","[c]"
"New entrant CS","2022","HM Prison and Probation Service","Unknown","Unknown","AO","15","[c]","23330","23140"
"New entrant CS","2022","HM Prison and Probation Service","Unknown","Unknown","EO","[c]","[c]","[c]","[c]"
"New entrant CS","2022","HM Prison and Probation Service","Unknown","Unknown","HEO","[c]","[c]","[c]","[c]"
"New entrant CS","2022","HM Prison and Probation Service","Unknown","Unknown","SEO","[c]","[c]","[c]","[c]"
"New entrant CS","2022","HM Prison and Probation Service","Unknown","Unknown","Unknown","240","[c]","31700","28200"
"New entrant CS","2022","HM Prison and Probation Service","Wakefield","Outside London","AA","25","[c]","20760","20890"
"New entrant CS","2022","HM Prison and Probation Service","Wakefield","Outside London","AO","75","[c]","23300","23140"
"New entrant CS","2022","HM Prison and Probation Service","Wakefield","Outside London","EO","[c]","[c]","[c]","[c]"
"New entrant CS","2022","HM Prison and Probation Service","Wakefield","Outside London","HEO","[c]","[c]","[c]","[c]"
"New entrant CS","2022","HM Prison and Probation Service","Wakefield","Outside London","SEO","5","[c]","[c]","[c]"
"New entrant CS","2022","HM Prison and Probation Service","Wakefield","Outside London","Unknown","100","[c]","27980","24800"
"New entrant CS","2022","HM Prison and Probation Service","Walsall","Outside London","Unknown","20","[c]","27100","24090"
"New entrant CS","2022","HM Prison and Probation Service","Wandsworth","London","AA","25","[c]","25570","25740"
"New entrant CS","2022","HM Prison and Probation Service","Wandsworth","London","AO","70","[c]","30190","30520"
"New entrant CS","2022","HM Prison and Probation Service","Wandsworth","London","EO","[c]","[c]","[c]","[c]"
"New entrant CS","2022","HM Prison and Probation Service","Wandsworth","London","HEO","[c]","[c]","[c]","[c]"
"New entrant CS","2022","HM Prison and Probation Service","Wandsworth","London","Unknown","25","[c]","32100","27520"
"New entrant CS","2022","HM Prison and Probation Service","Warrington","Outside London","AA","30","[c]","20810","20890"
"New entrant CS","2022","HM Prison and Probation Service","Warrington","Outside London","AO","50","[c]","22530","23140"
"New entrant CS","2022","HM Prison and Probation Service","Warrington","Outside London","EO","[c]","[c]","[c]","[c]"
"New entrant CS","2022","HM Prison and Probation Service","Warrington","Outside London","G6","[c]","[c]","[c]","[c]"
"New entrant CS","2022","HM Prison and Probation Service","Warrington","Outside London","HEO","5","[c]","[c]","[c]"
"New entrant CS","2022","HM Prison and Probation Service","Warrington","Outside London","Unknown","20","[c]","27460","25480"
"New entrant CS","2022","HM Prison and Probation Service","Warwickshire CC","Outside London","SEO","[c]","[c]","[c]","[c]"
"New entrant CS","2022","HM Prison and Probation Service","Warwickshire CC","Outside London","Unknown","60","[c]","29180","24800"
"New entrant CS","2022","HM Prison and Probation Service","West Cumbria","Outside London","AO","5","[c]","[c]","[c]"
"New entrant CS","2022","HM Prison and Probation Service","West Cumbria","Outside London","EO","[c]","[c]","[c]","[c]"
"New entrant CS","2022","HM Prison and Probation Service","West Cumbria","Outside London","HEO","[c]","[c]","[c]","[c]"
"New entrant CS","2022","HM Prison and Probation Service","West Cumbria","Outside London","SEO","[c]","[c]","[c]","[c]"
"New entrant CS","2022","HM Prison and Probation Service","West Cumbria","Outside London","Unknown","30","[c]","27750","27140"
"New entrant CS","2022","HM Prison and Probation Service","West Essex","Outside London","Unknown","15","[c]","26660","26310"
"New entrant CS","2022","HM Prison and Probation Service","West Kent","Outside London","Unknown","15","[c]","27790","26410"
"New entrant CS","2022","HM Prison and Probation Service","West Northamptonshire","Outside London","AA","15","[c]","20590","20890"
"New entrant CS","2022","HM Prison and Probation Service","West Northamptonshire","Outside London","AO","35","[c]","22780","23140"
"New entrant CS","2022","HM Prison and Probation Service","West Northamptonshire","Outside London","EO","5","[c]","[c]","[c]"
"New entrant CS","2022","HM Prison and Probation Service","West Northamptonshire","Outside London","HEO","[c]","[c]","[c]","[c]"
"New entrant CS","2022","HM Prison and Probation Service","West Northamptonshire","Outside London","Unknown","60","[c]","29180","25080"
"New entrant CS","2022","HM Prison and Probation Service","West Surrey","Outside London","AA","25","[c]","21350","21790"
"New entrant CS","2022","HM Prison and Probation Service","West Surrey","Outside London","AO","75","[c]","27110","28140"
"New entrant CS","2022","HM Prison and Probation Service","West Surrey","Outside London","EO","[c]","[c]","[c]","[c]"
"New entrant CS","2022","HM Prison and Probation Service","West Surrey","Outside London","HEO","[c]","[c]","[c]","[c]"
"New entrant CS","2022","HM Prison and Probation Service","West Surrey","Outside London","SEO","[c]","[c]","[c]","[c]"
"New entrant CS","2022","HM Prison and Probation Service","West Surrey","Outside London","Unknown","90","[c]","29950","27060"
"New entrant CS","2022","HM Prison and Probation Service","West Sussex (North East)","Outside London","Unknown","30","[c]","27420","24800"
"New entrant CS","2022","HM Prison and Probation Service","West Sussex (South West)","Outside London","AA","10","[c]","[c]","[c]"
"New entrant CS","2022","HM Prison and Probation Service","West Sussex (South West)","Outside London","AO","20","[c]","22150","23140"
"New entrant CS","2022","HM Prison and Probation Service","West Sussex (South West)","Outside London","EO","[c]","[c]","[c]","[c]"
"New entrant CS","2022","HM Prison and Probation Service","West Sussex (South West)","Outside London","HEO","[c]","[c]","[c]","[c]"
"New entrant CS","2022","HM Prison and Probation Service","West Sussex (South West)","Outside London","Unknown","45","[c]","28750","25970"
"New entrant CS","2022","HM Prison and Probation Service","Westminster","London","AA","[c]","[c]","[c]","[c]"
"New entrant CS","2022","HM Prison and Probation Service","Westminster","London","AO","5","[c]","[c]","[c]"
"New entrant CS","2022","HM Prison and Probation Service","Westminster","London","EO","5","[c]","[c]","[c]"
"New entrant CS","2022","HM Prison and Probation Service","Westminster","London","G6","[c]","[c]","[c]","[c]"
"New entrant CS","2022","HM Prison and Probation Service","Westminster","London","HEO","10","[c]","[c]","[c]"
"New entrant CS","2022","HM Prison and Probation Service","Westminster","London","SEO","5","[c]","[c]","[c]"
"New entrant CS","2022","HM Prison and Probation Service","Westminster","London","Unknown","5","[c]","[c]","[c]"
"New entrant CS","2022","HM Prison and Probation Service","Wiltshire","Outside London","AA","25","[c]","20600","20890"
"New entrant CS","2022","HM Prison and Probation Service","Wiltshire","Outside London","AO","45","[c]","25280","26140"
"New entrant CS","2022","HM Prison and Probation Service","Wiltshire","Outside London","EO","[c]","[c]","[c]","[c]"
"New entrant CS","2022","HM Prison and Probation Service","Wiltshire","Outside London","HEO","[c]","[c]","[c]","[c]"
"New entrant CS","2022","HM Prison and Probation Service","Wiltshire","Outside London","Unknown","45","[c]","29000","26810"
"New entrant CS","2022","HM Prison and Probation Service","Wirral","Outside London","Unknown","75","[c]","27510","24850"
"New entrant CS","2022","HM Prison and Probation Service","Wolverhampton","Outside London","Unknown","85","[c]","28970","26310"
"New entrant CS","2022","HM Prison and Probation Service","Worcestershire CC","Outside London","AA","35","[c]","20600","20890"
"New entrant CS","2022","HM Prison and Probation Service","Worcestershire CC","Outside London","AO","100","[c]","23020","23140"
"New entrant CS","2022","HM Prison and Probation Service","Worcestershire CC","Outside London","EO","[c]","[c]","[c]","[c]"
"New entrant CS","2022","HM Prison and Probation Service","Worcestershire CC","Outside London","HEO","[c]","[c]","[c]","[c]"
"New entrant CS","2022","HM Prison and Probation Service","Worcestershire CC","Outside London","SEO","[c]","[c]","[c]","[c]"
"New entrant CS","2022","HM Prison and Probation Service","Worcestershire CC","Outside London","Unknown","90","[c]","28850","26350"
"New entrant CS","2022","HM Prison and Probation Service","York","Outside London","AA","[c]","[c]","[c]","[c]"
"New entrant CS","2022","HM Prison and Probation Service","York","Outside London","AO","[c]","[c]","[c]","[c]"
"New entrant CS","2022","HM Prison and Probation Service","York","Outside London","EO","[c]","[c]","[c]","[c]"
"New entrant CS","2022","HM Prison and Probation Service","York","Outside London","HEO","[c]","[c]","[c]","[c]"
"New entrant CS","2022","HM Prison and Probation Service","York","Outside London","SEO","[c]","[c]","[c]","[c]"
"New entrant CS","2022","HM Prison and Probation Service","York","Outside London","Unknown","70","[c]","26660","24800"
"New entrant CS","2022","HM Revenue and Customs (excl. agencies)","Belfast","Outside London","AO","205","[c]","21250","21250"
"New entrant CS","2022","HM Revenue and Customs (excl. agencies)","Belfast","Outside London","EO","110","[c]","26440","26590"
"New entrant CS","2022","HM Revenue and Customs (excl. agencies)","Belfast","Outside London","G7","10","[c]","[c]","[c]"
"New entrant CS","2022","HM Revenue and Customs (excl. agencies)","Belfast","Outside London","HEO","105","[c]","33090","33080"
"New entrant CS","2022","HM Revenue and Customs (excl. agencies)","Belfast","Outside London","SCS level","[c]","[c]","[c]","[c]"
"New entrant CS","2022","HM Revenue and Customs (excl. agencies)","Belfast","Outside London","SEO","10","[c]","40210","40180"
"New entrant CS","2022","HM Revenue and Customs (excl. agencies)","Birmingham","Outside London","AO","340","[c]","21250","21250"
"New entrant CS","2022","HM Revenue and Customs (excl. agencies)","Birmingham","Outside London","EO","230","[c]","26610","26590"
"New entrant CS","2022","HM Revenue and Customs (excl. agencies)","Birmingham","Outside London","G7","[c]","[c]","[c]","[c]"
"New entrant CS","2022","HM Revenue and Customs (excl. agencies)","Birmingham","Outside London","HEO","120","[c]","33040","33080"
"New entrant CS","2022","HM Revenue and Customs (excl. agencies)","Birmingham","Outside London","SEO","10","[c]","40180","40180"
"New entrant CS","2022","HM Revenue and Customs (excl. agencies)","Bradford","Outside London","AO","325","[c]","21250","21250"
"New entrant CS","2022","HM Revenue and Customs (excl. agencies)","Bradford","Outside London","EO","[c]","[c]","[c]","[c]"
"New entrant CS","2022","HM Revenue and Customs (excl. agencies)","Bristol, City of","Outside London","AO","5","[c]","[c]","[c]"
"New entrant CS","2022","HM Revenue and Customs (excl. agencies)","Bristol, City of","Outside London","EO","40","[c]","26600","26590"
"New entrant CS","2022","HM Revenue and Customs (excl. agencies)","Bristol, City of","Outside London","G6","[c]","[c]","[c]","[c]"
"New entrant CS","2022","HM Revenue and Customs (excl. agencies)","Bristol, City of","Outside London","G7","5","[c]","[c]","[c]"
"New entrant CS","2022","HM Revenue and Customs (excl. agencies)","Bristol, City of","Outside London","HEO","50","[c]","33120","33080"
"New entrant CS","2022","HM Revenue and Customs (excl. agencies)","Bristol, City of","Outside London","SCS level","[c]","[c]","[c]","[c]"
"New entrant CS","2022","HM Revenue and Customs (excl. agencies)","Bristol, City of","Outside London","SEO","5","[c]","[c]","[c]"
"New entrant CS","2022","HM Revenue and Customs (excl. agencies)","Cardiff and Vale of Glamorgan","Outside London","AO","270","[c]","21250","21250"
"New entrant CS","2022","HM Revenue and Customs (excl. agencies)","Cardiff and Vale of Glamorgan","Outside London","EO","115","[c]","26530","26590"
"New entrant CS","2022","HM Revenue and Customs (excl. agencies)","Cardiff and Vale of Glamorgan","Outside London","G6","[c]","[c]","[c]","[c]"
"New entrant CS","2022","HM Revenue and Customs (excl. agencies)","Cardiff and Vale of Glamorgan","Outside London","G7","5","[c]","[c]","[c]"
"New entrant CS","2022","HM Revenue and Customs (excl. agencies)","Cardiff and Vale of Glamorgan","Outside London","HEO","75","[c]","33120","33080"
"New entrant CS","2022","HM Revenue and Customs (excl. agencies)","Cardiff and Vale of Glamorgan","Outside London","SCS level","[c]","[c]","[c]","[c]"
"New entrant CS","2022","HM Revenue and Customs (excl. agencies)","Cardiff and Vale of Glamorgan","Outside London","SEO","10","[c]","[c]","[c]"
"New entrant CS","2022","HM Revenue and Customs (excl. agencies)","City of Edinburgh","Outside London","AO","275","[c]","21250","21250"
"New entrant CS","2022","HM Revenue and Customs (excl. agencies)","City of Edinburgh","Outside London","EO","85","[c]","26480","26590"
"New entrant CS","2022","HM Revenue and Customs (excl. agencies)","City of Edinburgh","Outside London","G6","[c]","[c]","[c]","[c]"
"New entrant CS","2022","HM Revenue and Customs (excl. agencies)","City of Edinburgh","Outside London","G7","5","[c]","[c]","[c]"
"New entrant CS","2022","HM Revenue and Customs (excl. agencies)","City of Edinburgh","Outside London","HEO","65","[c]","33110","33080"
"New entrant CS","2022","HM Revenue and Customs (excl. agencies)","City of Edinburgh","Outside London","SEO","5","[c]","[c]","[c]"
"New entrant CS","2022","HM Revenue and Customs (excl. agencies)","Croydon","London","AO","25","[c]","25330","25330"
"New entrant CS","2022","HM Revenue and Customs (excl. agencies)","Croydon","London","EO","95","[c]","30760","30750"
"New entrant CS","2022","HM Revenue and Customs (excl. agencies)","Croydon","London","G6","5","[c]","[c]","[c]"
"New entrant CS","2022","HM Revenue and Customs (excl. agencies)","Croydon","London","G7","5","[c]","[c]","[c]"
"New entrant CS","2022","HM Revenue and Customs (excl. agencies)","Croydon","London","HEO","85","[c]","37650","37610"
"New entrant CS","2022","HM Revenue and Customs (excl. agencies)","Croydon","London","SEO","10","[c]","[c]","[c]"
"New entrant CS","2022","HM Revenue and Customs (excl. agencies)","Durham","Outside London","AO","[c]","[c]","[c]","[c]"
"New entrant CS","2022","HM Revenue and Customs (excl. agencies)","East Kent","Outside London","AO","[c]","[c]","[c]","[c]"
"New entrant CS","2022","HM Revenue and Customs (excl. agencies)","East Kent","Outside London","EO","20","[c]","26590","26590"
"New entrant CS","2022","HM Revenue and Customs (excl. agencies)","East Kent","Outside London","SEO","[c]","[c]","[c]","[c]"
"New entrant CS","2022","HM Revenue and Customs (excl. agencies)","Glasgow City","Outside London","AO","15","[c]","21250","21250"
"New entrant CS","2022","HM Revenue and Customs (excl. agencies)","Glasgow City","Outside London","EO","65","[c]","26620","26590"
"New entrant CS","2022","HM Revenue and Customs (excl. agencies)","Glasgow City","Outside London","G6","[c]","[c]","[c]","[c]"
"New entrant CS","2022","HM Revenue and Customs (excl. agencies)","Glasgow City","Outside London","G7","[c]","[c]","[c]","[c]"
"New entrant CS","2022","HM Revenue and Customs (excl. agencies)","Glasgow City","Outside London","HEO","85","[c]","33090","33080"
"New entrant CS","2022","HM Revenue and Customs (excl. agencies)","Glasgow City","Outside London","SEO","5","[c]","[c]","[c]"
"New entrant CS","2022","HM Revenue and Customs (excl. agencies)","Greater Manchester South West","Outside London","AO","460","[c]","21250","21250"
"New entrant CS","2022","HM Revenue and Customs (excl. agencies)","Greater Manchester South West","Outside London","EO","230","[c]","26470","26590"
"New entrant CS","2022","HM Revenue and Customs (excl. agencies)","Greater Manchester South West","Outside London","G6","[c]","[c]","[c]","[c]"
"New entrant CS","2022","HM Revenue and Customs (excl. agencies)","Greater Manchester South West","Outside London","G7","25","[c]","52330","52080"
"New entrant CS","2022","HM Revenue and Customs (excl. agencies)","Greater Manchester South West","Outside London","HEO","120","[c]","32950","33080"
"New entrant CS","2022","HM Revenue and Customs (excl. agencies)","Greater Manchester South West","Outside London","SCS level","[c]","[c]","[c]","[c]"
"New entrant CS","2022","HM Revenue and Customs (excl. agencies)","Greater Manchester South West","Outside London","SEO","20","[c]","40590","40180"
"New entrant CS","2022","HM Revenue and Customs (excl. agencies)","Gwynedd","Outside London","AO","5","[c]","[c]","[c]"
"New entrant CS","2022","HM Revenue and Customs (excl. agencies)","Hackney and Newham","London","AO","15","[c]","25330","25330"
"New entrant CS","2022","HM Revenue and Customs (excl. agencies)","Hackney and Newham","London","EO","175","[c]","30740","30750"
"New entrant CS","2022","HM Revenue and Customs (excl. agencies)","Hackney and Newham","London","G6","[c]","[c]","[c]","[c]"
"New entrant CS","2022","HM Revenue and Customs (excl. agencies)","Hackney and Newham","London","G7","30","[c]","58740","58600"
"New entrant CS","2022","HM Revenue and Customs (excl. agencies)","Hackney and Newham","London","HEO","155","[c]","37640","37610"
"New entrant CS","2022","HM Revenue and Customs (excl. agencies)","Hackney and Newham","London","SCS level","[c]","[c]","[c]","[c]"
"New entrant CS","2022","HM Revenue and Customs (excl. agencies)","Hackney and Newham","London","SEO","25","[c]","43460","43430"
"New entrant CS","2022","HM Revenue and Customs (excl. agencies)","Harrow and Hillingdon","London","AO","10","[c]","24920","25330"
"New entrant CS","2022","HM Revenue and Customs (excl. agencies)","Leeds","Outside London","AO","115","[c]","21250","21250"
"New entrant CS","2022","HM Revenue and Customs (excl. agencies)","Leeds","Outside London","EO","220","[c]","26610","26590"
"New entrant CS","2022","HM Revenue and Customs (excl. agencies)","Leeds","Outside London","G6","[c]","[c]","[c]","[c]"
"New entrant CS","2022","HM Revenue and Customs (excl. agencies)","Leeds","Outside London","G7","10","[c]","[c]","[c]"
"New entrant CS","2022","HM Revenue and Customs (excl. agencies)","Leeds","Outside London","HEO","110","[c]","33050","33080"
"New entrant CS","2022","HM Revenue and Customs (excl. agencies)","Leeds","Outside London","SCS level","[c]","[c]","[c]","[c]"
"New entrant CS","2022","HM Revenue and Customs (excl. agencies)","Leeds","Outside London","SEO","25","[c]","40200","40180"
"New entrant CS","2022","HM Revenue and Customs (excl. agencies)","Liverpool","Outside London","AO","665","[c]","21250","21250"
"New entrant CS","2022","HM Revenue and Customs (excl. agencies)","Liverpool","Outside London","EO","145","[c]","26420","26590"
"New entrant CS","2022","HM Revenue and Customs (excl. agencies)","Liverpool","Outside London","G6","[c]","[c]","[c]","[c]"
"New entrant CS","2022","HM Revenue and Customs (excl. agencies)","Liverpool","Outside London","HEO","115","[c]","33080","33080"
"New entrant CS","2022","HM Revenue and Customs (excl. agencies)","Liverpool","Outside London","SCS level","[c]","[c]","[c]","[c]"
"New entrant CS","2022","HM Revenue and Customs (excl. agencies)","Liverpool","Outside London","SEO","5","[c]","[c]","[c]"
"New entrant CS","2022","HM Revenue and Customs (excl. agencies)","Manchester","Outside London","AO","25","[c]","21250","21250"
"New entrant CS","2022","HM Revenue and Customs (excl. agencies)","Manchester","Outside London","EO","110","[c]","26610","26590"
"New entrant CS","2022","HM Revenue and Customs (excl. agencies)","Manchester","Outside London","G6","[c]","[c]","[c]","[c]"
"New entrant CS","2022","HM Revenue and Customs (excl. agencies)","Manchester","Outside London","G7","[c]","[c]","[c]","[c]"
"New entrant CS","2022","HM Revenue and Customs (excl. agencies)","Manchester","Outside London","HEO","75","[c]","33130","33080"
"New entrant CS","2022","HM Revenue and Customs (excl. agencies)","Manchester","Outside London","SEO","10","[c]","[c]","[c]"
"New entrant CS","2022","HM Revenue and Customs (excl. agencies)","Mid Lancashire","Outside London","G6","[c]","[c]","[c]","[c]"
"New entrant CS","2022","HM Revenue and Customs (excl. agencies)","Mid Lancashire","Outside London","HEO","[c]","[c]","[c]","[c]"
"New entrant CS","2022","HM Revenue and Customs (excl. agencies)","Mid Lancashire","Outside London","SEO","[c]","[c]","[c]","[c]"
"New entrant CS","2022","HM Revenue and Customs (excl. agencies)","North Lanarkshire","Outside London","AO","40","[c]","21250","21250"
"New entrant CS","2022","HM Revenue and Customs (excl. agencies)","North Lanarkshire","Outside London","EO","25","[c]","26630","26590"
"New entrant CS","2022","HM Revenue and Customs (excl. agencies)","North Lanarkshire","Outside London","HEO","10","[c]","[c]","[c]"
"New entrant CS","2022","HM Revenue and Customs (excl. agencies)","Nottingham","Outside London","AO","150","[c]","21250","21250"
"New entrant CS","2022","HM Revenue and Customs (excl. agencies)","Nottingham","Outside London","EO","255","[c]","26580","26590"
"New entrant CS","2022","HM Revenue and Customs (excl. agencies)","Nottingham","Outside London","G7","5","[c]","[c]","[c]"
"New entrant CS","2022","HM Revenue and Customs (excl. agencies)","Nottingham","Outside London","HEO","120","[c]","33050","33080"
"New entrant CS","2022","HM Revenue and Customs (excl. agencies)","Nottingham","Outside London","SEO","10","[c]","40410","40180"
"New entrant CS","2022","HM Revenue and Customs (excl. agencies)","Portsmouth","Outside London","AO","50","[c]","21250","21250"
"New entrant CS","2022","HM Revenue and Customs (excl. agencies)","Portsmouth","Outside London","EO","[c]","[c]","[c]","[c]"
"New entrant CS","2022","HM Revenue and Customs (excl. agencies)","Portsmouth","Outside London","HEO","[c]","[c]","[c]","[c]"
"New entrant CS","2022","HM Revenue and Customs (excl. agencies)","Sefton","Outside London","AO","5","[c]","[c]","[c]"
"New entrant CS","2022","HM Revenue and Customs (excl. agencies)","Sefton","Outside London","EO","15","[c]","26190","26590"
"New entrant CS","2022","HM Revenue and Customs (excl. agencies)","Sefton","Outside London","HEO","15","[c]","33200","33080"
"New entrant CS","2022","HM Revenue and Customs (excl. agencies)","South Lanarkshire","Outside London","AO","225","[c]","21250","21250"
"New entrant CS","2022","HM Revenue and Customs (excl. agencies)","South Lanarkshire","Outside London","EO","[c]","[c]","[c]","[c]"
"New entrant CS","2022","HM Revenue and Customs (excl. agencies)","South Lanarkshire","Outside London","G7","[c]","[c]","[c]","[c]"
"New entrant CS","2022","HM Revenue and Customs (excl. agencies)","South Lanarkshire","Outside London","HEO","[c]","[c]","[c]","[c]"
"New entrant CS","2022","HM Revenue and Customs (excl. agencies)","Southend-on-Sea","Outside London","AO","[c]","[c]","[c]","[c]"
"New entrant CS","2022","HM Revenue and Customs (excl. agencies)","Southend-on-Sea","Outside London","EO","5","[c]","[c]","[c]"
"New entrant CS","2022","HM Revenue and Customs (excl. agencies)","Southend-on-Sea","Outside London","HEO","10","[c]","[c]","[c]"
"New entrant CS","2022","HM Revenue and Customs (excl. agencies)","Southend-on-Sea","Outside London","SEO","[c]","[c]","[c]","[c]"
"New entrant CS","2022","HM Revenue and Customs (excl. agencies)","Suffolk CC","Outside London","AO","25","[c]","21250","21250"
"New entrant CS","2022","HM Revenue and Customs (excl. agencies)","Suffolk CC","Outside London","EO","10","[c]","26930","26590"
"New entrant CS","2022","HM Revenue and Customs (excl. agencies)","Suffolk CC","Outside London","HEO","[c]","[c]","[c]","[c]"
"New entrant CS","2022","HM Revenue and Customs (excl. agencies)","Sunderland","Outside London","AO","145","[c]","21250","21250"
"New entrant CS","2022","HM Revenue and Customs (excl. agencies)","Sunderland","Outside London","EO","15","[c]","26620","26590"
"New entrant CS","2022","HM Revenue and Customs (excl. agencies)","Sunderland","Outside London","G6","[c]","[c]","[c]","[c]"
"New entrant CS","2022","HM Revenue and Customs (excl. agencies)","Sunderland","Outside London","SEO","[c]","[c]","[c]","[c]"
"New entrant CS","2022","HM Revenue and Customs (excl. agencies)","Telford and Wrekin","Outside London","EO","10","[c]","26660","26590"
"New entrant CS","2022","HM Revenue and Customs (excl. agencies)","Telford and Wrekin","Outside London","G6","[c]","[c]","[c]","[c]"
"New entrant CS","2022","HM Revenue and Customs (excl. agencies)","Telford and Wrekin","Outside London","G7","15","[c]","54730","53120"
"New entrant CS","2022","HM Revenue and Customs (excl. agencies)","Telford and Wrekin","Outside London","HEO","10","[c]","33400","33080"
"New entrant CS","2022","HM Revenue and Customs (excl. agencies)","Telford and Wrekin","Outside London","SEO","20","[c]","40860","40520"
"New entrant CS","2022","HM Revenue and Customs (excl. agencies)","Tower Hamlets","London","EO","[c]","[c]","[c]","[c]"
"New entrant CS","2022","HM Revenue and Customs (excl. agencies)","Tower Hamlets","London","HEO","[c]","[c]","[c]","[c]"
"New entrant CS","2022","HM Revenue and Customs (excl. agencies)","Tower Hamlets","London","SEO","[c]","[c]","[c]","[c]"
"New entrant CS","2022","HM Revenue and Customs (excl. agencies)","Tyneside","Outside London","AO","395","[c]","21250","21250"
"New entrant CS","2022","HM Revenue and Customs (excl. agencies)","Tyneside","Outside London","EO","275","[c]","26570","26590"
"New entrant CS","2022","HM Revenue and Customs (excl. agencies)","Tyneside","Outside London","G6","5","[c]","[c]","[c]"
"New entrant CS","2022","HM Revenue and Customs (excl. agencies)","Tyneside","Outside London","G7","10","[c]","54040","53110"
"New entrant CS","2022","HM Revenue and Customs (excl. agencies)","Tyneside","Outside London","HEO","135","[c]","33000","33080"
"New entrant CS","2022","HM Revenue and Customs (excl. agencies)","Tyneside","Outside London","SEO","20","[c]","40210","40180"
"New entrant CS","2022","HM Revenue and Customs (excl. agencies)","Unknown","Unknown","AO","10","[c]","[c]","[c]"
"New entrant CS","2022","HM Revenue and Customs (excl. agencies)","Unknown","Unknown","SEO","[c]","[c]","[c]","[c]"
"New entrant CS","2022","HM Revenue and Customs (excl. agencies)","West Sussex (South West)","Outside London","EO","5","[c]","[c]","[c]"
"New entrant CS","2022","HM Revenue and Customs (excl. agencies)","West Sussex (South West)","Outside London","G6","[c]","[c]","[c]","[c]"
"New entrant CS","2022","HM Revenue and Customs (excl. agencies)","West Sussex (South West)","Outside London","G7","5","[c]","[c]","[c]"
"New entrant CS","2022","HM Revenue and Customs (excl. agencies)","West Sussex (South West)","Outside London","HEO","[c]","[c]","[c]","[c]"
"New entrant CS","2022","HM Revenue and Customs (excl. agencies)","West Sussex (South West)","Outside London","SEO","5","[c]","[c]","[c]"
"New entrant CS","2022","HM Revenue and Customs (excl. agencies)","Westminster","London","AO","[c]","[c]","[c]","[c]"
"New entrant CS","2022","HM Revenue and Customs (excl. agencies)","Westminster","London","EO","10","[c]","[c]","[c]"
"New entrant CS","2022","HM Revenue and Customs (excl. agencies)","Westminster","London","G6","[c]","[c]","[c]","[c]"
"New entrant CS","2022","HM Revenue and Customs (excl. agencies)","Westminster","London","G7","10","[c]","[c]","[c]"
"New entrant CS","2022","HM Revenue and Customs (excl. agencies)","Westminster","London","HEO","25","[c]","37610","37610"
"New entrant CS","2022","HM Revenue and Customs (excl. agencies)","Westminster","London","SCS level","[c]","[c]","[c]","[c]"
"New entrant CS","2022","HM Revenue and Customs (excl. agencies)","Westminster","London","SEO","15","[c]","43430","43430"
"New entrant CS","2022","HM Revenue and Customs (excl. agencies)","Westminster","London","Unknown","[c]","[c]","[c]","[c]"
"New entrant CS","2022","HM Treasury (excl. agencies)","Darlington","Outside London","AO","[c]","[c]","[c]","[c]"
"New entrant CS","2022","HM Treasury (excl. agencies)","Darlington","Outside London","EO","15","[c]","25220","24500"
"New entrant CS","2022","HM Treasury (excl. agencies)","Darlington","Outside London","G6","[c]","[c]","[c]","[c]"
"New entrant CS","2022","HM Treasury (excl. agencies)","Darlington","Outside London","G7","15","[c]","50410","49500"
"New entrant CS","2022","HM Treasury (excl. agencies)","Darlington","Outside London","HEO","30","[c]","29910","29320"
"New entrant CS","2022","HM Treasury (excl. agencies)","Norwich and East Norfolk","Outside London","AO","10","[c]","[c]","[c]"
"New entrant CS","2022","HM Treasury (excl. agencies)","Norwich and East Norfolk","Outside London","EO","5","[c]","[c]","[c]"
"New entrant CS","2022","HM Treasury (excl. agencies)","Norwich and East Norfolk","Outside London","G7","[c]","[c]","[c]","[c]"
"New entrant CS","2022","HM Treasury (excl. agencies)","Unknown","Unknown","G7","[c]","[c]","[c]","[c]"
"New entrant CS","2022","HM Treasury (excl. agencies)","Westminster","London","AO","40","[c]","22500","22750"
"New entrant CS","2022","HM Treasury (excl. agencies)","Westminster","London","EO","40","[c]","25230","26750"
"New entrant CS","2022","HM Treasury (excl. agencies)","Westminster","London","G6","[c]","[c]","[c]","[c]"
"New entrant CS","2022","HM Treasury (excl. agencies)","Westminster","London","G7","15","[c]","55880","57000"
"New entrant CS","2022","HM Treasury (excl. agencies)","Westminster","London","HEO","115","[c]","30450","28500"
"New entrant CS","2022","HM Treasury (excl. agencies)","Westminster","London","SCS level","[c]","[c]","[c]","[c]"
"New entrant CS","2022","Home Office","Aberdeen City and Aberdeenshire","Outside London","EO","[c]","[c]","[c]","[c]"
"New entrant CS","2022","Home Office","Antrim and Newtownabbey","Outside London","EO","[c]","[c]","[c]","[c]"
"New entrant CS","2022","Home Office","Antrim and Newtownabbey","Outside London","SEO","[c]","[c]","[c]","[c]"
"New entrant CS","2022","Home Office","Ards and North Down","Outside London","EO","5","[c]","[c]","[c]"
"New entrant CS","2022","Home Office","Barnet","London","EO","10","[c]","[c]","[c]"
"New entrant CS","2022","Home Office","Barnet","London","HEO","[c]","[c]","[c]","[c]"
"New entrant CS","2022","Home Office","Barnet","London","SEO","[c]","[c]","[c]","[c]"
"New entrant CS","2022","Home Office","Barnsley, Doncaster and Rotherham","Outside London","EO","10","[c]","[c]","[c]"
"New entrant CS","2022","Home Office","Barnsley, Doncaster and Rotherham","Outside London","SEO","[c]","[c]","[c]","[c]"
"New entrant CS","2022","Home Office","Bath and North East Somerset, North Somerset and South Gloucestershire","Outside London","EO","10","[c]","[c]","[c]"
"New entrant CS","2022","Home Office","Bath and North East Somerset, North Somerset and South Gloucestershire","Outside London","HEO","[c]","[c]","[c]","[c]"
"New entrant CS","2022","Home Office","Bedford","Outside London","AO","[c]","[c]","[c]","[c]"
"New entrant CS","2022","Home Office","Bedford","Outside London","EO","10","[c]","24880","24880"
"New entrant CS","2022","Home Office","Bedford","Outside London","SEO","[c]","[c]","[c]","[c]"
"New entrant CS","2022","Home Office","Belfast","Outside London","AO","[c]","[c]","[c]","[c]"
"New entrant CS","2022","Home Office","Belfast","Outside London","EO","10","[c]","24880","24880"
"New entrant CS","2022","Home Office","Belfast","Outside London","G7","[c]","[c]","[c]","[c]"
"New entrant CS","2022","Home Office","Belfast","Outside London","HEO","[c]","[c]","[c]","[c]"
"New entrant CS","2022","Home Office","Berkshire","Outside London","AO","5","[c]","[c]","[c]"
"New entrant CS","2022","Home Office","Birmingham","Outside London","EO","10","[c]","24880","24880"
"New entrant CS","2022","Home Office","Birmingham","Outside London","G6","[c]","[c]","[c]","[c]"
"New entrant CS","2022","Home Office","Bournemouth, Christchurch and Poole","Outside London","EO","[c]","[c]","[c]","[c]"
"New entrant CS","2022","Home Office","Bournemouth, Christchurch and Poole","Outside London","HEO","[c]","[c]","[c]","[c]"
"New entrant CS","2022","Home Office","Bournemouth, Christchurch and Poole","Outside London","SEO","[c]","[c]","[c]","[c]"
"New entrant CS","2022","Home Office","Bradford","Outside London","EO","5","[c]","[c]","[c]"
"New entrant CS","2022","Home Office","Brent","London","EO","[c]","[c]","[c]","[c]"
"New entrant CS","2022","Home Office","Brent","London","HEO","[c]","[c]","[c]","[c]"
"New entrant CS","2022","Home Office","Bridgend and Neath Port Talbot","Outside London","EO","[c]","[c]","[c]","[c]"
"New entrant CS","2022","Home Office","Brighton and Hove","Outside London","SEO","[c]","[c]","[c]","[c]"
"New entrant CS","2022","Home Office","Bristol, City of","Outside London","EO","[c]","[c]","[c]","[c]"
"New entrant CS","2022","Home Office","Calderdale and Kirklees","Outside London","EO","[c]","[c]","[c]","[c]"
"New entrant CS","2022","Home Office","Calderdale and Kirklees","Outside London","SEO","[c]","[c]","[c]","[c]"
"New entrant CS","2022","Home Office","Camden and City of London","London","EO","[c]","[c]","[c]","[c]"
"New entrant CS","2022","Home Office","Camden and City of London","London","G6","[c]","[c]","[c]","[c]"
"New entrant CS","2022","Home Office","Camden and City of London","London","HEO","[c]","[c]","[c]","[c]"
"New entrant CS","2022","Home Office","Camden and City of London","London","SEO","[c]","[c]","[c]","[c]"
"New entrant CS","2022","Home Office","Camden and City of London","London","Unknown","[c]","[c]","[c]","[c]"
"New entrant CS","2022","Home Office","Cardiff and Vale of Glamorgan","Outside London","AO","5","[c]","[c]","[c]"
"New entrant CS","2022","Home Office","Cardiff and Vale of Glamorgan","Outside London","EO","25","[c]","24880","24880"
"New entrant CS","2022","Home Office","Cardiff and Vale of Glamorgan","Outside London","G6","[c]","[c]","[c]","[c]"
"New entrant CS","2022","Home Office","Cardiff and Vale of Glamorgan","Outside London","G7","[c]","[c]","[c]","[c]"
"New entrant CS","2022","Home Office","Cardiff and Vale of Glamorgan","Outside London","HEO","[c]","[c]","[c]","[c]"
"New entrant CS","2022","Home Office","Cardiff and Vale of Glamorgan","Outside London","SEO","[c]","[c]","[c]","[c]"
"New entrant CS","2022","Home Office","Central Valleys","Outside London","EO","[c]","[c]","[c]","[c]"
"New entrant CS","2022","Home Office","Cheshire West and Chester","Outside London","SEO","[c]","[c]","[c]","[c]"
"New entrant CS","2022","Home Office","City of Edinburgh","Outside London","AO","5","[c]","[c]","[c]"
"New entrant CS","2022","Home Office","City of Edinburgh","Outside London","EO","20","[c]","28470","24880"
"New entrant CS","2022","Home Office","Clackmannanshire and Fife","Outside London","EO","[c]","[c]","[c]","[c]"
"New entrant CS","2022","Home Office","Coventry","Outside London","EO","[c]","[c]","[c]","[c]"
"New entrant CS","2022","Home Office","Croydon","London","AA","10","[c]","22460","22460"
"New entrant CS","2022","Home Office","Croydon","London","AO","30","[c]","25630","25630"
"New entrant CS","2022","Home Office","Croydon","London","EO","175","[c]","28880","28650"
"New entrant CS","2022","Home Office","Croydon","London","G6","10","[c]","[c]","[c]"
"New entrant CS","2022","Home Office","Croydon","London","G7","45","[c]","60890","59930"
"New entrant CS","2022","Home Office","Croydon","London","HEO","80","[c]","35110","35050"
"New entrant CS","2022","Home Office","Croydon","London","SCS level","[c]","[c]","[c]","[c]"
"New entrant CS","2022","Home Office","Croydon","London","SEO","40","[c]","42970","41950"
"New entrant CS","2022","Home Office","Croydon","London","Unknown","[c]","[c]","[c]","[c]"
"New entrant CS","2022","Home Office","Darlington","Outside London","EO","[c]","[c]","[c]","[c]"
"New entrant CS","2022","Home Office","Devon CC","Outside London","EO","[c]","[c]","[c]","[c]"
"New entrant CS","2022","Home Office","Dudley","Outside London","EO","[c]","[c]","[c]","[c]"
"New entrant CS","2022","Home Office","Dumfries and Galloway","Outside London","EO","[c]","[c]","[c]","[c]"
"New entrant CS","2022","Home Office","Durham","Outside London","AA","[c]","[c]","[c]","[c]"
"New entrant CS","2022","Home Office","Durham","Outside London","AO","[c]","[c]","[c]","[c]"
"New entrant CS","2022","Home Office","Durham","Outside London","EO","[c]","[c]","[c]","[c]"
"New entrant CS","2022","Home Office","East Dunbartonshire, West Dunbartonshire, and Helensburgh and Lomond","Outside London","EO","[c]","[c]","[c]","[c]"
"New entrant CS","2022","Home Office","East Kent","Outside London","AO","80","[c]","21680","21680"
"New entrant CS","2022","Home Office","East Kent","Outside London","EO","95","[c]","27480","24880"
"New entrant CS","2022","Home Office","East Kent","Outside London","G7","[c]","[c]","[c]","[c]"
"New entrant CS","2022","Home Office","East Kent","Outside London","HEO","[c]","[c]","[c]","[c]"
"New entrant CS","2022","Home Office","East Lancashire","Outside London","SEO","[c]","[c]","[c]","[c]"
"New entrant CS","2022","Home Office","East Sussex CC","Outside London","EO","[c]","[c]","[c]","[c]"
"New entrant CS","2022","Home Office","Essex Haven Gateway","Outside London","AO","10","[c]","[c]","[c]"
"New entrant CS","2022","Home Office","Essex Haven Gateway","Outside London","EO","5","[c]","[c]","[c]"
"New entrant CS","2022","Home Office","Glasgow City","Outside London","AO","30","[c]","21680","21680"
"New entrant CS","2022","Home Office","Glasgow City","Outside London","EO","70","[c]","24950","24880"
"New entrant CS","2022","Home Office","Glasgow City","Outside London","G7","[c]","[c]","[c]","[c]"
"New entrant CS","2022","Home Office","Glasgow City","Outside London","HEO","[c]","[c]","[c]","[c]"
"New entrant CS","2022","Home Office","Glasgow City","Outside London","SEO","[c]","[c]","[c]","[c]"
"New entrant CS","2022","Home Office","Greater Manchester South West","Outside London","AO","[c]","[c]","[c]","[c]"
"New entrant CS","2022","Home Office","Greater Manchester South West","Outside London","EO","55","[c]","24930","24880"
"New entrant CS","2022","Home Office","Greater Manchester South West","Outside London","G6","5","[c]","[c]","[c]"
"New entrant CS","2022","Home Office","Greater Manchester South West","Outside London","G7","25","[c]","55600","55850"
"New entrant CS","2022","Home Office","Greater Manchester South West","Outside London","HEO","20","[c]","31040","30820"
"New entrant CS","2022","Home Office","Greater Manchester South West","Outside London","SCS level","[c]","[c]","[c]","[c]"
"New entrant CS","2022","Home Office","Greater Manchester South West","Outside London","SEO","10","[c]","[c]","[c]"
"New entrant CS","2022","Home Office","Gwent Valleys","Outside London","EO","[c]","[c]","[c]","[c]"
"New entrant CS","2022","Home Office","Gwynedd","Outside London","AA","[c]","[c]","[c]","[c]"
"New entrant CS","2022","Home Office","Hackney and Newham","London","EO","[c]","[c]","[c]","[c]"
"New entrant CS","2022","Home Office","Harrow and Hillingdon","London","AO","[c]","[c]","[c]","[c]"
"New entrant CS","2022","Home Office","Harrow and Hillingdon","London","EO","75","[c]","30290","28650"
"New entrant CS","2022","Home Office","Harrow and Hillingdon","London","HEO","5","[c]","[c]","[c]"
"New entrant CS","2022","Home Office","Hartlepool and Stockton-on-Tees","Outside London","HEO","[c]","[c]","[c]","[c]"
"New entrant CS","2022","Home Office","Hertfordshire CC","Outside London","AO","10","[c]","[c]","[c]"
"New entrant CS","2022","Home Office","Hounslow and Richmond upon Thames","London","AA","10","[c]","[c]","[c]"
"New entrant CS","2022","Home Office","Hounslow and Richmond upon Thames","London","AO","[c]","[c]","[c]","[c]"
"New entrant CS","2022","Home Office","Hounslow and Richmond upon Thames","London","EO","45","[c]","28650","28650"
"New entrant CS","2022","Home Office","Inverclyde, East Renfrewshire, and Renfrewshire","Outside London","AO","[c]","[c]","[c]","[c]"
"New entrant CS","2022","Home Office","Inverclyde, East Renfrewshire, and Renfrewshire","Outside London","EO","20","[c]","31710","34630"
"New entrant CS","2022","Home Office","Inverness and Nairn, Moray, and Badenoch and Strathspey","Outside London","EO","[c]","[c]","[c]","[c]"
"New entrant CS","2022","Home Office","Isle of Anglesey","Outside London","AO","[c]","[c]","[c]","[c]"
"New entrant CS","2022","Home Office","Isle of Anglesey","Outside London","EO","[c]","[c]","[c]","[c]"
"New entrant CS","2022","Home Office","Kent Thames Gateway","Outside London","SEO","[c]","[c]","[c]","[c]"
"New entrant CS","2022","Home Office","Kingston upon Hull, City of","Outside London","AO","[c]","[c]","[c]","[c]"
"New entrant CS","2022","Home Office","Kingston upon Hull, City of","Outside London","EO","[c]","[c]","[c]","[c]"
"New entrant CS","2022","Home Office","Lambeth","London","SEO","[c]","[c]","[c]","[c]"
"New entrant CS","2022","Home Office","Lancaster and Wyre","Outside London","SEO","[c]","[c]","[c]","[c]"
"New entrant CS","2022","Home Office","Leeds","Outside London","AO","20","[c]","21680","21680"
"New entrant CS","2022","Home Office","Leeds","Outside London","EO","50","[c]","25630","24880"
"New entrant CS","2022","Home Office","Leeds","Outside London","G7","[c]","[c]","[c]","[c]"
"New entrant CS","2022","Home Office","Leeds","Outside London","HEO","[c]","[c]","[c]","[c]"
"New entrant CS","2022","Home Office","Leicester","Outside London","EO","[c]","[c]","[c]","[c]"
"New entrant CS","2022","Home Office","Leicestershire CC and Rutland","Outside London","AO","5","[c]","[c]","[c]"
"New entrant CS","2022","Home Office","Leicestershire CC and Rutland","Outside London","EO","10","[c]","27810","24880"
"New entrant CS","2022","Home Office","Leicestershire CC and Rutland","Outside London","HEO","[c]","[c]","[c]","[c]"
"New entrant CS","2022","Home Office","Leicestershire CC and Rutland","Outside London","SEO","[c]","[c]","[c]","[c]"
"New entrant CS","2022","Home Office","Lewisham and Southwark","London","AO","[c]","[c]","[c]","[c]"
"New entrant CS","2022","Home Office","Lewisham and Southwark","London","EO","20","[c]","28650","28650"
"New entrant CS","2022","Home Office","Lewisham and Southwark","London","G7","[c]","[c]","[c]","[c]"
"New entrant CS","2022","Home Office","Lisburn and Castlereagh","Outside London","AO","[c]","[c]","[c]","[c]"
"New entrant CS","2022","Home Office","Lisburn and Castlereagh","Outside London","EO","20","[c]","24880","24880"
"New entrant CS","2022","Home Office","Lisburn and Castlereagh","Outside London","G6","[c]","[c]","[c]","[c]"
"New entrant CS","2022","Home Office","Liverpool","Outside London","AA","[c]","[c]","[c]","[c]"
"New entrant CS","2022","Home Office","Liverpool","Outside London","AO","45","[c]","21680","21680"
"New entrant CS","2022","Home Office","Liverpool","Outside London","EO","90","[c]","24880","24880"
"New entrant CS","2022","Home Office","Liverpool","Outside London","G6","[c]","[c]","[c]","[c]"
"New entrant CS","2022","Home Office","Liverpool","Outside London","G7","5","[c]","[c]","[c]"
"New entrant CS","2022","Home Office","Liverpool","Outside London","HEO","5","[c]","[c]","[c]"
"New entrant CS","2022","Home Office","Liverpool","Outside London","SEO","[c]","[c]","[c]","[c]"
"New entrant CS","2022","Home Office","Luton","Outside London","AO","[c]","[c]","[c]","[c]"
"New entrant CS","2022","Home Office","Luton","Outside London","EO","15","[c]","34630","34630"
"New entrant CS","2022","Home Office","Luton","Outside London","Unknown","[c]","[c]","[c]","[c]"
"New entrant CS","2022","Home Office","Manchester","Outside London","AO","[c]","[c]","[c]","[c]"
"New entrant CS","2022","Home Office","Manchester","Outside London","EO","30","[c]","31470","34630"
"New entrant CS","2022","Home Office","Manchester","Outside London","HEO","[c]","[c]","[c]","[c]"
"New entrant CS","2022","Home Office","Milton Keynes","Outside London","AO","[c]","[c]","[c]","[c]"
"New entrant CS","2022","Home Office","Monmouthshire and Newport","Outside London","AO","[c]","[c]","[c]","[c]"
"New entrant CS","2022","Home Office","Monmouthshire and Newport","Outside London","EO","[c]","[c]","[c]","[c]"
"New entrant CS","2022","Home Office","Newry, Mourne and Down","Outside London","EO","[c]","[c]","[c]","[c]"
"New entrant CS","2022","Home Office","Newry, Mourne and Down","Outside London","HEO","[c]","[c]","[c]","[c]"
"New entrant CS","2022","Home Office","North and North East Lincolnshire","Outside London","AO","10","[c]","21680","21680"
"New entrant CS","2022","Home Office","North and North East Lincolnshire","Outside London","EO","[c]","[c]","[c]","[c]"
"New entrant CS","2022","Home Office","North Hampshire","Outside London","EO","[c]","[c]","[c]","[c]"
"New entrant CS","2022","Home Office","North Lanarkshire","Outside London","EO","[c]","[c]","[c]","[c]"
"New entrant CS","2022","Home Office","North Northamptonshire","Outside London","AO","10","[c]","[c]","[c]"
"New entrant CS","2022","Home Office","North Yorkshire CC","Outside London","EO","[c]","[c]","[c]","[c]"
"New entrant CS","2022","Home Office","North Yorkshire CC","Outside London","G6","[c]","[c]","[c]","[c]"
"New entrant CS","2022","Home Office","North Yorkshire CC","Outside London","HEO","[c]","[c]","[c]","[c]"
"New entrant CS","2022","Home Office","Northumberland","Outside London","EO","[c]","[c]","[c]","[c]"
"New entrant CS","2022","Home Office","Northumberland","Outside London","G7","[c]","[c]","[c]","[c]"
"New entrant CS","2022","Home Office","Nottingham","Outside London","EO","[c]","[c]","[c]","[c]"
"New entrant CS","2022","Home Office","Overseas","Overseas","AO","[c]","[c]","[c]","[c]"
"New entrant CS","2022","Home Office","Overseas","Overseas","EO","[c]","[c]","[c]","[c]"
"New entrant CS","2022","Home Office","Oxfordshire CC","Outside London","G7","[c]","[c]","[c]","[c]"
"New entrant CS","2022","Home Office","Peterborough","Outside London","SCS level","[c]","[c]","[c]","[c]"
"New entrant CS","2022","Home Office","Plymouth","Outside London","AO","[c]","[c]","[c]","[c]"
"New entrant CS","2022","Home Office","Plymouth","Outside London","EO","[c]","[c]","[c]","[c]"
"New entrant CS","2022","Home Office","Portsmouth","Outside London","AO","[c]","[c]","[c]","[c]"
"New entrant CS","2022","Home Office","Portsmouth","Outside London","EO","15","[c]","26320","24880"
"New entrant CS","2022","Home Office","Portsmouth","Outside London","HEO","[c]","[c]","[c]","[c]"
"New entrant CS","2022","Home Office","Sandwell","Outside London","EO","[c]","[c]","[c]","[c]"
"New entrant CS","2022","Home Office","Sefton","Outside London","AA","25","[c]","18240","18240"
"New entrant CS","2022","Home Office","Sefton","Outside London","AO","45","[c]","21680","21680"
"New entrant CS","2022","Home Office","Sefton","Outside London","EO","75","[c]","24880","24880"
"New entrant CS","2022","Home Office","Sefton","Outside London","HEO","[c]","[c]","[c]","[c]"
"New entrant CS","2022","Home Office","Sefton","Outside London","SEO","[c]","[c]","[c]","[c]"
"New entrant CS","2022","Home Office","Sheffield","Outside London","AA","[c]","[c]","[c]","[c]"
"New entrant CS","2022","Home Office","Sheffield","Outside London","AO","50","[c]","21680","21680"
"New entrant CS","2022","Home Office","Sheffield","Outside London","EO","70","[c]","25230","24880"
"New entrant CS","2022","Home Office","Sheffield","Outside London","G6","5","[c]","[c]","[c]"
"New entrant CS","2022","Home Office","Sheffield","Outside London","G7","15","[c]","54560","54050"
"New entrant CS","2022","Home Office","Sheffield","Outside London","HEO","15","[c]","31280","30820"
"New entrant CS","2022","Home Office","Sheffield","Outside London","SCS level","[c]","[c]","[c]","[c]"
"New entrant CS","2022","Home Office","Sheffield","Outside London","SEO","15","[c]","39790","39420"
"New entrant CS","2022","Home Office","Shropshire","Outside London","EO","[c]","[c]","[c]","[c]"
"New entrant CS","2022","Home Office","Solihull","Outside London","AO","10","[c]","21680","21680"
"New entrant CS","2022","Home Office","Solihull","Outside London","EO","60","[c]","25790","24880"
"New entrant CS","2022","Home Office","Solihull","Outside London","HEO","[c]","[c]","[c]","[c]"
"New entrant CS","2022","Home Office","Solihull","Outside London","Unknown","[c]","[c]","[c]","[c]"
"New entrant CS","2022","Home Office","South Hampshire","Outside London","EO","[c]","[c]","[c]","[c]"
"New entrant CS","2022","Home Office","South Hampshire","Outside London","HEO","[c]","[c]","[c]","[c]"
"New entrant CS","2022","Home Office","South Lanarkshire","Outside London","AO","[c]","[c]","[c]","[c]"
"New entrant CS","2022","Home Office","South Lanarkshire","Outside London","EO","[c]","[c]","[c]","[c]"
"New entrant CS","2022","Home Office","South Teesside","Outside London","AO","[c]","[c]","[c]","[c]"
"New entrant CS","2022","Home Office","South Teesside","Outside London","EO","[c]","[c]","[c]","[c]"
"New entrant CS","2022","Home Office","South Teesside","Outside London","HEO","[c]","[c]","[c]","[c]"
"New entrant CS","2022","Home Office","South Teesside","Outside London","SEO","[c]","[c]","[c]","[c]"
"New entrant CS","2022","Home Office","South West Wales","Outside London","AO","[c]","[c]","[c]","[c]"
"New entrant CS","2022","Home Office","South West Wales","Outside London","EO","5","[c]","[c]","[c]"
"New entrant CS","2022","Home Office","South West Wales","Outside London","SEO","[c]","[c]","[c]","[c]"
"New entrant CS","2022","Home Office","Southampton","Outside London","EO","5","[c]","[c]","[c]"
"New entrant CS","2022","Home Office","Staffordshire CC","Outside London","EO","[c]","[c]","[c]","[c]"
"New entrant CS","2022","Home Office","Staffordshire CC","Outside London","SEO","[c]","[c]","[c]","[c]"
"New entrant CS","2022","Home Office","Stoke-on-Trent","Outside London","EO","[c]","[c]","[c]","[c]"
"New entrant CS","2022","Home Office","Suffolk CC","Outside London","AO","10","[c]","[c]","[c]"
"New entrant CS","2022","Home Office","Suffolk CC","Outside London","EO","[c]","[c]","[c]","[c]"
"New entrant CS","2022","Home Office","Suffolk CC","Outside London","SEO","[c]","[c]","[c]","[c]"
"New entrant CS","2022","Home Office","Sunderland","Outside London","EO","[c]","[c]","[c]","[c]"
"New entrant CS","2022","Home Office","Swansea","Outside London","EO","[c]","[c]","[c]","[c]"
"New entrant CS","2022","Home Office","Swansea","Outside London","SEO","[c]","[c]","[c]","[c]"
"New entrant CS","2022","Home Office","Thurrock","Outside London","AO","15","[c]","21680","21680"
"New entrant CS","2022","Home Office","Thurrock","Outside London","EO","5","[c]","[c]","[c]"
"New entrant CS","2022","Home Office","Torbay","Outside London","SEO","[c]","[c]","[c]","[c]"
"New entrant CS","2022","Home Office","Tyneside","Outside London","AO","[c]","[c]","[c]","[c]"
"New entrant CS","2022","Home Office","Tyneside","Outside London","EO","60","[c]","25460","24880"
"New entrant CS","2022","Home Office","Tyneside","Outside London","G7","[c]","[c]","[c]","[c]"
"New entrant CS","2022","Home Office","Tyneside","Outside London","HEO","[c]","[c]","[c]","[c]"
"New entrant CS","2022","Home Office","Tyneside","Outside London","SEO","[c]","[c]","[c]","[c]"
"New entrant CS","2022","Home Office","Wakefield","Outside London","EO","[c]","[c]","[c]","[c]"
"New entrant CS","2022","Home Office","Wakefield","Outside London","SEO","[c]","[c]","[c]","[c]"
"New entrant CS","2022","Home Office","Wandsworth","London","HEO","[c]","[c]","[c]","[c]"
"New entrant CS","2022","Home Office","Warwickshire CC","Outside London","AO","[c]","[c]","[c]","[c]"
"New entrant CS","2022","Home Office","Warwickshire CC","Outside London","EO","[c]","[c]","[c]","[c]"
"New entrant CS","2022","Home Office","West Cumbria","Outside London","SEO","[c]","[c]","[c]","[c]"
"New entrant CS","2022","Home Office","West Essex","Outside London","EO","20","[c]","29270","24880"
"New entrant CS","2022","Home Office","West Essex","Outside London","Unknown","[c]","[c]","[c]","[c]"
"New entrant CS","2022","Home Office","West Kent","Outside London","SEO","[c]","[c]","[c]","[c]"
"New entrant CS","2022","Home Office","West Lothian","Outside London","EO","[c]","[c]","[c]","[c]"
"New entrant CS","2022","Home Office","West Sussex (North East)","Outside London","AA","[c]","[c]","[c]","[c]"
"New entrant CS","2022","Home Office","West Sussex (North East)","Outside London","AO","[c]","[c]","[c]","[c]"
"New entrant CS","2022","Home Office","West Sussex (North East)","Outside London","EO","85","[c]","28080","25770"
"New entrant CS","2022","Home Office","West Sussex (North East)","Outside London","Unknown","[c]","[c]","[c]","[c]"
"New entrant CS","2022","Home Office","Westminster","London","AA","25","[c]","22450","22460"
"New entrant CS","2022","Home Office","Westminster","London","AO","10","[c]","25230","25630"
"New entrant CS","2022","Home Office","Westminster","London","EO","105","[c]","29840","28650"
"New entrant CS","2022","Home Office","Westminster","London","G6","[c]","[c]","[c]","[c]"
"New entrant CS","2022","Home Office","Westminster","London","G7","25","[c]","58190","57430"
"New entrant CS","2022","Home Office","Westminster","London","HEO","75","[c]","34780","35050"
"New entrant CS","2022","Home Office","Westminster","London","SCS level","[c]","[c]","[c]","[c]"
"New entrant CS","2022","Home Office","Westminster","London","SEO","40","[c]","42320","41950"
"New entrant CS","2022","Home Office","Wolverhampton","Outside London","EO","[c]","[c]","[c]","[c]"
"New entrant CS","2022","Home Office","York","Outside London","EO","[c]","[c]","[c]","[c]"
"New entrant CS","2022","Institute for Apprenticeships and Technical Education","Bristol, City of","Outside London","EO","[c]","[c]","[c]","[c]"
"New entrant CS","2022","Institute for Apprenticeships and Technical Education","Bristol, City of","Outside London","G7","[c]","[c]","[c]","[c]"
"New entrant CS","2022","Institute for Apprenticeships and Technical Education","Bristol, City of","Outside London","SEO","[c]","[c]","[c]","[c]"
"New entrant CS","2022","Institute for Apprenticeships and Technical Education","Coventry","Outside London","EO","[c]","[c]","[c]","[c]"
"New entrant CS","2022","Institute for Apprenticeships and Technical Education","Coventry","Outside London","G7","5","[c]","[c]","[c]"
"New entrant CS","2022","Institute for Apprenticeships and Technical Education","Coventry","Outside London","HEO","[c]","[c]","[c]","[c]"
"New entrant CS","2022","Institute for Apprenticeships and Technical Education","Coventry","Outside London","SEO","5","[c]","[c]","[c]"
"New entrant CS","2022","Institute for Apprenticeships and Technical Education","Darlington","Outside London","AO","[c]","[c]","[c]","[c]"
"New entrant CS","2022","Institute for Apprenticeships and Technical Education","Darlington","Outside London","G7","5","[c]","[c]","[c]"
"New entrant CS","2022","Institute for Apprenticeships and Technical Education","Darlington","Outside London","SEO","10","[c]","[c]","[c]"
"New entrant CS","2022","Institute for Apprenticeships and Technical Education","Manchester","Outside London","G7","5","[c]","[c]","[c]"
"New entrant CS","2022","Institute for Apprenticeships and Technical Education","Manchester","Outside London","HEO","[c]","[c]","[c]","[c]"
"New entrant CS","2022","Institute for Apprenticeships and Technical Education","Manchester","Outside London","SCS level","[c]","[c]","[c]","[c]"
"New entrant CS","2022","Institute for Apprenticeships and Technical Education","Manchester","Outside London","SEO","[c]","[c]","[c]","[c]"
"New entrant CS","2022","Institute for Apprenticeships and Technical Education","Sheffield","Outside London","G7","[c]","[c]","[c]","[c]"
"New entrant CS","2022","Institute for Apprenticeships and Technical Education","Sheffield","Outside London","HEO","[c]","[c]","[c]","[c]"
"New entrant CS","2022","Institute for Apprenticeships and Technical Education","Sheffield","Outside London","SEO","[c]","[c]","[c]","[c]"
"New entrant CS","2022","Institute for Apprenticeships and Technical Education","Westminster","London","AO","[c]","[c]","[c]","[c]"
"New entrant CS","2022","Institute for Apprenticeships and Technical Education","Westminster","London","G7","5","[c]","[c]","[c]"
"New entrant CS","2022","Intellectual Property Office","Monmouthshire and Newport","Outside London","AA","[c]","[c]","[c]","[c]"
"New entrant CS","2022","Intellectual Property Office","Monmouthshire and Newport","Outside London","AO","85","[c]","21790","21810"
"New entrant CS","2022","Intellectual Property Office","Monmouthshire and Newport","Outside London","EO","75","[c]","26230","24030"
"New entrant CS","2022","Intellectual Property Office","Monmouthshire and Newport","Outside London","G6","[c]","[c]","[c]","[c]"
"New entrant CS","2022","Intellectual Property Office","Monmouthshire and Newport","Outside London","G7","5","[c]","[c]","[c]"
"New entrant CS","2022","Intellectual Property Office","Monmouthshire and Newport","Outside London","HEO","20","[c]","32570","32210"
"New entrant CS","2022","Intellectual Property Office","Monmouthshire and Newport","Outside London","SCS level","[c]","[c]","[c]","[c]"
"New entrant CS","2022","Intellectual Property Office","Monmouthshire and Newport","Outside London","SEO","30","[c]","42970","41640"
"New entrant CS","2022","Intellectual Property Office","Westminster","London","EO","[c]","[c]","[c]","[c]"
"New entrant CS","2022","Intellectual Property Office","Westminster","London","HEO","[c]","[c]","[c]","[c]"
"New entrant CS","2022","Intellectual Property Office","Westminster","London","SEO","[c]","[c]","[c]","[c]"
"New entrant CS","2022","Legal Aid Agency","Birmingham","Outside London","AO","15","[c]","20970","20970"
"New entrant CS","2022","Legal Aid Agency","Birmingham","Outside London","EO","[c]","[c]","[c]","[c]"
"New entrant CS","2022","Legal Aid Agency","Bristol, City of","Outside London","AO","5","[c]","[c]","[c]"
"New entrant CS","2022","Legal Aid Agency","Cardiff and Vale of Glamorgan","Outside London","AO","5","[c]","[c]","[c]"
"New entrant CS","2022","Legal Aid Agency","Darlington","Outside London","SEO","[c]","[c]","[c]","[c]"
"New entrant CS","2022","Legal Aid Agency","Gloucestershire CC","Outside London","SEO","[c]","[c]","[c]","[c]"
"New entrant CS","2022","Legal Aid Agency","Leeds","Outside London","AO","5","[c]","[c]","[c]"
"New entrant CS","2022","Legal Aid Agency","Liverpool","Outside London","AO","20","[c]","20980","20970"
"New entrant CS","2022","Legal Aid Agency","Liverpool","Outside London","EO","[c]","[c]","[c]","[c]"
"New entrant CS","2022","Legal Aid Agency","Liverpool","Outside London","SEO","[c]","[c]","[c]","[c]"
"New entrant CS","2022","Legal Aid Agency","Manchester","Outside London","AO","[c]","[c]","[c]","[c]"
"New entrant CS","2022","Legal Aid Agency","Manchester","Outside London","G7","[c]","[c]","[c]","[c]"
"New entrant CS","2022","Legal Aid Agency","Nottingham","Outside London","AO","20","[c]","20970","20970"
"New entrant CS","2022","Legal Aid Agency","Tyneside","Outside London","AO","[c]","[c]","[c]","[c]"
"New entrant CS","2022","Legal Aid Agency","Unknown","Unknown","AO","[c]","[c]","[c]","[c]"
"New entrant CS","2022","Legal Aid Agency","Westminster","London","AO","[c]","[c]","[c]","[c]"
"New entrant CS","2022","Legal Aid Agency","Westminster","London","SEO","[c]","[c]","[c]","[c]"
"New entrant CS","2022","Maritime and Coastguard Agency","Aberdeen City and Aberdeenshire","Outside London","AO","5","[c]","[c]","[c]"
"New entrant CS","2022","Maritime and Coastguard Agency","Aberdeen City and Aberdeenshire","Outside London","SEO","[c]","[c]","[c]","[c]"
"New entrant CS","2022","Maritime and Coastguard Agency","Ards and North Down","Outside London","AO","[c]","[c]","[c]","[c]"
"New entrant CS","2022","Maritime and Coastguard Agency","Ards and North Down","Outside London","EO","[c]","[c]","[c]","[c]"
"New entrant CS","2022","Maritime and Coastguard Agency","Ards and North Down","Outside London","G7","[c]","[c]","[c]","[c]"
"New entrant CS","2022","Maritime and Coastguard Agency","Ards and North Down","Outside London","SEO","[c]","[c]","[c]","[c]"
"New entrant CS","2022","Maritime and Coastguard Agency","Bath and North East Somerset, North Somerset and South Gloucestershire","Outside London","HEO","[c]","[c]","[c]","[c]"
"New entrant CS","2022","Maritime and Coastguard Agency","Bexley and Greenwich","London","EO","[c]","[c]","[c]","[c]"
"New entrant CS","2022","Maritime and Coastguard Agency","Cardiff and Vale of Glamorgan","Outside London","AO","5","[c]","[c]","[c]"
"New entrant CS","2022","Maritime and Coastguard Agency","Cardiff and Vale of Glamorgan","Outside London","EO","[c]","[c]","[c]","[c]"
"New entrant CS","2022","Maritime and Coastguard Agency","Cardiff and Vale of Glamorgan","Outside London","SEO","[c]","[c]","[c]","[c]"
"New entrant CS","2022","Maritime and Coastguard Agency","Cornwall and Isles of Scilly","Outside London","AO","5","[c]","[c]","[c]"
"New entrant CS","2022","Maritime and Coastguard Agency","Devon CC","Outside London","HEO","[c]","[c]","[c]","[c]"
"New entrant CS","2022","Maritime and Coastguard Agency","East Kent","Outside London","AO","25","[c]","26410","26840"
"New entrant CS","2022","Maritime and Coastguard Agency","East Kent","Outside London","HEO","[c]","[c]","[c]","[c]"
"New entrant CS","2022","Maritime and Coastguard Agency","East Riding of Yorkshire","Outside London","AO","[c]","[c]","[c]","[c]"
"New entrant CS","2022","Maritime and Coastguard Agency","East Riding of Yorkshire","Outside London","EO","[c]","[c]","[c]","[c]"
"New entrant CS","2022","Maritime and Coastguard Agency","East Riding of Yorkshire","Outside London","SEO","[c]","[c]","[c]","[c]"
"New entrant CS","2022","Maritime and Coastguard Agency","Essex Haven Gateway","Outside London","AO","[c]","[c]","[c]","[c]"
"New entrant CS","2022","Maritime and Coastguard Agency","Essex Haven Gateway","Outside London","HEO","[c]","[c]","[c]","[c]"
"New entrant CS","2022","Maritime and Coastguard Agency","Gwynedd","Outside London","HEO","[c]","[c]","[c]","[c]"
"New entrant CS","2022","Maritime and Coastguard Agency","Inverclyde, East Renfrewshire, and Renfrewshire","Outside London","G7","[c]","[c]","[c]","[c]"
"New entrant CS","2022","Maritime and Coastguard Agency","Inverclyde, East Renfrewshire, and Renfrewshire","Outside London","HEO","[c]","[c]","[c]","[c]"
"New entrant CS","2022","Maritime and Coastguard Agency","Norwich and East Norfolk","Outside London","HEO","[c]","[c]","[c]","[c]"
"New entrant CS","2022","Maritime and Coastguard Agency","Plymouth","Outside London","HEO","[c]","[c]","[c]","[c]"
"New entrant CS","2022","Maritime and Coastguard Agency","Sefton","Outside London","SEO","[c]","[c]","[c]","[c]"
"New entrant CS","2022","Maritime and Coastguard Agency","Shetland Islands","Outside London","AO","[c]","[c]","[c]","[c]"
"New entrant CS","2022","Maritime and Coastguard Agency","South Hampshire","Outside London","AO","20","[c]","26590","26840"
"New entrant CS","2022","Maritime and Coastguard Agency","South Hampshire","Outside London","EO","5","[c]","[c]","[c]"
"New entrant CS","2022","Maritime and Coastguard Agency","South Hampshire","Outside London","HEO","[c]","[c]","[c]","[c]"
"New entrant CS","2022","Maritime and Coastguard Agency","South Hampshire","Outside London","SEO","[c]","[c]","[c]","[c]"
"New entrant CS","2022","Maritime and Coastguard Agency","South West Wales","Outside London","AO","[c]","[c]","[c]","[c]"
"New entrant CS","2022","Maritime and Coastguard Agency","Southampton","Outside London","AO","15","[c]","21840","21840"
"New entrant CS","2022","Maritime and Coastguard Agency","Southampton","Outside London","EO","20","[c]","26130","26130"
"New entrant CS","2022","Maritime and Coastguard Agency","Southampton","Outside London","G6","[c]","[c]","[c]","[c]"
"New entrant CS","2022","Maritime and Coastguard Agency","Southampton","Outside London","G7","5","[c]","[c]","[c]"
"New entrant CS","2022","Maritime and Coastguard Agency","Southampton","Outside London","HEO","10","[c]","30730","30730"
"New entrant CS","2022","Maritime and Coastguard Agency","Southampton","Outside London","SCS level","[c]","[c]","[c]","[c]"
"New entrant CS","2022","Maritime and Coastguard Agency","Southampton","Outside London","SEO","15","[c]","41440","40500"
"New entrant CS","2022","Maritime and Coastguard Agency","Swansea","Outside London","HEO","[c]","[c]","[c]","[c]"
"New entrant CS","2022","Maritime and Coastguard Agency","West Cumbria","Outside London","HEO","[c]","[c]","[c]","[c]"
"New entrant CS","2022","Maritime and Coastguard Agency","Westminster","London","SEO","[c]","[c]","[c]","[c]"
"New entrant CS","2022","Medicines and Healthcare Products Regulatory Agency","Hertfordshire CC","Outside London","G7","[c]","[c]","[c]","[c]"
"New entrant CS","2022","Medicines and Healthcare Products Regulatory Agency","Hertfordshire CC","Outside London","HEO","[c]","[c]","[c]","[c]"
"New entrant CS","2022","Medicines and Healthcare Products Regulatory Agency","Hertfordshire CC","Outside London","SEO","[c]","[c]","[c]","[c]"
"New entrant CS","2022","Medicines and Healthcare Products Regulatory Agency","Oxfordshire CC","Outside London","SEO","[c]","[c]","[c]","[c]"
"New entrant CS","2022","Medicines and Healthcare Products Regulatory Agency","Tower Hamlets","London","AA","[c]","[c]","[c]","[c]"
"New entrant CS","2022","Medicines and Healthcare Products Regulatory Agency","Tower Hamlets","London","AO","[c]","[c]","[c]","[c]"
"New entrant CS","2022","Medicines and Healthcare Products Regulatory Agency","Tower Hamlets","London","EO","15","[c]","27140","27140"
"New entrant CS","2022","Medicines and Healthcare Products Regulatory Agency","Tower Hamlets","London","G6","[c]","[c]","[c]","[c]"
"New entrant CS","2022","Medicines and Healthcare Products Regulatory Agency","Tower Hamlets","London","G7","[c]","[c]","[c]","[c]"
"New entrant CS","2022","Medicines and Healthcare Products Regulatory Agency","Tower Hamlets","London","HEO","15","[c]","32640","32640"
"New entrant CS","2022","Medicines and Healthcare Products Regulatory Agency","Tower Hamlets","London","SCS level","5","[c]","[c]","[c]"
"New entrant CS","2022","Medicines and Healthcare Products Regulatory Agency","Tower Hamlets","London","SEO","[c]","[c]","[c]","[c]"
"New entrant CS","2022","Met Office","Aberdeen City and Aberdeenshire","Outside London","SEO","[c]","[c]","[c]","[c]"
"New entrant CS","2022","Met Office","Berkshire","Outside London","HEO","[c]","[c]","[c]","[c]"
"New entrant CS","2022","Met Office","City of Edinburgh","Outside London","G7","[c]","[c]","[c]","[c]"
"New entrant CS","2022","Met Office","Devon CC","Outside London","AA","50","[c]","17490","17900"
"New entrant CS","2022","Met Office","Devon CC","Outside London","AO","20","[c]","20840","20910"
"New entrant CS","2022","Met Office","Devon CC","Outside London","EO","60","[c]","24570","24370"
"New entrant CS","2022","Met Office","Devon CC","Outside London","G6","5","[c]","[c]","[c]"
"New entrant CS","2022","Met Office","Devon CC","Outside London","G7","25","[c]","45890","45150"
"New entrant CS","2022","Met Office","Devon CC","Outside London","HEO","20","[c]","31200","31100"
"New entrant CS","2022","Met Office","Devon CC","Outside London","SEO","20","[c]","37620","37420"
"New entrant CS","2022","Met Office","Harrow and Hillingdon","London","AO","[c]","[c]","[c]","[c]"
"New entrant CS","2022","Met Office","Inverness and Nairn, Moray, and Badenoch and Strathspey","Outside London","HEO","[c]","[c]","[c]","[c]"
"New entrant CS","2022","Met Office","Lincolnshire CC","Outside London","AO","5","[c]","[c]","[c]"
"New entrant CS","2022","Met Office","North Hampshire","Outside London","AO","[c]","[c]","[c]","[c]"
"New entrant CS","2022","Met Office","North Yorkshire CC","Outside London","AO","[c]","[c]","[c]","[c]"
"New entrant CS","2022","Met Office","Overseas","Overseas","AO","[c]","[c]","[c]","[c]"
"New entrant CS","2022","Met Office","Overseas","Overseas","G7","[c]","[c]","[c]","[c]"
"New entrant CS","2022","Met Office","Oxfordshire CC","Outside London","AO","[c]","[c]","[c]","[c]"
"New entrant CS","2022","Met Office","South Nottinghamshire","Outside London","EO","[c]","[c]","[c]","[c]"
"New entrant CS","2022","Met Office","Southampton","Outside London","AA","[c]","[c]","[c]","[c]"
"New entrant CS","2022","Met Office","Suffolk CC","Outside London","HEO","[c]","[c]","[c]","[c]"
"New entrant CS","2022","Met Office","Wiltshire","Outside London","AO","[c]","[c]","[c]","[c]"
"New entrant CS","2022","Met Office","Wiltshire","Outside London","EO","[c]","[c]","[c]","[c]"
"New entrant CS","2022","Ministry of Defence (excl. agencies)","Aberdeen City and Aberdeenshire","Outside London","AO","5","[c]","[c]","[c]"
"New entrant CS","2022","Ministry of Defence (excl. agencies)","Angus and Dundee City","Outside London","AA","[c]","[c]","[c]","[c]"
"New entrant CS","2022","Ministry of Defence (excl. agencies)","Angus and Dundee City","Outside London","AO","[c]","[c]","[c]","[c]"
"New entrant CS","2022","Ministry of Defence (excl. agencies)","Angus and Dundee City","Outside London","HEO","[c]","[c]","[c]","[c]"
"New entrant CS","2022","Ministry of Defence (excl. agencies)","Antrim and Newtownabbey","Outside London","AA","5","[c]","[c]","[c]"
"New entrant CS","2022","Ministry of Defence (excl. agencies)","Antrim and Newtownabbey","Outside London","EO","[c]","[c]","[c]","[c]"
"New entrant CS","2022","Ministry of Defence (excl. agencies)","Antrim and Newtownabbey","Outside London","HEO","[c]","[c]","[c]","[c]"
"New entrant CS","2022","Ministry of Defence (excl. agencies)","Antrim and Newtownabbey","Outside London","SCS level","[c]","[c]","[c]","[c]"
"New entrant CS","2022","Ministry of Defence (excl. agencies)","Ards and North Down","Outside London","AO","[c]","[c]","[c]","[c]"
"New entrant CS","2022","Ministry of Defence (excl. agencies)","Barnet","London","AO","[c]","[c]","[c]","[c]"
"New entrant CS","2022","Ministry of Defence (excl. agencies)","Bath and North East Somerset, North Somerset and South Gloucestershire","Outside London","AA","5","[c]","[c]","[c]"
"New entrant CS","2022","Ministry of Defence (excl. agencies)","Bath and North East Somerset, North Somerset and South Gloucestershire","Outside London","AO","35","[c]","21640","21170"
"New entrant CS","2022","Ministry of Defence (excl. agencies)","Bath and North East Somerset, North Somerset and South Gloucestershire","Outside London","EO","30","[c]","25360","26350"
"New entrant CS","2022","Ministry of Defence (excl. agencies)","Bath and North East Somerset, North Somerset and South Gloucestershire","Outside London","G6","[c]","[c]","[c]","[c]"
"New entrant CS","2022","Ministry of Defence (excl. agencies)","Bath and North East Somerset, North Somerset and South Gloucestershire","Outside London","G7","5","[c]","[c]","[c]"
"New entrant CS","2022","Ministry of Defence (excl. agencies)","Bath and North East Somerset, North Somerset and South Gloucestershire","Outside London","HEO","35","[c]","33160","33000"
"New entrant CS","2022","Ministry of Defence (excl. agencies)","Bath and North East Somerset, North Somerset and South Gloucestershire","Outside London","SCS level","[c]","[c]","[c]","[c]"
"New entrant CS","2022","Ministry of Defence (excl. agencies)","Bath and North East Somerset, North Somerset and South Gloucestershire","Outside London","SEO","25","[c]","40690","40000"
"New entrant CS","2022","Ministry of Defence (excl. agencies)","Berkshire","Outside London","AA","5","[c]","[c]","[c]"
"New entrant CS","2022","Ministry of Defence (excl. agencies)","Berkshire","Outside London","AO","70","[c]","26420","25540"
"New entrant CS","2022","Ministry of Defence (excl. agencies)","Berkshire","Outside London","EO","5","[c]","[c]","[c]"
"New entrant CS","2022","Ministry of Defence (excl. agencies)","Berkshire","Outside London","G7","[c]","[c]","[c]","[c]"
"New entrant CS","2022","Ministry of Defence (excl. agencies)","Berkshire","Outside London","HEO","5","[c]","[c]","[c]"
"New entrant CS","2022","Ministry of Defence (excl. agencies)","Berkshire","Outside London","SEO","10","[c]","40500","40000"
"New entrant CS","2022","Ministry of Defence (excl. agencies)","Bexley and Greenwich","London","EO","[c]","[c]","[c]","[c]"
"New entrant CS","2022","Ministry of Defence (excl. agencies)","Bexley and Greenwich","London","G7","[c]","[c]","[c]","[c]"
"New entrant CS","2022","Ministry of Defence (excl. agencies)","Birmingham","Outside London","AA","[c]","[c]","[c]","[c]"
"New entrant CS","2022","Ministry of Defence (excl. agencies)","Birmingham","Outside London","G7","[c]","[c]","[c]","[c]"
"New entrant CS","2022","Ministry of Defence (excl. agencies)","Birmingham","Outside London","HEO","[c]","[c]","[c]","[c]"
"New entrant CS","2022","Ministry of Defence (excl. agencies)","Bournemouth, Christchurch and Poole","Outside London","AA","5","[c]","[c]","[c]"
"New entrant CS","2022","Ministry of Defence (excl. agencies)","Bournemouth, Christchurch and Poole","Outside London","AO","[c]","[c]","[c]","[c]"
"New entrant CS","2022","Ministry of Defence (excl. agencies)","Bournemouth, Christchurch and Poole","Outside London","EO","[c]","[c]","[c]","[c]"
"New entrant CS","2022","Ministry of Defence (excl. agencies)","Bournemouth, Christchurch and Poole","Outside London","HEO","[c]","[c]","[c]","[c]"
"New entrant CS","2022","Ministry of Defence (excl. agencies)","Breckland and South Norfolk","Outside London","HEO","[c]","[c]","[c]","[c]"
"New entrant CS","2022","Ministry of Defence (excl. agencies)","Bristol, City of","Outside London","AA","[c]","[c]","[c]","[c]"
"New entrant CS","2022","Ministry of Defence (excl. agencies)","Bristol, City of","Outside London","AO","[c]","[c]","[c]","[c]"
"New entrant CS","2022","Ministry of Defence (excl. agencies)","Buckinghamshire","Outside London","AA","5","[c]","[c]","[c]"
"New entrant CS","2022","Ministry of Defence (excl. agencies)","Buckinghamshire","Outside London","AO","25","[c]","21950","21170"
"New entrant CS","2022","Ministry of Defence (excl. agencies)","Buckinghamshire","Outside London","EO","20","[c]","26400","27260"
"New entrant CS","2022","Ministry of Defence (excl. agencies)","Buckinghamshire","Outside London","G6","[c]","[c]","[c]","[c]"
"New entrant CS","2022","Ministry of Defence (excl. agencies)","Buckinghamshire","Outside London","G7","[c]","[c]","[c]","[c]"
"New entrant CS","2022","Ministry of Defence (excl. agencies)","Buckinghamshire","Outside London","HEO","25","[c]","34500","35000"
"New entrant CS","2022","Ministry of Defence (excl. agencies)","Buckinghamshire","Outside London","SCS level","[c]","[c]","[c]","[c]"
"New entrant CS","2022","Ministry of Defence (excl. agencies)","Buckinghamshire","Outside London","SEO","10","[c]","[c]","[c]"
"New entrant CS","2022","Ministry of Defence (excl. agencies)","Caithness and Sutherland, and Ross and Cromarty","Outside London","AA","[c]","[c]","[c]","[c]"
"New entrant CS","2022","Ministry of Defence (excl. agencies)","Caithness and Sutherland, and Ross and Cromarty","Outside London","AO","[c]","[c]","[c]","[c]"
"New entrant CS","2022","Ministry of Defence (excl. agencies)","Caithness and Sutherland, and Ross and Cromarty","Outside London","EO","[c]","[c]","[c]","[c]"
"New entrant CS","2022","Ministry of Defence (excl. agencies)","Cambridgeshire CC","Outside London","AA","[c]","[c]","[c]","[c]"
"New entrant CS","2022","Ministry of Defence (excl. agencies)","Cambridgeshire CC","Outside London","AO","35","[c]","22600","21170"
"New entrant CS","2022","Ministry of Defence (excl. agencies)","Cambridgeshire CC","Outside London","EO","30","[c]","27270","26350"
"New entrant CS","2022","Ministry of Defence (excl. agencies)","Cambridgeshire CC","Outside London","G6","[c]","[c]","[c]","[c]"
"New entrant CS","2022","Ministry of Defence (excl. agencies)","Cambridgeshire CC","Outside London","G7","[c]","[c]","[c]","[c]"
"New entrant CS","2022","Ministry of Defence (excl. agencies)","Cambridgeshire CC","Outside London","HEO","25","[c]","35910","33000"
"New entrant CS","2022","Ministry of Defence (excl. agencies)","Cambridgeshire CC","Outside London","SEO","[c]","[c]","[c]","[c]"
"New entrant CS","2022","Ministry of Defence (excl. agencies)","Camden and City of London","London","AA","[c]","[c]","[c]","[c]"
"New entrant CS","2022","Ministry of Defence (excl. agencies)","Camden and City of London","London","AO","10","[c]","[c]","[c]"
"New entrant CS","2022","Ministry of Defence (excl. agencies)","Camden and City of London","London","EO","[c]","[c]","[c]","[c]"
"New entrant CS","2022","Ministry of Defence (excl. agencies)","Camden and City of London","London","HEO","[c]","[c]","[c]","[c]"
"New entrant CS","2022","Ministry of Defence (excl. agencies)","Camden and City of London","London","SEO","5","[c]","[c]","[c]"
"New entrant CS","2022","Ministry of Defence (excl. agencies)","Cardiff and Vale of Glamorgan","Outside London","AA","5","[c]","[c]","[c]"
"New entrant CS","2022","Ministry of Defence (excl. agencies)","Cardiff and Vale of Glamorgan","Outside London","AO","5","[c]","[c]","[c]"
"New entrant CS","2022","Ministry of Defence (excl. agencies)","Cardiff and Vale of Glamorgan","Outside London","EO","5","[c]","[c]","[c]"
"New entrant CS","2022","Ministry of Defence (excl. agencies)","Causeway Coast and Glens","Outside London","AA","[c]","[c]","[c]","[c]"
"New entrant CS","2022","Ministry of Defence (excl. agencies)","Central Bedfordshire","Outside London","AA","10","[c]","19610","19810"
"New entrant CS","2022","Ministry of Defence (excl. agencies)","Central Bedfordshire","Outside London","AO","5","[c]","[c]","[c]"
"New entrant CS","2022","Ministry of Defence (excl. agencies)","Central Bedfordshire","Outside London","EO","[c]","[c]","[c]","[c]"
"New entrant CS","2022","Ministry of Defence (excl. agencies)","Central Bedfordshire","Outside London","G7","[c]","[c]","[c]","[c]"
"New entrant CS","2022","Ministry of Defence (excl. agencies)","Central Bedfordshire","Outside London","HEO","[c]","[c]","[c]","[c]"
"New entrant CS","2022","Ministry of Defence (excl. agencies)","Central Hampshire","Outside London","AA","10","[c]","20910","19810"
"New entrant CS","2022","Ministry of Defence (excl. agencies)","Central Hampshire","Outside London","AO","40","[c]","21390","21170"
"New entrant CS","2022","Ministry of Defence (excl. agencies)","Central Hampshire","Outside London","EO","30","[c]","25840","26350"
"New entrant CS","2022","Ministry of Defence (excl. agencies)","Central Hampshire","Outside London","G6","[c]","[c]","[c]","[c]"
"New entrant CS","2022","Ministry of Defence (excl. agencies)","Central Hampshire","Outside London","G7","10","[c]","[c]","[c]"
"New entrant CS","2022","Ministry of Defence (excl. agencies)","Central Hampshire","Outside London","HEO","25","[c]","33660","33000"
"New entrant CS","2022","Ministry of Defence (excl. agencies)","Central Hampshire","Outside London","SEO","15","[c]","40650","40000"
"New entrant CS","2022","Ministry of Defence (excl. agencies)","Cheshire East","Outside London","AA","[c]","[c]","[c]","[c]"
"New entrant CS","2022","Ministry of Defence (excl. agencies)","Cheshire East","Outside London","AO","45","[c]","21140","21170"
"New entrant CS","2022","Ministry of Defence (excl. agencies)","Cheshire East","Outside London","EO","[c]","[c]","[c]","[c]"
"New entrant CS","2022","Ministry of Defence (excl. agencies)","Cheshire East","Outside London","HEO","5","[c]","[c]","[c]"
"New entrant CS","2022","Ministry of Defence (excl. agencies)","Cheshire East","Outside London","SEO","[c]","[c]","[c]","[c]"
"New entrant CS","2022","Ministry of Defence (excl. agencies)","Cheshire West and Chester","Outside London","HEO","[c]","[c]","[c]","[c]"
"New entrant CS","2022","Ministry of Defence (excl. agencies)","City of Edinburgh","Outside London","AA","[c]","[c]","[c]","[c]"
"New entrant CS","2022","Ministry of Defence (excl. agencies)","City of Edinburgh","Outside London","AO","[c]","[c]","[c]","[c]"
"New entrant CS","2022","Ministry of Defence (excl. agencies)","City of Edinburgh","Outside London","EO","5","[c]","[c]","[c]"
"New entrant CS","2022","Ministry of Defence (excl. agencies)","City of Edinburgh","Outside London","G7","[c]","[c]","[c]","[c]"
"New entrant CS","2022","Ministry of Defence (excl. agencies)","City of Edinburgh","Outside London","HEO","[c]","[c]","[c]","[c]"
"New entrant CS","2022","Ministry of Defence (excl. agencies)","City of Edinburgh","Outside London","SEO","[c]","[c]","[c]","[c]"
"New entrant CS","2022","Ministry of Defence (excl. agencies)","Clackmannanshire and Fife","Outside London","AA","[c]","[c]","[c]","[c]"
"New entrant CS","2022","Ministry of Defence (excl. agencies)","Clackmannanshire and Fife","Outside London","AO","[c]","[c]","[c]","[c]"
"New entrant CS","2022","Ministry of Defence (excl. agencies)","Clackmannanshire and Fife","Outside London","EO","[c]","[c]","[c]","[c]"
"New entrant CS","2022","Ministry of Defence (excl. agencies)","Clackmannanshire and Fife","Outside London","HEO","10","[c]","[c]","[c]"
"New entrant CS","2022","Ministry of Defence (excl. agencies)","Clackmannanshire and Fife","Outside London","SEO","[c]","[c]","[c]","[c]"
"New entrant CS","2022","Ministry of Defence (excl. agencies)","Cornwall and Isles of Scilly","Outside London","AA","5","[c]","[c]","[c]"
"New entrant CS","2022","Ministry of Defence (excl. agencies)","Cornwall and Isles of Scilly","Outside London","AO","5","[c]","[c]","[c]"
"New entrant CS","2022","Ministry of Defence (excl. agencies)","Cornwall and Isles of Scilly","Outside London","EO","[c]","[c]","[c]","[c]"
"New entrant CS","2022","Ministry of Defence (excl. agencies)","Cornwall and Isles of Scilly","Outside London","G7","[c]","[c]","[c]","[c]"
"New entrant CS","2022","Ministry of Defence (excl. agencies)","Cornwall and Isles of Scilly","Outside London","HEO","10","[c]","[c]","[c]"
"New entrant CS","2022","Ministry of Defence (excl. agencies)","Derby","Outside London","AO","5","[c]","[c]","[c]"
"New entrant CS","2022","Ministry of Defence (excl. agencies)","Devon CC","Outside London","AA","10","[c]","21440","19810"
"New entrant CS","2022","Ministry of Defence (excl. agencies)","Devon CC","Outside London","AO","[c]","[c]","[c]","[c]"
"New entrant CS","2022","Ministry of Defence (excl. agencies)","Devon CC","Outside London","EO","[c]","[c]","[c]","[c]"
"New entrant CS","2022","Ministry of Defence (excl. agencies)","Devon CC","Outside London","HEO","[c]","[c]","[c]","[c]"
"New entrant CS","2022","Ministry of Defence (excl. agencies)","Dorset","Outside London","AA","5","[c]","[c]","[c]"
"New entrant CS","2022","Ministry of Defence (excl. agencies)","Dorset","Outside London","AO","20","[c]","21530","21170"
"New entrant CS","2022","Ministry of Defence (excl. agencies)","Dorset","Outside London","EO","15","[c]","27850","26350"
"New entrant CS","2022","Ministry of Defence (excl. agencies)","Dorset","Outside London","HEO","5","[c]","[c]","[c]"
"New entrant CS","2022","Ministry of Defence (excl. agencies)","Dorset","Outside London","SEO","[c]","[c]","[c]","[c]"
"New entrant CS","2022","Ministry of Defence (excl. agencies)","Dudley","Outside London","AA","[c]","[c]","[c]","[c]"
"New entrant CS","2022","Ministry of Defence (excl. agencies)","Durham","Outside London","AO","[c]","[c]","[c]","[c]"
"New entrant CS","2022","Ministry of Defence (excl. agencies)","East Ayrshire and North Ayrshire mainland","Outside London","AA","[c]","[c]","[c]","[c]"
"New entrant CS","2022","Ministry of Defence (excl. agencies)","East Cumbria","Outside London","AO","[c]","[c]","[c]","[c]"
"New entrant CS","2022","Ministry of Defence (excl. agencies)","East Cumbria","Outside London","EO","[c]","[c]","[c]","[c]"
"New entrant CS","2022","Ministry of Defence (excl. agencies)","East Cumbria","Outside London","HEO","[c]","[c]","[c]","[c]"
"New entrant CS","2022","Ministry of Defence (excl. agencies)","East Dunbartonshire, West Dunbartonshire, and Helensburgh and Lomond","Outside London","AA","25","[c]","22500","22630"
"New entrant CS","2022","Ministry of Defence (excl. agencies)","East Dunbartonshire, West Dunbartonshire, and Helensburgh and Lomond","Outside London","AO","70","[c]","24660","23540"
"New entrant CS","2022","Ministry of Defence (excl. agencies)","East Dunbartonshire, West Dunbartonshire, and Helensburgh and Lomond","Outside London","EO","5","[c]","[c]","[c]"
"New entrant CS","2022","Ministry of Defence (excl. agencies)","East Dunbartonshire, West Dunbartonshire, and Helensburgh and Lomond","Outside London","G6","[c]","[c]","[c]","[c]"
"New entrant CS","2022","Ministry of Defence (excl. agencies)","East Dunbartonshire, West Dunbartonshire, and Helensburgh and Lomond","Outside London","G7","[c]","[c]","[c]","[c]"
"New entrant CS","2022","Ministry of Defence (excl. agencies)","East Dunbartonshire, West Dunbartonshire, and Helensburgh and Lomond","Outside London","HEO","15","[c]","33810","33000"
"New entrant CS","2022","Ministry of Defence (excl. agencies)","East Dunbartonshire, West Dunbartonshire, and Helensburgh and Lomond","Outside London","SEO","[c]","[c]","[c]","[c]"
"New entrant CS","2022","Ministry of Defence (excl. agencies)","East Kent","Outside London","AA","5","[c]","[c]","[c]"
"New entrant CS","2022","Ministry of Defence (excl. agencies)","East Kent","Outside London","SEO","[c]","[c]","[c]","[c]"
"New entrant CS","2022","Ministry of Defence (excl. agencies)","East Riding of Yorkshire","Outside London","AA","[c]","[c]","[c]","[c]"
"New entrant CS","2022","Ministry of Defence (excl. agencies)","East Riding of Yorkshire","Outside London","AO","5","[c]","[c]","[c]"
"New entrant CS","2022","Ministry of Defence (excl. agencies)","East Riding of Yorkshire","Outside London","EO","15","[c]","26350","26350"
"New entrant CS","2022","Ministry of Defence (excl. agencies)","East Surrey","Outside London","AO","[c]","[c]","[c]","[c]"
"New entrant CS","2022","Ministry of Defence (excl. agencies)","East Sussex CC","Outside London","AA","[c]","[c]","[c]","[c]"
"New entrant CS","2022","Ministry of Defence (excl. agencies)","Essex Haven Gateway","Outside London","AA","15","[c]","23440","25000"
"New entrant CS","2022","Ministry of Defence (excl. agencies)","Essex Haven Gateway","Outside London","AO","[c]","[c]","[c]","[c]"
"New entrant CS","2022","Ministry of Defence (excl. agencies)","Essex Haven Gateway","Outside London","EO","5","[c]","[c]","[c]"
"New entrant CS","2022","Ministry of Defence (excl. agencies)","Essex Haven Gateway","Outside London","G6","[c]","[c]","[c]","[c]"
"New entrant CS","2022","Ministry of Defence (excl. agencies)","Essex Haven Gateway","Outside London","HEO","[c]","[c]","[c]","[c]"
"New entrant CS","2022","Ministry of Defence (excl. agencies)","Essex Haven Gateway","Outside London","SCS level","[c]","[c]","[c]","[c]"
"New entrant CS","2022","Ministry of Defence (excl. agencies)","Flintshire and Wrexham","Outside London","EO","[c]","[c]","[c]","[c]"
"New entrant CS","2022","Ministry of Defence (excl. agencies)","Flintshire and Wrexham","Outside London","G6","[c]","[c]","[c]","[c]"
"New entrant CS","2022","Ministry of Defence (excl. agencies)","Flintshire and Wrexham","Outside London","HEO","[c]","[c]","[c]","[c]"
"New entrant CS","2022","Ministry of Defence (excl. agencies)","Flintshire and Wrexham","Outside London","SEO","[c]","[c]","[c]","[c]"
"New entrant CS","2022","Ministry of Defence (excl. agencies)","Flintshire and Wrexham","Outside London","Unknown","[c]","[c]","[c]","[c]"
"New entrant CS","2022","Ministry of Defence (excl. agencies)","Glasgow City","Outside London","AO","15","[c]","21170","21170"
"New entrant CS","2022","Ministry of Defence (excl. agencies)","Glasgow City","Outside London","EO","10","[c]","26380","26350"
"New entrant CS","2022","Ministry of Defence (excl. agencies)","Glasgow City","Outside London","G6","[c]","[c]","[c]","[c]"
"New entrant CS","2022","Ministry of Defence (excl. agencies)","Glasgow City","Outside London","HEO","[c]","[c]","[c]","[c]"
"New entrant CS","2022","Ministry of Defence (excl. agencies)","Glasgow City","Outside London","SEO","[c]","[c]","[c]","[c]"
"New entrant CS","2022","Ministry of Defence (excl. agencies)","Gloucestershire CC","Outside London","AA","[c]","[c]","[c]","[c]"
"New entrant CS","2022","Ministry of Defence (excl. agencies)","Gloucestershire CC","Outside London","AO","5","[c]","[c]","[c]"
"New entrant CS","2022","Ministry of Defence (excl. agencies)","Gloucestershire CC","Outside London","EO","[c]","[c]","[c]","[c]"
"New entrant CS","2022","Ministry of Defence (excl. agencies)","Gloucestershire CC","Outside London","G6","[c]","[c]","[c]","[c]"
"New entrant CS","2022","Ministry of Defence (excl. agencies)","Gloucestershire CC","Outside London","G7","[c]","[c]","[c]","[c]"
"New entrant CS","2022","Ministry of Defence (excl. agencies)","Gloucestershire CC","Outside London","HEO","[c]","[c]","[c]","[c]"
"New entrant CS","2022","Ministry of Defence (excl. agencies)","Greater Manchester South West","Outside London","AO","[c]","[c]","[c]","[c]"
"New entrant CS","2022","Ministry of Defence (excl. agencies)","Harrow and Hillingdon","London","AO","[c]","[c]","[c]","[c]"
"New entrant CS","2022","Ministry of Defence (excl. agencies)","Harrow and Hillingdon","London","EO","[c]","[c]","[c]","[c]"
"New entrant CS","2022","Ministry of Defence (excl. agencies)","Harrow and Hillingdon","London","HEO","[c]","[c]","[c]","[c]"
"New entrant CS","2022","Ministry of Defence (excl. agencies)","Herefordshire, County of","Outside London","AA","[c]","[c]","[c]","[c]"
"New entrant CS","2022","Ministry of Defence (excl. agencies)","Herefordshire, County of","Outside London","AO","20","[c]","22230","21170"
"New entrant CS","2022","Ministry of Defence (excl. agencies)","Herefordshire, County of","Outside London","EO","5","[c]","[c]","[c]"
"New entrant CS","2022","Ministry of Defence (excl. agencies)","Herefordshire, County of","Outside London","HEO","[c]","[c]","[c]","[c]"
"New entrant CS","2022","Ministry of Defence (excl. agencies)","Hertfordshire CC","Outside London","AO","[c]","[c]","[c]","[c]"
"New entrant CS","2022","Ministry of Defence (excl. agencies)","Hertfordshire CC","Outside London","EO","15","[c]","28530","30200"
"New entrant CS","2022","Ministry of Defence (excl. agencies)","Hertfordshire CC","Outside London","G6","[c]","[c]","[c]","[c]"
"New entrant CS","2022","Ministry of Defence (excl. agencies)","Hertfordshire CC","Outside London","G7","[c]","[c]","[c]","[c]"
"New entrant CS","2022","Ministry of Defence (excl. agencies)","Hertfordshire CC","Outside London","HEO","15","[c]","36120","37000"
"New entrant CS","2022","Ministry of Defence (excl. agencies)","Hertfordshire CC","Outside London","SEO","10","[c]","[c]","[c]"
"New entrant CS","2022","Ministry of Defence (excl. agencies)","Hounslow and Richmond upon Thames","London","EO","30","[c]","28700","28700"
"New entrant CS","2022","Ministry of Defence (excl. agencies)","Inverclyde, East Renfrewshire, and Renfrewshire","Outside London","AA","[c]","[c]","[c]","[c]"
"New entrant CS","2022","Ministry of Defence (excl. agencies)","Inverness and Nairn, Moray, and Badenoch and Strathspey","Outside London","AA","10","[c]","23040","25000"
"New entrant CS","2022","Ministry of Defence (excl. agencies)","Inverness and Nairn, Moray, and Badenoch and Strathspey","Outside London","AO","15","[c]","21220","20960"
"New entrant CS","2022","Ministry of Defence (excl. agencies)","Inverness and Nairn, Moray, and Badenoch and Strathspey","Outside London","EO","5","[c]","[c]","[c]"
"New entrant CS","2022","Ministry of Defence (excl. agencies)","Inverness and Nairn, Moray, and Badenoch and Strathspey","Outside London","G6","[c]","[c]","[c]","[c]"
"New entrant CS","2022","Ministry of Defence (excl. agencies)","Inverness and Nairn, Moray, and Badenoch and Strathspey","Outside London","HEO","[c]","[c]","[c]","[c]"
"New entrant CS","2022","Ministry of Defence (excl. agencies)","Isle of Anglesey","Outside London","AA","[c]","[c]","[c]","[c]"
"New entrant CS","2022","Ministry of Defence (excl. agencies)","Isle of Anglesey","Outside London","AO","5","[c]","[c]","[c]"
"New entrant CS","2022","Ministry of Defence (excl. agencies)","Kingston upon Hull, City of","Outside London","AA","[c]","[c]","[c]","[c]"
"New entrant CS","2022","Ministry of Defence (excl. agencies)","Lancaster and Wyre","Outside London","AA","10","[c]","[c]","[c]"
"New entrant CS","2022","Ministry of Defence (excl. agencies)","Lancaster and Wyre","Outside London","AO","20","[c]","21190","21170"
"New entrant CS","2022","Ministry of Defence (excl. agencies)","Lancaster and Wyre","Outside London","EO","5","[c]","[c]","[c]"
"New entrant CS","2022","Ministry of Defence (excl. agencies)","Lancaster and Wyre","Outside London","G7","[c]","[c]","[c]","[c]"
"New entrant CS","2022","Ministry of Defence (excl. agencies)","Leicestershire CC and Rutland","Outside London","AA","10","[c]","19070","19010"
"New entrant CS","2022","Ministry of Defence (excl. agencies)","Leicestershire CC and Rutland","Outside London","EO","[c]","[c]","[c]","[c]"
"New entrant CS","2022","Ministry of Defence (excl. agencies)","Lincolnshire CC","Outside London","AA","30","[c]","20700","19810"
"New entrant CS","2022","Ministry of Defence (excl. agencies)","Lincolnshire CC","Outside London","AO","15","[c]","21050","21170"
"New entrant CS","2022","Ministry of Defence (excl. agencies)","Lincolnshire CC","Outside London","EO","25","[c]","26890","26350"
"New entrant CS","2022","Ministry of Defence (excl. agencies)","Lincolnshire CC","Outside London","G6","[c]","[c]","[c]","[c]"
"New entrant CS","2022","Ministry of Defence (excl. agencies)","Lincolnshire CC","Outside London","G7","[c]","[c]","[c]","[c]"
"New entrant CS","2022","Ministry of Defence (excl. agencies)","Lincolnshire CC","Outside London","HEO","15","[c]","33890","33000"
"New entrant CS","2022","Ministry of Defence (excl. agencies)","Lincolnshire CC","Outside London","SCS level","[c]","[c]","[c]","[c]"
"New entrant CS","2022","Ministry of Defence (excl. agencies)","Lincolnshire CC","Outside London","SEO","5","[c]","[c]","[c]"
"New entrant CS","2022","Ministry of Defence (excl. agencies)","Lisburn and Castlereagh","Outside London","AA","5","[c]","[c]","[c]"
"New entrant CS","2022","Ministry of Defence (excl. agencies)","Lisburn and Castlereagh","Outside London","EO","[c]","[c]","[c]","[c]"
"New entrant CS","2022","Ministry of Defence (excl. agencies)","Lisburn and Castlereagh","Outside London","SEO","[c]","[c]","[c]","[c]"
"New entrant CS","2022","Ministry of Defence (excl. agencies)","Liverpool","Outside London","AO","[c]","[c]","[c]","[c]"
"New entrant CS","2022","Ministry of Defence (excl. agencies)","Liverpool","Outside London","EO","10","[c]","26350","26350"
"New entrant CS","2022","Ministry of Defence (excl. agencies)","Liverpool","Outside London","HEO","[c]","[c]","[c]","[c]"
"New entrant CS","2022","Ministry of Defence (excl. agencies)","Manchester","Outside London","AA","[c]","[c]","[c]","[c]"
"New entrant CS","2022","Ministry of Defence (excl. agencies)","Manchester","Outside London","EO","[c]","[c]","[c]","[c]"
"New entrant CS","2022","Ministry of Defence (excl. agencies)","Manchester","Outside London","G6","[c]","[c]","[c]","[c]"
"New entrant CS","2022","Ministry of Defence (excl. agencies)","Manchester","Outside London","HEO","[c]","[c]","[c]","[c]"
"New entrant CS","2022","Ministry of Defence (excl. agencies)","Medway","Outside London","AO","[c]","[c]","[c]","[c]"
"New entrant CS","2022","Ministry of Defence (excl. agencies)","Medway","Outside London","HEO","[c]","[c]","[c]","[c]"
"New entrant CS","2022","Ministry of Defence (excl. agencies)","Mid Lancashire","Outside London","AA","[c]","[c]","[c]","[c]"
"New entrant CS","2022","Ministry of Defence (excl. agencies)","Mid Lancashire","Outside London","EO","[c]","[c]","[c]","[c]"
"New entrant CS","2022","Ministry of Defence (excl. agencies)","Mid Lancashire","Outside London","G7","[c]","[c]","[c]","[c]"
"New entrant CS","2022","Ministry of Defence (excl. agencies)","Mid Lancashire","Outside London","HEO","[c]","[c]","[c]","[c]"
"New entrant CS","2022","Ministry of Defence (excl. agencies)","Monmouthshire and Newport","Outside London","AA","[c]","[c]","[c]","[c]"
"New entrant CS","2022","Ministry of Defence (excl. agencies)","Monmouthshire and Newport","Outside London","EO","[c]","[c]","[c]","[c]"
"New entrant CS","2022","Ministry of Defence (excl. agencies)","Newry, Mourne and Down","Outside London","AA","10","[c]","20030","19810"
"New entrant CS","2022","Ministry of Defence (excl. agencies)","North and West Norfolk","Outside London","AA","20","[c]","20430","19010"
"New entrant CS","2022","Ministry of Defence (excl. agencies)","North and West Norfolk","Outside London","AO","10","[c]","24480","21170"
"New entrant CS","2022","Ministry of Defence (excl. agencies)","North and West Norfolk","Outside London","EO","[c]","[c]","[c]","[c]"
"New entrant CS","2022","Ministry of Defence (excl. agencies)","North and West Norfolk","Outside London","HEO","[c]","[c]","[c]","[c]"
"New entrant CS","2022","Ministry of Defence (excl. agencies)","North Hampshire","Outside London","AA","[c]","[c]","[c]","[c]"
"New entrant CS","2022","Ministry of Defence (excl. agencies)","North Hampshire","Outside London","AO","5","[c]","[c]","[c]"
"New entrant CS","2022","Ministry of Defence (excl. agencies)","North Hampshire","Outside London","EO","[c]","[c]","[c]","[c]"
"New entrant CS","2022","Ministry of Defence (excl. agencies)","North Hampshire","Outside London","G6","[c]","[c]","[c]","[c]"
"New entrant CS","2022","Ministry of Defence (excl. agencies)","North Hampshire","Outside London","G7","[c]","[c]","[c]","[c]"
"New entrant CS","2022","Ministry of Defence (excl. agencies)","North Hampshire","Outside London","HEO","10","[c]","35530","33590"
"New entrant CS","2022","Ministry of Defence (excl. agencies)","North Hampshire","Outside London","SEO","[c]","[c]","[c]","[c]"
"New entrant CS","2022","Ministry of Defence (excl. agencies)","North Nottinghamshire","Outside London","AA","[c]","[c]","[c]","[c]"
"New entrant CS","2022","Ministry of Defence (excl. agencies)","North Nottinghamshire","Outside London","AO","5","[c]","[c]","[c]"
"New entrant CS","2022","Ministry of Defence (excl. agencies)","North Yorkshire CC","Outside London","AA","20","[c]","20930","19810"
"New entrant CS","2022","Ministry of Defence (excl. agencies)","North Yorkshire CC","Outside London","AO","30","[c]","23710","21780"
"New entrant CS","2022","Ministry of Defence (excl. agencies)","North Yorkshire CC","Outside London","EO","10","[c]","29810","29350"
"New entrant CS","2022","Ministry of Defence (excl. agencies)","North Yorkshire CC","Outside London","G6","[c]","[c]","[c]","[c]"
"New entrant CS","2022","Ministry of Defence (excl. agencies)","North Yorkshire CC","Outside London","G7","5","[c]","[c]","[c]"
"New entrant CS","2022","Ministry of Defence (excl. agencies)","North Yorkshire CC","Outside London","HEO","20","[c]","33880","33000"
"New entrant CS","2022","Ministry of Defence (excl. agencies)","North Yorkshire CC","Outside London","SEO","10","[c]","[c]","[c]"
"New entrant CS","2022","Ministry of Defence (excl. agencies)","Northumberland","Outside London","AO","5","[c]","[c]","[c]"
"New entrant CS","2022","Ministry of Defence (excl. agencies)","Northumberland","Outside London","EO","[c]","[c]","[c]","[c]"
"New entrant CS","2022","Ministry of Defence (excl. agencies)","Northumberland","Outside London","G6","[c]","[c]","[c]","[c]"
"New entrant CS","2022","Ministry of Defence (excl. agencies)","Northumberland","Outside London","G7","[c]","[c]","[c]","[c]"
"New entrant CS","2022","Ministry of Defence (excl. agencies)","Northumberland","Outside London","HEO","[c]","[c]","[c]","[c]"
"New entrant CS","2022","Ministry of Defence (excl. agencies)","Overseas","Overseas","AA","[c]","[c]","[c]","[c]"
"New entrant CS","2022","Ministry of Defence (excl. agencies)","Overseas","Overseas","AO","[c]","[c]","[c]","[c]"
"New entrant CS","2022","Ministry of Defence (excl. agencies)","Overseas","Overseas","EO","[c]","[c]","[c]","[c]"
"New entrant CS","2022","Ministry of Defence (excl. agencies)","Overseas","Overseas","G6","[c]","[c]","[c]","[c]"
"New entrant CS","2022","Ministry of Defence (excl. agencies)","Overseas","Overseas","G7","[c]","[c]","[c]","[c]"
"New entrant CS","2022","Ministry of Defence (excl. agencies)","Overseas","Overseas","HEO","25","[c]","37220","36960"
"New entrant CS","2022","Ministry of Defence (excl. agencies)","Overseas","Overseas","SEO","[c]","[c]","[c]","[c]"
"New entrant CS","2022","Ministry of Defence (excl. agencies)","Oxfordshire CC","Outside London","AA","20","[c]","21830","21220"
"New entrant CS","2022","Ministry of Defence (excl. agencies)","Oxfordshire CC","Outside London","AO","25","[c]","21220","21170"
"New entrant CS","2022","Ministry of Defence (excl. agencies)","Oxfordshire CC","Outside London","EO","30","[c]","23860","26350"
"New entrant CS","2022","Ministry of Defence (excl. agencies)","Oxfordshire CC","Outside London","G6","[c]","[c]","[c]","[c]"
"New entrant CS","2022","Ministry of Defence (excl. agencies)","Oxfordshire CC","Outside London","HEO","25","[c]","33270","33000"
"New entrant CS","2022","Ministry of Defence (excl. agencies)","Oxfordshire CC","Outside London","SEO","5","[c]","[c]","[c]"
"New entrant CS","2022","Ministry of Defence (excl. agencies)","Perth and Kinross, and Stirling","Outside London","AA","[c]","[c]","[c]","[c]"
"New entrant CS","2022","Ministry of Defence (excl. agencies)","Perth and Kinross, and Stirling","Outside London","AO","[c]","[c]","[c]","[c]"
"New entrant CS","2022","Ministry of Defence (excl. agencies)","Perth and Kinross, and Stirling","Outside London","EO","[c]","[c]","[c]","[c]"
"New entrant CS","2022","Ministry of Defence (excl. agencies)","Perth and Kinross, and Stirling","Outside London","G7","[c]","[c]","[c]","[c]"
"New entrant CS","2022","Ministry of Defence (excl. agencies)","Perth and Kinross, and Stirling","Outside London","HEO","5","[c]","[c]","[c]"
"New entrant CS","2022","Ministry of Defence (excl. agencies)","Perth and Kinross, and Stirling","Outside London","Unknown","[c]","[c]","[c]","[c]"
"New entrant CS","2022","Ministry of Defence (excl. agencies)","Peterborough","Outside London","AA","[c]","[c]","[c]","[c]"
"New entrant CS","2022","Ministry of Defence (excl. agencies)","Peterborough","Outside London","AO","[c]","[c]","[c]","[c]"
"New entrant CS","2022","Ministry of Defence (excl. agencies)","Peterborough","Outside London","G7","[c]","[c]","[c]","[c]"
"New entrant CS","2022","Ministry of Defence (excl. agencies)","Peterborough","Outside London","HEO","[c]","[c]","[c]","[c]"
"New entrant CS","2022","Ministry of Defence (excl. agencies)","Peterborough","Outside London","SEO","[c]","[c]","[c]","[c]"
"New entrant CS","2022","Ministry of Defence (excl. agencies)","Plymouth","Outside London","AA","10","[c]","22100","19810"
"New entrant CS","2022","Ministry of Defence (excl. agencies)","Plymouth","Outside London","AO","15","[c]","24350","23540"
"New entrant CS","2022","Ministry of Defence (excl. agencies)","Plymouth","Outside London","EO","15","[c]","30150","26350"
"New entrant CS","2022","Ministry of Defence (excl. agencies)","Plymouth","Outside London","G6","[c]","[c]","[c]","[c]"
"New entrant CS","2022","Ministry of Defence (excl. agencies)","Plymouth","Outside London","G7","[c]","[c]","[c]","[c]"
"New entrant CS","2022","Ministry of Defence (excl. agencies)","Plymouth","Outside London","HEO","10","[c]","[c]","[c]"
"New entrant CS","2022","Ministry of Defence (excl. agencies)","Plymouth","Outside London","SEO","[c]","[c]","[c]","[c]"
"New entrant CS","2022","Ministry of Defence (excl. agencies)","Portsmouth","Outside London","AA","15","[c]","21100","19810"
"New entrant CS","2022","Ministry of Defence (excl. agencies)","Portsmouth","Outside London","AO","40","[c]","22900","21170"
"New entrant CS","2022","Ministry of Defence (excl. agencies)","Portsmouth","Outside London","EO","25","[c]","26740","26350"
"New entrant CS","2022","Ministry of Defence (excl. agencies)","Portsmouth","Outside London","G6","[c]","[c]","[c]","[c]"
"New entrant CS","2022","Ministry of Defence (excl. agencies)","Portsmouth","Outside London","G7","10","[c]","[c]","[c]"
"New entrant CS","2022","Ministry of Defence (excl. agencies)","Portsmouth","Outside London","HEO","20","[c]","32670","33000"
"New entrant CS","2022","Ministry of Defence (excl. agencies)","Portsmouth","Outside London","SCS level","[c]","[c]","[c]","[c]"
"New entrant CS","2022","Ministry of Defence (excl. agencies)","Portsmouth","Outside London","SEO","10","[c]","44090","40000"
"New entrant CS","2022","Ministry of Defence (excl. agencies)","Powys","Outside London","AA","[c]","[c]","[c]","[c]"
"New entrant CS","2022","Ministry of Defence (excl. agencies)","Powys","Outside London","AO","10","[c]","[c]","[c]"
"New entrant CS","2022","Ministry of Defence (excl. agencies)","Powys","Outside London","EO","[c]","[c]","[c]","[c]"
"New entrant CS","2022","Ministry of Defence (excl. agencies)","Powys","Outside London","G7","[c]","[c]","[c]","[c]"
"New entrant CS","2022","Ministry of Defence (excl. agencies)","Powys","Outside London","HEO","[c]","[c]","[c]","[c]"
"New entrant CS","2022","Ministry of Defence (excl. agencies)","Shropshire","Outside London","AA","[c]","[c]","[c]","[c]"
"New entrant CS","2022","Ministry of Defence (excl. agencies)","Shropshire","Outside London","AO","5","[c]","[c]","[c]"
"New entrant CS","2022","Ministry of Defence (excl. agencies)","Shropshire","Outside London","EO","30","[c]","28380","29350"
"New entrant CS","2022","Ministry of Defence (excl. agencies)","Shropshire","Outside London","G7","[c]","[c]","[c]","[c]"
"New entrant CS","2022","Ministry of Defence (excl. agencies)","Shropshire","Outside London","HEO","5","[c]","[c]","[c]"
"New entrant CS","2022","Ministry of Defence (excl. agencies)","Somerset CC","Outside London","AA","10","[c]","[c]","[c]"
"New entrant CS","2022","Ministry of Defence (excl. agencies)","Somerset CC","Outside London","AO","[c]","[c]","[c]","[c]"
"New entrant CS","2022","Ministry of Defence (excl. agencies)","Somerset CC","Outside London","EO","[c]","[c]","[c]","[c]"
"New entrant CS","2022","Ministry of Defence (excl. agencies)","Somerset CC","Outside London","HEO","[c]","[c]","[c]","[c]"
"New entrant CS","2022","Ministry of Defence (excl. agencies)","South Hampshire","Outside London","AA","[c]","[c]","[c]","[c]"
"New entrant CS","2022","Ministry of Defence (excl. agencies)","South Hampshire","Outside London","AO","10","[c]","[c]","[c]"
"New entrant CS","2022","Ministry of Defence (excl. agencies)","South Hampshire","Outside London","EO","15","[c]","29950","32350"
"New entrant CS","2022","Ministry of Defence (excl. agencies)","South Hampshire","Outside London","G7","[c]","[c]","[c]","[c]"
"New entrant CS","2022","Ministry of Defence (excl. agencies)","South Hampshire","Outside London","HEO","[c]","[c]","[c]","[c]"
"New entrant CS","2022","Ministry of Defence (excl. agencies)","South Hampshire","Outside London","SCS level","[c]","[c]","[c]","[c]"
"New entrant CS","2022","Ministry of Defence (excl. agencies)","South Hampshire","Outside London","SEO","[c]","[c]","[c]","[c]"
"New entrant CS","2022","Ministry of Defence (excl. agencies)","South Lanarkshire","Outside London","AA","[c]","[c]","[c]","[c]"
"New entrant CS","2022","Ministry of Defence (excl. agencies)","South Nottinghamshire","Outside London","AA","5","[c]","[c]","[c]"
"New entrant CS","2022","Ministry of Defence (excl. agencies)","South Nottinghamshire","Outside London","AO","10","[c]","[c]","[c]"
"New entrant CS","2022","Ministry of Defence (excl. agencies)","South Nottinghamshire","Outside London","EO","[c]","[c]","[c]","[c]"
"New entrant CS","2022","Ministry of Defence (excl. agencies)","South Nottinghamshire","Outside London","G6","[c]","[c]","[c]","[c]"
"New entrant CS","2022","Ministry of Defence (excl. agencies)","South Nottinghamshire","Outside London","HEO","10","[c]","34770","34170"
"New entrant CS","2022","Ministry of Defence (excl. agencies)","South Nottinghamshire","Outside London","SEO","5","[c]","[c]","[c]"
"New entrant CS","2022","Ministry of Defence (excl. agencies)","South West Wales","Outside London","AA","[c]","[c]","[c]","[c]"
"New entrant CS","2022","Ministry of Defence (excl. agencies)","South West Wales","Outside London","AO","[c]","[c]","[c]","[c]"
"New entrant CS","2022","Ministry of Defence (excl. agencies)","Staffordshire CC","Outside London","AA","[c]","[c]","[c]","[c]"
"New entrant CS","2022","Ministry of Defence (excl. agencies)","Staffordshire CC","Outside London","AO","15","[c]","21220","21170"
"New entrant CS","2022","Ministry of Defence (excl. agencies)","Staffordshire CC","Outside London","EO","20","[c]","26600","26350"
"New entrant CS","2022","Ministry of Defence (excl. agencies)","Staffordshire CC","Outside London","G6","[c]","[c]","[c]","[c]"
"New entrant CS","2022","Ministry of Defence (excl. agencies)","Staffordshire CC","Outside London","G7","[c]","[c]","[c]","[c]"
"New entrant CS","2022","Ministry of Defence (excl. agencies)","Staffordshire CC","Outside London","HEO","20","[c]","33400","33000"
"New entrant CS","2022","Ministry of Defence (excl. agencies)","Staffordshire CC","Outside London","SCS level","[c]","[c]","[c]","[c]"
"New entrant CS","2022","Ministry of Defence (excl. agencies)","Staffordshire CC","Outside London","SEO","20","[c]","41280","40000"
"New entrant CS","2022","Ministry of Defence (excl. agencies)","Suffolk CC","Outside London","AA","10","[c]","20980","21220"
"New entrant CS","2022","Ministry of Defence (excl. agencies)","Suffolk CC","Outside London","AO","10","[c]","22890","21170"
"New entrant CS","2022","Ministry of Defence (excl. agencies)","Suffolk CC","Outside London","EO","10","[c]","26490","26350"
"New entrant CS","2022","Ministry of Defence (excl. agencies)","Suffolk CC","Outside London","G6","[c]","[c]","[c]","[c]"
"New entrant CS","2022","Ministry of Defence (excl. agencies)","Suffolk CC","Outside London","G7","[c]","[c]","[c]","[c]"
"New entrant CS","2022","Ministry of Defence (excl. agencies)","Suffolk CC","Outside London","HEO","10","[c]","33000","33000"
"New entrant CS","2022","Ministry of Defence (excl. agencies)","Suffolk CC","Outside London","SCS level","[c]","[c]","[c]","[c]"
"New entrant CS","2022","Ministry of Defence (excl. agencies)","Suffolk CC","Outside London","SEO","[c]","[c]","[c]","[c]"
"New entrant CS","2022","Ministry of Defence (excl. agencies)","Swansea","Outside London","AA","[c]","[c]","[c]","[c]"
"New entrant CS","2022","Ministry of Defence (excl. agencies)","Telford and Wrekin","Outside London","AA","10","[c]","23410","25000"
"New entrant CS","2022","Ministry of Defence (excl. agencies)","Telford and Wrekin","Outside London","AO","[c]","[c]","[c]","[c]"
"New entrant CS","2022","Ministry of Defence (excl. agencies)","Telford and Wrekin","Outside London","EO","[c]","[c]","[c]","[c]"
"New entrant CS","2022","Ministry of Defence (excl. agencies)","Telford and Wrekin","Outside London","G6","[c]","[c]","[c]","[c]"
"New entrant CS","2022","Ministry of Defence (excl. agencies)","Telford and Wrekin","Outside London","HEO","[c]","[c]","[c]","[c]"
"New entrant CS","2022","Ministry of Defence (excl. agencies)","Telford and Wrekin","Outside London","SEO","[c]","[c]","[c]","[c]"
"New entrant CS","2022","Ministry of Defence (excl. agencies)","Tyneside","Outside London","HEO","[c]","[c]","[c]","[c]"
"New entrant CS","2022","Ministry of Defence (excl. agencies)","Unknown","Unknown","AA","[c]","[c]","[c]","[c]"
"New entrant CS","2022","Ministry of Defence (excl. agencies)","Unknown","Unknown","AO","[c]","[c]","[c]","[c]"
"New entrant CS","2022","Ministry of Defence (excl. agencies)","Unknown","Unknown","EO","[c]","[c]","[c]","[c]"
"New entrant CS","2022","Ministry of Defence (excl. agencies)","Unknown","Unknown","G6","[c]","[c]","[c]","[c]"
"New entrant CS","2022","Ministry of Defence (excl. agencies)","Unknown","Unknown","HEO","10","[c]","36150","36630"
"New entrant CS","2022","Ministry of Defence (excl. agencies)","Unknown","Unknown","SCS level","[c]","[c]","[c]","[c]"
"New entrant CS","2022","Ministry of Defence (excl. agencies)","Unknown","Unknown","SEO","[c]","[c]","[c]","[c]"
"New entrant CS","2022","Ministry of Defence (excl. agencies)","Unknown","Unknown","Unknown","[c]","[c]","[c]","[c]"
"New entrant CS","2022","Ministry of Defence (excl. agencies)","Wakefield","Outside London","AO","[c]","[c]","[c]","[c]"
"New entrant CS","2022","Ministry of Defence (excl. agencies)","Wandsworth","London","AA","[c]","[c]","[c]","[c]"
"New entrant CS","2022","Ministry of Defence (excl. agencies)","Warwickshire CC","Outside London","AA","[c]","[c]","[c]","[c]"
"New entrant CS","2022","Ministry of Defence (excl. agencies)","Warwickshire CC","Outside London","AO","[c]","[c]","[c]","[c]"
"New entrant CS","2022","Ministry of Defence (excl. agencies)","Warwickshire CC","Outside London","EO","[c]","[c]","[c]","[c]"
"New entrant CS","2022","Ministry of Defence (excl. agencies)","West Cumbria","Outside London","AO","10","[c]","28560","23540"
"New entrant CS","2022","Ministry of Defence (excl. agencies)","West Cumbria","Outside London","EO","[c]","[c]","[c]","[c]"
"New entrant CS","2022","Ministry of Defence (excl. agencies)","West Essex","Outside London","AO","[c]","[c]","[c]","[c]"
"New entrant CS","2022","Ministry of Defence (excl. agencies)","West Kent","Outside London","EO","[c]","[c]","[c]","[c]"
"New entrant CS","2022","Ministry of Defence (excl. agencies)","West Northamptonshire","Outside London","EO","[c]","[c]","[c]","[c]"
"New entrant CS","2022","Ministry of Defence (excl. agencies)","West Northamptonshire","Outside London","HEO","[c]","[c]","[c]","[c]"
"New entrant CS","2022","Ministry of Defence (excl. agencies)","West Surrey","Outside London","AA","[c]","[c]","[c]","[c]"
"New entrant CS","2022","Ministry of Defence (excl. agencies)","West Surrey","Outside London","AO","[c]","[c]","[c]","[c]"
"New entrant CS","2022","Ministry of Defence (excl. agencies)","West Surrey","Outside London","EO","[c]","[c]","[c]","[c]"
"New entrant CS","2022","Ministry of Defence (excl. agencies)","West Surrey","Outside London","G6","[c]","[c]","[c]","[c]"
"New entrant CS","2022","Ministry of Defence (excl. agencies)","West Surrey","Outside London","G7","[c]","[c]","[c]","[c]"
"New entrant CS","2022","Ministry of Defence (excl. agencies)","West Surrey","Outside London","HEO","[c]","[c]","[c]","[c]"
"New entrant CS","2022","Ministry of Defence (excl. agencies)","West Sussex (South West)","Outside London","AA","[c]","[c]","[c]","[c]"
"New entrant CS","2022","Ministry of Defence (excl. agencies)","West Sussex (South West)","Outside London","EO","[c]","[c]","[c]","[c]"
"New entrant CS","2022","Ministry of Defence (excl. agencies)","Westminster","London","AA","5","[c]","[c]","[c]"
"New entrant CS","2022","Ministry of Defence (excl. agencies)","Westminster","London","AO","30","[c]","25800","25640"
"New entrant CS","2022","Ministry of Defence (excl. agencies)","Westminster","London","EO","60","[c]","28230","27200"
"New entrant CS","2022","Ministry of Defence (excl. agencies)","Westminster","London","G6","5","[c]","[c]","[c]"
"New entrant CS","2022","Ministry of Defence (excl. agencies)","Westminster","London","G7","15","[c]","56750","55550"
"New entrant CS","2022","Ministry of Defence (excl. agencies)","Westminster","London","HEO","50","[c]","36260","37000"
"New entrant CS","2022","Ministry of Defence (excl. agencies)","Westminster","London","SCS level","[c]","[c]","[c]","[c]"
"New entrant CS","2022","Ministry of Defence (excl. agencies)","Westminster","London","SEO","60","[c]","44090","44500"
"New entrant CS","2022","Ministry of Defence (excl. agencies)","Wiltshire","Outside London","AA","20","[c]","22920","22630"
"New entrant CS","2022","Ministry of Defence (excl. agencies)","Wiltshire","Outside London","AO","60","[c]","22050","21170"
"New entrant CS","2022","Ministry of Defence (excl. agencies)","Wiltshire","Outside London","EO","55","[c]","27270","26350"
"New entrant CS","2022","Ministry of Defence (excl. agencies)","Wiltshire","Outside London","G6","5","[c]","[c]","[c]"
"New entrant CS","2022","Ministry of Defence (excl. agencies)","Wiltshire","Outside London","G7","10","[c]","[c]","[c]"
"New entrant CS","2022","Ministry of Defence (excl. agencies)","Wiltshire","Outside London","HEO","50","[c]","33260","33000"
"New entrant CS","2022","Ministry of Defence (excl. agencies)","Wiltshire","Outside London","SCS level","[c]","[c]","[c]","[c]"
"New entrant CS","2022","Ministry of Defence (excl. agencies)","Wiltshire","Outside London","SEO","35","[c]","41040","40000"
"New entrant CS","2022","Ministry of Defence (excl. agencies)","Wiltshire","Outside London","Unknown","[c]","[c]","[c]","[c]"
"New entrant CS","2022","Ministry of Defence (excl. agencies)","Worcestershire CC","Outside London","AO","[c]","[c]","[c]","[c]"
"New entrant CS","2022","Ministry of Defence (excl. agencies)","York","Outside London","EO","[c]","[c]","[c]","[c]"
"New entrant CS","2022","Ministry of Defence (excl. agencies)","York","Outside London","HEO","[c]","[c]","[c]","[c]"
"New entrant CS","2022","Ministry of Defence (excl. agencies)","York","Outside London","SEO","[c]","[c]","[c]","[c]"
"New entrant CS","2022","Ministry of Justice (excl. agencies)","Aberdeen City and Aberdeenshire","Outside London","EO","[c]","[c]","[c]","[c]"
"New entrant CS","2022","Ministry of Justice (excl. agencies)","Bath and North East Somerset, North Somerset and South Gloucestershire","Outside London","HEO","[c]","[c]","[c]","[c]"
"New entrant CS","2022","Ministry of Justice (excl. agencies)","Bath and North East Somerset, North Somerset and South Gloucestershire","Outside London","SEO","[c]","[c]","[c]","[c]"
"New entrant CS","2022","Ministry of Justice (excl. agencies)","Berkshire","Outside London","EO","[c]","[c]","[c]","[c]"
"New entrant CS","2022","Ministry of Justice (excl. agencies)","Berkshire","Outside London","HEO","[c]","[c]","[c]","[c]"
"New entrant CS","2022","Ministry of Justice (excl. agencies)","Berkshire","Outside London","SEO","[c]","[c]","[c]","[c]"
"New entrant CS","2022","Ministry of Justice (excl. agencies)","Birmingham","Outside London","EO","5","[c]","[c]","[c]"
"New entrant CS","2022","Ministry of Justice (excl. agencies)","Birmingham","Outside London","G6","[c]","[c]","[c]","[c]"
"New entrant CS","2022","Ministry of Justice (excl. agencies)","Birmingham","Outside London","G7","5","[c]","[c]","[c]"
"New entrant CS","2022","Ministry of Justice (excl. agencies)","Birmingham","Outside London","HEO","5","[c]","[c]","[c]"
"New entrant CS","2022","Ministry of Justice (excl. agencies)","Birmingham","Outside London","SEO","10","[c]","[c]","[c]"
"New entrant CS","2022","Ministry of Justice (excl. agencies)","Blackburn with Darwen","Outside London","HEO","[c]","[c]","[c]","[c]"
"New entrant CS","2022","Ministry of Justice (excl. agencies)","Bournemouth, Christchurch and Poole","Outside London","G7","[c]","[c]","[c]","[c]"
"New entrant CS","2022","Ministry of Justice (excl. agencies)","Bradford","Outside London","SEO","[c]","[c]","[c]","[c]"
"New entrant CS","2022","Ministry of Justice (excl. agencies)","Bristol, City of","Outside London","SEO","[c]","[c]","[c]","[c]"
"New entrant CS","2022","Ministry of Justice (excl. agencies)","Buckinghamshire","Outside London","HEO","[c]","[c]","[c]","[c]"
"New entrant CS","2022","Ministry of Justice (excl. agencies)","Buckinghamshire","Outside London","SEO","[c]","[c]","[c]","[c]"
"New entrant CS","2022","Ministry of Justice (excl. agencies)","Cambridgeshire CC","Outside London","AO","[c]","[c]","[c]","[c]"
"New entrant CS","2022","Ministry of Justice (excl. agencies)","Camden and City of London","London","HEO","[c]","[c]","[c]","[c]"
"New entrant CS","2022","Ministry of Justice (excl. agencies)","Camden and City of London","London","SEO","[c]","[c]","[c]","[c]"
"New entrant CS","2022","Ministry of Justice (excl. agencies)","Cardiff and Vale of Glamorgan","Outside London","AO","[c]","[c]","[c]","[c]"
"New entrant CS","2022","Ministry of Justice (excl. agencies)","Cardiff and Vale of Glamorgan","Outside London","EO","[c]","[c]","[c]","[c]"
"New entrant CS","2022","Ministry of Justice (excl. agencies)","Cardiff and Vale of Glamorgan","Outside London","HEO","[c]","[c]","[c]","[c]"
"New entrant CS","2022","Ministry of Justice (excl. agencies)","Cardiff and Vale of Glamorgan","Outside London","SEO","[c]","[c]","[c]","[c]"
"New entrant CS","2022","Ministry of Justice (excl. agencies)","Cheshire West and Chester","Outside London","SEO","[c]","[c]","[c]","[c]"
"New entrant CS","2022","Ministry of Justice (excl. agencies)","Chorley and West Lancashire","Outside London","AO","[c]","[c]","[c]","[c]"
"New entrant CS","2022","Ministry of Justice (excl. agencies)","Chorley and West Lancashire","Outside London","HEO","[c]","[c]","[c]","[c]"
"New entrant CS","2022","Ministry of Justice (excl. agencies)","Chorley and West Lancashire","Outside London","SEO","[c]","[c]","[c]","[c]"
"New entrant CS","2022","Ministry of Justice (excl. agencies)","Cornwall and Isles of Scilly","Outside London","SEO","[c]","[c]","[c]","[c]"
"New entrant CS","2022","Ministry of Justice (excl. agencies)","Croydon","London","HEO","[c]","[c]","[c]","[c]"
"New entrant CS","2022","Ministry of Justice (excl. agencies)","Devon CC","Outside London","EO","[c]","[c]","[c]","[c]"
"New entrant CS","2022","Ministry of Justice (excl. agencies)","Devon CC","Outside London","HEO","[c]","[c]","[c]","[c]"
"New entrant CS","2022","Ministry of Justice (excl. agencies)","Devon CC","Outside London","SEO","[c]","[c]","[c]","[c]"
"New entrant CS","2022","Ministry of Justice (excl. agencies)","Durham","Outside London","EO","[c]","[c]","[c]","[c]"
"New entrant CS","2022","Ministry of Justice (excl. agencies)","Durham","Outside London","G7","[c]","[c]","[c]","[c]"
"New entrant CS","2022","Ministry of Justice (excl. agencies)","Durham","Outside London","HEO","[c]","[c]","[c]","[c]"
"New entrant CS","2022","Ministry of Justice (excl. agencies)","East Lancashire","Outside London","G7","[c]","[c]","[c]","[c]"
"New entrant CS","2022","Ministry of Justice (excl. agencies)","East Merseyside","Outside London","SEO","[c]","[c]","[c]","[c]"
"New entrant CS","2022","Ministry of Justice (excl. agencies)","East Riding of Yorkshire","Outside London","AO","[c]","[c]","[c]","[c]"
"New entrant CS","2022","Ministry of Justice (excl. agencies)","East Riding of Yorkshire","Outside London","HEO","[c]","[c]","[c]","[c]"
"New entrant CS","2022","Ministry of Justice (excl. agencies)","East Surrey","Outside London","HEO","[c]","[c]","[c]","[c]"
"New entrant CS","2022","Ministry of Justice (excl. agencies)","East Sussex CC","Outside London","EO","[c]","[c]","[c]","[c]"
"New entrant CS","2022","Ministry of Justice (excl. agencies)","East Sussex CC","Outside London","G6","[c]","[c]","[c]","[c]"
"New entrant CS","2022","Ministry of Justice (excl. agencies)","East Sussex CC","Outside London","HEO","[c]","[c]","[c]","[c]"
"New entrant CS","2022","Ministry of Justice (excl. agencies)","Flintshire and Wrexham","Outside London","HEO","[c]","[c]","[c]","[c]"
"New entrant CS","2022","Ministry of Justice (excl. agencies)","Glasgow City","Outside London","EO","[c]","[c]","[c]","[c]"
"New entrant CS","2022","Ministry of Justice (excl. agencies)","Glasgow City","Outside London","G6","[c]","[c]","[c]","[c]"
"New entrant CS","2022","Ministry of Justice (excl. agencies)","Glasgow City","Outside London","G7","5","[c]","[c]","[c]"
"New entrant CS","2022","Ministry of Justice (excl. agencies)","Glasgow City","Outside London","HEO","[c]","[c]","[c]","[c]"
"New entrant CS","2022","Ministry of Justice (excl. agencies)","Glasgow City","Outside London","SEO","5","[c]","[c]","[c]"
"New entrant CS","2022","Ministry of Justice (excl. agencies)","Greater Manchester North East","Outside London","HEO","[c]","[c]","[c]","[c]"
"New entrant CS","2022","Ministry of Justice (excl. agencies)","Greater Manchester North East","Outside London","SEO","[c]","[c]","[c]","[c]"
"New entrant CS","2022","Ministry of Justice (excl. agencies)","Greater Manchester North West","Outside London","HEO","[c]","[c]","[c]","[c]"
"New entrant CS","2022","Ministry of Justice (excl. agencies)","Harrow and Hillingdon","London","HEO","[c]","[c]","[c]","[c]"
"New entrant CS","2022","Ministry of Justice (excl. agencies)","Hertfordshire CC","Outside London","EO","[c]","[c]","[c]","[c]"
"New entrant CS","2022","Ministry of Justice (excl. agencies)","Isle of Wight","Outside London","SEO","[c]","[c]","[c]","[c]"
"New entrant CS","2022","Ministry of Justice (excl. agencies)","Kensington & Chelsea and Hammersmith & Fulham","London","HEO","[c]","[c]","[c]","[c]"
"New entrant CS","2022","Ministry of Justice (excl. agencies)","Kensington & Chelsea and Hammersmith & Fulham","London","SEO","[c]","[c]","[c]","[c]"
"New entrant CS","2022","Ministry of Justice (excl. agencies)","Kingston upon Hull, City of","Outside London","AO","[c]","[c]","[c]","[c]"
"New entrant CS","2022","Ministry of Justice (excl. agencies)","Kingston upon Hull, City of","Outside London","SEO","[c]","[c]","[c]","[c]"
"New entrant CS","2022","Ministry of Justice (excl. agencies)","Leeds","Outside London","AO","[c]","[c]","[c]","[c]"
"New entrant CS","2022","Ministry of Justice (excl. agencies)","Leeds","Outside London","EO","25","[c]","25150","25120"
"New entrant CS","2022","Ministry of Justice (excl. agencies)","Leeds","Outside London","G6","[c]","[c]","[c]","[c]"
"New entrant CS","2022","Ministry of Justice (excl. agencies)","Leeds","Outside London","G7","[c]","[c]","[c]","[c]"
"New entrant CS","2022","Ministry of Justice (excl. agencies)","Leeds","Outside London","HEO","15","[c]","30450","30450"
"New entrant CS","2022","Ministry of Justice (excl. agencies)","Leeds","Outside London","SCS level","[c]","[c]","[c]","[c]"
"New entrant CS","2022","Ministry of Justice (excl. agencies)","Leeds","Outside London","SEO","15","[c]","36920","36050"
"New entrant CS","2022","Ministry of Justice (excl. agencies)","Leicester","Outside London","HEO","[c]","[c]","[c]","[c]"
"New entrant CS","2022","Ministry of Justice (excl. agencies)","Leicestershire CC and Rutland","Outside London","AO","5","[c]","[c]","[c]"
"New entrant CS","2022","Ministry of Justice (excl. agencies)","Leicestershire CC and Rutland","Outside London","EO","[c]","[c]","[c]","[c]"
"New entrant CS","2022","Ministry of Justice (excl. agencies)","Leicestershire CC and Rutland","Outside London","HEO","[c]","[c]","[c]","[c]"
"New entrant CS","2022","Ministry of Justice (excl. agencies)","Lewisham and Southwark","London","SEO","[c]","[c]","[c]","[c]"
"New entrant CS","2022","Ministry of Justice (excl. agencies)","Lincolnshire CC","Outside London","HEO","5","[c]","[c]","[c]"
"New entrant CS","2022","Ministry of Justice (excl. agencies)","Liverpool","Outside London","EO","[c]","[c]","[c]","[c]"
"New entrant CS","2022","Ministry of Justice (excl. agencies)","Liverpool","Outside London","HEO","[c]","[c]","[c]","[c]"
"New entrant CS","2022","Ministry of Justice (excl. agencies)","Liverpool","Outside London","SEO","5","[c]","[c]","[c]"
"New entrant CS","2022","Ministry of Justice (excl. agencies)","Manchester","Outside London","EO","5","[c]","[c]","[c]"
"New entrant CS","2022","Ministry of Justice (excl. agencies)","Manchester","Outside London","G6","[c]","[c]","[c]","[c]"
"New entrant CS","2022","Ministry of Justice (excl. agencies)","Manchester","Outside London","G7","[c]","[c]","[c]","[c]"
"New entrant CS","2022","Ministry of Justice (excl. agencies)","Manchester","Outside London","HEO","[c]","[c]","[c]","[c]"
"New entrant CS","2022","Ministry of Justice (excl. agencies)","Manchester","Outside London","SEO","[c]","[c]","[c]","[c]"
"New entrant CS","2022","Ministry of Justice (excl. agencies)","Medway","Outside London","HEO","[c]","[c]","[c]","[c]"
"New entrant CS","2022","Ministry of Justice (excl. agencies)","Mid Lancashire","Outside London","HEO","[c]","[c]","[c]","[c]"
"New entrant CS","2022","Ministry of Justice (excl. agencies)","Mid Lancashire","Outside London","SEO","[c]","[c]","[c]","[c]"
"New entrant CS","2022","Ministry of Justice (excl. agencies)","Milton Keynes","Outside London","HEO","[c]","[c]","[c]","[c]"
"New entrant CS","2022","Ministry of Justice (excl. agencies)","Monmouthshire and Newport","Outside London","AO","[c]","[c]","[c]","[c]"
"New entrant CS","2022","Ministry of Justice (excl. agencies)","Monmouthshire and Newport","Outside London","SEO","[c]","[c]","[c]","[c]"
"New entrant CS","2022","Ministry of Justice (excl. agencies)","North Hampshire","Outside London","SEO","[c]","[c]","[c]","[c]"
"New entrant CS","2022","Ministry of Justice (excl. agencies)","North Northamptonshire","Outside London","EO","[c]","[c]","[c]","[c]"
"New entrant CS","2022","Ministry of Justice (excl. agencies)","Norwich and East Norfolk","Outside London","EO","[c]","[c]","[c]","[c]"
"New entrant CS","2022","Ministry of Justice (excl. agencies)","Nottingham","Outside London","EO","[c]","[c]","[c]","[c]"
"New entrant CS","2022","Ministry of Justice (excl. agencies)","Nottingham","Outside London","G7","[c]","[c]","[c]","[c]"
"New entrant CS","2022","Ministry of Justice (excl. agencies)","Nottingham","Outside London","HEO","5","[c]","[c]","[c]"
"New entrant CS","2022","Ministry of Justice (excl. agencies)","Nottingham","Outside London","SEO","[c]","[c]","[c]","[c]"
"New entrant CS","2022","Ministry of Justice (excl. agencies)","Oxfordshire CC","Outside London","AO","[c]","[c]","[c]","[c]"
"New entrant CS","2022","Ministry of Justice (excl. agencies)","Plymouth","Outside London","EO","[c]","[c]","[c]","[c]"
"New entrant CS","2022","Ministry of Justice (excl. agencies)","Plymouth","Outside London","HEO","[c]","[c]","[c]","[c]"
"New entrant CS","2022","Ministry of Justice (excl. agencies)","Sheffield","Outside London","EO","[c]","[c]","[c]","[c]"
"New entrant CS","2022","Ministry of Justice (excl. agencies)","Sheffield","Outside London","G6","[c]","[c]","[c]","[c]"
"New entrant CS","2022","Ministry of Justice (excl. agencies)","Sheffield","Outside London","G7","5","[c]","[c]","[c]"
"New entrant CS","2022","Ministry of Justice (excl. agencies)","Sheffield","Outside London","HEO","[c]","[c]","[c]","[c]"
"New entrant CS","2022","Ministry of Justice (excl. agencies)","Sheffield","Outside London","SEO","5","[c]","[c]","[c]"
"New entrant CS","2022","Ministry of Justice (excl. agencies)","Shropshire","Outside London","AO","[c]","[c]","[c]","[c]"
"New entrant CS","2022","Ministry of Justice (excl. agencies)","Shropshire","Outside London","G7","[c]","[c]","[c]","[c]"
"New entrant CS","2022","Ministry of Justice (excl. agencies)","Shropshire","Outside London","HEO","[c]","[c]","[c]","[c]"
"New entrant CS","2022","Ministry of Justice (excl. agencies)","South and West Derbyshire","Outside London","HEO","[c]","[c]","[c]","[c]"
"New entrant CS","2022","Ministry of Justice (excl. agencies)","Southend-on-Sea","Outside London","EO","[c]","[c]","[c]","[c]"
"New entrant CS","2022","Ministry of Justice (excl. agencies)","Staffordshire CC","Outside London","AA","5","[c]","[c]","[c]"
"New entrant CS","2022","Ministry of Justice (excl. agencies)","Staffordshire CC","Outside London","AO","20","[c]","20970","20970"
"New entrant CS","2022","Ministry of Justice (excl. agencies)","Staffordshire CC","Outside London","EO","[c]","[c]","[c]","[c]"
"New entrant CS","2022","Ministry of Justice (excl. agencies)","Staffordshire CC","Outside London","SEO","[c]","[c]","[c]","[c]"
"New entrant CS","2022","Ministry of Justice (excl. agencies)","Suffolk CC","Outside London","HEO","[c]","[c]","[c]","[c]"
"New entrant CS","2022","Ministry of Justice (excl. agencies)","Swansea","Outside London","SEO","[c]","[c]","[c]","[c]"
"New entrant CS","2022","Ministry of Justice (excl. agencies)","Swindon","Outside London","G6","[c]","[c]","[c]","[c]"
"New entrant CS","2022","Ministry of Justice (excl. agencies)","Tower Hamlets","London","AO","10","[c]","[c]","[c]"
"New entrant CS","2022","Ministry of Justice (excl. agencies)","Tower Hamlets","London","EO","35","[c]","28550","28310"
"New entrant CS","2022","Ministry of Justice (excl. agencies)","Tower Hamlets","London","G6","[c]","[c]","[c]","[c]"
"New entrant CS","2022","Ministry of Justice (excl. agencies)","Tower Hamlets","London","G7","30","[c]","57770","58130"
"New entrant CS","2022","Ministry of Justice (excl. agencies)","Tower Hamlets","London","HEO","65","[c]","34330","34260"
"New entrant CS","2022","Ministry of Justice (excl. agencies)","Tower Hamlets","London","SCS level","[c]","[c]","[c]","[c]"
"New entrant CS","2022","Ministry of Justice (excl. agencies)","Tower Hamlets","London","SEO","25","[c]","41900","41750"
"New entrant CS","2022","Ministry of Justice (excl. agencies)","Tyneside","Outside London","EO","[c]","[c]","[c]","[c]"
"New entrant CS","2022","Ministry of Justice (excl. agencies)","Tyneside","Outside London","G7","[c]","[c]","[c]","[c]"
"New entrant CS","2022","Ministry of Justice (excl. agencies)","Tyneside","Outside London","SEO","[c]","[c]","[c]","[c]"
"New entrant CS","2022","Ministry of Justice (excl. agencies)","Unknown","Unknown","AA","[c]","[c]","[c]","[c]"
"New entrant CS","2022","Ministry of Justice (excl. agencies)","Unknown","Unknown","AO","[c]","[c]","[c]","[c]"
"New entrant CS","2022","Ministry of Justice (excl. agencies)","Unknown","Unknown","EO","[c]","[c]","[c]","[c]"
"New entrant CS","2022","Ministry of Justice (excl. agencies)","Unknown","Unknown","HEO","[c]","[c]","[c]","[c]"
"New entrant CS","2022","Ministry of Justice (excl. agencies)","Wakefield","Outside London","HEO","[c]","[c]","[c]","[c]"
"New entrant CS","2022","Ministry of Justice (excl. agencies)","Warrington","Outside London","G6","[c]","[c]","[c]","[c]"
"New entrant CS","2022","Ministry of Justice (excl. agencies)","Warrington","Outside London","HEO","[c]","[c]","[c]","[c]"
"New entrant CS","2022","Ministry of Justice (excl. agencies)","Warwickshire CC","Outside London","AA","[c]","[c]","[c]","[c]"
"New entrant CS","2022","Ministry of Justice (excl. agencies)","Warwickshire CC","Outside London","AO","5","[c]","[c]","[c]"
"New entrant CS","2022","Ministry of Justice (excl. agencies)","Warwickshire CC","Outside London","G7","[c]","[c]","[c]","[c]"
"New entrant CS","2022","Ministry of Justice (excl. agencies)","Warwickshire CC","Outside London","HEO","[c]","[c]","[c]","[c]"
"New entrant CS","2022","Ministry of Justice (excl. agencies)","West Kent","Outside London","EO","[c]","[c]","[c]","[c]"
"New entrant CS","2022","Ministry of Justice (excl. agencies)","West Northamptonshire","Outside London","SEO","[c]","[c]","[c]","[c]"
"New entrant CS","2022","Ministry of Justice (excl. agencies)","West Surrey","Outside London","HEO","[c]","[c]","[c]","[c]"
"New entrant CS","2022","Ministry of Justice (excl. agencies)","West Surrey","Outside London","SEO","[c]","[c]","[c]","[c]"
"New entrant CS","2022","Ministry of Justice (excl. agencies)","Westminster","London","AA","5","[c]","[c]","[c]"
"New entrant CS","2022","Ministry of Justice (excl. agencies)","Westminster","London","AO","15","[c]","22930","23720"
"New entrant CS","2022","Ministry of Justice (excl. agencies)","Westminster","London","EO","70","[c]","28460","28310"
"New entrant CS","2022","Ministry of Justice (excl. agencies)","Westminster","London","G6","5","[c]","[c]","[c]"
"New entrant CS","2022","Ministry of Justice (excl. agencies)","Westminster","London","G7","30","[c]","57440","56500"
"New entrant CS","2022","Ministry of Justice (excl. agencies)","Westminster","London","HEO","70","[c]","34640","34260"
"New entrant CS","2022","Ministry of Justice (excl. agencies)","Westminster","London","SEO","50","[c]","42980","41750"
"New entrant CS","2022","Ministry of Justice (excl. agencies)","Wirral","Outside London","HEO","[c]","[c]","[c]","[c]"
"New entrant CS","2022","Ministry of Justice (excl. agencies)","Worcestershire CC","Outside London","SEO","[c]","[c]","[c]","[c]"
"New entrant CS","2022","Ministry of Justice (excl. agencies)","York","Outside London","EO","[c]","[c]","[c]","[c]"
"New entrant CS","2022","Ministry of Justice (excl. agencies)","York","Outside London","SEO","[c]","[c]","[c]","[c]"
"New entrant CS","2022","National Crime Agency","Bath and North East Somerset, North Somerset and South Gloucestershire","Outside London","AO","5","[c]","[c]","[c]"
"New entrant CS","2022","National Crime Agency","Bath and North East Somerset, North Somerset and South Gloucestershire","Outside London","EO","20","[c]","30150","28840"
"New entrant CS","2022","National Crime Agency","Bath and North East Somerset, North Somerset and South Gloucestershire","Outside London","G6","[c]","[c]","[c]","[c]"
"New entrant CS","2022","National Crime Agency","Bath and North East Somerset, North Somerset and South Gloucestershire","Outside London","G7","[c]","[c]","[c]","[c]"
"New entrant CS","2022","National Crime Agency","Bath and North East Somerset, North Somerset and South Gloucestershire","Outside London","HEO","10","[c]","[c]","[c]"
"New entrant CS","2022","National Crime Agency","Bath and North East Somerset, North Somerset and South Gloucestershire","Outside London","SEO","5","[c]","[c]","[c]"
"New entrant CS","2022","National Crime Agency","Bedford","Outside London","AO","[c]","[c]","[c]","[c]"
"New entrant CS","2022","National Crime Agency","Bedford","Outside London","EO","[c]","[c]","[c]","[c]"
"New entrant CS","2022","National Crime Agency","Belfast","Outside London","EO","[c]","[c]","[c]","[c]"
"New entrant CS","2022","National Crime Agency","Belfast","Outside London","HEO","10","[c]","[c]","[c]"
"New entrant CS","2022","National Crime Agency","Belfast","Outside London","SEO","[c]","[c]","[c]","[c]"
"New entrant CS","2022","National Crime Agency","Berkshire","Outside London","AO","[c]","[c]","[c]","[c]"
"New entrant CS","2022","National Crime Agency","Berkshire","Outside London","EO","5","[c]","[c]","[c]"
"New entrant CS","2022","National Crime Agency","Berkshire","Outside London","HEO","[c]","[c]","[c]","[c]"
"New entrant CS","2022","National Crime Agency","Berkshire","Outside London","SEO","[c]","[c]","[c]","[c]"
"New entrant CS","2022","National Crime Agency","Birmingham","Outside London","AO","5","[c]","[c]","[c]"
"New entrant CS","2022","National Crime Agency","Birmingham","Outside London","EO","25","[c]","31650","32770"
"New entrant CS","2022","National Crime Agency","Birmingham","Outside London","G6","[c]","[c]","[c]","[c]"
"New entrant CS","2022","National Crime Agency","Birmingham","Outside London","G7","[c]","[c]","[c]","[c]"
"New entrant CS","2022","National Crime Agency","Birmingham","Outside London","HEO","10","[c]","39530","36740"
"New entrant CS","2022","National Crime Agency","Birmingham","Outside London","SEO","[c]","[c]","[c]","[c]"
"New entrant CS","2022","National Crime Agency","Bridgend and Neath Port Talbot","Outside London","EO","[c]","[c]","[c]","[c]"
"New entrant CS","2022","National Crime Agency","Bridgend and Neath Port Talbot","Outside London","G6","[c]","[c]","[c]","[c]"
"New entrant CS","2022","National Crime Agency","Bridgend and Neath Port Talbot","Outside London","HEO","[c]","[c]","[c]","[c]"
"New entrant CS","2022","National Crime Agency","Central Hampshire","Outside London","AO","[c]","[c]","[c]","[c]"
"New entrant CS","2022","National Crime Agency","Central Hampshire","Outside London","EO","[c]","[c]","[c]","[c]"
"New entrant CS","2022","National Crime Agency","Central Hampshire","Outside London","HEO","[c]","[c]","[c]","[c]"
"New entrant CS","2022","National Crime Agency","Chorley and West Lancashire","Outside London","EO","5","[c]","[c]","[c]"
"New entrant CS","2022","National Crime Agency","Clackmannanshire and Fife","Outside London","AO","[c]","[c]","[c]","[c]"
"New entrant CS","2022","National Crime Agency","Coventry","Outside London","EO","[c]","[c]","[c]","[c]"
"New entrant CS","2022","National Crime Agency","Devon CC","Outside London","EO","[c]","[c]","[c]","[c]"
"New entrant CS","2022","National Crime Agency","Devon CC","Outside London","HEO","[c]","[c]","[c]","[c]"
"New entrant CS","2022","National Crime Agency","East Kent","Outside London","AO","[c]","[c]","[c]","[c]"
"New entrant CS","2022","National Crime Agency","East Kent","Outside London","HEO","[c]","[c]","[c]","[c]"
"New entrant CS","2022","National Crime Agency","Heart of Essex","Outside London","EO","10","[c]","[c]","[c]"
"New entrant CS","2022","National Crime Agency","Herefordshire, County of","Outside London","SEO","[c]","[c]","[c]","[c]"
"New entrant CS","2022","National Crime Agency","Hertfordshire CC","Outside London","EO","5","[c]","[c]","[c]"
"New entrant CS","2022","National Crime Agency","Hertfordshire CC","Outside London","SEO","[c]","[c]","[c]","[c]"
"New entrant CS","2022","National Crime Agency","Inverclyde, East Renfrewshire, and Renfrewshire","Outside London","EO","[c]","[c]","[c]","[c]"
"New entrant CS","2022","National Crime Agency","Inverclyde, East Renfrewshire, and Renfrewshire","Outside London","G7","[c]","[c]","[c]","[c]"
"New entrant CS","2022","National Crime Agency","Inverclyde, East Renfrewshire, and Renfrewshire","Outside London","HEO","[c]","[c]","[c]","[c]"
"New entrant CS","2022","National Crime Agency","Lambeth","London","AO","15","[c]","24470","24470"
"New entrant CS","2022","National Crime Agency","Lambeth","London","EO","75","[c]","34410","32260"
"New entrant CS","2022","National Crime Agency","Lambeth","London","G6","[c]","[c]","[c]","[c]"
"New entrant CS","2022","National Crime Agency","Lambeth","London","G7","10","[c]","[c]","[c]"
"New entrant CS","2022","National Crime Agency","Lambeth","London","HEO","30","[c]","41160","40170"
"New entrant CS","2022","National Crime Agency","Lambeth","London","SCS level","5","[c]","[c]","[c]"
"New entrant CS","2022","National Crime Agency","Lambeth","London","SEO","10","[c]","51260","48900"
"New entrant CS","2022","National Crime Agency","Leicestershire CC and Rutland","Outside London","AO","[c]","[c]","[c]","[c]"
"New entrant CS","2022","National Crime Agency","Leicestershire CC and Rutland","Outside London","EO","[c]","[c]","[c]","[c]"
"New entrant CS","2022","National Crime Agency","Leicestershire CC and Rutland","Outside London","HEO","[c]","[c]","[c]","[c]"
"New entrant CS","2022","National Crime Agency","Leicestershire CC and Rutland","Outside London","SEO","[c]","[c]","[c]","[c]"
"New entrant CS","2022","National Crime Agency","Medway","Outside London","AO","5","[c]","[c]","[c]"
"New entrant CS","2022","National Crime Agency","Medway","Outside London","EO","5","[c]","[c]","[c]"
"New entrant CS","2022","National Crime Agency","Merton, Kingston upon Thames and Sutton","London","AO","[c]","[c]","[c]","[c]"
"New entrant CS","2022","National Crime Agency","Merton, Kingston upon Thames and Sutton","London","EO","15","[c]","38360","37560"
"New entrant CS","2022","National Crime Agency","North Yorkshire CC","Outside London","HEO","[c]","[c]","[c]","[c]"
"New entrant CS","2022","National Crime Agency","Nottingham","Outside London","EO","10","[c]","[c]","[c]"
"New entrant CS","2022","National Crime Agency","Overseas","Overseas","G7","[c]","[c]","[c]","[c]"
"New entrant CS","2022","National Crime Agency","Overseas","Overseas","HEO","[c]","[c]","[c]","[c]"
"New entrant CS","2022","National Crime Agency","Overseas","Overseas","SEO","[c]","[c]","[c]","[c]"
"New entrant CS","2022","National Crime Agency","Sheffield","Outside London","AO","[c]","[c]","[c]","[c]"
"New entrant CS","2022","National Crime Agency","Sheffield","Outside London","EO","5","[c]","[c]","[c]"
"New entrant CS","2022","National Crime Agency","Sheffield","Outside London","SEO","[c]","[c]","[c]","[c]"
"New entrant CS","2022","National Crime Agency","South Nottinghamshire","Outside London","EO","5","[c]","[c]","[c]"
"New entrant CS","2022","National Crime Agency","South Nottinghamshire","Outside London","HEO","[c]","[c]","[c]","[c]"
"New entrant CS","2022","National Crime Agency","Staffordshire CC","Outside London","EO","5","[c]","[c]","[c]"
"New entrant CS","2022","National Crime Agency","Staffordshire CC","Outside London","HEO","[c]","[c]","[c]","[c]"
"New entrant CS","2022","National Crime Agency","Suffolk CC","Outside London","HEO","[c]","[c]","[c]","[c]"
"New entrant CS","2022","National Crime Agency","Suffolk CC","Outside London","SEO","[c]","[c]","[c]","[c]"
"New entrant CS","2022","National Crime Agency","Sunderland","Outside London","EO","[c]","[c]","[c]","[c]"
"New entrant CS","2022","National Crime Agency","Swindon","Outside London","HEO","[c]","[c]","[c]","[c]"
"New entrant CS","2022","National Crime Agency","Unknown","Unknown","EO","[c]","[c]","[c]","[c]"
"New entrant CS","2022","National Crime Agency","Wakefield","Outside London","EO","10","[c]","33720","34140"
"New entrant CS","2022","National Crime Agency","Wakefield","Outside London","G7","[c]","[c]","[c]","[c]"
"New entrant CS","2022","National Crime Agency","Wakefield","Outside London","HEO","[c]","[c]","[c]","[c]"
"New entrant CS","2022","National Crime Agency","Warrington","Outside London","AO","10","[c]","21380","21050"
"New entrant CS","2022","National Crime Agency","Warrington","Outside London","EO","55","[c]","31630","30640"
"New entrant CS","2022","National Crime Agency","Warrington","Outside London","G6","[c]","[c]","[c]","[c]"
"New entrant CS","2022","National Crime Agency","Warrington","Outside London","G7","5","[c]","[c]","[c]"
"New entrant CS","2022","National Crime Agency","Warrington","Outside London","HEO","20","[c]","39340","40210"
"New entrant CS","2022","National Crime Agency","Warrington","Outside London","SEO","[c]","[c]","[c]","[c]"
"New entrant CS","2022","National Crime Agency","West Kent","Outside London","HEO","[c]","[c]","[c]","[c]"
"New entrant CS","2022","National Crime Agency","West Sussex (North East)","Outside London","EO","[c]","[c]","[c]","[c]"
"New entrant CS","2022","National Crime Agency","West Sussex (North East)","Outside London","HEO","[c]","[c]","[c]","[c]"
"New entrant CS","2022","National Infrastructure Commission","Camden and City of London","London","EO","[c]","[c]","[c]","[c]"
"New entrant CS","2022","National Infrastructure Commission","Camden and City of London","London","G6","[c]","[c]","[c]","[c]"
"New entrant CS","2022","National Infrastructure Commission","Camden and City of London","London","G7","[c]","[c]","[c]","[c]"
"New entrant CS","2022","National Infrastructure Commission","Camden and City of London","London","HEO","[c]","[c]","[c]","[c]"
"New entrant CS","2022","National Infrastructure Commission","Camden and City of London","London","SEO","[c]","[c]","[c]","[c]"
"New entrant CS","2022","National Records of Scotland","City of Edinburgh","Outside London","AA","[c]","[c]","[c]","[c]"
"New entrant CS","2022","National Records of Scotland","City of Edinburgh","Outside London","AO","[c]","[c]","[c]","[c]"
"New entrant CS","2022","National Records of Scotland","City of Edinburgh","Outside London","EO","30","[c]","27320","27230"
"New entrant CS","2022","National Records of Scotland","City of Edinburgh","Outside London","G6","[c]","[c]","[c]","[c]"
"New entrant CS","2022","National Records of Scotland","City of Edinburgh","Outside London","G7","5","[c]","[c]","[c]"
"New entrant CS","2022","National Records of Scotland","City of Edinburgh","Outside London","HEO","10","[c]","32380","31540"
"New entrant CS","2022","National Records of Scotland","City of Edinburgh","Outside London","SEO","20","[c]","40780","39660"
"New entrant CS","2022","National Savings and Investments","Durham","Outside London","EO","[c]","[c]","[c]","[c]"
"New entrant CS","2022","National Savings and Investments","Durham","Outside London","G7","[c]","[c]","[c]","[c]"
"New entrant CS","2022","National Savings and Investments","Glasgow City","Outside London","EO","[c]","[c]","[c]","[c]"
"New entrant CS","2022","National Savings and Investments","Glasgow City","Outside London","G7","[c]","[c]","[c]","[c]"
"New entrant CS","2022","National Savings and Investments","Glasgow City","Outside London","SEO","[c]","[c]","[c]","[c]"
"New entrant CS","2022","National Savings and Investments","Mid Lancashire","Outside London","EO","[c]","[c]","[c]","[c]"
"New entrant CS","2022","National Savings and Investments","Mid Lancashire","Outside London","HEO","[c]","[c]","[c]","[c]"
"New entrant CS","2022","National Savings and Investments","Mid Lancashire","Outside London","SEO","[c]","[c]","[c]","[c]"
"New entrant CS","2022","National Savings and Investments","Westminster","London","AO","[c]","[c]","[c]","[c]"
"New entrant CS","2022","National Savings and Investments","Westminster","London","EO","[c]","[c]","[c]","[c]"
"New entrant CS","2022","National Savings and Investments","Westminster","London","G7","5","[c]","[c]","[c]"
"New entrant CS","2022","National Savings and Investments","Westminster","London","HEO","[c]","[c]","[c]","[c]"
"New entrant CS","2022","National Savings and Investments","Westminster","London","SEO","[c]","[c]","[c]","[c]"
"New entrant CS","2022","Northern Ireland Office","Belfast","Outside London","AO","[c]","[c]","[c]","[c]"
"New entrant CS","2022","Northern Ireland Office","Belfast","Outside London","EO","[c]","[c]","[c]","[c]"
"New entrant CS","2022","Northern Ireland Office","Belfast","Outside London","G7","5","[c]","[c]","[c]"
"New entrant CS","2022","Northern Ireland Office","Belfast","Outside London","HEO","10","[c]","[c]","[c]"
"New entrant CS","2022","Northern Ireland Office","Belfast","Outside London","SCS level","[c]","[c]","[c]","[c]"
"New entrant CS","2022","Northern Ireland Office","Belfast","Outside London","SEO","10","[c]","38750","36720"
"New entrant CS","2022","Northern Ireland Office","Westminster","London","EO","[c]","[c]","[c]","[c]"
"New entrant CS","2022","Northern Ireland Office","Westminster","London","G7","[c]","[c]","[c]","[c]"
"New entrant CS","2022","Northern Ireland Office","Westminster","London","HEO","[c]","[c]","[c]","[c]"
"New entrant CS","2022","Northern Ireland Office","Westminster","London","SEO","5","[c]","[c]","[c]"
"New entrant CS","2022","Office for Budget Responsibility","Westminster","London","AO","[c]","[c]","[c]","[c]"
"New entrant CS","2022","Office for Budget Responsibility","Westminster","London","G7","[c]","[c]","[c]","[c]"
"New entrant CS","2022","Office for Budget Responsibility","Westminster","London","HEO","[c]","[c]","[c]","[c]"
"New entrant CS","2022","Office for Budget Responsibility","Westminster","London","SCS level","[c]","[c]","[c]","[c]"
"New entrant CS","2022","Office for Standards in Education, Children's Services and Skills","Barking & Dagenham and Havering","London","SEO","[c]","[c]","[c]","[c]"
"New entrant CS","2022","Office for Standards in Education, Children's Services and Skills","Barnet","London","G7","[c]","[c]","[c]","[c]"
"New entrant CS","2022","Office for Standards in Education, Children's Services and Skills","Barnsley, Doncaster and Rotherham","Outside London","G7","[c]","[c]","[c]","[c]"
"New entrant CS","2022","Office for Standards in Education, Children's Services and Skills","Barnsley, Doncaster and Rotherham","Outside London","SEO","[c]","[c]","[c]","[c]"
"New entrant CS","2022","Office for Standards in Education, Children's Services and Skills","Bath and North East Somerset, North Somerset and South Gloucestershire","Outside London","G7","[c]","[c]","[c]","[c]"
"New entrant CS","2022","Office for Standards in Education, Children's Services and Skills","Bath and North East Somerset, North Somerset and South Gloucestershire","Outside London","SEO","[c]","[c]","[c]","[c]"
"New entrant CS","2022","Office for Standards in Education, Children's Services and Skills","Berkshire","Outside London","G7","[c]","[c]","[c]","[c]"
"New entrant CS","2022","Office for Standards in Education, Children's Services and Skills","Bexley and Greenwich","London","SEO","[c]","[c]","[c]","[c]"
"New entrant CS","2022","Office for Standards in Education, Children's Services and Skills","Birmingham","Outside London","EO","[c]","[c]","[c]","[c]"
"New entrant CS","2022","Office for Standards in Education, Children's Services and Skills","Blackpool","Outside London","SEO","[c]","[c]","[c]","[c]"
"New entrant CS","2022","Office for Standards in Education, Children's Services and Skills","Bournemouth, Christchurch and Poole","Outside London","G7","[c]","[c]","[c]","[c]"
"New entrant CS","2022","Office for Standards in Education, Children's Services and Skills","Bournemouth, Christchurch and Poole","Outside London","SEO","[c]","[c]","[c]","[c]"
"New entrant CS","2022","Office for Standards in Education, Children's Services and Skills","Bradford","Outside London","SEO","[c]","[c]","[c]","[c]"
"New entrant CS","2022","Office for Standards in Education, Children's Services and Skills","Breckland and South Norfolk","Outside London","G7","[c]","[c]","[c]","[c]"
"New entrant CS","2022","Office for Standards in Education, Children's Services and Skills","Breckland and South Norfolk","Outside London","SEO","[c]","[c]","[c]","[c]"
"New entrant CS","2022","Office for Standards in Education, Children's Services and Skills","Bristol, City of","Outside London","AA","[c]","[c]","[c]","[c]"
"New entrant CS","2022","Office for Standards in Education, Children's Services and Skills","Bristol, City of","Outside London","AO","5","[c]","[c]","[c]"
"New entrant CS","2022","Office for Standards in Education, Children's Services and Skills","Bristol, City of","Outside London","EO","5","[c]","[c]","[c]"
"New entrant CS","2022","Office for Standards in Education, Children's Services and Skills","Bristol, City of","Outside London","G6","[c]","[c]","[c]","[c]"
"New entrant CS","2022","Office for Standards in Education, Children's Services and Skills","Bristol, City of","Outside London","G7","[c]","[c]","[c]","[c]"
"New entrant CS","2022","Office for Standards in Education, Children's Services and Skills","Bristol, City of","Outside London","HEO","[c]","[c]","[c]","[c]"
"New entrant CS","2022","Office for Standards in Education, Children's Services and Skills","Bristol, City of","Outside London","SEO","[c]","[c]","[c]","[c]"
"New entrant CS","2022","Office for Standards in Education, Children's Services and Skills","Bromley","London","SEO","[c]","[c]","[c]","[c]"
"New entrant CS","2022","Office for Standards in Education, Children's Services and Skills","Buckinghamshire","Outside London","SEO","[c]","[c]","[c]","[c]"
"New entrant CS","2022","Office for Standards in Education, Children's Services and Skills","Calderdale and Kirklees","Outside London","G7","[c]","[c]","[c]","[c]"
"New entrant CS","2022","Office for Standards in Education, Children's Services and Skills","Calderdale and Kirklees","Outside London","SEO","[c]","[c]","[c]","[c]"
"New entrant CS","2022","Office for Standards in Education, Children's Services and Skills","Cambridgeshire CC","Outside London","EO","[c]","[c]","[c]","[c]"
"New entrant CS","2022","Office for Standards in Education, Children's Services and Skills","Cambridgeshire CC","Outside London","G7","[c]","[c]","[c]","[c]"
"New entrant CS","2022","Office for Standards in Education, Children's Services and Skills","Cambridgeshire CC","Outside London","SEO","[c]","[c]","[c]","[c]"
"New entrant CS","2022","Office for Standards in Education, Children's Services and Skills","Cardiff and Vale of Glamorgan","Outside London","G7","[c]","[c]","[c]","[c]"
"New entrant CS","2022","Office for Standards in Education, Children's Services and Skills","Central Bedfordshire","Outside London","G7","[c]","[c]","[c]","[c]"
"New entrant CS","2022","Office for Standards in Education, Children's Services and Skills","Central Hampshire","Outside London","G7","[c]","[c]","[c]","[c]"
"New entrant CS","2022","Office for Standards in Education, Children's Services and Skills","Central Hampshire","Outside London","SEO","[c]","[c]","[c]","[c]"
"New entrant CS","2022","Office for Standards in Education, Children's Services and Skills","Chorley and West Lancashire","Outside London","SEO","[c]","[c]","[c]","[c]"
"New entrant CS","2022","Office for Standards in Education, Children's Services and Skills","Conwy and Denbighshire","Outside London","SEO","[c]","[c]","[c]","[c]"
"New entrant CS","2022","Office for Standards in Education, Children's Services and Skills","Cornwall and Isles of Scilly","Outside London","SEO","[c]","[c]","[c]","[c]"
"New entrant CS","2022","Office for Standards in Education, Children's Services and Skills","Coventry","Outside London","G7","[c]","[c]","[c]","[c]"
"New entrant CS","2022","Office for Standards in Education, Children's Services and Skills","Croydon","London","SEO","[c]","[c]","[c]","[c]"
"New entrant CS","2022","Office for Standards in Education, Children's Services and Skills","Devon CC","Outside London","G7","[c]","[c]","[c]","[c]"
"New entrant CS","2022","Office for Standards in Education, Children's Services and Skills","Dorset","Outside London","G7","[c]","[c]","[c]","[c]"
"New entrant CS","2022","Office for Standards in Education, Children's Services and Skills","Dorset","Outside London","SEO","[c]","[c]","[c]","[c]"
"New entrant CS","2022","Office for Standards in Education, Children's Services and Skills","Dudley","Outside London","SEO","[c]","[c]","[c]","[c]"
"New entrant CS","2022","Office for Standards in Education, Children's Services and Skills","Durham","Outside London","G7","[c]","[c]","[c]","[c]"
"New entrant CS","2022","Office for Standards in Education, Children's Services and Skills","Durham","Outside London","SEO","[c]","[c]","[c]","[c]"
"New entrant CS","2022","Office for Standards in Education, Children's Services and Skills","East Cumbria","Outside London","G7","[c]","[c]","[c]","[c]"
"New entrant CS","2022","Office for Standards in Education, Children's Services and Skills","East Cumbria","Outside London","SEO","[c]","[c]","[c]","[c]"
"New entrant CS","2022","Office for Standards in Education, Children's Services and Skills","East Merseyside","Outside London","G7","[c]","[c]","[c]","[c]"
"New entrant CS","2022","Office for Standards in Education, Children's Services and Skills","East Merseyside","Outside London","SEO","[c]","[c]","[c]","[c]"
"New entrant CS","2022","Office for Standards in Education, Children's Services and Skills","East Sussex CC","Outside London","G7","[c]","[c]","[c]","[c]"
"New entrant CS","2022","Office for Standards in Education, Children's Services and Skills","East Sussex CC","Outside London","SEO","[c]","[c]","[c]","[c]"
"New entrant CS","2022","Office for Standards in Education, Children's Services and Skills","Enfield","London","G7","[c]","[c]","[c]","[c]"
"New entrant CS","2022","Office for Standards in Education, Children's Services and Skills","Greater Manchester North East","Outside London","SEO","[c]","[c]","[c]","[c]"
"New entrant CS","2022","Office for Standards in Education, Children's Services and Skills","Greater Manchester North West","Outside London","SEO","[c]","[c]","[c]","[c]"
"New entrant CS","2022","Office for Standards in Education, Children's Services and Skills","Greater Manchester South East","Outside London","SEO","[c]","[c]","[c]","[c]"
"New entrant CS","2022","Office for Standards in Education, Children's Services and Skills","Haringey and Islington","London","G7","[c]","[c]","[c]","[c]"
"New entrant CS","2022","Office for Standards in Education, Children's Services and Skills","Harrow and Hillingdon","London","SEO","[c]","[c]","[c]","[c]"
"New entrant CS","2022","Office for Standards in Education, Children's Services and Skills","Hertfordshire CC","Outside London","G7","[c]","[c]","[c]","[c]"
"New entrant CS","2022","Office for Standards in Education, Children's Services and Skills","Hertfordshire CC","Outside London","SEO","[c]","[c]","[c]","[c]"
"New entrant CS","2022","Office for Standards in Education, Children's Services and Skills","Leeds","Outside London","SEO","[c]","[c]","[c]","[c]"
"New entrant CS","2022","Office for Standards in Education, Children's Services and Skills","Leicester","Outside London","SEO","[c]","[c]","[c]","[c]"
"New entrant CS","2022","Office for Standards in Education, Children's Services and Skills","Leicestershire CC and Rutland","Outside London","G7","[c]","[c]","[c]","[c]"
"New entrant CS","2022","Office for Standards in Education, Children's Services and Skills","Lewisham and Southwark","London","G7","[c]","[c]","[c]","[c]"
"New entrant CS","2022","Office for Standards in Education, Children's Services and Skills","Lewisham and Southwark","London","SEO","[c]","[c]","[c]","[c]"
"New entrant CS","2022","Office for Standards in Education, Children's Services and Skills","Lincolnshire CC","Outside London","SEO","[c]","[c]","[c]","[c]"
"New entrant CS","2022","Office for Standards in Education, Children's Services and Skills","Manchester","Outside London","AA","[c]","[c]","[c]","[c]"
"New entrant CS","2022","Office for Standards in Education, Children's Services and Skills","Manchester","Outside London","AO","10","[c]","21220","21200"
"New entrant CS","2022","Office for Standards in Education, Children's Services and Skills","Manchester","Outside London","EO","[c]","[c]","[c]","[c]"
"New entrant CS","2022","Office for Standards in Education, Children's Services and Skills","Manchester","Outside London","G7","[c]","[c]","[c]","[c]"
"New entrant CS","2022","Office for Standards in Education, Children's Services and Skills","Manchester","Outside London","HEO","[c]","[c]","[c]","[c]"
"New entrant CS","2022","Office for Standards in Education, Children's Services and Skills","Manchester","Outside London","SEO","[c]","[c]","[c]","[c]"
"New entrant CS","2022","Office for Standards in Education, Children's Services and Skills","North and North East Lincolnshire","Outside London","G7","[c]","[c]","[c]","[c]"
"New entrant CS","2022","Office for Standards in Education, Children's Services and Skills","North Hampshire","Outside London","SEO","[c]","[c]","[c]","[c]"
"New entrant CS","2022","Office for Standards in Education, Children's Services and Skills","North Northamptonshire","Outside London","SEO","[c]","[c]","[c]","[c]"
"New entrant CS","2022","Office for Standards in Education, Children's Services and Skills","North Nottinghamshire","Outside London","SEO","[c]","[c]","[c]","[c]"
"New entrant CS","2022","Office for Standards in Education, Children's Services and Skills","North Yorkshire CC","Outside London","G7","[c]","[c]","[c]","[c]"
"New entrant CS","2022","Office for Standards in Education, Children's Services and Skills","North Yorkshire CC","Outside London","SEO","[c]","[c]","[c]","[c]"
"New entrant CS","2022","Office for Standards in Education, Children's Services and Skills","Norwich and East Norfolk","Outside London","SEO","[c]","[c]","[c]","[c]"
"New entrant CS","2022","Office for Standards in Education, Children's Services and Skills","Nottingham","Outside London","AO","[c]","[c]","[c]","[c]"
"New entrant CS","2022","Office for Standards in Education, Children's Services and Skills","Nottingham","Outside London","SEO","[c]","[c]","[c]","[c]"
"New entrant CS","2022","Office for Standards in Education, Children's Services and Skills","Oxfordshire CC","Outside London","G7","[c]","[c]","[c]","[c]"
"New entrant CS","2022","Office for Standards in Education, Children's Services and Skills","Oxfordshire CC","Outside London","SEO","[c]","[c]","[c]","[c]"
"New entrant CS","2022","Office for Standards in Education, Children's Services and Skills","Plymouth","Outside London","G7","[c]","[c]","[c]","[c]"
"New entrant CS","2022","Office for Standards in Education, Children's Services and Skills","Plymouth","Outside London","SEO","[c]","[c]","[c]","[c]"
"New entrant CS","2022","Office for Standards in Education, Children's Services and Skills","Powys","Outside London","SEO","[c]","[c]","[c]","[c]"
"New entrant CS","2022","Office for Standards in Education, Children's Services and Skills","Redbridge and Waltham Forest","London","SEO","[c]","[c]","[c]","[c]"
"New entrant CS","2022","Office for Standards in Education, Children's Services and Skills","Sefton","Outside London","G7","[c]","[c]","[c]","[c]"
"New entrant CS","2022","Office for Standards in Education, Children's Services and Skills","Sefton","Outside London","SEO","[c]","[c]","[c]","[c]"
"New entrant CS","2022","Office for Standards in Education, Children's Services and Skills","Sheffield","Outside London","G7","[c]","[c]","[c]","[c]"
"New entrant CS","2022","Office for Standards in Education, Children's Services and Skills","Shropshire","Outside London","G7","[c]","[c]","[c]","[c]"
"New entrant CS","2022","Office for Standards in Education, Children's Services and Skills","Somerset CC","Outside London","G7","[c]","[c]","[c]","[c]"
"New entrant CS","2022","Office for Standards in Education, Children's Services and Skills","Somerset CC","Outside London","SEO","[c]","[c]","[c]","[c]"
"New entrant CS","2022","Office for Standards in Education, Children's Services and Skills","South and West Derbyshire","Outside London","G7","[c]","[c]","[c]","[c]"
"New entrant CS","2022","Office for Standards in Education, Children's Services and Skills","South Hampshire","Outside London","G7","[c]","[c]","[c]","[c]"
"New entrant CS","2022","Office for Standards in Education, Children's Services and Skills","South Hampshire","Outside London","SEO","[c]","[c]","[c]","[c]"
"New entrant CS","2022","Office for Standards in Education, Children's Services and Skills","South Nottinghamshire","Outside London","G7","[c]","[c]","[c]","[c]"
"New entrant CS","2022","Office for Standards in Education, Children's Services and Skills","South Nottinghamshire","Outside London","SEO","[c]","[c]","[c]","[c]"
"New entrant CS","2022","Office for Standards in Education, Children's Services and Skills","Staffordshire CC","Outside London","G7","[c]","[c]","[c]","[c]"
"New entrant CS","2022","Office for Standards in Education, Children's Services and Skills","Staffordshire CC","Outside London","SEO","[c]","[c]","[c]","[c]"
"New entrant CS","2022","Office for Standards in Education, Children's Services and Skills","Stoke-on-Trent","Outside London","G7","[c]","[c]","[c]","[c]"
"New entrant CS","2022","Office for Standards in Education, Children's Services and Skills","Suffolk CC","Outside London","G7","[c]","[c]","[c]","[c]"
"New entrant CS","2022","Office for Standards in Education, Children's Services and Skills","Suffolk CC","Outside London","SEO","[c]","[c]","[c]","[c]"
"New entrant CS","2022","Office for Standards in Education, Children's Services and Skills","Sunderland","Outside London","SEO","[c]","[c]","[c]","[c]"
"New entrant CS","2022","Office for Standards in Education, Children's Services and Skills","Telford and Wrekin","Outside London","SEO","[c]","[c]","[c]","[c]"
"New entrant CS","2022","Office for Standards in Education, Children's Services and Skills","Tyneside","Outside London","G7","[c]","[c]","[c]","[c]"
"New entrant CS","2022","Office for Standards in Education, Children's Services and Skills","Tyneside","Outside London","SEO","[c]","[c]","[c]","[c]"
"New entrant CS","2022","Office for Standards in Education, Children's Services and Skills","Wakefield","Outside London","SEO","[c]","[c]","[c]","[c]"
"New entrant CS","2022","Office for Standards in Education, Children's Services and Skills","Wandsworth","London","SEO","[c]","[c]","[c]","[c]"
"New entrant CS","2022","Office for Standards in Education, Children's Services and Skills","Warwickshire CC","Outside London","SEO","[c]","[c]","[c]","[c]"
"New entrant CS","2022","Office for Standards in Education, Children's Services and Skills","West Essex","Outside London","SEO","[c]","[c]","[c]","[c]"
"New entrant CS","2022","Office for Standards in Education, Children's Services and Skills","West Kent","Outside London","G7","[c]","[c]","[c]","[c]"
"New entrant CS","2022","Office for Standards in Education, Children's Services and Skills","West Northamptonshire","Outside London","G7","[c]","[c]","[c]","[c]"
"New entrant CS","2022","Office for Standards in Education, Children's Services and Skills","West Northamptonshire","Outside London","SEO","[c]","[c]","[c]","[c]"
"New entrant CS","2022","Office for Standards in Education, Children's Services and Skills","West Surrey","Outside London","SEO","[c]","[c]","[c]","[c]"
"New entrant CS","2022","Office for Standards in Education, Children's Services and Skills","West Sussex (North East)","Outside London","G7","[c]","[c]","[c]","[c]"
"New entrant CS","2022","Office for Standards in Education, Children's Services and Skills","Westminster","London","AA","5","[c]","[c]","[c]"
"New entrant CS","2022","Office for Standards in Education, Children's Services and Skills","Westminster","London","EO","10","[c]","[c]","[c]"
"New entrant CS","2022","Office for Standards in Education, Children's Services and Skills","Westminster","London","G6","[c]","[c]","[c]","[c]"
"New entrant CS","2022","Office for Standards in Education, Children's Services and Skills","Westminster","London","G7","[c]","[c]","[c]","[c]"
"New entrant CS","2022","Office for Standards in Education, Children's Services and Skills","Westminster","London","HEO","[c]","[c]","[c]","[c]"
"New entrant CS","2022","Office for Standards in Education, Children's Services and Skills","Westminster","London","SCS level","[c]","[c]","[c]","[c]"
"New entrant CS","2022","Office for Standards in Education, Children's Services and Skills","Westminster","London","SEO","5","[c]","[c]","[c]"
"New entrant CS","2022","Office for Standards in Education, Children's Services and Skills","Wiltshire","Outside London","SEO","[c]","[c]","[c]","[c]"
"New entrant CS","2022","Office for Standards in Education, Children's Services and Skills","Worcestershire CC","Outside London","G7","[c]","[c]","[c]","[c]"
"New entrant CS","2022","Office for Standards in Education, Children's Services and Skills","York","Outside London","G7","[c]","[c]","[c]","[c]"
"New entrant CS","2022","Office for Standards in Education, Children's Services and Skills","York","Outside London","HEO","[c]","[c]","[c]","[c]"
"New entrant CS","2022","Office for Standards in Education, Children's Services and Skills","York","Outside London","SEO","[c]","[c]","[c]","[c]"
"New entrant CS","2022","Office of Gas and Electricity Markets","Barking & Dagenham and Havering","London","SEO","[c]","[c]","[c]","[c]"
"New entrant CS","2022","Office of Gas and Electricity Markets","Cardiff and Vale of Glamorgan","Outside London","G6","[c]","[c]","[c]","[c]"
"New entrant CS","2022","Office of Gas and Electricity Markets","Cardiff and Vale of Glamorgan","Outside London","G7","[c]","[c]","[c]","[c]"
"New entrant CS","2022","Office of Gas and Electricity Markets","Cardiff and Vale of Glamorgan","Outside London","HEO","[c]","[c]","[c]","[c]"
"New entrant CS","2022","Office of Gas and Electricity Markets","Cardiff and Vale of Glamorgan","Outside London","SCS level","[c]","[c]","[c]","[c]"
"New entrant CS","2022","Office of Gas and Electricity Markets","Cardiff and Vale of Glamorgan","Outside London","SEO","[c]","[c]","[c]","[c]"
"New entrant CS","2022","Office of Gas and Electricity Markets","Clackmannanshire and Fife","Outside London","EO","[c]","[c]","[c]","[c]"
"New entrant CS","2022","Office of Gas and Electricity Markets","Glasgow City","Outside London","AO","30","[c]","19090","18180"
"New entrant CS","2022","Office of Gas and Electricity Markets","Glasgow City","Outside London","EO","90","[c]","24270","23450"
"New entrant CS","2022","Office of Gas and Electricity Markets","Glasgow City","Outside London","G6","[c]","[c]","[c]","[c]"
"New entrant CS","2022","Office of Gas and Electricity Markets","Glasgow City","Outside London","G7","25","[c]","53890","54150"
"New entrant CS","2022","Office of Gas and Electricity Markets","Glasgow City","Outside London","HEO","25","[c]","33020","33200"
"New entrant CS","2022","Office of Gas and Electricity Markets","Glasgow City","Outside London","SEO","25","[c]","38730","38500"
"New entrant CS","2022","Office of Gas and Electricity Markets","Haringey and Islington","London","SEO","[c]","[c]","[c]","[c]"
"New entrant CS","2022","Office of Gas and Electricity Markets","Harrow and Hillingdon","London","SEO","[c]","[c]","[c]","[c]"
"New entrant CS","2022","Office of Gas and Electricity Markets","Luton","Outside London","G7","[c]","[c]","[c]","[c]"
"New entrant CS","2022","Office of Gas and Electricity Markets","Tower Hamlets","London","AO","20","[c]","20640","19750"
"New entrant CS","2022","Office of Gas and Electricity Markets","Tower Hamlets","London","EO","110","[c]","27370","25750"
"New entrant CS","2022","Office of Gas and Electricity Markets","Tower Hamlets","London","G6","10","[c]","80830","79440"
"New entrant CS","2022","Office of Gas and Electricity Markets","Tower Hamlets","London","G7","45","[c]","60560","60000"
"New entrant CS","2022","Office of Gas and Electricity Markets","Tower Hamlets","London","HEO","30","[c]","35500","35040"
"New entrant CS","2022","Office of Gas and Electricity Markets","Tower Hamlets","London","SCS level","5","[c]","[c]","[c]"
"New entrant CS","2022","Office of Gas and Electricity Markets","Tower Hamlets","London","SEO","25","[c]","43410","43000"
"New entrant CS","2022","Office of Qualifications and Examinations Regulation","Birmingham","Outside London","SEO","[c]","[c]","[c]","[c]"
"New entrant CS","2022","Office of Qualifications and Examinations Regulation","Coventry","Outside London","AA","[c]","[c]","[c]","[c]"
"New entrant CS","2022","Office of Qualifications and Examinations Regulation","Coventry","Outside London","EO","10","[c]","[c]","[c]"
"New entrant CS","2022","Office of Qualifications and Examinations Regulation","Coventry","Outside London","G6","[c]","[c]","[c]","[c]"
"New entrant CS","2022","Office of Qualifications and Examinations Regulation","Coventry","Outside London","G7","10","[c]","[c]","[c]"
"New entrant CS","2022","Office of Qualifications and Examinations Regulation","Coventry","Outside London","HEO","20","[c]","31700","31000"
"New entrant CS","2022","Office of Qualifications and Examinations Regulation","Coventry","Outside London","SEO","15","[c]","39420","38000"
"New entrant CS","2022","Office of Qualifications and Examinations Regulation","Solihull","Outside London","SEO","[c]","[c]","[c]","[c]"
"New entrant CS","2022","Office of Qualifications and Examinations Regulation","Tyneside","Outside London","SEO","[c]","[c]","[c]","[c]"
"New entrant CS","2022","Office of Qualifications and Examinations Regulation","Warwickshire CC","Outside London","G7","[c]","[c]","[c]","[c]"
"New entrant CS","2022","Office of Rail and Road","Birmingham","Outside London","EO","[c]","[c]","[c]","[c]"
"New entrant CS","2022","Office of Rail and Road","Birmingham","Outside London","G7","[c]","[c]","[c]","[c]"
"New entrant CS","2022","Office of Rail and Road","Birmingham","Outside London","HEO","[c]","[c]","[c]","[c]"
"New entrant CS","2022","Office of Rail and Road","Birmingham","Outside London","SCS level","[c]","[c]","[c]","[c]"
"New entrant CS","2022","Office of Rail and Road","Birmingham","Outside London","SEO","[c]","[c]","[c]","[c]"
"New entrant CS","2022","Office of Rail and Road","Bristol, City of","Outside London","G7","[c]","[c]","[c]","[c]"
"New entrant CS","2022","Office of Rail and Road","Bristol, City of","Outside London","HEO","[c]","[c]","[c]","[c]"
"New entrant CS","2022","Office of Rail and Road","Bristol, City of","Outside London","SEO","[c]","[c]","[c]","[c]"
"New entrant CS","2022","Office of Rail and Road","Glasgow City","Outside London","G7","[c]","[c]","[c]","[c]"
"New entrant CS","2022","Office of Rail and Road","Glasgow City","Outside London","SEO","[c]","[c]","[c]","[c]"
"New entrant CS","2022","Office of Rail and Road","Manchester","Outside London","EO","[c]","[c]","[c]","[c]"
"New entrant CS","2022","Office of Rail and Road","Manchester","Outside London","G7","[c]","[c]","[c]","[c]"
"New entrant CS","2022","Office of Rail and Road","Manchester","Outside London","SEO","[c]","[c]","[c]","[c]"
"New entrant CS","2022","Office of Rail and Road","Tower Hamlets","London","AO","5","[c]","[c]","[c]"
"New entrant CS","2022","Office of Rail and Road","Tower Hamlets","London","EO","[c]","[c]","[c]","[c]"
"New entrant CS","2022","Office of Rail and Road","Tower Hamlets","London","G6","[c]","[c]","[c]","[c]"
"New entrant CS","2022","Office of Rail and Road","Tower Hamlets","London","G7","[c]","[c]","[c]","[c]"
"New entrant CS","2022","Office of Rail and Road","Tower Hamlets","London","HEO","[c]","[c]","[c]","[c]"
"New entrant CS","2022","Office of Rail and Road","Tower Hamlets","London","SEO","5","[c]","[c]","[c]"
"New entrant CS","2022","Office of Rail and Road","York","Outside London","AO","[c]","[c]","[c]","[c]"
"New entrant CS","2022","Office of Rail and Road","York","Outside London","HEO","[c]","[c]","[c]","[c]"
"New entrant CS","2022","Office of Rail and Road","York","Outside London","SEO","[c]","[c]","[c]","[c]"
"New entrant CS","2022","Office of the Public Guardian","Birmingham","Outside London","AA","[c]","[c]","[c]","[c]"
"New entrant CS","2022","Office of the Public Guardian","Birmingham","Outside London","AO","120","[c]","20960","20970"
"New entrant CS","2022","Office of the Public Guardian","Birmingham","Outside London","EO","25","[c]","25180","25120"
"New entrant CS","2022","Office of the Public Guardian","Birmingham","Outside London","G7","[c]","[c]","[c]","[c]"
"New entrant CS","2022","Office of the Public Guardian","Birmingham","Outside London","HEO","[c]","[c]","[c]","[c]"
"New entrant CS","2022","Office of the Public Guardian","Birmingham","Outside London","SEO","[c]","[c]","[c]","[c]"
"New entrant CS","2022","Office of the Public Guardian","Nottingham","Outside London","AO","50","[c]","20970","20970"
"New entrant CS","2022","Office of the Public Guardian","Nottingham","Outside London","EO","10","[c]","[c]","[c]"
"New entrant CS","2022","Office of the Public Guardian","Nottingham","Outside London","HEO","[c]","[c]","[c]","[c]"
"New entrant CS","2022","Office of the Public Guardian","Nottingham","Outside London","SEO","[c]","[c]","[c]","[c]"
"New entrant CS","2022","Office of the Public Guardian","Unknown","Unknown","AO","[c]","[c]","[c]","[c]"
"New entrant CS","2022","Office of the Public Guardian","Unknown","Unknown","EO","[c]","[c]","[c]","[c]"
"New entrant CS","2022","Office of the Scottish Charity Regulator","Angus and Dundee City","Outside London","AA","[c]","[c]","[c]","[c]"
"New entrant CS","2022","Office of the Scottish Charity Regulator","Angus and Dundee City","Outside London","AO","[c]","[c]","[c]","[c]"
"New entrant CS","2022","Office of the Scottish Charity Regulator","Angus and Dundee City","Outside London","EO","[c]","[c]","[c]","[c]"
"New entrant CS","2022","Office of the Scottish Charity Regulator","Angus and Dundee City","Outside London","G7","[c]","[c]","[c]","[c]"
"New entrant CS","2022","Office of the Scottish Charity Regulator","Angus and Dundee City","Outside London","HEO","[c]","[c]","[c]","[c]"
"New entrant CS","2022","Office of the Secretary of State for Scotland (incl. Office of the Advocate General for Scotland)","City of Edinburgh","Outside London","AA","[c]","[c]","[c]","[c]"
"New entrant CS","2022","Office of the Secretary of State for Scotland (incl. Office of the Advocate General for Scotland)","City of Edinburgh","Outside London","AO","[c]","[c]","[c]","[c]"
"New entrant CS","2022","Office of the Secretary of State for Scotland (incl. Office of the Advocate General for Scotland)","City of Edinburgh","Outside London","EO","[c]","[c]","[c]","[c]"
"New entrant CS","2022","Office of the Secretary of State for Scotland (incl. Office of the Advocate General for Scotland)","City of Edinburgh","Outside London","G7","5","[c]","[c]","[c]"
"New entrant CS","2022","Office of the Secretary of State for Scotland (incl. Office of the Advocate General for Scotland)","City of Edinburgh","Outside London","HEO","[c]","[c]","[c]","[c]"
"New entrant CS","2022","Office of the Secretary of State for Scotland (incl. Office of the Advocate General for Scotland)","Westminster","London","AO","[c]","[c]","[c]","[c]"
"New entrant CS","2022","Office of the Secretary of State for Scotland (incl. Office of the Advocate General for Scotland)","Westminster","London","EO","[c]","[c]","[c]","[c]"
"New entrant CS","2022","Office of the Secretary of State for Scotland (incl. Office of the Advocate General for Scotland)","Westminster","London","HEO","[c]","[c]","[c]","[c]"
"New entrant CS","2022","Office of the Secretary of State for Wales","Cardiff and Vale of Glamorgan","Outside London","AA","[c]","[c]","[c]","[c]"
"New entrant CS","2022","Office of the Secretary of State for Wales","Cardiff and Vale of Glamorgan","Outside London","AO","[c]","[c]","[c]","[c]"
"New entrant CS","2022","Office of the Secretary of State for Wales","Cardiff and Vale of Glamorgan","Outside London","EO","5","[c]","[c]","[c]"
"New entrant CS","2022","Office of the Secretary of State for Wales","Cardiff and Vale of Glamorgan","Outside London","HEO","[c]","[c]","[c]","[c]"
"New entrant CS","2022","Office of the Secretary of State for Wales","Westminster","London","EO","[c]","[c]","[c]","[c]"
"New entrant CS","2022","Office of the Secretary of State for Wales","Westminster","London","SEO","[c]","[c]","[c]","[c]"
"New entrant CS","2022","Planning Inspectorate","Bath and North East Somerset, North Somerset and South Gloucestershire","Outside London","G7","[c]","[c]","[c]","[c]"
"New entrant CS","2022","Planning Inspectorate","Bristol, City of","Outside London","AO","20","[c]","20160","21520"
"New entrant CS","2022","Planning Inspectorate","Bristol, City of","Outside London","EO","5","[c]","[c]","[c]"
"New entrant CS","2022","Planning Inspectorate","Bristol, City of","Outside London","G7","[c]","[c]","[c]","[c]"
"New entrant CS","2022","Planning Inspectorate","Bristol, City of","Outside London","HEO","15","[c]","32780","32780"
"New entrant CS","2022","Planning Inspectorate","Bristol, City of","Outside London","SEO","10","[c]","40890","40720"
"New entrant CS","2022","Planning Inspectorate","Bristol, City of","Outside London","Unknown","[c]","[c]","[c]","[c]"
"New entrant CS","2022","Planning Inspectorate","Bromley","London","G7","[c]","[c]","[c]","[c]"
"New entrant CS","2022","Planning Inspectorate","Cardiff and Vale of Glamorgan","Outside London","G7","[c]","[c]","[c]","[c]"
"New entrant CS","2022","Planning Inspectorate","Cardiff and Vale of Glamorgan","Outside London","HEO","[c]","[c]","[c]","[c]"
"New entrant CS","2022","Planning Inspectorate","Central Bedfordshire","Outside London","G7","[c]","[c]","[c]","[c]"
"New entrant CS","2022","Planning Inspectorate","Devon CC","Outside London","G7","[c]","[c]","[c]","[c]"
"New entrant CS","2022","Planning Inspectorate","Durham","Outside London","G7","[c]","[c]","[c]","[c]"
"New entrant CS","2022","Planning Inspectorate","Greater Manchester North East","Outside London","G7","[c]","[c]","[c]","[c]"
"New entrant CS","2022","Planning Inspectorate","Greater Manchester South East","Outside London","G7","[c]","[c]","[c]","[c]"
"New entrant CS","2022","Planning Inspectorate","Hounslow and Richmond upon Thames","London","G7","[c]","[c]","[c]","[c]"
"New entrant CS","2022","Planning Inspectorate","North Yorkshire CC","Outside London","G7","[c]","[c]","[c]","[c]"
"New entrant CS","2022","Planning Inspectorate","Northumberland","Outside London","G7","[c]","[c]","[c]","[c]"
"New entrant CS","2022","Planning Inspectorate","Peterborough","Outside London","G7","[c]","[c]","[c]","[c]"
"New entrant CS","2022","Planning Inspectorate","Shropshire","Outside London","G7","[c]","[c]","[c]","[c]"
"New entrant CS","2022","Planning Inspectorate","South and West Derbyshire","Outside London","G7","[c]","[c]","[c]","[c]"
"New entrant CS","2022","Planning Inspectorate","South West Wales","Outside London","G7","[c]","[c]","[c]","[c]"
"New entrant CS","2022","Planning Inspectorate","Tyneside","Outside London","G7","[c]","[c]","[c]","[c]"
"New entrant CS","2022","Planning Inspectorate","West Surrey","Outside London","G7","[c]","[c]","[c]","[c]"
"New entrant CS","2022","Planning Inspectorate","Worcestershire CC","Outside London","G7","[c]","[c]","[c]","[c]"
"New entrant CS","2022","Public Health England","Barnet","London","AO","10","[c]","23780","23780"
"New entrant CS","2022","Public Health England","Barnet","London","HEO","[c]","[c]","[c]","[c]"
"New entrant CS","2022","Public Health England","Birmingham","Outside London","AO","[c]","[c]","[c]","[c]"
"New entrant CS","2022","Public Health England","Birmingham","Outside London","EO","[c]","[c]","[c]","[c]"
"New entrant CS","2022","Public Health England","Birmingham","Outside London","G6","[c]","[c]","[c]","[c]"
"New entrant CS","2022","Public Health England","Birmingham","Outside London","G7","[c]","[c]","[c]","[c]"
"New entrant CS","2022","Public Health England","Birmingham","Outside London","HEO","[c]","[c]","[c]","[c]"
"New entrant CS","2022","Public Health England","Birmingham","Outside London","SCS level","[c]","[c]","[c]","[c]"
"New entrant CS","2022","Public Health England","Birmingham","Outside London","SEO","[c]","[c]","[c]","[c]"
"New entrant CS","2022","Public Health England","Bristol, City of","Outside London","G7","[c]","[c]","[c]","[c]"
"New entrant CS","2022","Public Health England","Bromley","London","SEO","[c]","[c]","[c]","[c]"
"New entrant CS","2022","Public Health England","Cambridgeshire CC","Outside London","EO","5","[c]","[c]","[c]"
"New entrant CS","2022","Public Health England","Cambridgeshire CC","Outside London","G7","[c]","[c]","[c]","[c]"
"New entrant CS","2022","Public Health England","Cambridgeshire CC","Outside London","HEO","[c]","[c]","[c]","[c]"
"New entrant CS","2022","Public Health England","Cambridgeshire CC","Outside London","SEO","[c]","[c]","[c]","[c]"
"New entrant CS","2022","Public Health England","Cheshire West and Chester","Outside London","SEO","[c]","[c]","[c]","[c]"
"New entrant CS","2022","Public Health England","East Riding of Yorkshire","Outside London","G7","[c]","[c]","[c]","[c]"
"New entrant CS","2022","Public Health England","East Surrey","Outside London","HEO","[c]","[c]","[c]","[c]"
"New entrant CS","2022","Public Health England","East Surrey","Outside London","SCS level","[c]","[c]","[c]","[c]"
"New entrant CS","2022","Public Health England","East Surrey","Outside London","SEO","[c]","[c]","[c]","[c]"
"New entrant CS","2022","Public Health England","Harrow and Hillingdon","London","SEO","[c]","[c]","[c]","[c]"
"New entrant CS","2022","Public Health England","Lambeth","London","AO","5","[c]","[c]","[c]"
"New entrant CS","2022","Public Health England","Lambeth","London","EO","25","[c]","25990","26880"
"New entrant CS","2022","Public Health England","Lambeth","London","G6","5","[c]","[c]","[c]"
"New entrant CS","2022","Public Health England","Lambeth","London","G7","10","[c]","[c]","[c]"
"New entrant CS","2022","Public Health England","Lambeth","London","HEO","30","[c]","31550","32330"
"New entrant CS","2022","Public Health England","Lambeth","London","SCS level","5","[c]","[c]","[c]"
"New entrant CS","2022","Public Health England","Lambeth","London","SEO","25","[c]","39550","40070"
"New entrant CS","2022","Public Health England","Leeds","Outside London","AO","[c]","[c]","[c]","[c]"
"New entrant CS","2022","Public Health England","Leeds","Outside London","EO","[c]","[c]","[c]","[c]"
"New entrant CS","2022","Public Health England","Leeds","Outside London","G6","[c]","[c]","[c]","[c]"
"New entrant CS","2022","Public Health England","Leeds","Outside London","HEO","[c]","[c]","[c]","[c]"
"New entrant CS","2022","Public Health England","Leeds","Outside London","SEO","10","[c]","[c]","[c]"
"New entrant CS","2022","Public Health England","Leicestershire CC and Rutland","Outside London","G6","[c]","[c]","[c]","[c]"
"New entrant CS","2022","Public Health England","Leicestershire CC and Rutland","Outside London","SCS level","[c]","[c]","[c]","[c]"
"New entrant CS","2022","Public Health England","Leicestershire CC and Rutland","Outside London","SEO","[c]","[c]","[c]","[c]"
"New entrant CS","2022","Public Health England","Lewisham and Southwark","London","EO","[c]","[c]","[c]","[c]"
"New entrant CS","2022","Public Health England","Lewisham and Southwark","London","G6","5","[c]","[c]","[c]"
"New entrant CS","2022","Public Health England","Lewisham and Southwark","London","G7","10","[c]","[c]","[c]"
"New entrant CS","2022","Public Health England","Lewisham and Southwark","London","HEO","[c]","[c]","[c]","[c]"
"New entrant CS","2022","Public Health England","Lewisham and Southwark","London","SCS level","[c]","[c]","[c]","[c]"
"New entrant CS","2022","Public Health England","Lewisham and Southwark","London","SEO","5","[c]","[c]","[c]"
"New entrant CS","2022","Public Health England","Liverpool","Outside London","EO","[c]","[c]","[c]","[c]"
"New entrant CS","2022","Public Health England","Liverpool","Outside London","G7","[c]","[c]","[c]","[c]"
"New entrant CS","2022","Public Health England","Liverpool","Outside London","HEO","[c]","[c]","[c]","[c]"
"New entrant CS","2022","Public Health England","Liverpool","Outside London","SEO","[c]","[c]","[c]","[c]"
"New entrant CS","2022","Public Health England","Manchester","Outside London","AO","[c]","[c]","[c]","[c]"
"New entrant CS","2022","Public Health England","Manchester","Outside London","EO","[c]","[c]","[c]","[c]"
"New entrant CS","2022","Public Health England","Manchester","Outside London","SCS level","[c]","[c]","[c]","[c]"
"New entrant CS","2022","Public Health England","Manchester","Outside London","SEO","[c]","[c]","[c]","[c]"
"New entrant CS","2022","Public Health England","Mid Kent","Outside London","G6","[c]","[c]","[c]","[c]"
"New entrant CS","2022","Public Health England","Mid Lancashire","Outside London","SEO","[c]","[c]","[c]","[c]"
"New entrant CS","2022","Public Health England","North Yorkshire CC","Outside London","SEO","[c]","[c]","[c]","[c]"
"New entrant CS","2022","Public Health England","Nottingham","Outside London","G7","[c]","[c]","[c]","[c]"
"New entrant CS","2022","Public Health England","Oxfordshire CC","Outside London","HEO","[c]","[c]","[c]","[c]"
"New entrant CS","2022","Public Health England","Sheffield","Outside London","EO","[c]","[c]","[c]","[c]"
"New entrant CS","2022","Public Health England","Suffolk CC","Outside London","EO","[c]","[c]","[c]","[c]"
"New entrant CS","2022","Public Health England","Tyneside","Outside London","AO","[c]","[c]","[c]","[c]"
"New entrant CS","2022","Public Health England","Tyneside","Outside London","EO","[c]","[c]","[c]","[c]"
"New entrant CS","2022","Public Health England","Tyneside","Outside London","G7","[c]","[c]","[c]","[c]"
"New entrant CS","2022","Public Health England","West Essex","Outside London","HEO","[c]","[c]","[c]","[c]"
"New entrant CS","2022","Public Health England","West Surrey","Outside London","EO","[c]","[c]","[c]","[c]"
"New entrant CS","2022","Public Health England","West Sussex (North East)","Outside London","EO","[c]","[c]","[c]","[c]"
"New entrant CS","2022","Public Health England","Westminster","London","G7","[c]","[c]","[c]","[c]"
"New entrant CS","2022","Public Health England","Westminster","London","SEO","[c]","[c]","[c]","[c]"
"New entrant CS","2022","Public Health England","Wiltshire","Outside London","AA","[c]","[c]","[c]","[c]"
"New entrant CS","2022","Public Health England","Wiltshire","Outside London","AO","5","[c]","[c]","[c]"
"New entrant CS","2022","Public Health England","Wiltshire","Outside London","EO","[c]","[c]","[c]","[c]"
"New entrant CS","2022","Public Health England","Wiltshire","Outside London","HEO","[c]","[c]","[c]","[c]"
"New entrant CS","2022","Public Health England","Wiltshire","Outside London","SEO","[c]","[c]","[c]","[c]"
"New entrant CS","2022","Public Health England","York","Outside London","G6","[c]","[c]","[c]","[c]"
"New entrant CS","2022","Public Health England","York","Outside London","G7","[c]","[c]","[c]","[c]"
"New entrant CS","2022","Public Health England","York","Outside London","HEO","[c]","[c]","[c]","[c]"
"New entrant CS","2022","Public Health England","York","Outside London","SEO","[c]","[c]","[c]","[c]"
"New entrant CS","2022","Queen Elizabeth II Centre","Westminster","London","EO","5","[c]","[c]","[c]"
"New entrant CS","2022","Queen Elizabeth II Centre","Westminster","London","HEO","[c]","[c]","[c]","[c]"
"New entrant CS","2022","Queen Elizabeth II Centre","Westminster","London","SEO","[c]","[c]","[c]","[c]"
"New entrant CS","2022","Registers of Scotland","City of Edinburgh","Outside London","AO","25","[c]","22780","22780"
"New entrant CS","2022","Registers of Scotland","City of Edinburgh","Outside London","EO","[c]","[c]","[c]","[c]"
"New entrant CS","2022","Registers of Scotland","City of Edinburgh","Outside London","G7","[c]","[c]","[c]","[c]"
"New entrant CS","2022","Registers of Scotland","City of Edinburgh","Outside London","HEO","[c]","[c]","[c]","[c]"
"New entrant CS","2022","Registers of Scotland","City of Edinburgh","Outside London","SEO","[c]","[c]","[c]","[c]"
"New entrant CS","2022","Registers of Scotland","Glasgow City","Outside London","AO","15","[c]","22780","22780"
"New entrant CS","2022","Registers of Scotland","Glasgow City","Outside London","G7","[c]","[c]","[c]","[c]"
"New entrant CS","2022","Registers of Scotland","Glasgow City","Outside London","HEO","[c]","[c]","[c]","[c]"
"New entrant CS","2022","Registers of Scotland","Glasgow City","Outside London","SEO","[c]","[c]","[c]","[c]"
"New entrant CS","2022","Revenue Scotland","City of Edinburgh","Outside London","AO","10","[c]","24670","24400"
"New entrant CS","2022","Revenue Scotland","City of Edinburgh","Outside London","EO","5","[c]","[c]","[c]"
"New entrant CS","2022","Revenue Scotland","City of Edinburgh","Outside London","G6","[c]","[c]","[c]","[c]"
"New entrant CS","2022","Revenue Scotland","City of Edinburgh","Outside London","G7","[c]","[c]","[c]","[c]"
"New entrant CS","2022","Revenue Scotland","City of Edinburgh","Outside London","HEO","10","[c]","[c]","[c]"
"New entrant CS","2022","Revenue Scotland","City of Edinburgh","Outside London","SEO","[c]","[c]","[c]","[c]"
"New entrant CS","2022","Royal Fleet Auxiliary","Unknown","Unknown","Unknown","155","[c]","20590","16190"
"New entrant CS","2022","Rural Payments Agency","Bath and North East Somerset, North Somerset and South Gloucestershire","Outside London","SEO","[c]","[c]","[c]","[c]"
"New entrant CS","2022","Rural Payments Agency","Berkshire","Outside London","AO","20","[c]","21300","21300"
"New entrant CS","2022","Rural Payments Agency","Berkshire","Outside London","EO","[c]","[c]","[c]","[c]"
"New entrant CS","2022","Rural Payments Agency","Berkshire","Outside London","HEO","[c]","[c]","[c]","[c]"
"New entrant CS","2022","Rural Payments Agency","Bristol, City of","Outside London","AO","15","[c]","21300","21300"
"New entrant CS","2022","Rural Payments Agency","Bristol, City of","Outside London","EO","[c]","[c]","[c]","[c]"
"New entrant CS","2022","Rural Payments Agency","Bristol, City of","Outside London","G7","[c]","[c]","[c]","[c]"
"New entrant CS","2022","Rural Payments Agency","Cambridgeshire CC","Outside London","AO","15","[c]","21300","21300"
"New entrant CS","2022","Rural Payments Agency","Cambridgeshire CC","Outside London","EO","[c]","[c]","[c]","[c]"
"New entrant CS","2022","Rural Payments Agency","Cambridgeshire CC","Outside London","G7","[c]","[c]","[c]","[c]"
"New entrant CS","2022","Rural Payments Agency","Cheshire East","Outside London","AO","30","[c]","21300","21300"
"New entrant CS","2022","Rural Payments Agency","Cheshire East","Outside London","EO","[c]","[c]","[c]","[c]"
"New entrant CS","2022","Rural Payments Agency","Cheshire East","Outside London","HEO","[c]","[c]","[c]","[c]"
"New entrant CS","2022","Rural Payments Agency","Devon CC","Outside London","AO","5","[c]","[c]","[c]"
"New entrant CS","2022","Rural Payments Agency","Devon CC","Outside London","HEO","[c]","[c]","[c]","[c]"
"New entrant CS","2022","Rural Payments Agency","East Cumbria","Outside London","AO","25","[c]","21300","21300"
"New entrant CS","2022","Rural Payments Agency","East Cumbria","Outside London","EO","[c]","[c]","[c]","[c]"
"New entrant CS","2022","Rural Payments Agency","East Cumbria","Outside London","HEO","[c]","[c]","[c]","[c]"
"New entrant CS","2022","Rural Payments Agency","Leeds","Outside London","AO","20","[c]","21300","21300"
"New entrant CS","2022","Rural Payments Agency","Leeds","Outside London","EO","5","[c]","[c]","[c]"
"New entrant CS","2022","Rural Payments Agency","Leeds","Outside London","SEO","[c]","[c]","[c]","[c]"
"New entrant CS","2022","Rural Payments Agency","Nottingham","Outside London","AO","35","[c]","20800","21300"
"New entrant CS","2022","Rural Payments Agency","Nottingham","Outside London","EO","5","[c]","[c]","[c]"
"New entrant CS","2022","Rural Payments Agency","Nottingham","Outside London","HEO","[c]","[c]","[c]","[c]"
"New entrant CS","2022","Rural Payments Agency","Somerset CC","Outside London","AO","[c]","[c]","[c]","[c]"
"New entrant CS","2022","Rural Payments Agency","Tyneside","Outside London","AO","125","[c]","21180","21300"
"New entrant CS","2022","Rural Payments Agency","Tyneside","Outside London","EO","10","[c]","24920","24920"
"New entrant CS","2022","Rural Payments Agency","Tyneside","Outside London","G7","[c]","[c]","[c]","[c]"
"New entrant CS","2022","Rural Payments Agency","Tyneside","Outside London","HEO","5","[c]","[c]","[c]"
"New entrant CS","2022","Rural Payments Agency","West Cumbria","Outside London","AO","95","[c]","21300","21300"
"New entrant CS","2022","Rural Payments Agency","West Cumbria","Outside London","EO","5","[c]","[c]","[c]"
"New entrant CS","2022","Rural Payments Agency","West Cumbria","Outside London","HEO","[c]","[c]","[c]","[c]"
"New entrant CS","2022","Rural Payments Agency","Westminster","London","SEO","[c]","[c]","[c]","[c]"
"New entrant CS","2022","Rural Payments Agency","Worcestershire CC","Outside London","AO","45","[c]","21300","21300"
"New entrant CS","2022","Rural Payments Agency","Worcestershire CC","Outside London","EO","[c]","[c]","[c]","[c]"
"New entrant CS","2022","Rural Payments Agency","Worcestershire CC","Outside London","HEO","[c]","[c]","[c]","[c]"
"New entrant CS","2022","Rural Payments Agency","York","Outside London","AO","45","[c]","21200","21300"
"New entrant CS","2022","Rural Payments Agency","York","Outside London","EO","[c]","[c]","[c]","[c]"
"New entrant CS","2022","Scottish Courts and Tribunals Service","Aberdeen City and Aberdeenshire","Outside London","AA","[c]","[c]","[c]","[c]"
"New entrant CS","2022","Scottish Courts and Tribunals Service","Aberdeen City and Aberdeenshire","Outside London","AO","5","[c]","[c]","[c]"
"New entrant CS","2022","Scottish Courts and Tribunals Service","Angus and Dundee City","Outside London","AA","5","[c]","[c]","[c]"
"New entrant CS","2022","Scottish Courts and Tribunals Service","Angus and Dundee City","Outside London","AO","5","[c]","[c]","[c]"
"New entrant CS","2022","Scottish Courts and Tribunals Service","City of Edinburgh","Outside London","AA","25","[c]","20950","20950"
"New entrant CS","2022","Scottish Courts and Tribunals Service","City of Edinburgh","Outside London","AO","30","[c]","22060","22000"
"New entrant CS","2022","Scottish Courts and Tribunals Service","City of Edinburgh","Outside London","EO","15","[c]","24770","24600"
"New entrant CS","2022","Scottish Courts and Tribunals Service","City of Edinburgh","Outside London","G6","[c]","[c]","[c]","[c]"
"New entrant CS","2022","Scottish Courts and Tribunals Service","City of Edinburgh","Outside London","G7","10","[c]","[c]","[c]"
"New entrant CS","2022","Scottish Courts and Tribunals Service","City of Edinburgh","Outside London","HEO","10","[c]","33180","32000"
"New entrant CS","2022","Scottish Courts and Tribunals Service","City of Edinburgh","Outside London","SEO","10","[c]","[c]","[c]"
"New entrant CS","2022","Scottish Courts and Tribunals Service","Clackmannanshire and Fife","Outside London","AA","10","[c]","20950","20950"
"New entrant CS","2022","Scottish Courts and Tribunals Service","Clackmannanshire and Fife","Outside London","AO","[c]","[c]","[c]","[c]"
"New entrant CS","2022","Scottish Courts and Tribunals Service","Dumfries and Galloway","Outside London","AO","5","[c]","[c]","[c]"
"New entrant CS","2022","Scottish Courts and Tribunals Service","East Ayrshire and North Ayrshire mainland","Outside London","AA","[c]","[c]","[c]","[c]"
"New entrant CS","2022","Scottish Courts and Tribunals Service","East Ayrshire and North Ayrshire mainland","Outside London","AO","[c]","[c]","[c]","[c]"
"New entrant CS","2022","Scottish Courts and Tribunals Service","East Dunbartonshire, West Dunbartonshire, and Helensburgh and Lomond","Outside London","AA","[c]","[c]","[c]","[c]"
"New entrant CS","2022","Scottish Courts and Tribunals Service","East Dunbartonshire, West Dunbartonshire, and Helensburgh and Lomond","Outside London","AO","[c]","[c]","[c]","[c]"
"New entrant CS","2022","Scottish Courts and Tribunals Service","Falkirk","Outside London","AA","[c]","[c]","[c]","[c]"
"New entrant CS","2022","Scottish Courts and Tribunals Service","Falkirk","Outside London","AO","20","[c]","22000","22000"
"New entrant CS","2022","Scottish Courts and Tribunals Service","Glasgow City","Outside London","AA","35","[c]","20950","20950"
"New entrant CS","2022","Scottish Courts and Tribunals Service","Glasgow City","Outside London","AO","25","[c]","22000","22000"
"New entrant CS","2022","Scottish Courts and Tribunals Service","Inverclyde, East Renfrewshire, and Renfrewshire","Outside London","AA","5","[c]","[c]","[c]"
"New entrant CS","2022","Scottish Courts and Tribunals Service","Inverclyde, East Renfrewshire, and Renfrewshire","Outside London","AO","5","[c]","[c]","[c]"
"New entrant CS","2022","Scottish Courts and Tribunals Service","Inverness and Nairn, Moray, and Badenoch and Strathspey","Outside London","AO","[c]","[c]","[c]","[c]"
"New entrant CS","2022","Scottish Courts and Tribunals Service","North Lanarkshire","Outside London","AA","[c]","[c]","[c]","[c]"
"New entrant CS","2022","Scottish Courts and Tribunals Service","North Lanarkshire","Outside London","AO","[c]","[c]","[c]","[c]"
"New entrant CS","2022","Scottish Courts and Tribunals Service","Perth and Kinross, and Stirling","Outside London","AA","[c]","[c]","[c]","[c]"
"New entrant CS","2022","Scottish Courts and Tribunals Service","Perth and Kinross, and Stirling","Outside London","AO","5","[c]","[c]","[c]"
"New entrant CS","2022","Scottish Courts and Tribunals Service","Scottish Borders","Outside London","AA","[c]","[c]","[c]","[c]"
"New entrant CS","2022","Scottish Courts and Tribunals Service","Scottish Borders","Outside London","AO","[c]","[c]","[c]","[c]"
"New entrant CS","2022","Scottish Courts and Tribunals Service","South Ayrshire","Outside London","AA","5","[c]","[c]","[c]"
"New entrant CS","2022","Scottish Courts and Tribunals Service","South Ayrshire","Outside London","AO","[c]","[c]","[c]","[c]"
"New entrant CS","2022","Scottish Courts and Tribunals Service","South Lanarkshire","Outside London","AA","5","[c]","[c]","[c]"
"New entrant CS","2022","Scottish Courts and Tribunals Service","South Lanarkshire","Outside London","AO","25","[c]","22000","22000"
"New entrant CS","2022","Scottish Courts and Tribunals Service","South Lanarkshire","Outside London","EO","[c]","[c]","[c]","[c]"
"New entrant CS","2022","Scottish Courts and Tribunals Service","West Lothian","Outside London","AO","[c]","[c]","[c]","[c]"
"New entrant CS","2022","Scottish Fiscal Commission","City of Edinburgh","Outside London","EO","[c]","[c]","[c]","[c]"
"New entrant CS","2022","Scottish Fiscal Commission","City of Edinburgh","Outside London","G7","[c]","[c]","[c]","[c]"
"New entrant CS","2022","Scottish Fiscal Commission","City of Edinburgh","Outside London","HEO","5","[c]","[c]","[c]"
"New entrant CS","2022","Scottish Fiscal Commission","City of Edinburgh","Outside London","SEO","[c]","[c]","[c]","[c]"
"New entrant CS","2022","Scottish Government (excl. agencies)","Aberdeen City and Aberdeenshire","Outside London","AA","5","[c]","[c]","[c]"
"New entrant CS","2022","Scottish Government (excl. agencies)","Aberdeen City and Aberdeenshire","Outside London","AO","10","[c]","[c]","[c]"
"New entrant CS","2022","Scottish Government (excl. agencies)","Aberdeen City and Aberdeenshire","Outside London","EO","15","[c]","27230","27230"
"New entrant CS","2022","Scottish Government (excl. agencies)","Aberdeen City and Aberdeenshire","Outside London","HEO","10","[c]","31540","31540"
"New entrant CS","2022","Scottish Government (excl. agencies)","Aberdeen City and Aberdeenshire","Outside London","SEO","[c]","[c]","[c]","[c]"
"New entrant CS","2022","Scottish Government (excl. agencies)","Angus and Dundee City","Outside London","AA","[c]","[c]","[c]","[c]"
"New entrant CS","2022","Scottish Government (excl. agencies)","Angus and Dundee City","Outside London","EO","[c]","[c]","[c]","[c]"
"New entrant CS","2022","Scottish Government (excl. agencies)","Angus and Dundee City","Outside London","HEO","[c]","[c]","[c]","[c]"
"New entrant CS","2022","Scottish Government (excl. agencies)","Caithness and Sutherland, and Ross and Cromarty","Outside London","AO","[c]","[c]","[c]","[c]"
"New entrant CS","2022","Scottish Government (excl. agencies)","Caithness and Sutherland, and Ross and Cromarty","Outside London","G6","[c]","[c]","[c]","[c]"
"New entrant CS","2022","Scottish Government (excl. agencies)","Camden and City of London","London","AA","[c]","[c]","[c]","[c]"
"New entrant CS","2022","Scottish Government (excl. agencies)","Camden and City of London","London","G6","[c]","[c]","[c]","[c]"
"New entrant CS","2022","Scottish Government (excl. agencies)","City of Edinburgh","Outside London","AA","110","[c]","21880","21050"
"New entrant CS","2022","Scottish Government (excl. agencies)","City of Edinburgh","Outside London","AO","140","[c]","24560","24400"
"New entrant CS","2022","Scottish Government (excl. agencies)","City of Edinburgh","Outside London","EO","140","[c]","27440","27230"
"New entrant CS","2022","Scottish Government (excl. agencies)","City of Edinburgh","Outside London","G6","35","[c]","69500","67550"
"New entrant CS","2022","Scottish Government (excl. agencies)","City of Edinburgh","Outside London","G7","110","[c]","53160","49860"
"New entrant CS","2022","Scottish Government (excl. agencies)","City of Edinburgh","Outside London","HEO","245","[c]","32090","31540"
"New entrant CS","2022","Scottish Government (excl. agencies)","City of Edinburgh","Outside London","SCS level","10","[c]","89330","78080"
"New entrant CS","2022","Scottish Government (excl. agencies)","City of Edinburgh","Outside London","SEO","215","[c]","40980","39660"
"New entrant CS","2022","Scottish Government (excl. agencies)","Dumfries and Galloway","Outside London","EO","[c]","[c]","[c]","[c]"
"New entrant CS","2022","Scottish Government (excl. agencies)","Falkirk","Outside London","AO","[c]","[c]","[c]","[c]"
"New entrant CS","2022","Scottish Government (excl. agencies)","Falkirk","Outside London","EO","[c]","[c]","[c]","[c]"
"New entrant CS","2022","Scottish Government (excl. agencies)","Falkirk","Outside London","G7","[c]","[c]","[c]","[c]"
"New entrant CS","2022","Scottish Government (excl. agencies)","Glasgow City","Outside London","AA","25","[c]","21090","21050"
"New entrant CS","2022","Scottish Government (excl. agencies)","Glasgow City","Outside London","AO","5","[c]","[c]","[c]"
"New entrant CS","2022","Scottish Government (excl. agencies)","Glasgow City","Outside London","EO","60","[c]","27360","27230"
"New entrant CS","2022","Scottish Government (excl. agencies)","Glasgow City","Outside London","G6","10","[c]","67280","65280"
"New entrant CS","2022","Scottish Government (excl. agencies)","Glasgow City","Outside London","G7","45","[c]","52390","49860"
"New entrant CS","2022","Scottish Government (excl. agencies)","Glasgow City","Outside London","HEO","120","[c]","31870","31540"
"New entrant CS","2022","Scottish Government (excl. agencies)","Glasgow City","Outside London","SCS level","[c]","[c]","[c]","[c]"
"New entrant CS","2022","Scottish Government (excl. agencies)","Glasgow City","Outside London","SEO","75","[c]","41240","39660"
"New entrant CS","2022","Scottish Government (excl. agencies)","Inverness and Nairn, Moray, and Badenoch and Strathspey","Outside London","AA","[c]","[c]","[c]","[c]"
"New entrant CS","2022","Scottish Government (excl. agencies)","Inverness and Nairn, Moray, and Badenoch and Strathspey","Outside London","EO","[c]","[c]","[c]","[c]"
"New entrant CS","2022","Scottish Government (excl. agencies)","Lochaber, Skye and Lochalsh, Arran and Cumbrae, and Argyll and Bute","Outside London","AA","[c]","[c]","[c]","[c]"
"New entrant CS","2022","Scottish Government (excl. agencies)","Na h-Eileanan Siar","Outside London","HEO","[c]","[c]","[c]","[c]"
"New entrant CS","2022","Scottish Government (excl. agencies)","Perth and Kinross, and Stirling","Outside London","AA","[c]","[c]","[c]","[c]"
"New entrant CS","2022","Scottish Government (excl. agencies)","Perth and Kinross, and Stirling","Outside London","EO","[c]","[c]","[c]","[c]"
"New entrant CS","2022","Scottish Government (excl. agencies)","Perth and Kinross, and Stirling","Outside London","HEO","[c]","[c]","[c]","[c]"
"New entrant CS","2022","Scottish Government (excl. agencies)","Scottish Borders","Outside London","AA","[c]","[c]","[c]","[c]"
"New entrant CS","2022","Scottish Government (excl. agencies)","Scottish Borders","Outside London","EO","[c]","[c]","[c]","[c]"
"New entrant CS","2022","Scottish Government (excl. agencies)","Shetland Islands","Outside London","AA","[c]","[c]","[c]","[c]"
"New entrant CS","2022","Scottish Government (excl. agencies)","Shetland Islands","Outside London","EO","[c]","[c]","[c]","[c]"
"New entrant CS","2022","Scottish Government (excl. agencies)","South Ayrshire","Outside London","AA","[c]","[c]","[c]","[c]"
"New entrant CS","2022","Scottish Government (excl. agencies)","South Ayrshire","Outside London","EO","[c]","[c]","[c]","[c]"
"New entrant CS","2022","Scottish Government (excl. agencies)","South Lanarkshire","Outside London","EO","[c]","[c]","[c]","[c]"
"New entrant CS","2022","Scottish Government (excl. agencies)","South Lanarkshire","Outside London","HEO","[c]","[c]","[c]","[c]"
"New entrant CS","2022","Scottish Government (excl. agencies)","West Lothian","Outside London","G7","[c]","[c]","[c]","[c]"
"New entrant CS","2022","Scottish Government (excl. agencies)","West Lothian","Outside London","HEO","[c]","[c]","[c]","[c]"
"New entrant CS","2022","Scottish Government (excl. agencies)","West Lothian","Outside London","SEO","[c]","[c]","[c]","[c]"
"New entrant CS","2022","Scottish Housing Regulator","Glasgow City","Outside London","AO","[c]","[c]","[c]","[c]"
"New entrant CS","2022","Scottish Housing Regulator","Glasgow City","Outside London","EO","[c]","[c]","[c]","[c]"
"New entrant CS","2022","Scottish Housing Regulator","Glasgow City","Outside London","G7","[c]","[c]","[c]","[c]"
"New entrant CS","2022","Scottish Housing Regulator","Glasgow City","Outside London","HEO","[c]","[c]","[c]","[c]"
"New entrant CS","2022","Scottish Housing Regulator","Glasgow City","Outside London","SEO","[c]","[c]","[c]","[c]"
"New entrant CS","2022","Scottish Prison Service","Aberdeen City and Aberdeenshire","Outside London","AA","[c]","[c]","[c]","[c]"
"New entrant CS","2022","Scottish Prison Service","Aberdeen City and Aberdeenshire","Outside London","AO","25","[c]","22570","22640"
"New entrant CS","2022","Scottish Prison Service","Aberdeen City and Aberdeenshire","Outside London","EO","[c]","[c]","[c]","[c]"
"New entrant CS","2022","Scottish Prison Service","City of Edinburgh","Outside London","AA","5","[c]","[c]","[c]"
"New entrant CS","2022","Scottish Prison Service","City of Edinburgh","Outside London","AO","30","[c]","21860","21640"
"New entrant CS","2022","Scottish Prison Service","City of Edinburgh","Outside London","EO","5","[c]","[c]","[c]"
"New entrant CS","2022","Scottish Prison Service","City of Edinburgh","Outside London","G6","[c]","[c]","[c]","[c]"
"New entrant CS","2022","Scottish Prison Service","City of Edinburgh","Outside London","HEO","[c]","[c]","[c]","[c]"
"New entrant CS","2022","Scottish Prison Service","City of Edinburgh","Outside London","SCS level","[c]","[c]","[c]","[c]"
"New entrant CS","2022","Scottish Prison Service","City of Edinburgh","Outside London","SEO","5","[c]","[c]","[c]"
"New entrant CS","2022","Scottish Prison Service","Clackmannanshire and Fife","Outside London","AA","[c]","[c]","[c]","[c]"
"New entrant CS","2022","Scottish Prison Service","Clackmannanshire and Fife","Outside London","AO","40","[c]","21980","21640"
"New entrant CS","2022","Scottish Prison Service","Clackmannanshire and Fife","Outside London","EO","[c]","[c]","[c]","[c]"
"New entrant CS","2022","Scottish Prison Service","Dumfries and Galloway","Outside London","AO","10","[c]","[c]","[c]"
"New entrant CS","2022","Scottish Prison Service","Dumfries and Galloway","Outside London","EO","[c]","[c]","[c]","[c]"
"New entrant CS","2022","Scottish Prison Service","East Dunbartonshire, West Dunbartonshire, and Helensburgh and Lomond","Outside London","AA","5","[c]","[c]","[c]"
"New entrant CS","2022","Scottish Prison Service","East Dunbartonshire, West Dunbartonshire, and Helensburgh and Lomond","Outside London","AO","25","[c]","21640","21640"
"New entrant CS","2022","Scottish Prison Service","East Dunbartonshire, West Dunbartonshire, and Helensburgh and Lomond","Outside London","EO","[c]","[c]","[c]","[c]"
"New entrant CS","2022","Scottish Prison Service","Falkirk","Outside London","AA","5","[c]","[c]","[c]"
"New entrant CS","2022","Scottish Prison Service","Falkirk","Outside London","AO","35","[c]","22060","21640"
"New entrant CS","2022","Scottish Prison Service","Glasgow City","Outside London","AA","5","[c]","[c]","[c]"
"New entrant CS","2022","Scottish Prison Service","Glasgow City","Outside London","AO","35","[c]","21770","21640"
"New entrant CS","2022","Scottish Prison Service","Glasgow City","Outside London","EO","10","[c]","[c]","[c]"
"New entrant CS","2022","Scottish Prison Service","Inverclyde, East Renfrewshire, and Renfrewshire","Outside London","AA","[c]","[c]","[c]","[c]"
"New entrant CS","2022","Scottish Prison Service","Inverclyde, East Renfrewshire, and Renfrewshire","Outside London","AO","15","[c]","21770","21640"
"New entrant CS","2022","Scottish Prison Service","Inverclyde, East Renfrewshire, and Renfrewshire","Outside London","HEO","[c]","[c]","[c]","[c]"
"New entrant CS","2022","Scottish Prison Service","Inverness and Nairn, Moray, and Badenoch and Strathspey","Outside London","AO","10","[c]","[c]","[c]"
"New entrant CS","2022","Scottish Prison Service","Inverness and Nairn, Moray, and Badenoch and Strathspey","Outside London","EO","[c]","[c]","[c]","[c]"
"New entrant CS","2022","Scottish Prison Service","Inverness and Nairn, Moray, and Badenoch and Strathspey","Outside London","SEO","[c]","[c]","[c]","[c]"
"New entrant CS","2022","Scottish Prison Service","North Lanarkshire","Outside London","AA","5","[c]","[c]","[c]"
"New entrant CS","2022","Scottish Prison Service","North Lanarkshire","Outside London","AO","30","[c]","21640","21640"
"New entrant CS","2022","Scottish Prison Service","Perth and Kinross, and Stirling","Outside London","AA","5","[c]","[c]","[c]"
"New entrant CS","2022","Scottish Prison Service","Perth and Kinross, and Stirling","Outside London","AO","50","[c]","21910","21640"
"New entrant CS","2022","Scottish Prison Service","Perth and Kinross, and Stirling","Outside London","EO","10","[c]","27480","27020"
"New entrant CS","2022","Scottish Public Pensions Agency","Scottish Borders","Outside London","AO","50","[c]","24400","24400"
"New entrant CS","2022","Scottish Public Pensions Agency","Scottish Borders","Outside London","G7","[c]","[c]","[c]","[c]"
"New entrant CS","2022","Scottish Public Pensions Agency","Scottish Borders","Outside London","HEO","[c]","[c]","[c]","[c]"
"New entrant CS","2022","Serious Fraud Office","Westminster","London","AA","[c]","[c]","[c]","[c]"
"New entrant CS","2022","Serious Fraud Office","Westminster","London","AO","[c]","[c]","[c]","[c]"
"New entrant CS","2022","Serious Fraud Office","Westminster","London","EO","15","[c]","26480","26090"
"New entrant CS","2022","Serious Fraud Office","Westminster","London","G7","5","[c]","[c]","[c]"
"New entrant CS","2022","Serious Fraud Office","Westminster","London","HEO","10","[c]","[c]","[c]"
"New entrant CS","2022","Serious Fraud Office","Westminster","London","SCS level","[c]","[c]","[c]","[c]"
"New entrant CS","2022","Serious Fraud Office","Westminster","London","SEO","5","[c]","[c]","[c]"
"New entrant CS","2022","Social Security Scotland","Aberdeen City and Aberdeenshire","Outside London","EO","5","[c]","[c]","[c]"
"New entrant CS","2022","Social Security Scotland","Angus and Dundee City","Outside London","AA","265","[c]","21390","21050"
"New entrant CS","2022","Social Security Scotland","Angus and Dundee City","Outside London","AO","15","[c]","24400","24400"
"New entrant CS","2022","Social Security Scotland","Angus and Dundee City","Outside London","EO","185","[c]","27410","27230"
"New entrant CS","2022","Social Security Scotland","Angus and Dundee City","Outside London","G6","[c]","[c]","[c]","[c]"
"New entrant CS","2022","Social Security Scotland","Angus and Dundee City","Outside London","HEO","55","[c]","31960","31540"
"New entrant CS","2022","Social Security Scotland","Angus and Dundee City","Outside London","SEO","15","[c]","39740","39660"
"New entrant CS","2022","Social Security Scotland","City of Edinburgh","Outside London","EO","15","[c]","27440","27230"
"New entrant CS","2022","Social Security Scotland","City of Edinburgh","Outside London","G7","[c]","[c]","[c]","[c]"
"New entrant CS","2022","Social Security Scotland","City of Edinburgh","Outside London","HEO","[c]","[c]","[c]","[c]"
"New entrant CS","2022","Social Security Scotland","Clackmannanshire and Fife","Outside London","EO","10","[c]","27410","27230"
"New entrant CS","2022","Social Security Scotland","Dumfries and Galloway","Outside London","EO","5","[c]","[c]","[c]"
"New entrant CS","2022","Social Security Scotland","Dumfries and Galloway","Outside London","HEO","[c]","[c]","[c]","[c]"
"New entrant CS","2022","Social Security Scotland","East Ayrshire and North Ayrshire mainland","Outside London","EO","15","[c]","27330","27230"
"New entrant CS","2022","Social Security Scotland","East Dunbartonshire, West Dunbartonshire, and Helensburgh and Lomond","Outside London","EO","10","[c]","[c]","[c]"
"New entrant CS","2022","Social Security Scotland","East Lothian and Midlothian","Outside London","EO","5","[c]","[c]","[c]"
"New entrant CS","2022","Social Security Scotland","Falkirk","Outside London","EO","5","[c]","[c]","[c]"
"New entrant CS","2022","Social Security Scotland","Falkirk","Outside London","HEO","[c]","[c]","[c]","[c]"
"New entrant CS","2022","Social Security Scotland","Glasgow City","Outside London","AA","220","[c]","21120","21050"
"New entrant CS","2022","Social Security Scotland","Glasgow City","Outside London","AO","15","[c]","24790","24400"
"New entrant CS","2022","Social Security Scotland","Glasgow City","Outside London","EO","240","[c]","27440","27230"
"New entrant CS","2022","Social Security Scotland","Glasgow City","Outside London","G6","10","[c]","[c]","[c]"
"New entrant CS","2022","Social Security Scotland","Glasgow City","Outside London","G7","20","[c]","51620","49860"
"New entrant CS","2022","Social Security Scotland","Glasgow City","Outside London","HEO","135","[c]","32220","31540"
"New entrant CS","2022","Social Security Scotland","Glasgow City","Outside London","SEO","60","[c]","40850","39660"
"New entrant CS","2022","Social Security Scotland","Inverclyde, East Renfrewshire, and Renfrewshire","Outside London","EO","10","[c]","27440","27230"
"New entrant CS","2022","Social Security Scotland","Inverness and Nairn, Moray, and Badenoch and Strathspey","Outside London","EO","15","[c]","27640","27940"
"New entrant CS","2022","Social Security Scotland","Inverness and Nairn, Moray, and Badenoch and Strathspey","Outside London","HEO","[c]","[c]","[c]","[c]"
"New entrant CS","2022","Social Security Scotland","Lochaber, Skye and Lochalsh, Arran and Cumbrae, and Argyll and Bute","Outside London","EO","[c]","[c]","[c]","[c]"
"New entrant CS","2022","Social Security Scotland","Na h-Eileanan Siar","Outside London","EO","[c]","[c]","[c]","[c]"
"New entrant CS","2022","Social Security Scotland","North Lanarkshire","Outside London","EO","20","[c]","27350","27230"
"New entrant CS","2022","Social Security Scotland","North Lanarkshire","Outside London","HEO","[c]","[c]","[c]","[c]"
"New entrant CS","2022","Social Security Scotland","Orkney Islands","Outside London","EO","[c]","[c]","[c]","[c]"
"New entrant CS","2022","Social Security Scotland","Perth and Kinross, and Stirling","Outside London","EO","5","[c]","[c]","[c]"
"New entrant CS","2022","Social Security Scotland","Perth and Kinross, and Stirling","Outside London","HEO","[c]","[c]","[c]","[c]"
"New entrant CS","2022","Social Security Scotland","Scottish Borders","Outside London","EO","[c]","[c]","[c]","[c]"
"New entrant CS","2022","Social Security Scotland","South Ayrshire","Outside London","EO","[c]","[c]","[c]","[c]"
"New entrant CS","2022","Social Security Scotland","South Lanarkshire","Outside London","EO","15","[c]","27290","27230"
"New entrant CS","2022","Social Security Scotland","West Lothian","Outside London","EO","5","[c]","[c]","[c]"
"New entrant CS","2022","Social Security Scotland","West Lothian","Outside London","HEO","[c]","[c]","[c]","[c]"
"New entrant CS","2022","Standards and Testing Agency","Coventry","Outside London","EO","[c]","[c]","[c]","[c]"
"New entrant CS","2022","Standards and Testing Agency","Coventry","Outside London","HEO","[c]","[c]","[c]","[c]"
"New entrant CS","2022","Standards and Testing Agency","Coventry","Outside London","SEO","[c]","[c]","[c]","[c]"
"New entrant CS","2022","Standards and Testing Agency","Darlington","Outside London","EO","[c]","[c]","[c]","[c]"
"New entrant CS","2022","Standards and Testing Agency","Darlington","Outside London","HEO","[c]","[c]","[c]","[c]"
"New entrant CS","2022","Standards and Testing Agency","Manchester","Outside London","EO","[c]","[c]","[c]","[c]"
"New entrant CS","2022","Standards and Testing Agency","Manchester","Outside London","SEO","[c]","[c]","[c]","[c]"
"New entrant CS","2022","Standards and Testing Agency","Sheffield","Outside London","EO","[c]","[c]","[c]","[c]"
"New entrant CS","2022","Standards and Testing Agency","Westminster","London","HEO","[c]","[c]","[c]","[c]"
"New entrant CS","2022","Standards and Testing Agency","Westminster","London","SEO","[c]","[c]","[c]","[c]"
"New entrant CS","2022","Student Awards Agency for Scotland","City of Edinburgh","Outside London","AA","25","[c]","21090","21050"
"New entrant CS","2022","Student Awards Agency for Scotland","City of Edinburgh","Outside London","EO","5","[c]","[c]","[c]"
"New entrant CS","2022","Student Awards Agency for Scotland","City of Edinburgh","Outside London","G7","[c]","[c]","[c]","[c]"
"New entrant CS","2022","Student Awards Agency for Scotland","City of Edinburgh","Outside London","HEO","[c]","[c]","[c]","[c]"
"New entrant CS","2022","Student Awards Agency for Scotland","City of Edinburgh","Outside London","SEO","5","[c]","[c]","[c]"
"New entrant CS","2022","Submarine Delivery Agency","Bath and North East Somerset, North Somerset and South Gloucestershire","Outside London","Unknown","165","[c]","35370","32000"
"New entrant CS","2022","Submarine Delivery Agency","Caithness and Sutherland, and Ross and Cromarty","Outside London","Unknown","[c]","[c]","[c]","[c]"
"New entrant CS","2022","Submarine Delivery Agency","Clackmannanshire and Fife","Outside London","Unknown","[c]","[c]","[c]","[c]"
"New entrant CS","2022","Submarine Delivery Agency","Derby","Outside London","Unknown","[c]","[c]","[c]","[c]"
"New entrant CS","2022","Submarine Delivery Agency","East Dunbartonshire, West Dunbartonshire, and Helensburgh and Lomond","Outside London","Unknown","10","[c]","41920","35150"
"New entrant CS","2022","Submarine Delivery Agency","Plymouth","Outside London","Unknown","30","[c]","29330","28280"
"New entrant CS","2022","Submarine Delivery Agency","Portsmouth","Outside London","Unknown","[c]","[c]","[c]","[c]"
"New entrant CS","2022","Submarine Delivery Agency","West Cumbria","Outside London","Unknown","25","[c]","39710","34750"
"New entrant CS","2022","Submarine Delivery Agency","Wiltshire","Outside London","Unknown","[c]","[c]","[c]","[c]"
"New entrant CS","2022","Teaching Regulation Agency","Coventry","Outside London","AO","10","[c]","[c]","[c]"
"New entrant CS","2022","Teaching Regulation Agency","Coventry","Outside London","EO","15","[c]","25000","25000"
"New entrant CS","2022","Teaching Regulation Agency","Coventry","Outside London","HEO","[c]","[c]","[c]","[c]"
"New entrant CS","2022","Teaching Regulation Agency","Coventry","Outside London","SEO","[c]","[c]","[c]","[c]"
"New entrant CS","2022","Teaching Regulation Agency","Nottingham","Outside London","EO","[c]","[c]","[c]","[c]"
"New entrant CS","2022","The Insolvency Service","Berkshire","Outside London","SEO","[c]","[c]","[c]","[c]"
"New entrant CS","2022","The Insolvency Service","Birmingham","Outside London","AA","5","[c]","[c]","[c]"
"New entrant CS","2022","The Insolvency Service","Birmingham","Outside London","AO","5","[c]","[c]","[c]"
"New entrant CS","2022","The Insolvency Service","Birmingham","Outside London","EO","[c]","[c]","[c]","[c]"
"New entrant CS","2022","The Insolvency Service","Blackpool","Outside London","EO","[c]","[c]","[c]","[c]"
"New entrant CS","2022","The Insolvency Service","Cardiff and Vale of Glamorgan","Outside London","HEO","[c]","[c]","[c]","[c]"
"New entrant CS","2022","The Insolvency Service","City of Edinburgh","Outside London","AO","10","[c]","[c]","[c]"
"New entrant CS","2022","The Insolvency Service","City of Edinburgh","Outside London","SEO","[c]","[c]","[c]","[c]"
"New entrant CS","2022","The Insolvency Service","Devon CC","Outside London","AO","[c]","[c]","[c]","[c]"
"New entrant CS","2022","The Insolvency Service","Hackney and Newham","London","AO","[c]","[c]","[c]","[c]"
"New entrant CS","2022","The Insolvency Service","Hackney and Newham","London","EO","5","[c]","[c]","[c]"
"New entrant CS","2022","The Insolvency Service","Hackney and Newham","London","G7","[c]","[c]","[c]","[c]"
"New entrant CS","2022","The Insolvency Service","Hackney and Newham","London","HEO","[c]","[c]","[c]","[c]"
"New entrant CS","2022","The Insolvency Service","Leeds","Outside London","AO","[c]","[c]","[c]","[c]"
"New entrant CS","2022","The Insolvency Service","Manchester","Outside London","AO","[c]","[c]","[c]","[c]"
"New entrant CS","2022","The Insolvency Service","Manchester","Outside London","G7","[c]","[c]","[c]","[c]"
"New entrant CS","2022","The Insolvency Service","Manchester","Outside London","HEO","5","[c]","[c]","[c]"
"New entrant CS","2022","The Insolvency Service","Medway","Outside London","AO","[c]","[c]","[c]","[c]"
"New entrant CS","2022","The Insolvency Service","Nottingham","Outside London","G7","[c]","[c]","[c]","[c]"
"New entrant CS","2022","The Insolvency Service","Nottingham","Outside London","HEO","[c]","[c]","[c]","[c]"
"New entrant CS","2022","The Insolvency Service","Plymouth","Outside London","AO","[c]","[c]","[c]","[c]"
"New entrant CS","2022","The Insolvency Service","Plymouth","Outside London","HEO","[c]","[c]","[c]","[c]"
"New entrant CS","2022","The Insolvency Service","Tyneside","Outside London","AO","[c]","[c]","[c]","[c]"
"New entrant CS","2022","The Insolvency Service","Tyneside","Outside London","HEO","[c]","[c]","[c]","[c]"
"New entrant CS","2022","The Insolvency Service","Wirral","Outside London","G7","[c]","[c]","[c]","[c]"
"New entrant CS","2022","The Insolvency Service","Wirral","Outside London","HEO","[c]","[c]","[c]","[c]"
"New entrant CS","2022","The Insolvency Service","Wirral","Outside London","SEO","[c]","[c]","[c]","[c]"
"New entrant CS","2022","The National Archives","Hounslow and Richmond upon Thames","London","AA","[c]","[c]","[c]","[c]"
"New entrant CS","2022","The National Archives","Hounslow and Richmond upon Thames","London","AO","25","[c]","20750","20340"
"New entrant CS","2022","The National Archives","Hounslow and Richmond upon Thames","London","EO","15","[c]","23610","23100"
"New entrant CS","2022","The National Archives","Hounslow and Richmond upon Thames","London","G6","[c]","[c]","[c]","[c]"
"New entrant CS","2022","The National Archives","Hounslow and Richmond upon Thames","London","G7","[c]","[c]","[c]","[c]"
"New entrant CS","2022","The National Archives","Hounslow and Richmond upon Thames","London","HEO","25","[c]","29380","28150"
"New entrant CS","2022","The National Archives","Hounslow and Richmond upon Thames","London","SCS level","[c]","[c]","[c]","[c]"
"New entrant CS","2022","The National Archives","Hounslow and Richmond upon Thames","London","SEO","25","[c]","41950","43500"
"New entrant CS","2022","Transport Scotland","City of Edinburgh","Outside London","G6","[c]","[c]","[c]","[c]"
"New entrant CS","2022","Transport Scotland","City of Edinburgh","Outside London","G7","[c]","[c]","[c]","[c]"
"New entrant CS","2022","Transport Scotland","City of Edinburgh","Outside London","HEO","5","[c]","[c]","[c]"
"New entrant CS","2022","Transport Scotland","City of Edinburgh","Outside London","SEO","[c]","[c]","[c]","[c]"
"New entrant CS","2022","Transport Scotland","Glasgow City","Outside London","AA","5","[c]","[c]","[c]"
"New entrant CS","2022","Transport Scotland","Glasgow City","Outside London","AO","[c]","[c]","[c]","[c]"
"New entrant CS","2022","Transport Scotland","Glasgow City","Outside London","EO","5","[c]","[c]","[c]"
"New entrant CS","2022","Transport Scotland","Glasgow City","Outside London","G6","[c]","[c]","[c]","[c]"
"New entrant CS","2022","Transport Scotland","Glasgow City","Outside London","G7","5","[c]","[c]","[c]"
"New entrant CS","2022","Transport Scotland","Glasgow City","Outside London","HEO","15","[c]","31530","31540"
"New entrant CS","2022","Transport Scotland","Glasgow City","Outside London","SEO","10","[c]","[c]","[c]"
"New entrant CS","2022","UK Debt Management Office","Camden and City of London","London","EO","[c]","[c]","[c]","[c]"
"New entrant CS","2022","UK Debt Management Office","Camden and City of London","London","G7","5","[c]","[c]","[c]"
"New entrant CS","2022","UK Debt Management Office","Camden and City of London","London","HEO","[c]","[c]","[c]","[c]"
"New entrant CS","2022","UK Debt Management Office","Camden and City of London","London","SEO","[c]","[c]","[c]","[c]"
"New entrant CS","2022","UK Export Finance","Bath and North East Somerset, North Somerset and South Gloucestershire","Outside London","SEO","[c]","[c]","[c]","[c]"
"New entrant CS","2022","UK Export Finance","Bridgend and Neath Port Talbot","Outside London","SEO","[c]","[c]","[c]","[c]"
"New entrant CS","2022","UK Export Finance","Leeds","Outside London","SEO","[c]","[c]","[c]","[c]"
"New entrant CS","2022","UK Export Finance","Leicestershire CC and Rutland","Outside London","SEO","[c]","[c]","[c]","[c]"
"New entrant CS","2022","UK Export Finance","Warrington","Outside London","SEO","[c]","[c]","[c]","[c]"
"New entrant CS","2022","UK Export Finance","Westminster","London","AO","[c]","[c]","[c]","[c]"
"New entrant CS","2022","UK Export Finance","Westminster","London","EO","30","[c]","29290","29000"
"New entrant CS","2022","UK Export Finance","Westminster","London","G6","10","[c]","[c]","[c]"
"New entrant CS","2022","UK Export Finance","Westminster","London","G7","15","[c]","61070","61190"
"New entrant CS","2022","UK Export Finance","Westminster","London","HEO","30","[c]","34640","33180"
"New entrant CS","2022","UK Export Finance","Westminster","London","SCS level","[c]","[c]","[c]","[c]"
"New entrant CS","2022","UK Export Finance","Westminster","London","SEO","30","[c]","47100","47230"
"New entrant CS","2022","UK Export Finance","Worcestershire CC","Outside London","SEO","[c]","[c]","[c]","[c]"
"New entrant CS","2022","UK Export Finance","York","Outside London","SEO","[c]","[c]","[c]","[c]"
"New entrant CS","2022","UK Health Security Agency","Armagh City, Banbridge and Craigavon","Outside London","G7","[c]","[c]","[c]","[c]"
"New entrant CS","2022","UK Health Security Agency","Barking & Dagenham and Havering","London","EO","[c]","[c]","[c]","[c]"
"New entrant CS","2022","UK Health Security Agency","Barking & Dagenham and Havering","London","HEO","[c]","[c]","[c]","[c]"
"New entrant CS","2022","UK Health Security Agency","Barnet","London","AA","20","[c]","22350","22350"
"New entrant CS","2022","UK Health Security Agency","Barnet","London","AO","50","[c]","24480","23780"
"New entrant CS","2022","UK Health Security Agency","Barnet","London","EO","85","[c]","26810","26880"
"New entrant CS","2022","UK Health Security Agency","Barnet","London","G6","10","[c]","[c]","[c]"
"New entrant CS","2022","UK Health Security Agency","Barnet","London","G7","15","[c]","53500","52610"
"New entrant CS","2022","UK Health Security Agency","Barnet","London","HEO","45","[c]","32650","32330"
"New entrant CS","2022","UK Health Security Agency","Barnet","London","SCS level","[c]","[c]","[c]","[c]"
"New entrant CS","2022","UK Health Security Agency","Barnet","London","SEO","25","[c]","40910","40070"
"New entrant CS","2022","UK Health Security Agency","Barnsley, Doncaster and Rotherham","Outside London","G7","[c]","[c]","[c]","[c]"
"New entrant CS","2022","UK Health Security Agency","Bath and North East Somerset, North Somerset and South Gloucestershire","Outside London","EO","[c]","[c]","[c]","[c]"
"New entrant CS","2022","UK Health Security Agency","Bath and North East Somerset, North Somerset and South Gloucestershire","Outside London","G7","[c]","[c]","[c]","[c]"
"New entrant CS","2022","UK Health Security Agency","Bath and North East Somerset, North Somerset and South Gloucestershire","Outside London","HEO","[c]","[c]","[c]","[c]"
"New entrant CS","2022","UK Health Security Agency","Bath and North East Somerset, North Somerset and South Gloucestershire","Outside London","SEO","[c]","[c]","[c]","[c]"
"New entrant CS","2022","UK Health Security Agency","Bedford","Outside London","SCS level","[c]","[c]","[c]","[c]"
"New entrant CS","2022","UK Health Security Agency","Belfast","Outside London","EO","[c]","[c]","[c]","[c]"
"New entrant CS","2022","UK Health Security Agency","Berkshire","Outside London","EO","[c]","[c]","[c]","[c]"
"New entrant CS","2022","UK Health Security Agency","Berkshire","Outside London","G7","[c]","[c]","[c]","[c]"
"New entrant CS","2022","UK Health Security Agency","Berkshire","Outside London","HEO","[c]","[c]","[c]","[c]"
"New entrant CS","2022","UK Health Security Agency","Berkshire","Outside London","SEO","[c]","[c]","[c]","[c]"
"New entrant CS","2022","UK Health Security Agency","Bexley and Greenwich","London","AO","[c]","[c]","[c]","[c]"
"New entrant CS","2022","UK Health Security Agency","Bexley and Greenwich","London","EO","[c]","[c]","[c]","[c]"
"New entrant CS","2022","UK Health Security Agency","Bexley and Greenwich","London","HEO","[c]","[c]","[c]","[c]"
"New entrant CS","2022","UK Health Security Agency","Bexley and Greenwich","London","SEO","[c]","[c]","[c]","[c]"
"New entrant CS","2022","UK Health Security Agency","Birmingham","Outside London","AO","25","[c]","19980","19880"
"New entrant CS","2022","UK Health Security Agency","Birmingham","Outside London","EO","15","[c]","24040","23390"
"New entrant CS","2022","UK Health Security Agency","Birmingham","Outside London","G6","[c]","[c]","[c]","[c]"
"New entrant CS","2022","UK Health Security Agency","Birmingham","Outside London","G7","5","[c]","[c]","[c]"
"New entrant CS","2022","UK Health Security Agency","Birmingham","Outside London","HEO","25","[c]","30800","28590"
"New entrant CS","2022","UK Health Security Agency","Birmingham","Outside London","SEO","20","[c]","38290","37240"
"New entrant CS","2022","UK Health Security Agency","Blackpool","Outside London","G6","[c]","[c]","[c]","[c]"
"New entrant CS","2022","UK Health Security Agency","Bournemouth, Christchurch and Poole","Outside London","G7","[c]","[c]","[c]","[c]"
"New entrant CS","2022","UK Health Security Agency","Bournemouth, Christchurch and Poole","Outside London","HEO","[c]","[c]","[c]","[c]"
"New entrant CS","2022","UK Health Security Agency","Bradford","Outside London","EO","[c]","[c]","[c]","[c]"
"New entrant CS","2022","UK Health Security Agency","Bradford","Outside London","HEO","[c]","[c]","[c]","[c]"
"New entrant CS","2022","UK Health Security Agency","Breckland and South Norfolk","Outside London","SEO","[c]","[c]","[c]","[c]"
"New entrant CS","2022","UK Health Security Agency","Brent","London","G7","[c]","[c]","[c]","[c]"
"New entrant CS","2022","UK Health Security Agency","Brent","London","HEO","[c]","[c]","[c]","[c]"
"New entrant CS","2022","UK Health Security Agency","Brent","London","SEO","[c]","[c]","[c]","[c]"
"New entrant CS","2022","UK Health Security Agency","Bridgend and Neath Port Talbot","Outside London","G7","[c]","[c]","[c]","[c]"
"New entrant CS","2022","UK Health Security Agency","Bridgend and Neath Port Talbot","Outside London","HEO","[c]","[c]","[c]","[c]"
"New entrant CS","2022","UK Health Security Agency","Brighton and Hove","Outside London","EO","[c]","[c]","[c]","[c]"
"New entrant CS","2022","UK Health Security Agency","Brighton and Hove","Outside London","HEO","[c]","[c]","[c]","[c]"
"New entrant CS","2022","UK Health Security Agency","Brighton and Hove","Outside London","SEO","[c]","[c]","[c]","[c]"
"New entrant CS","2022","UK Health Security Agency","Bristol, City of","Outside London","AA","[c]","[c]","[c]","[c]"
"New entrant CS","2022","UK Health Security Agency","Bristol, City of","Outside London","AO","10","[c]","20410","19880"
"New entrant CS","2022","UK Health Security Agency","Bristol, City of","Outside London","EO","15","[c]","23890","23390"
"New entrant CS","2022","UK Health Security Agency","Bristol, City of","Outside London","G6","[c]","[c]","[c]","[c]"
"New entrant CS","2022","UK Health Security Agency","Bristol, City of","Outside London","G7","[c]","[c]","[c]","[c]"
"New entrant CS","2022","UK Health Security Agency","Bristol, City of","Outside London","HEO","10","[c]","29620","28590"
"New entrant CS","2022","UK Health Security Agency","Bristol, City of","Outside London","SCS level","[c]","[c]","[c]","[c]"
"New entrant CS","2022","UK Health Security Agency","Bristol, City of","Outside London","SEO","10","[c]","38130","36760"
"New entrant CS","2022","UK Health Security Agency","Bromley","London","EO","[c]","[c]","[c]","[c]"
"New entrant CS","2022","UK Health Security Agency","Bromley","London","HEO","[c]","[c]","[c]","[c]"
"New entrant CS","2022","UK Health Security Agency","Buckinghamshire","Outside London","G7","[c]","[c]","[c]","[c]"
"New entrant CS","2022","UK Health Security Agency","Buckinghamshire","Outside London","HEO","[c]","[c]","[c]","[c]"
"New entrant CS","2022","UK Health Security Agency","Buckinghamshire","Outside London","SEO","[c]","[c]","[c]","[c]"
"New entrant CS","2022","UK Health Security Agency","Calderdale and Kirklees","Outside London","G7","[c]","[c]","[c]","[c]"
"New entrant CS","2022","UK Health Security Agency","Cambridgeshire CC","Outside London","AO","20","[c]","21820","21820"
"New entrant CS","2022","UK Health Security Agency","Cambridgeshire CC","Outside London","EO","10","[c]","25360","25010"
"New entrant CS","2022","UK Health Security Agency","Cambridgeshire CC","Outside London","G6","[c]","[c]","[c]","[c]"
"New entrant CS","2022","UK Health Security Agency","Cambridgeshire CC","Outside London","G7","[c]","[c]","[c]","[c]"
"New entrant CS","2022","UK Health Security Agency","Cambridgeshire CC","Outside London","HEO","[c]","[c]","[c]","[c]"
"New entrant CS","2022","UK Health Security Agency","Cambridgeshire CC","Outside London","SCS level","[c]","[c]","[c]","[c]"
"New entrant CS","2022","UK Health Security Agency","Cambridgeshire CC","Outside London","SEO","5","[c]","[c]","[c]"
"New entrant CS","2022","UK Health Security Agency","Camden and City of London","London","EO","[c]","[c]","[c]","[c]"
"New entrant CS","2022","UK Health Security Agency","Camden and City of London","London","G6","[c]","[c]","[c]","[c]"
"New entrant CS","2022","UK Health Security Agency","Camden and City of London","London","SEO","[c]","[c]","[c]","[c]"
"New entrant CS","2022","UK Health Security Agency","Central Bedfordshire","Outside London","HEO","[c]","[c]","[c]","[c]"
"New entrant CS","2022","UK Health Security Agency","Central Hampshire","Outside London","EO","[c]","[c]","[c]","[c]"
"New entrant CS","2022","UK Health Security Agency","Cheshire West and Chester","Outside London","EO","[c]","[c]","[c]","[c]"
"New entrant CS","2022","UK Health Security Agency","City of Edinburgh","Outside London","SEO","[c]","[c]","[c]","[c]"
"New entrant CS","2022","UK Health Security Agency","Clackmannanshire and Fife","Outside London","HEO","[c]","[c]","[c]","[c]"
"New entrant CS","2022","UK Health Security Agency","Cornwall and Isles of Scilly","Outside London","EO","[c]","[c]","[c]","[c]"
"New entrant CS","2022","UK Health Security Agency","Cornwall and Isles of Scilly","Outside London","HEO","[c]","[c]","[c]","[c]"
"New entrant CS","2022","UK Health Security Agency","Cornwall and Isles of Scilly","Outside London","SEO","[c]","[c]","[c]","[c]"
"New entrant CS","2022","UK Health Security Agency","Croydon","London","G6","[c]","[c]","[c]","[c]"
"New entrant CS","2022","UK Health Security Agency","Croydon","London","HEO","[c]","[c]","[c]","[c]"
"New entrant CS","2022","UK Health Security Agency","Derry City and Strabane","Outside London","HEO","[c]","[c]","[c]","[c]"
"New entrant CS","2022","UK Health Security Agency","Devon CC","Outside London","G6","[c]","[c]","[c]","[c]"
"New entrant CS","2022","UK Health Security Agency","Devon CC","Outside London","G7","[c]","[c]","[c]","[c]"
"New entrant CS","2022","UK Health Security Agency","Devon CC","Outside London","HEO","[c]","[c]","[c]","[c]"
"New entrant CS","2022","UK Health Security Agency","Devon CC","Outside London","SEO","[c]","[c]","[c]","[c]"
"New entrant CS","2022","UK Health Security Agency","Ealing","London","G7","[c]","[c]","[c]","[c]"
"New entrant CS","2022","UK Health Security Agency","Ealing","London","HEO","[c]","[c]","[c]","[c]"
"New entrant CS","2022","UK Health Security Agency","Ealing","London","SEO","[c]","[c]","[c]","[c]"
"New entrant CS","2022","UK Health Security Agency","East Kent","Outside London","HEO","[c]","[c]","[c]","[c]"
"New entrant CS","2022","UK Health Security Agency","East Lothian and Midlothian","Outside London","EO","[c]","[c]","[c]","[c]"
"New entrant CS","2022","UK Health Security Agency","East Lothian and Midlothian","Outside London","HEO","[c]","[c]","[c]","[c]"
"New entrant CS","2022","UK Health Security Agency","East Riding of Yorkshire","Outside London","G7","[c]","[c]","[c]","[c]"
"New entrant CS","2022","UK Health Security Agency","East Surrey","Outside London","AO","[c]","[c]","[c]","[c]"
"New entrant CS","2022","UK Health Security Agency","East Surrey","Outside London","EO","[c]","[c]","[c]","[c]"
"New entrant CS","2022","UK Health Security Agency","East Sussex CC","Outside London","AO","[c]","[c]","[c]","[c]"
"New entrant CS","2022","UK Health Security Agency","East Sussex CC","Outside London","SEO","[c]","[c]","[c]","[c]"
"New entrant CS","2022","UK Health Security Agency","Enfield","London","HEO","[c]","[c]","[c]","[c]"
"New entrant CS","2022","UK Health Security Agency","Essex Haven Gateway","Outside London","SEO","[c]","[c]","[c]","[c]"
"New entrant CS","2022","UK Health Security Agency","Essex Thames Gateway","Outside London","G7","[c]","[c]","[c]","[c]"
"New entrant CS","2022","UK Health Security Agency","Flintshire and Wrexham","Outside London","EO","[c]","[c]","[c]","[c]"
"New entrant CS","2022","UK Health Security Agency","Flintshire and Wrexham","Outside London","HEO","[c]","[c]","[c]","[c]"
"New entrant CS","2022","UK Health Security Agency","Glasgow City","Outside London","AO","[c]","[c]","[c]","[c]"
"New entrant CS","2022","UK Health Security Agency","Glasgow City","Outside London","EO","[c]","[c]","[c]","[c]"
"New entrant CS","2022","UK Health Security Agency","Glasgow City","Outside London","HEO","[c]","[c]","[c]","[c]"
"New entrant CS","2022","UK Health Security Agency","Gloucestershire CC","Outside London","EO","[c]","[c]","[c]","[c]"
"New entrant CS","2022","UK Health Security Agency","Gloucestershire CC","Outside London","G7","[c]","[c]","[c]","[c]"
"New entrant CS","2022","UK Health Security Agency","Gloucestershire CC","Outside London","HEO","[c]","[c]","[c]","[c]"
"New entrant CS","2022","UK Health Security Agency","Gloucestershire CC","Outside London","SEO","[c]","[c]","[c]","[c]"
"New entrant CS","2022","UK Health Security Agency","Greater Manchester North East","Outside London","EO","[c]","[c]","[c]","[c]"
"New entrant CS","2022","UK Health Security Agency","Greater Manchester North East","Outside London","G7","[c]","[c]","[c]","[c]"
"New entrant CS","2022","UK Health Security Agency","Greater Manchester South West","Outside London","SCS level","[c]","[c]","[c]","[c]"
"New entrant CS","2022","UK Health Security Agency","Hackney and Newham","London","EO","[c]","[c]","[c]","[c]"
"New entrant CS","2022","UK Health Security Agency","Hackney and Newham","London","G6","[c]","[c]","[c]","[c]"
"New entrant CS","2022","UK Health Security Agency","Hackney and Newham","London","G7","[c]","[c]","[c]","[c]"
"New entrant CS","2022","UK Health Security Agency","Hackney and Newham","London","HEO","[c]","[c]","[c]","[c]"
"New entrant CS","2022","UK Health Security Agency","Hackney and Newham","London","SEO","[c]","[c]","[c]","[c]"
"New entrant CS","2022","UK Health Security Agency","Haringey and Islington","London","EO","[c]","[c]","[c]","[c]"
"New entrant CS","2022","UK Health Security Agency","Haringey and Islington","London","G7","[c]","[c]","[c]","[c]"
"New entrant CS","2022","UK Health Security Agency","Haringey and Islington","London","SEO","[c]","[c]","[c]","[c]"
"New entrant CS","2022","UK Health Security Agency","Harrow and Hillingdon","London","EO","[c]","[c]","[c]","[c]"
"New entrant CS","2022","UK Health Security Agency","Harrow and Hillingdon","London","G7","[c]","[c]","[c]","[c]"
"New entrant CS","2022","UK Health Security Agency","Harrow and Hillingdon","London","HEO","[c]","[c]","[c]","[c]"
"New entrant CS","2022","UK Health Security Agency","Hartlepool and Stockton-on-Tees","Outside London","G7","[c]","[c]","[c]","[c]"
"New entrant CS","2022","UK Health Security Agency","Heart of Essex","Outside London","HEO","[c]","[c]","[c]","[c]"
"New entrant CS","2022","UK Health Security Agency","Hertfordshire CC","Outside London","AA","[c]","[c]","[c]","[c]"
"New entrant CS","2022","UK Health Security Agency","Hertfordshire CC","Outside London","AO","[c]","[c]","[c]","[c]"
"New entrant CS","2022","UK Health Security Agency","Hertfordshire CC","Outside London","EO","[c]","[c]","[c]","[c]"
"New entrant CS","2022","UK Health Security Agency","Hertfordshire CC","Outside London","G7","[c]","[c]","[c]","[c]"
"New entrant CS","2022","UK Health Security Agency","Hertfordshire CC","Outside London","HEO","[c]","[c]","[c]","[c]"
"New entrant CS","2022","UK Health Security Agency","Hertfordshire CC","Outside London","SEO","[c]","[c]","[c]","[c]"
"New entrant CS","2022","UK Health Security Agency","Hounslow and Richmond upon Thames","London","AA","[c]","[c]","[c]","[c]"
"New entrant CS","2022","UK Health Security Agency","Hounslow and Richmond upon Thames","London","HEO","[c]","[c]","[c]","[c]"
"New entrant CS","2022","UK Health Security Agency","Inverness and Nairn, Moray, and Badenoch and Strathspey","Outside London","HEO","[c]","[c]","[c]","[c]"
"New entrant CS","2022","UK Health Security Agency","Kensington & Chelsea and Hammersmith & Fulham","London","EO","[c]","[c]","[c]","[c]"
"New entrant CS","2022","UK Health Security Agency","Kensington & Chelsea and Hammersmith & Fulham","London","G7","[c]","[c]","[c]","[c]"
"New entrant CS","2022","UK Health Security Agency","Kensington & Chelsea and Hammersmith & Fulham","London","SEO","[c]","[c]","[c]","[c]"
"New entrant CS","2022","UK Health Security Agency","Kent Thames Gateway","Outside London","HEO","[c]","[c]","[c]","[c]"
"New entrant CS","2022","UK Health Security Agency","Lambeth","London","AA","[c]","[c]","[c]","[c]"
"New entrant CS","2022","UK Health Security Agency","Lambeth","London","AO","10","[c]","[c]","[c]"
"New entrant CS","2022","UK Health Security Agency","Lambeth","London","EO","75","[c]","26750","26880"
"New entrant CS","2022","UK Health Security Agency","Lambeth","London","G6","10","[c]","[c]","[c]"
"New entrant CS","2022","UK Health Security Agency","Lambeth","London","G7","35","[c]","53540","52610"
"New entrant CS","2022","UK Health Security Agency","Lambeth","London","HEO","85","[c]","31960","32330"
"New entrant CS","2022","UK Health Security Agency","Lambeth","London","SCS level","10","[c]","[c]","[c]"
"New entrant CS","2022","UK Health Security Agency","Lambeth","London","SEO","65","[c]","40490","40070"
"New entrant CS","2022","UK Health Security Agency","Lancaster and Wyre","Outside London","SEO","[c]","[c]","[c]","[c]"
"New entrant CS","2022","UK Health Security Agency","Leeds","Outside London","AO","10","[c]","[c]","[c]"
"New entrant CS","2022","UK Health Security Agency","Leeds","Outside London","EO","40","[c]","24890","23690"
"New entrant CS","2022","UK Health Security Agency","Leeds","Outside London","G6","30","[c]","65410","62400"
"New entrant CS","2022","UK Health Security Agency","Leeds","Outside London","G7","55","[c]","52300","49530"
"New entrant CS","2022","UK Health Security Agency","Leeds","Outside London","HEO","95","[c]","30980","28970"
"New entrant CS","2022","UK Health Security Agency","Leeds","Outside London","SCS level","10","[c]","92550","76130"
"New entrant CS","2022","UK Health Security Agency","Leeds","Outside London","SEO","55","[c]","38150","36820"
"New entrant CS","2022","UK Health Security Agency","Leicester","Outside London","SEO","[c]","[c]","[c]","[c]"
"New entrant CS","2022","UK Health Security Agency","Leicestershire CC and Rutland","Outside London","G7","[c]","[c]","[c]","[c]"
"New entrant CS","2022","UK Health Security Agency","Leicestershire CC and Rutland","Outside London","HEO","[c]","[c]","[c]","[c]"
"New entrant CS","2022","UK Health Security Agency","Leicestershire CC and Rutland","Outside London","SEO","[c]","[c]","[c]","[c]"
"New entrant CS","2022","UK Health Security Agency","Lewisham and Southwark","London","AO","[c]","[c]","[c]","[c]"
"New entrant CS","2022","UK Health Security Agency","Lewisham and Southwark","London","EO","[c]","[c]","[c]","[c]"
"New entrant CS","2022","UK Health Security Agency","Lewisham and Southwark","London","G6","[c]","[c]","[c]","[c]"
"New entrant CS","2022","UK Health Security Agency","Lewisham and Southwark","London","G7","[c]","[c]","[c]","[c]"
"New entrant CS","2022","UK Health Security Agency","Lewisham and Southwark","London","HEO","[c]","[c]","[c]","[c]"
"New entrant CS","2022","UK Health Security Agency","Lewisham and Southwark","London","SCS level","[c]","[c]","[c]","[c]"
"New entrant CS","2022","UK Health Security Agency","Lewisham and Southwark","London","SEO","[c]","[c]","[c]","[c]"
"New entrant CS","2022","UK Health Security Agency","Lincolnshire CC","Outside London","EO","[c]","[c]","[c]","[c]"
"New entrant CS","2022","UK Health Security Agency","Lincolnshire CC","Outside London","G6","[c]","[c]","[c]","[c]"
"New entrant CS","2022","UK Health Security Agency","Lincolnshire CC","Outside London","HEO","[c]","[c]","[c]","[c]"
"New entrant CS","2022","UK Health Security Agency","Liverpool","Outside London","AA","[c]","[c]","[c]","[c]"
"New entrant CS","2022","UK Health Security Agency","Liverpool","Outside London","AO","[c]","[c]","[c]","[c]"
"New entrant CS","2022","UK Health Security Agency","Liverpool","Outside London","G6","[c]","[c]","[c]","[c]"
"New entrant CS","2022","UK Health Security Agency","Liverpool","Outside London","G7","[c]","[c]","[c]","[c]"
"New entrant CS","2022","UK Health Security Agency","Liverpool","Outside London","HEO","10","[c]","[c]","[c]"
"New entrant CS","2022","UK Health Security Agency","Liverpool","Outside London","SEO","[c]","[c]","[c]","[c]"
"New entrant CS","2022","UK Health Security Agency","Luton","Outside London","HEO","[c]","[c]","[c]","[c]"
"New entrant CS","2022","UK Health Security Agency","Manchester","Outside London","AA","[c]","[c]","[c]","[c]"
"New entrant CS","2022","UK Health Security Agency","Manchester","Outside London","AO","20","[c]","20160","19880"
"New entrant CS","2022","UK Health Security Agency","Manchester","Outside London","EO","15","[c]","23680","23390"
"New entrant CS","2022","UK Health Security Agency","Manchester","Outside London","G6","[c]","[c]","[c]","[c]"
"New entrant CS","2022","UK Health Security Agency","Manchester","Outside London","G7","[c]","[c]","[c]","[c]"
"New entrant CS","2022","UK Health Security Agency","Manchester","Outside London","HEO","[c]","[c]","[c]","[c]"
"New entrant CS","2022","UK Health Security Agency","Manchester","Outside London","SCS level","[c]","[c]","[c]","[c]"
"New entrant CS","2022","UK Health Security Agency","Manchester","Outside London","SEO","5","[c]","[c]","[c]"
"New entrant CS","2022","UK Health Security Agency","Merton, Kingston upon Thames and Sutton","London","G6","[c]","[c]","[c]","[c]"
"New entrant CS","2022","UK Health Security Agency","Merton, Kingston upon Thames and Sutton","London","SEO","[c]","[c]","[c]","[c]"
"New entrant CS","2022","UK Health Security Agency","Mid and East Antrim","Outside London","HEO","[c]","[c]","[c]","[c]"
"New entrant CS","2022","UK Health Security Agency","Mid Kent","Outside London","HEO","[c]","[c]","[c]","[c]"
"New entrant CS","2022","UK Health Security Agency","Mid Lancashire","Outside London","AA","[c]","[c]","[c]","[c]"
"New entrant CS","2022","UK Health Security Agency","Mid Lancashire","Outside London","G7","[c]","[c]","[c]","[c]"
"New entrant CS","2022","UK Health Security Agency","Mid Lancashire","Outside London","HEO","[c]","[c]","[c]","[c]"
"New entrant CS","2022","UK Health Security Agency","Milton Keynes","Outside London","EO","[c]","[c]","[c]","[c]"
"New entrant CS","2022","UK Health Security Agency","Milton Keynes","Outside London","SEO","[c]","[c]","[c]","[c]"
"New entrant CS","2022","UK Health Security Agency","Monmouthshire and Newport","Outside London","SEO","[c]","[c]","[c]","[c]"
"New entrant CS","2022","UK Health Security Agency","North and West Norfolk","Outside London","EO","[c]","[c]","[c]","[c]"
"New entrant CS","2022","UK Health Security Agency","North and West Norfolk","Outside London","G7","[c]","[c]","[c]","[c]"
"New entrant CS","2022","UK Health Security Agency","North Hampshire","Outside London","G7","[c]","[c]","[c]","[c]"
"New entrant CS","2022","UK Health Security Agency","North Nottinghamshire","Outside London","EO","[c]","[c]","[c]","[c]"
"New entrant CS","2022","UK Health Security Agency","North Yorkshire CC","Outside London","AO","[c]","[c]","[c]","[c]"
"New entrant CS","2022","UK Health Security Agency","North Yorkshire CC","Outside London","G6","[c]","[c]","[c]","[c]"
"New entrant CS","2022","UK Health Security Agency","North Yorkshire CC","Outside London","SEO","[c]","[c]","[c]","[c]"
"New entrant CS","2022","UK Health Security Agency","Northumberland","Outside London","EO","[c]","[c]","[c]","[c]"
"New entrant CS","2022","UK Health Security Agency","Northumberland","Outside London","HEO","[c]","[c]","[c]","[c]"
"New entrant CS","2022","UK Health Security Agency","Northumberland","Outside London","SEO","[c]","[c]","[c]","[c]"
"New entrant CS","2022","UK Health Security Agency","Norwich and East Norfolk","Outside London","G7","[c]","[c]","[c]","[c]"
"New entrant CS","2022","UK Health Security Agency","Norwich and East Norfolk","Outside London","SEO","[c]","[c]","[c]","[c]"
"New entrant CS","2022","UK Health Security Agency","Nottingham","Outside London","AO","10","[c]","[c]","[c]"
"New entrant CS","2022","UK Health Security Agency","Nottingham","Outside London","EO","10","[c]","23390","23390"
"New entrant CS","2022","UK Health Security Agency","Nottingham","Outside London","G7","[c]","[c]","[c]","[c]"
"New entrant CS","2022","UK Health Security Agency","Nottingham","Outside London","HEO","25","[c]","30500","28590"
"New entrant CS","2022","UK Health Security Agency","Nottingham","Outside London","SCS level","[c]","[c]","[c]","[c]"
"New entrant CS","2022","UK Health Security Agency","Nottingham","Outside London","SEO","15","[c]","38070","36330"
"New entrant CS","2022","UK Health Security Agency","Oxfordshire CC","Outside London","AA","[c]","[c]","[c]","[c]"
"New entrant CS","2022","UK Health Security Agency","Oxfordshire CC","Outside London","AO","5","[c]","[c]","[c]"
"New entrant CS","2022","UK Health Security Agency","Oxfordshire CC","Outside London","EO","[c]","[c]","[c]","[c]"
"New entrant CS","2022","UK Health Security Agency","Oxfordshire CC","Outside London","G7","[c]","[c]","[c]","[c]"
"New entrant CS","2022","UK Health Security Agency","Oxfordshire CC","Outside London","HEO","10","[c]","[c]","[c]"
"New entrant CS","2022","UK Health Security Agency","Oxfordshire CC","Outside London","SCS level","[c]","[c]","[c]","[c]"
"New entrant CS","2022","UK Health Security Agency","Oxfordshire CC","Outside London","SEO","5","[c]","[c]","[c]"
"New entrant CS","2022","UK Health Security Agency","Plymouth","Outside London","EO","[c]","[c]","[c]","[c]"
"New entrant CS","2022","UK Health Security Agency","Plymouth","Outside London","G7","[c]","[c]","[c]","[c]"
"New entrant CS","2022","UK Health Security Agency","Plymouth","Outside London","HEO","[c]","[c]","[c]","[c]"
"New entrant CS","2022","UK Health Security Agency","Portsmouth","Outside London","EO","[c]","[c]","[c]","[c]"
"New entrant CS","2022","UK Health Security Agency","Portsmouth","Outside London","G7","[c]","[c]","[c]","[c]"
"New entrant CS","2022","UK Health Security Agency","Redbridge and Waltham Forest","London","AO","[c]","[c]","[c]","[c]"
"New entrant CS","2022","UK Health Security Agency","Redbridge and Waltham Forest","London","EO","[c]","[c]","[c]","[c]"
"New entrant CS","2022","UK Health Security Agency","Redbridge and Waltham Forest","London","SEO","[c]","[c]","[c]","[c]"
"New entrant CS","2022","UK Health Security Agency","Sefton","Outside London","G7","[c]","[c]","[c]","[c]"
"New entrant CS","2022","UK Health Security Agency","Sefton","Outside London","SEO","[c]","[c]","[c]","[c]"
"New entrant CS","2022","UK Health Security Agency","Sheffield","Outside London","EO","[c]","[c]","[c]","[c]"
"New entrant CS","2022","UK Health Security Agency","Sheffield","Outside London","G7","[c]","[c]","[c]","[c]"
"New entrant CS","2022","UK Health Security Agency","Sheffield","Outside London","HEO","[c]","[c]","[c]","[c]"
"New entrant CS","2022","UK Health Security Agency","Shropshire","Outside London","G6","[c]","[c]","[c]","[c]"
"New entrant CS","2022","UK Health Security Agency","Solihull","Outside London","G7","[c]","[c]","[c]","[c]"
"New entrant CS","2022","UK Health Security Agency","Solihull","Outside London","SEO","[c]","[c]","[c]","[c]"
"New entrant CS","2022","UK Health Security Agency","Somerset CC","Outside London","EO","[c]","[c]","[c]","[c]"
"New entrant CS","2022","UK Health Security Agency","Somerset CC","Outside London","G6","[c]","[c]","[c]","[c]"
"New entrant CS","2022","UK Health Security Agency","Somerset CC","Outside London","SEO","[c]","[c]","[c]","[c]"
"New entrant CS","2022","UK Health Security Agency","South and West Derbyshire","Outside London","G7","[c]","[c]","[c]","[c]"
"New entrant CS","2022","UK Health Security Agency","South and West Derbyshire","Outside London","HEO","[c]","[c]","[c]","[c]"
"New entrant CS","2022","UK Health Security Agency","South Hampshire","Outside London","G6","[c]","[c]","[c]","[c]"
"New entrant CS","2022","UK Health Security Agency","South Hampshire","Outside London","G7","[c]","[c]","[c]","[c]"
"New entrant CS","2022","UK Health Security Agency","South Hampshire","Outside London","HEO","[c]","[c]","[c]","[c]"
"New entrant CS","2022","UK Health Security Agency","South Hampshire","Outside London","SEO","[c]","[c]","[c]","[c]"
"New entrant CS","2022","UK Health Security Agency","South Lanarkshire","Outside London","SEO","[c]","[c]","[c]","[c]"
"New entrant CS","2022","UK Health Security Agency","Southampton","Outside London","HEO","[c]","[c]","[c]","[c]"
"New entrant CS","2022","UK Health Security Agency","Southend-on-Sea","Outside London","SEO","[c]","[c]","[c]","[c]"
"New entrant CS","2022","UK Health Security Agency","Staffordshire CC","Outside London","EO","[c]","[c]","[c]","[c]"
"New entrant CS","2022","UK Health Security Agency","Staffordshire CC","Outside London","G7","[c]","[c]","[c]","[c]"
"New entrant CS","2022","UK Health Security Agency","Staffordshire CC","Outside London","HEO","[c]","[c]","[c]","[c]"
"New entrant CS","2022","UK Health Security Agency","Staffordshire CC","Outside London","SCS level","[c]","[c]","[c]","[c]"
"New entrant CS","2022","UK Health Security Agency","Stoke-on-Trent","Outside London","EO","[c]","[c]","[c]","[c]"
"New entrant CS","2022","UK Health Security Agency","Stoke-on-Trent","Outside London","SEO","[c]","[c]","[c]","[c]"
"New entrant CS","2022","UK Health Security Agency","Suffolk CC","Outside London","AO","[c]","[c]","[c]","[c]"
"New entrant CS","2022","UK Health Security Agency","Suffolk CC","Outside London","EO","[c]","[c]","[c]","[c]"
"New entrant CS","2022","UK Health Security Agency","Suffolk CC","Outside London","SCS level","[c]","[c]","[c]","[c]"
"New entrant CS","2022","UK Health Security Agency","Suffolk CC","Outside London","SEO","[c]","[c]","[c]","[c]"
"New entrant CS","2022","UK Health Security Agency","Swansea","Outside London","EO","[c]","[c]","[c]","[c]"
"New entrant CS","2022","UK Health Security Agency","Telford and Wrekin","Outside London","EO","[c]","[c]","[c]","[c]"
"New entrant CS","2022","UK Health Security Agency","Thurrock","Outside London","EO","[c]","[c]","[c]","[c]"
"New entrant CS","2022","UK Health Security Agency","Tower Hamlets","London","HEO","[c]","[c]","[c]","[c]"
"New entrant CS","2022","UK Health Security Agency","Tower Hamlets","London","SEO","[c]","[c]","[c]","[c]"
"New entrant CS","2022","UK Health Security Agency","Tyneside","Outside London","AO","5","[c]","[c]","[c]"
"New entrant CS","2022","UK Health Security Agency","Tyneside","Outside London","EO","[c]","[c]","[c]","[c]"
"New entrant CS","2022","UK Health Security Agency","Tyneside","Outside London","G6","[c]","[c]","[c]","[c]"
"New entrant CS","2022","UK Health Security Agency","Tyneside","Outside London","G7","[c]","[c]","[c]","[c]"
"New entrant CS","2022","UK Health Security Agency","Tyneside","Outside London","HEO","5","[c]","[c]","[c]"
"New entrant CS","2022","UK Health Security Agency","Tyneside","Outside London","SCS level","[c]","[c]","[c]","[c]"
"New entrant CS","2022","UK Health Security Agency","Tyneside","Outside London","SEO","[c]","[c]","[c]","[c]"
"New entrant CS","2022","UK Health Security Agency","Walsall","Outside London","SEO","[c]","[c]","[c]","[c]"
"New entrant CS","2022","UK Health Security Agency","Wandsworth","London","EO","[c]","[c]","[c]","[c]"
"New entrant CS","2022","UK Health Security Agency","Wandsworth","London","HEO","[c]","[c]","[c]","[c]"
"New entrant CS","2022","UK Health Security Agency","Warwickshire CC","Outside London","G6","[c]","[c]","[c]","[c]"
"New entrant CS","2022","UK Health Security Agency","West Essex","Outside London","AO","5","[c]","[c]","[c]"
"New entrant CS","2022","UK Health Security Agency","West Essex","Outside London","EO","[c]","[c]","[c]","[c]"
"New entrant CS","2022","UK Health Security Agency","West Essex","Outside London","G7","[c]","[c]","[c]","[c]"
"New entrant CS","2022","UK Health Security Agency","West Essex","Outside London","HEO","5","[c]","[c]","[c]"
"New entrant CS","2022","UK Health Security Agency","West Essex","Outside London","SEO","5","[c]","[c]","[c]"
"New entrant CS","2022","UK Health Security Agency","West Kent","Outside London","G7","[c]","[c]","[c]","[c]"
"New entrant CS","2022","UK Health Security Agency","West Kent","Outside London","HEO","[c]","[c]","[c]","[c]"
"New entrant CS","2022","UK Health Security Agency","West Northamptonshire","Outside London","EO","[c]","[c]","[c]","[c]"
"New entrant CS","2022","UK Health Security Agency","West Surrey","Outside London","G6","[c]","[c]","[c]","[c]"
"New entrant CS","2022","UK Health Security Agency","West Surrey","Outside London","G7","[c]","[c]","[c]","[c]"
"New entrant CS","2022","UK Health Security Agency","West Sussex (North East)","Outside London","EO","[c]","[c]","[c]","[c]"
"New entrant CS","2022","UK Health Security Agency","West Sussex (North East)","Outside London","SEO","[c]","[c]","[c]","[c]"
"New entrant CS","2022","UK Health Security Agency","West Sussex (South West)","Outside London","EO","[c]","[c]","[c]","[c]"
"New entrant CS","2022","UK Health Security Agency","West Sussex (South West)","Outside London","SCS level","[c]","[c]","[c]","[c]"
"New entrant CS","2022","UK Health Security Agency","Westminster","London","EO","60","[c]","27350","27270"
"New entrant CS","2022","UK Health Security Agency","Westminster","London","G6","30","[c]","66220","65530"
"New entrant CS","2022","UK Health Security Agency","Westminster","London","G7","75","[c]","52620","53360"
"New entrant CS","2022","UK Health Security Agency","Westminster","London","HEO","90","[c]","32230","32790"
"New entrant CS","2022","UK Health Security Agency","Westminster","London","SCS level","30","[c]","104140","83720"
"New entrant CS","2022","UK Health Security Agency","Westminster","London","SEO","70","[c]","38810","40070"
"New entrant CS","2022","UK Health Security Agency","Westminster","London","Unknown","[c]","[c]","[c]","[c]"
"New entrant CS","2022","UK Health Security Agency","Wiltshire","Outside London","AA","20","[c]","19100","19100"
"New entrant CS","2022","UK Health Security Agency","Wiltshire","Outside London","AO","35","[c]","20410","19880"
"New entrant CS","2022","UK Health Security Agency","Wiltshire","Outside London","EO","35","[c]","23700","23390"
"New entrant CS","2022","UK Health Security Agency","Wiltshire","Outside London","G6","[c]","[c]","[c]","[c]"
"New entrant CS","2022","UK Health Security Agency","Wiltshire","Outside London","G7","15","[c]","52090","51500"
"New entrant CS","2022","UK Health Security Agency","Wiltshire","Outside London","HEO","40","[c]","29820","28590"
"New entrant CS","2022","UK Health Security Agency","Wiltshire","Outside London","SCS level","[c]","[c]","[c]","[c]"
"New entrant CS","2022","UK Health Security Agency","Wiltshire","Outside London","SEO","20","[c]","38790","38880"
"New entrant CS","2022","UK Health Security Agency","Wirral","Outside London","G6","[c]","[c]","[c]","[c]"
"New entrant CS","2022","UK Health Security Agency","Wirral","Outside London","G7","[c]","[c]","[c]","[c]"
"New entrant CS","2022","UK Health Security Agency","Wirral","Outside London","SCS level","[c]","[c]","[c]","[c]"
"New entrant CS","2022","UK Health Security Agency","Wirral","Outside London","SEO","[c]","[c]","[c]","[c]"
"New entrant CS","2022","UK Health Security Agency","Wolverhampton","Outside London","EO","[c]","[c]","[c]","[c]"
"New entrant CS","2022","UK Health Security Agency","Worcestershire CC","Outside London","G7","[c]","[c]","[c]","[c]"
"New entrant CS","2022","UK Health Security Agency","Worcestershire CC","Outside London","HEO","[c]","[c]","[c]","[c]"
"New entrant CS","2022","UK Health Security Agency","York","Outside London","AO","[c]","[c]","[c]","[c]"
"New entrant CS","2022","UK Health Security Agency","York","Outside London","EO","[c]","[c]","[c]","[c]"
"New entrant CS","2022","UK Health Security Agency","York","Outside London","G7","[c]","[c]","[c]","[c]"
"New entrant CS","2022","UK Health Security Agency","York","Outside London","SEO","[c]","[c]","[c]","[c]"
"New entrant CS","2022","UK Hydrographic Office","Somerset CC","Outside London","AO","60","[c]","20470","20420"
"New entrant CS","2022","UK Hydrographic Office","Somerset CC","Outside London","EO","20","[c]","27460","26740"
"New entrant CS","2022","UK Hydrographic Office","Somerset CC","Outside London","G6","[c]","[c]","[c]","[c]"
"New entrant CS","2022","UK Hydrographic Office","Somerset CC","Outside London","G7","[c]","[c]","[c]","[c]"
"New entrant CS","2022","UK Hydrographic Office","Somerset CC","Outside London","HEO","25","[c]","33620","33290"
"New entrant CS","2022","UK Hydrographic Office","Somerset CC","Outside London","SCS level","[c]","[c]","[c]","[c]"
"New entrant CS","2022","UK Hydrographic Office","Somerset CC","Outside London","SEO","10","[c]","44060","42510"
"New entrant CS","2022","UK Space Agency","Oxfordshire CC","Outside London","G7","[c]","[c]","[c]","[c]"
"New entrant CS","2022","UK Space Agency","Oxfordshire CC","Outside London","HEO","[c]","[c]","[c]","[c]"
"New entrant CS","2022","UK Space Agency","Oxfordshire CC","Outside London","SEO","[c]","[c]","[c]","[c]"
"New entrant CS","2022","UK Space Agency","Swindon","Outside London","EO","[c]","[c]","[c]","[c]"
"New entrant CS","2022","UK Space Agency","Swindon","Outside London","G7","[c]","[c]","[c]","[c]"
"New entrant CS","2022","UK Space Agency","Swindon","Outside London","HEO","[c]","[c]","[c]","[c]"
"New entrant CS","2022","UK Space Agency","Swindon","Outside London","SEO","[c]","[c]","[c]","[c]"
"New entrant CS","2022","UK Space Agency","Westminster","London","EO","[c]","[c]","[c]","[c]"
"New entrant CS","2022","UK Space Agency","Westminster","London","G7","[c]","[c]","[c]","[c]"
"New entrant CS","2022","UK Space Agency","Westminster","London","HEO","[c]","[c]","[c]","[c]"
"New entrant CS","2022","UK Space Agency","Westminster","London","SCS level","[c]","[c]","[c]","[c]"
"New entrant CS","2022","UK Space Agency","Westminster","London","SEO","[c]","[c]","[c]","[c]"
"New entrant CS","2022","UK Statistics Authority","City of Edinburgh","Outside London","HEO","[c]","[c]","[c]","[c]"
"New entrant CS","2022","UK Statistics Authority","City of Edinburgh","Outside London","SEO","[c]","[c]","[c]","[c]"
"New entrant CS","2022","UK Statistics Authority","Darlington","Outside London","AO","[c]","[c]","[c]","[c]"
"New entrant CS","2022","UK Statistics Authority","Darlington","Outside London","HEO","10","[c]","[c]","[c]"
"New entrant CS","2022","UK Statistics Authority","Monmouthshire and Newport","Outside London","AA","10","[c]","[c]","[c]"
"New entrant CS","2022","UK Statistics Authority","Monmouthshire and Newport","Outside London","AO","130","[c]","19910","19860"
"New entrant CS","2022","UK Statistics Authority","Monmouthshire and Newport","Outside London","EO","70","[c]","23910","23880"
"New entrant CS","2022","UK Statistics Authority","Monmouthshire and Newport","Outside London","G6","10","[c]","61600","61100"
"New entrant CS","2022","UK Statistics Authority","Monmouthshire and Newport","Outside London","G7","45","[c]","50770","50210"
"New entrant CS","2022","UK Statistics Authority","Monmouthshire and Newport","Outside London","HEO","185","[c]","30600","30710"
"New entrant CS","2022","UK Statistics Authority","Monmouthshire and Newport","Outside London","SCS level","[c]","[c]","[c]","[c]"
"New entrant CS","2022","UK Statistics Authority","Monmouthshire and Newport","Outside London","SEO","105","[c]","37950","38160"
"New entrant CS","2022","UK Statistics Authority","South Hampshire","Outside London","AA","110","[c]","19130","18830"
"New entrant CS","2022","UK Statistics Authority","South Hampshire","Outside London","AO","120","[c]","20340","19860"
"New entrant CS","2022","UK Statistics Authority","South Hampshire","Outside London","EO","40","[c]","23850","23880"
"New entrant CS","2022","UK Statistics Authority","South Hampshire","Outside London","G6","[c]","[c]","[c]","[c]"
"New entrant CS","2022","UK Statistics Authority","South Hampshire","Outside London","G7","20","[c]","51510","50210"
"New entrant CS","2022","UK Statistics Authority","South Hampshire","Outside London","HEO","80","[c]","30600","30710"
"New entrant CS","2022","UK Statistics Authority","South Hampshire","Outside London","SEO","25","[c]","37600","36840"
"New entrant CS","2022","UK Statistics Authority","South Lanarkshire","Outside London","SEO","[c]","[c]","[c]","[c]"
"New entrant CS","2022","UK Statistics Authority","Westminster","London","AO","5","[c]","[c]","[c]"
"New entrant CS","2022","UK Statistics Authority","Westminster","London","EO","[c]","[c]","[c]","[c]"
"New entrant CS","2022","UK Statistics Authority","Westminster","London","G6","[c]","[c]","[c]","[c]"
"New entrant CS","2022","UK Statistics Authority","Westminster","London","G7","5","[c]","[c]","[c]"
"New entrant CS","2022","UK Statistics Authority","Westminster","London","HEO","10","[c]","33510","33710"
"New entrant CS","2022","UK Statistics Authority","Westminster","London","SCS level","5","[c]","[c]","[c]"
"New entrant CS","2022","UK Statistics Authority","Westminster","London","SEO","5","[c]","[c]","[c]"
"New entrant CS","2022","UK Supreme Court","Westminster","London","EO","[c]","[c]","[c]","[c]"
"New entrant CS","2022","UK Supreme Court","Westminster","London","HEO","[c]","[c]","[c]","[c]"
"New entrant CS","2022","UK Supreme Court","Westminster","London","SEO","10","[c]","[c]","[c]"
"New entrant CS","2022","Valuation Office Agency","Birmingham","Outside London","EO","5","[c]","[c]","[c]"
"New entrant CS","2022","Valuation Office Agency","Birmingham","Outside London","HEO","5","[c]","[c]","[c]"
"New entrant CS","2022","Valuation Office Agency","Birmingham","Outside London","SEO","[c]","[c]","[c]","[c]"
"New entrant CS","2022","Valuation Office Agency","Brent","London","EO","10","[c]","28780","28500"
"New entrant CS","2022","Valuation Office Agency","Brent","London","HEO","10","[c]","[c]","[c]"
"New entrant CS","2022","Valuation Office Agency","Brent","London","SEO","[c]","[c]","[c]","[c]"
"New entrant CS","2022","Valuation Office Agency","Bristol, City of","Outside London","AO","[c]","[c]","[c]","[c]"
"New entrant CS","2022","Valuation Office Agency","Bristol, City of","Outside London","EO","5","[c]","[c]","[c]"
"New entrant CS","2022","Valuation Office Agency","Bristol, City of","Outside London","HEO","5","[c]","[c]","[c]"
"New entrant CS","2022","Valuation Office Agency","Bristol, City of","Outside London","SEO","[c]","[c]","[c]","[c]"
"New entrant CS","2022","Valuation Office Agency","Cambridgeshire CC","Outside London","EO","[c]","[c]","[c]","[c]"
"New entrant CS","2022","Valuation Office Agency","Cambridgeshire CC","Outside London","HEO","[c]","[c]","[c]","[c]"
"New entrant CS","2022","Valuation Office Agency","Cardiff and Vale of Glamorgan","Outside London","AO","[c]","[c]","[c]","[c]"
"New entrant CS","2022","Valuation Office Agency","Cardiff and Vale of Glamorgan","Outside London","EO","[c]","[c]","[c]","[c]"
"New entrant CS","2022","Valuation Office Agency","Cardiff and Vale of Glamorgan","Outside London","HEO","[c]","[c]","[c]","[c]"
"New entrant CS","2022","Valuation Office Agency","Cardiff and Vale of Glamorgan","Outside London","SEO","[c]","[c]","[c]","[c]"
"New entrant CS","2022","Valuation Office Agency","Cornwall and Isles of Scilly","Outside London","EO","[c]","[c]","[c]","[c]"
"New entrant CS","2022","Valuation Office Agency","Croydon","London","EO","10","[c]","[c]","[c]"
"New entrant CS","2022","Valuation Office Agency","Croydon","London","HEO","15","[c]","30470","30070"
"New entrant CS","2022","Valuation Office Agency","Croydon","London","SEO","5","[c]","[c]","[c]"
"New entrant CS","2022","Valuation Office Agency","Devon CC","Outside London","EO","[c]","[c]","[c]","[c]"
"New entrant CS","2022","Valuation Office Agency","Devon CC","Outside London","SEO","[c]","[c]","[c]","[c]"
"New entrant CS","2022","Valuation Office Agency","Durham","Outside London","AO","140","[c]","21860","21750"
"New entrant CS","2022","Valuation Office Agency","Durham","Outside London","EO","10","[c]","[c]","[c]"
"New entrant CS","2022","Valuation Office Agency","Durham","Outside London","HEO","[c]","[c]","[c]","[c]"
"New entrant CS","2022","Valuation Office Agency","Durham","Outside London","SEO","[c]","[c]","[c]","[c]"
"New entrant CS","2022","Valuation Office Agency","East Kent","Outside London","EO","[c]","[c]","[c]","[c]"
"New entrant CS","2022","Valuation Office Agency","East Sussex CC","Outside London","EO","[c]","[c]","[c]","[c]"
"New entrant CS","2022","Valuation Office Agency","Essex Haven Gateway","Outside London","EO","[c]","[c]","[c]","[c]"
"New entrant CS","2022","Valuation Office Agency","Essex Haven Gateway","Outside London","HEO","[c]","[c]","[c]","[c]"
"New entrant CS","2022","Valuation Office Agency","Essex Haven Gateway","Outside London","SEO","[c]","[c]","[c]","[c]"
"New entrant CS","2022","Valuation Office Agency","Flintshire and Wrexham","Outside London","HEO","[c]","[c]","[c]","[c]"
"New entrant CS","2022","Valuation Office Agency","Flintshire and Wrexham","Outside London","SEO","[c]","[c]","[c]","[c]"
"New entrant CS","2022","Valuation Office Agency","Glasgow City","Outside London","HEO","[c]","[c]","[c]","[c]"
"New entrant CS","2022","Valuation Office Agency","Kingston upon Hull, City of","Outside London","AO","[c]","[c]","[c]","[c]"
"New entrant CS","2022","Valuation Office Agency","Kingston upon Hull, City of","Outside London","EO","[c]","[c]","[c]","[c]"
"New entrant CS","2022","Valuation Office Agency","Lancaster and Wyre","Outside London","EO","[c]","[c]","[c]","[c]"
"New entrant CS","2022","Valuation Office Agency","Lancaster and Wyre","Outside London","SEO","[c]","[c]","[c]","[c]"
"New entrant CS","2022","Valuation Office Agency","Leeds","Outside London","AO","[c]","[c]","[c]","[c]"
"New entrant CS","2022","Valuation Office Agency","Leeds","Outside London","EO","15","[c]","25160","25000"
"New entrant CS","2022","Valuation Office Agency","Leeds","Outside London","G6","[c]","[c]","[c]","[c]"
"New entrant CS","2022","Valuation Office Agency","Leeds","Outside London","G7","[c]","[c]","[c]","[c]"
"New entrant CS","2022","Valuation Office Agency","Leeds","Outside London","HEO","[c]","[c]","[c]","[c]"
"New entrant CS","2022","Valuation Office Agency","Leeds","Outside London","SEO","5","[c]","[c]","[c]"
"New entrant CS","2022","Valuation Office Agency","Manchester","Outside London","AO","[c]","[c]","[c]","[c]"
"New entrant CS","2022","Valuation Office Agency","Manchester","Outside London","EO","10","[c]","[c]","[c]"
"New entrant CS","2022","Valuation Office Agency","Manchester","Outside London","HEO","10","[c]","30520","31000"
"New entrant CS","2022","Valuation Office Agency","Manchester","Outside London","SEO","[c]","[c]","[c]","[c]"
"New entrant CS","2022","Valuation Office Agency","Mid Lancashire","Outside London","EO","[c]","[c]","[c]","[c]"
"New entrant CS","2022","Valuation Office Agency","Norwich and East Norfolk","Outside London","HEO","[c]","[c]","[c]","[c]"
"New entrant CS","2022","Valuation Office Agency","Nottingham","Outside London","AO","[c]","[c]","[c]","[c]"
"New entrant CS","2022","Valuation Office Agency","Nottingham","Outside London","EO","15","[c]","25270","25000"
"New entrant CS","2022","Valuation Office Agency","Nottingham","Outside London","HEO","[c]","[c]","[c]","[c]"
"New entrant CS","2022","Valuation Office Agency","Nottingham","Outside London","SEO","[c]","[c]","[c]","[c]"
"New entrant CS","2022","Valuation Office Agency","Oxfordshire CC","Outside London","HEO","[c]","[c]","[c]","[c]"
"New entrant CS","2022","Valuation Office Agency","Oxfordshire CC","Outside London","SEO","5","[c]","[c]","[c]"
"New entrant CS","2022","Valuation Office Agency","Plymouth","Outside London","AO","75","[c]","21830","21750"
"New entrant CS","2022","Valuation Office Agency","Plymouth","Outside London","EO","[c]","[c]","[c]","[c]"
"New entrant CS","2022","Valuation Office Agency","Plymouth","Outside London","HEO","[c]","[c]","[c]","[c]"
"New entrant CS","2022","Valuation Office Agency","Sefton","Outside London","AO","[c]","[c]","[c]","[c]"
"New entrant CS","2022","Valuation Office Agency","Sefton","Outside London","EO","15","[c]","25130","25000"
"New entrant CS","2022","Valuation Office Agency","Sefton","Outside London","HEO","[c]","[c]","[c]","[c]"
"New entrant CS","2022","Valuation Office Agency","Sheffield","Outside London","EO","[c]","[c]","[c]","[c]"
"New entrant CS","2022","Valuation Office Agency","Sheffield","Outside London","SEO","[c]","[c]","[c]","[c]"
"New entrant CS","2022","Valuation Office Agency","South West Wales","Outside London","EO","[c]","[c]","[c]","[c]"
"New entrant CS","2022","Valuation Office Agency","South West Wales","Outside London","SEO","[c]","[c]","[c]","[c]"
"New entrant CS","2022","Valuation Office Agency","Southampton","Outside London","EO","5","[c]","[c]","[c]"
"New entrant CS","2022","Valuation Office Agency","Southampton","Outside London","G7","[c]","[c]","[c]","[c]"
"New entrant CS","2022","Valuation Office Agency","Southampton","Outside London","SEO","[c]","[c]","[c]","[c]"
"New entrant CS","2022","Valuation Office Agency","Stoke-on-Trent","Outside London","EO","[c]","[c]","[c]","[c]"
"New entrant CS","2022","Valuation Office Agency","Swansea","Outside London","HEO","[c]","[c]","[c]","[c]"
"New entrant CS","2022","Valuation Office Agency","Tower Hamlets","London","AO","[c]","[c]","[c]","[c]"
"New entrant CS","2022","Valuation Office Agency","Tower Hamlets","London","EO","[c]","[c]","[c]","[c]"
"New entrant CS","2022","Valuation Office Agency","Tower Hamlets","London","G7","[c]","[c]","[c]","[c]"
"New entrant CS","2022","Valuation Office Agency","Tower Hamlets","London","HEO","[c]","[c]","[c]","[c]"
"New entrant CS","2022","Valuation Office Agency","Tower Hamlets","London","SEO","[c]","[c]","[c]","[c]"
"New entrant CS","2022","Valuation Office Agency","Tyneside","Outside London","AO","5","[c]","[c]","[c]"
"New entrant CS","2022","Valuation Office Agency","Tyneside","Outside London","EO","5","[c]","[c]","[c]"
"New entrant CS","2022","Valuation Office Agency","Tyneside","Outside London","HEO","10","[c]","[c]","[c]"
"New entrant CS","2022","Valuation Office Agency","Tyneside","Outside London","SEO","[c]","[c]","[c]","[c]"
"New entrant CS","2022","Valuation Office Agency","West Sussex (South West)","Outside London","AO","[c]","[c]","[c]","[c]"
"New entrant CS","2022","Vehicle Certification Agency","Bristol, City of","Outside London","AO","10","[c]","[c]","[c]"
"New entrant CS","2022","Vehicle Certification Agency","Bristol, City of","Outside London","EO","[c]","[c]","[c]","[c]"
"New entrant CS","2022","Vehicle Certification Agency","Bristol, City of","Outside London","HEO","[c]","[c]","[c]","[c]"
"New entrant CS","2022","Vehicle Certification Agency","East Surrey","Outside London","HEO","[c]","[c]","[c]","[c]"
"New entrant CS","2022","Vehicle Certification Agency","Leicestershire CC and Rutland","Outside London","AO","[c]","[c]","[c]","[c]"
"New entrant CS","2022","Vehicle Certification Agency","Leicestershire CC and Rutland","Outside London","HEO","[c]","[c]","[c]","[c]"
"New entrant CS","2022","Vehicle Certification Agency","Leicestershire CC and Rutland","Outside London","SEO","[c]","[c]","[c]","[c]"
"New entrant CS","2022","Veterinary Medicines Directorate","West Surrey","Outside London","AO","[c]","[c]","[c]","[c]"
"New entrant CS","2022","Veterinary Medicines Directorate","West Surrey","Outside London","EO","[c]","[c]","[c]","[c]"
"New entrant CS","2022","Veterinary Medicines Directorate","West Surrey","Outside London","G7","[c]","[c]","[c]","[c]"
"New entrant CS","2022","Veterinary Medicines Directorate","West Surrey","Outside London","HEO","[c]","[c]","[c]","[c]"
"New entrant CS","2022","Veterinary Medicines Directorate","West Surrey","Outside London","SEO","10","[c]","[c]","[c]"
"New entrant CS","2022","Water Services Regulation Authority","Birmingham","Outside London","EO","15","[c]","30520","28000"
"New entrant CS","2022","Water Services Regulation Authority","Birmingham","Outside London","G6","[c]","[c]","[c]","[c]"
"New entrant CS","2022","Water Services Regulation Authority","Birmingham","Outside London","G7","[c]","[c]","[c]","[c]"
"New entrant CS","2022","Water Services Regulation Authority","Birmingham","Outside London","HEO","15","[c]","40010","38000"
"New entrant CS","2022","Water Services Regulation Authority","Birmingham","Outside London","SEO","[c]","[c]","[c]","[c]"
"New entrant CS","2022","Water Services Regulation Authority","Camden and City of London","London","EO","10","[c]","27710","28000"
"New entrant CS","2022","Water Services Regulation Authority","Camden and City of London","London","G6","[c]","[c]","[c]","[c]"
"New entrant CS","2022","Water Services Regulation Authority","Camden and City of London","London","G7","5","[c]","[c]","[c]"
"New entrant CS","2022","Water Services Regulation Authority","Camden and City of London","London","HEO","[c]","[c]","[c]","[c]"
"New entrant CS","2022","Water Services Regulation Authority","Camden and City of London","London","SEO","[c]","[c]","[c]","[c]"
"New entrant CS","2022","Welsh Government (excl. agencies)","Birmingham","Outside London","EO","[c]","[c]","[c]","[c]"
"New entrant CS","2022","Welsh Government (excl. agencies)","Blackburn with Darwen","Outside London","EO","[c]","[c]","[c]","[c]"
"New entrant CS","2022","Welsh Government (excl. agencies)","Calderdale and Kirklees","Outside London","EO","[c]","[c]","[c]","[c]"
"New entrant CS","2022","Welsh Government (excl. agencies)","Cardiff and Vale of Glamorgan","Outside London","AO","45","[c]","22090","21300"
"New entrant CS","2022","Welsh Government (excl. agencies)","Cardiff and Vale of Glamorgan","Outside London","EO","55","[c]","26350","25860"
"New entrant CS","2022","Welsh Government (excl. agencies)","Cardiff and Vale of Glamorgan","Outside London","G6","[c]","[c]","[c]","[c]"
"New entrant CS","2022","Welsh Government (excl. agencies)","Cardiff and Vale of Glamorgan","Outside London","G7","20","[c]","54260","51380"
"New entrant CS","2022","Welsh Government (excl. agencies)","Cardiff and Vale of Glamorgan","Outside London","HEO","45","[c]","32230","31210"
"New entrant CS","2022","Welsh Government (excl. agencies)","Cardiff and Vale of Glamorgan","Outside London","SCS level","10","[c]","[c]","[c]"
"New entrant CS","2022","Welsh Government (excl. agencies)","Cardiff and Vale of Glamorgan","Outside London","SEO","30","[c]","40780","40100"
"New entrant CS","2022","Welsh Government (excl. agencies)","Central Valleys","Outside London","AO","10","[c]","[c]","[c]"
"New entrant CS","2022","Welsh Government (excl. agencies)","Central Valleys","Outside London","EO","5","[c]","[c]","[c]"
"New entrant CS","2022","Welsh Government (excl. agencies)","Central Valleys","Outside London","G7","[c]","[c]","[c]","[c]"
"New entrant CS","2022","Welsh Government (excl. agencies)","Central Valleys","Outside London","HEO","20","[c]","31740","31210"
"New entrant CS","2022","Welsh Government (excl. agencies)","Central Valleys","Outside London","SEO","5","[c]","[c]","[c]"
"New entrant CS","2022","Welsh Government (excl. agencies)","Cheshire West and Chester","Outside London","G7","[c]","[c]","[c]","[c]"
"New entrant CS","2022","Welsh Government (excl. agencies)","Conwy and Denbighshire","Outside London","AO","5","[c]","[c]","[c]"
"New entrant CS","2022","Welsh Government (excl. agencies)","Conwy and Denbighshire","Outside London","EO","[c]","[c]","[c]","[c]"
"New entrant CS","2022","Welsh Government (excl. agencies)","Conwy and Denbighshire","Outside London","G7","5","[c]","[c]","[c]"
"New entrant CS","2022","Welsh Government (excl. agencies)","Conwy and Denbighshire","Outside London","HEO","5","[c]","[c]","[c]"
"New entrant CS","2022","Welsh Government (excl. agencies)","Conwy and Denbighshire","Outside London","SEO","10","[c]","[c]","[c]"
"New entrant CS","2022","Welsh Government (excl. agencies)","Croydon","London","EO","[c]","[c]","[c]","[c]"
"New entrant CS","2022","Welsh Government (excl. agencies)","Flintshire and Wrexham","Outside London","AO","[c]","[c]","[c]","[c]"
"New entrant CS","2022","Welsh Government (excl. agencies)","Flintshire and Wrexham","Outside London","G7","[c]","[c]","[c]","[c]"
"New entrant CS","2022","Welsh Government (excl. agencies)","Gloucestershire CC","Outside London","G7","[c]","[c]","[c]","[c]"
"New entrant CS","2022","Welsh Government (excl. agencies)","Gwent Valleys","Outside London","AO","[c]","[c]","[c]","[c]"
"New entrant CS","2022","Welsh Government (excl. agencies)","Gwent Valleys","Outside London","G6","[c]","[c]","[c]","[c]"
"New entrant CS","2022","Welsh Government (excl. agencies)","Gwent Valleys","Outside London","HEO","[c]","[c]","[c]","[c]"
"New entrant CS","2022","Welsh Government (excl. agencies)","Gwent Valleys","Outside London","SCS level","[c]","[c]","[c]","[c]"
"New entrant CS","2022","Welsh Government (excl. agencies)","Gwent Valleys","Outside London","SEO","[c]","[c]","[c]","[c]"
"New entrant CS","2022","Welsh Government (excl. agencies)","Gwynedd","Outside London","AO","[c]","[c]","[c]","[c]"
"New entrant CS","2022","Welsh Government (excl. agencies)","Gwynedd","Outside London","EO","[c]","[c]","[c]","[c]"
"New entrant CS","2022","Welsh Government (excl. agencies)","Gwynedd","Outside London","G7","[c]","[c]","[c]","[c]"
"New entrant CS","2022","Welsh Government (excl. agencies)","Gwynedd","Outside London","SEO","[c]","[c]","[c]","[c]"
"New entrant CS","2022","Welsh Government (excl. agencies)","Isle of Anglesey","Outside London","AO","[c]","[c]","[c]","[c]"
"New entrant CS","2022","Welsh Government (excl. agencies)","Isle of Anglesey","Outside London","EO","[c]","[c]","[c]","[c]"
"New entrant CS","2022","Welsh Government (excl. agencies)","Isle of Anglesey","Outside London","G7","[c]","[c]","[c]","[c]"
"New entrant CS","2022","Welsh Government (excl. agencies)","Manchester","Outside London","EO","[c]","[c]","[c]","[c]"
"New entrant CS","2022","Welsh Government (excl. agencies)","Monmouthshire and Newport","Outside London","AO","[c]","[c]","[c]","[c]"
"New entrant CS","2022","Welsh Government (excl. agencies)","Monmouthshire and Newport","Outside London","G7","[c]","[c]","[c]","[c]"
"New entrant CS","2022","Welsh Government (excl. agencies)","Monmouthshire and Newport","Outside London","SEO","[c]","[c]","[c]","[c]"
"New entrant CS","2022","Welsh Government (excl. agencies)","Oxfordshire CC","Outside London","EO","[c]","[c]","[c]","[c]"
"New entrant CS","2022","Welsh Government (excl. agencies)","Powys","Outside London","AO","[c]","[c]","[c]","[c]"
"New entrant CS","2022","Welsh Government (excl. agencies)","Powys","Outside London","G7","[c]","[c]","[c]","[c]"
"New entrant CS","2022","Welsh Government (excl. agencies)","Powys","Outside London","SEO","[c]","[c]","[c]","[c]"
"New entrant CS","2022","Welsh Government (excl. agencies)","Somerset CC","Outside London","SEO","[c]","[c]","[c]","[c]"
"New entrant CS","2022","Welsh Government (excl. agencies)","South West Wales","Outside London","AO","[c]","[c]","[c]","[c]"
"New entrant CS","2022","Welsh Government (excl. agencies)","South West Wales","Outside London","EO","[c]","[c]","[c]","[c]"
"New entrant CS","2022","Welsh Government (excl. agencies)","South West Wales","Outside London","G6","[c]","[c]","[c]","[c]"
"New entrant CS","2022","Welsh Government (excl. agencies)","South West Wales","Outside London","G7","5","[c]","[c]","[c]"
"New entrant CS","2022","Welsh Government (excl. agencies)","South West Wales","Outside London","HEO","5","[c]","[c]","[c]"
"New entrant CS","2022","Welsh Government (excl. agencies)","South West Wales","Outside London","SCS level","[c]","[c]","[c]","[c]"
"New entrant CS","2022","Welsh Government (excl. agencies)","South West Wales","Outside London","SEO","5","[c]","[c]","[c]"
"New entrant CS","2022","Welsh Government (excl. agencies)","Swansea","Outside London","AO","[c]","[c]","[c]","[c]"
"New entrant CS","2022","Welsh Government (excl. agencies)","Swansea","Outside London","EO","[c]","[c]","[c]","[c]"
"New entrant CS","2022","Welsh Government (excl. agencies)","Swansea","Outside London","G7","[c]","[c]","[c]","[c]"
"New entrant CS","2022","Welsh Government (excl. agencies)","Swansea","Outside London","HEO","[c]","[c]","[c]","[c]"
"New entrant CS","2022","Welsh Government (excl. agencies)","Swansea","Outside London","SEO","5","[c]","[c]","[c]"
"New entrant CS","2022","Welsh Revenue Authority","Cardiff and Vale of Glamorgan","Outside London","AO","[c]","[c]","[c]","[c]"
"New entrant CS","2022","Welsh Revenue Authority","Cardiff and Vale of Glamorgan","Outside London","EO","[c]","[c]","[c]","[c]"
"New entrant CS","2022","Welsh Revenue Authority","Cardiff and Vale of Glamorgan","Outside London","HEO","[c]","[c]","[c]","[c]"
"New entrant CS","2022","Welsh Revenue Authority","Cardiff and Vale of Glamorgan","Outside London","SEO","[c]","[c]","[c]","[c]"
"New entrant CS","2022","Welsh Revenue Authority","Central Valleys","Outside London","AO","[c]","[c]","[c]","[c]"
"New entrant CS","2022","Welsh Revenue Authority","Central Valleys","Outside London","EO","[c]","[c]","[c]","[c]"
"New entrant CS","2022","Welsh Revenue Authority","Conwy and Denbighshire","Outside London","G7","[c]","[c]","[c]","[c]"
"New entrant CS","2022","Wilton Park","West Sussex (North East)","Outside London","AA","5","[c]","[c]","[c]"
"New entrant CS","2022","Wilton Park","West Sussex (North East)","Outside London","AO","[c]","[c]","[c]","[c]"
"New entrant CS","2022","Wilton Park","West Sussex (North East)","Outside London","EO","[c]","[c]","[c]","[c]"
"New entrant CS","2022","Wilton Park","West Sussex (North East)","Outside London","G7","[c]","[c]","[c]","[c]"
"New entrant CS","2022","Wilton Park","West Sussex (North East)","Outside London","HEO","[c]","[c]","[c]","[c]"
"Notes","Summary figures are suppressed when information relates to less than 5 civil servants for FTE or Headcount, and less than 10 civil servants for median and mean salary (shown as [c]). Zero responses and salaries for less than 30 civil servants have been suppressed for GPDR special category data. FTE figures are not shown for entrants or leavers due to data quality concerns for these groups. Figures are rounded to the nearest 5, or £10 as appropriate.","","","","","","","",""
"Data source","All figures are aggregated from the Cabinet Office Annual Civil Service Employment Survey collection. https://www.gov.uk/government/collections/civil-service-statistics","","","","","","","",""
"Version","Generated on 2023-02-15, with GIT 71a76ea.","","","","","","","",""
"Data column","Description","","","","","","","",""
"Status","Employment status of the civil servants.","","","","","","","",""
"","In post - includes staff that were in post on the reference date (31 March).","","","","","","","",""
"","New entrant CS - includes new entrants to the Civil Service over the year (1 April to 31 March).","","","","","","","",""
"","Leaver CS - includes leavers from the Civil Service over the year (1 April to 31 March). This includes employees who have an Unknown leaving cause.","","","","","","","",""
"","Leaver Dept. - includes leavers from the department over the year (1 April to 31 March), who did not leave the Civil Service.","","","","","","","",""
"","Five organisations do not report when their employees first entered the Civil Service and so entrants data for these organisations is not available . These are as follows: Foreign Commonwealth and Development Office (excl. agencies), Foreign Commonwealth and Development Office Services, Defence Electronics and Components Agency, Scottish Forestry and Forest and Land Scotland. A further three organisations also could not provide entrants data in 2021. These are as follows: Department for International Development, Foreign and Commonwealth Office (excl. agencies) and Royal Fleet Auxiliary.","","","","","","","",""
"","Organisation specific notes on status: In late June 2021 around 7,000 employees from Community Rehabilitation Companies were transferred in from the private sector to HM Prison and Probation Service, counting as entrants. HM Land Registry do not record where their departing employees transfer to and so are unable to identify those that transfer to another Civil Service department.","","","","","","","",""
"Year","Year of data collection (as at 31 March).","","","","","","","",""
"Organisation","Executive Agencies, Ministerial and Non-Ministerial Departments, Crown Non-departmental Public Bodies.","","","","","","","",""
"","On 30 September 2021, the Ministry for Housing, Communities and Local Government changed it's name to the Department for Levelling Up, Housing and Communities.","","","","","","","",""
"","On 1 October 2021, Public Health England was dissolved and its staff were transferred into either the newly created UK Health Security Agency, the NHS or the Department for Health and Social Care (excl. agencies). In addition to this the DHSC have been offboarding Test and Trace staff as well as onboarding the former PHE staff onto their system and so caution should be advised when interpretting data at DHSC as they are currently undertaking data cleansing exercises. PHE only includes entrants and leavers up to 30 September 2021 and UKHSA only inlcudes entrants and leavers from 1 October to 31 March 2022.","","","","","","","",""
"Responsibility_level_ungrouped","With the exception of the centrally managed Senior Civil Service, government departments have delegated pay and grading. For statistical purposes departments are asked to map their grades to a common framework by responsibility level.","","","","","","","",""
"","This table shows staff in their substantive responsibility level unless on temporary promotion in which case staff are recorded at the higher responsibility level.","","","","","","","",""
"","Responsibility_level_ungrouped shows the mapped grades at a higher level of detail, however not all Government Departments / bodies have distinct grades that map exactly to these levels so figures should be considered as approximations and treated with caution.","","","","","","","",""
"Region_london","Workplace postcode data are used to derive geographical information using the International Territorial Level (ITL) classification standard.","","","","","","","",""
"","Region_london groups the ITL classifications into ""London"", ""Outside London"": all UK regions excluding London, ""Overseas"", and ""Unknown"".","","","","","","","",""
"Region_ITL3","Workplace postcode data are used to derive geographical information using the International Territorial Level (ITL) classification standard.","","","","","","","",""
"","Following the UK's withdrawal from the EU, a new UK-managed international statistical geography - International Territorial Levels (ITL) - was introduced from 1st January 2021, replacing the former NUTS classification. They align with international standards, enabling comparability both over time and internationally. To ensure continued alignment, the ITLs mirror the NUTS system. They also follow a similar review timetable - every three years.","","","","","","","",""
"","ITL 3 divides into counties, unitary authorities, or districts in England (some grouped), groups of unitary authorities in Wales, groups of council areas in Scotland, groups of districts in Northern Ireland.","","","","","","","",""
"Headcount","Total number of civil servants (rounded to nearest 5).","","","","","","","",""
"FTE","Total full-time equivalent (FTE) employment numbers (rounded to nearest 5).","","","","","","","",""
"","FTE figures are not shown for entrants or leavers due to data quality concerns for these groups.","","","","","","","",""
"Mean_salary","Average salary (mean, rounded to nearest £10). For part-time employees, salaries represent the full-time equivalent earnings, while for full-time employees they are the actual annual gross salaries.","","","","","","","",""
"","These figures should be interpreted with caution when the total number of employees in a group is small, as they will tend to show more variability than larger groups (i.e. may be much higher or lower than can be explained by the data shown).","","","","","","","",""
"Median_salary","Median salary (rounded to nearest £10). For part-time employees, salaries represent the full-time equivalent earnings, while for full-time employees they are the actual annual gross salaries.","","","","","","","",""
"","These figures should be interpreted with caution when the total number of employees in a group is small, as they will tend to show more variability than larger groups (i.e. may be much higher or lower than can be explained by the data shown).","","","","","","","",""
