"Status","Year","Function_of_post","Organisation","Responsibility_level_grouped","Headcount","FTE","Mean_salary","Median_salary"
"In post","2022","Analysis","Advisory, Conciliation and Arbitration Service","EO","[c]","[c]","[c]","[c]"
"In post","2022","Analysis","Advisory, Conciliation and Arbitration Service","SEO/HEO","[c]","[c]","[c]","[c]"
"In post","2022","Analysis","Cabinet Office (excl. agencies)","EO","5","5","[c]","[c]"
"In post","2022","Analysis","Cabinet Office (excl. agencies)","G6/G7","5","5","[c]","[c]"
"In post","2022","Analysis","Cabinet Office (excl. agencies)","SCS level","[c]","[c]","[c]","[c]"
"In post","2022","Analysis","Cabinet Office (excl. agencies)","SEO/HEO","10","10","[c]","[c]"
"In post","2022","Analysis","Centre for Environment, Fisheries and Aquaculture Science","AA/AO","30","30","21220","21510"
"In post","2022","Analysis","Centre for Environment, Fisheries and Aquaculture Science","EO","105","100","25290","25010"
"In post","2022","Analysis","Centre for Environment, Fisheries and Aquaculture Science","G6/G7","85","80","52190","49040"
"In post","2022","Analysis","Centre for Environment, Fisheries and Aquaculture Science","SCS level","[c]","[c]","[c]","[c]"
"In post","2022","Analysis","Centre for Environment, Fisheries and Aquaculture Science","SEO/HEO","245","235","33160","30660"
"In post","2022","Analysis","Companies House","EO","5","5","[c]","[c]"
"In post","2022","Analysis","Companies House","SEO/HEO","20","20","38780","36240"
"In post","2022","Analysis","Competition and Markets Authority","AA/AO","[c]","[c]","[c]","[c]"
"In post","2022","Analysis","Competition and Markets Authority","EO","[c]","[c]","[c]","[c]"
"In post","2022","Analysis","Competition and Markets Authority","G6/G7","85","80","64210","60210"
"In post","2022","Analysis","Competition and Markets Authority","SCS level","15","15","107070","97750"
"In post","2022","Analysis","Competition and Markets Authority","SEO/HEO","35","35","37830","34870"
"In post","2022","Analysis","Defence Electronics and Components Agency","AA/AO","[c]","[c]","[c]","[c]"
"In post","2022","Analysis","Defence Science and Technology Laboratory","AA/AO","10","10","[c]","[c]"
"In post","2022","Analysis","Defence Science and Technology Laboratory","EO","[c]","[c]","[c]","[c]"
"In post","2022","Analysis","Defence Science and Technology Laboratory","G6/G7","210","195","50550","47050"
"In post","2022","Analysis","Defence Science and Technology Laboratory","SEO/HEO","290","280","34960","38070"
"In post","2022","Analysis","Department for Business, Energy and Industrial Strategy (excl. agencies)","AA/AO","5","5","[c]","[c]"
"In post","2022","Analysis","Department for Business, Energy and Industrial Strategy (excl. agencies)","EO","35","35","27910","27680"
"In post","2022","Analysis","Department for Business, Energy and Industrial Strategy (excl. agencies)","G6/G7","65","60","61670","57850"
"In post","2022","Analysis","Department for Business, Energy and Industrial Strategy (excl. agencies)","SCS level","5","5","[c]","[c]"
"In post","2022","Analysis","Department for Business, Energy and Industrial Strategy (excl. agencies)","SEO/HEO","140","135","36890","35640"
"In post","2022","Analysis","Department for Digital, Culture, Media and Sport","AA/AO","[c]","[c]","[c]","[c]"
"In post","2022","Analysis","Department for Digital, Culture, Media and Sport","EO","5","5","[c]","[c]"
"In post","2022","Analysis","Department for Digital, Culture, Media and Sport","G6/G7","75","75","57700","55730"
"In post","2022","Analysis","Department for Digital, Culture, Media and Sport","SCS level","[c]","[c]","[c]","[c]"
"In post","2022","Analysis","Department for Digital, Culture, Media and Sport","SEO/HEO","60","60","37770","38020"
"In post","2022","Analysis","Department for Education (excl. agencies)","AA/AO","[c]","[c]","[c]","[c]"
"In post","2022","Analysis","Department for Education (excl. agencies)","EO","15","15","26930","25000"
"In post","2022","Analysis","Department for Education (excl. agencies)","G6/G7","75","70","54760","53420"
"In post","2022","Analysis","Department for Education (excl. agencies)","SCS level","5","5","[c]","[c]"
"In post","2022","Analysis","Department for Education (excl. agencies)","SEO/HEO","105","100","38700","40230"
"In post","2022","Analysis","Department for International Trade","EO","30","30","27030","26250"
"In post","2022","Analysis","Department for International Trade","G6/G7","110","110","55890","51970"
"In post","2022","Analysis","Department for International Trade","SCS level","10","5","[c]","[c]"
"In post","2022","Analysis","Department for International Trade","SEO/HEO","105","105","33560","31800"
"In post","2022","Analysis","Department for Levelling Up, Housing and Communities (excl. agencies)","EO","25","25","28330","27850"
"In post","2022","Analysis","Department for Levelling Up, Housing and Communities (excl. agencies)","G6/G7","110","105","57080","53630"
"In post","2022","Analysis","Department for Levelling Up, Housing and Communities (excl. agencies)","SCS level","10","10","[c]","[c]"
"In post","2022","Analysis","Department for Levelling Up, Housing and Communities (excl. agencies)","SEO/HEO","80","80","35210","34000"
"In post","2022","Analysis","Department for Transport (excl. agencies)","AA/AO","5","5","[c]","[c]"
"In post","2022","Analysis","Department for Transport (excl. agencies)","EO","30","30","29550","29970"
"In post","2022","Analysis","Department for Transport (excl. agencies)","G6/G7","160","150","57610","54760"
"In post","2022","Analysis","Department for Transport (excl. agencies)","SCS level","15","15","77140","77340"
"In post","2022","Analysis","Department for Transport (excl. agencies)","SEO/HEO","135","130","37820","35700"
"In post","2022","Analysis","Department for Work and Pensions (excl. agencies)","AA/AO","50","45","22460","21260"
"In post","2022","Analysis","Department for Work and Pensions (excl. agencies)","EO","35","35","28850","27660"
"In post","2022","Analysis","Department for Work and Pensions (excl. agencies)","G6/G7","200","185","59530","57230"
"In post","2022","Analysis","Department for Work and Pensions (excl. agencies)","SCS level","10","10","78760","78190"
"In post","2022","Analysis","Department for Work and Pensions (excl. agencies)","SEO/HEO","335","325","36380","36480"
"In post","2022","Analysis","Department of Health and Social Care (excl. agencies)","AA/AO","5","5","[c]","[c]"
"In post","2022","Analysis","Department of Health and Social Care (excl. agencies)","EO","25","20","27000","27270"
"In post","2022","Analysis","Department of Health and Social Care (excl. agencies)","G6/G7","255","245","57620","53360"
"In post","2022","Analysis","Department of Health and Social Care (excl. agencies)","SCS level","20","20","82600","76870"
"In post","2022","Analysis","Department of Health and Social Care (excl. agencies)","SEO/HEO","105","100","35530","32790"
"In post","2022","Analysis","Driver and Vehicle Standards Agency","AA/AO","20","15","21640","21840"
"In post","2022","Analysis","Driver and Vehicle Standards Agency","EO","15","10","26330","26130"
"In post","2022","Analysis","Driver and Vehicle Standards Agency","G6/G7","[c]","[c]","[c]","[c]"
"In post","2022","Analysis","Driver and Vehicle Standards Agency","SEO/HEO","25","25","35250","33350"
"In post","2022","Analysis","Education and Skills Funding Agency","SEO/HEO","[c]","[c]","[c]","[c]"
"In post","2022","Analysis","Estyn","EO","[c]","[c]","[c]","[c]"
"In post","2022","Analysis","Estyn","G6/G7","[c]","[c]","[c]","[c]"
"In post","2022","Analysis","Estyn","SEO/HEO","[c]","[c]","[c]","[c]"
"In post","2022","Analysis","Food Standards Agency","AA/AO","[c]","[c]","[c]","[c]"
"In post","2022","Analysis","Food Standards Agency","EO","[c]","[c]","[c]","[c]"
"In post","2022","Analysis","Food Standards Agency","G6/G7","10","10","55770","55300"
"In post","2022","Analysis","Food Standards Agency","SEO/HEO","30","30","36520","37350"
"In post","2022","Analysis","Foreign, Commonwealth and Development Office (excl. agencies)","AA/AO","5","5","[c]","[c]"
"In post","2022","Analysis","Foreign, Commonwealth and Development Office (excl. agencies)","G6/G7","35","35","66800","65590"
"In post","2022","Analysis","Foreign, Commonwealth and Development Office (excl. agencies)","SCS level","[c]","[c]","[c]","[c]"
"In post","2022","Analysis","Foreign, Commonwealth and Development Office (excl. agencies)","SEO/HEO","15","15","49780","48860"
"In post","2022","Analysis","Government Actuary's Department","AA/AO","5","5","[c]","[c]"
"In post","2022","Analysis","Government Actuary's Department","EO","10","10","28720","28230"
"In post","2022","Analysis","Government Actuary's Department","G6/G7","120","105","86270","80750"
"In post","2022","Analysis","Government Actuary's Department","SCS level","[c]","[c]","[c]","[c]"
"In post","2022","Analysis","Government Actuary's Department","SEO/HEO","50","50","40160","38670"
"In post","2022","Analysis","Government Internal Audit Agency","G6/G7","[c]","[c]","[c]","[c]"
"In post","2022","Analysis","Government Internal Audit Agency","SEO/HEO","[c]","[c]","[c]","[c]"
"In post","2022","Analysis","Government Legal Department","EO","[c]","[c]","[c]","[c]"
"In post","2022","Analysis","Health and Safety Executive","AA/AO","[c]","[c]","[c]","[c]"
"In post","2022","Analysis","Health and Safety Executive","EO","10","5","[c]","[c]"
"In post","2022","Analysis","Health and Safety Executive","G6/G7","20","20","61810","59150"
"In post","2022","Analysis","Health and Safety Executive","SEO/HEO","20","15","35910","34700"
"In post","2022","Analysis","HM Courts and Tribunals Service","AA/AO","[c]","[c]","[c]","[c]"
"In post","2022","Analysis","HM Courts and Tribunals Service","EO","10","5","[c]","[c]"
"In post","2022","Analysis","HM Courts and Tribunals Service","G6/G7","20","15","59400","59790"
"In post","2022","Analysis","HM Courts and Tribunals Service","SCS level","[c]","[c]","[c]","[c]"
"In post","2022","Analysis","HM Courts and Tribunals Service","SEO/HEO","30","30","37350","36700"
"In post","2022","Analysis","HM Land Registry","EO","5","5","[c]","[c]"
"In post","2022","Analysis","HM Land Registry","G6/G7","10","10","[c]","[c]"
"In post","2022","Analysis","HM Land Registry","SCS level","[c]","[c]","[c]","[c]"
"In post","2022","Analysis","HM Land Registry","SEO/HEO","15","15","38400","35560"
"In post","2022","Analysis","HM Prison and Probation Service","EO","[c]","[c]","[c]","[c]"
"In post","2022","Analysis","HM Prison and Probation Service","G6/G7","[c]","[c]","[c]","[c]"
"In post","2022","Analysis","HM Prison and Probation Service","SEO/HEO","5","5","[c]","[c]"
"In post","2022","Analysis","HM Revenue and Customs (excl. agencies)","AA/AO","10","10","22830","21250"
"In post","2022","Analysis","HM Revenue and Customs (excl. agencies)","EO","40","35","29200","28920"
"In post","2022","Analysis","HM Revenue and Customs (excl. agencies)","G6/G7","250","235","61070","62120"
"In post","2022","Analysis","HM Revenue and Customs (excl. agencies)","SCS level","15","15","81150","79420"
"In post","2022","Analysis","HM Revenue and Customs (excl. agencies)","SEO/HEO","425","410","38030","37930"
"In post","2022","Analysis","HM Treasury (excl. agencies)","SCS level","[c]","[c]","[c]","[c]"
"In post","2022","Analysis","Intellectual Property Office","AA/AO","[c]","[c]","[c]","[c]"
"In post","2022","Analysis","Intellectual Property Office","EO","10","10","24750","24030"
"In post","2022","Analysis","Intellectual Property Office","G6/G7","10","10","61030","60340"
"In post","2022","Analysis","Intellectual Property Office","SCS level","[c]","[c]","[c]","[c]"
"In post","2022","Analysis","Intellectual Property Office","SEO/HEO","20","20","35240","32100"
"In post","2022","Analysis","Medicines and Healthcare Products Regulatory Agency","EO","[c]","[c]","[c]","[c]"
"In post","2022","Analysis","Medicines and Healthcare Products Regulatory Agency","G6/G7","20","15","55360","53830"
"In post","2022","Analysis","Medicines and Healthcare Products Regulatory Agency","SCS level","[c]","[c]","[c]","[c]"
"In post","2022","Analysis","Medicines and Healthcare Products Regulatory Agency","SEO/HEO","20","20","37970","40450"
"In post","2022","Analysis","Ministry of Defence (excl. agencies)","AA/AO","20","20","21460","21220"
"In post","2022","Analysis","Ministry of Defence (excl. agencies)","EO","70","65","28020","27850"
"In post","2022","Analysis","Ministry of Defence (excl. agencies)","G6/G7","40","40","60790","60290"
"In post","2022","Analysis","Ministry of Defence (excl. agencies)","SCS level","[c]","[c]","[c]","[c]"
"In post","2022","Analysis","Ministry of Defence (excl. agencies)","SEO/HEO","165","160","39140","38500"
"In post","2022","Analysis","Ministry of Justice (excl. agencies)","EO","70","65","28070","28310"
"In post","2022","Analysis","Ministry of Justice (excl. agencies)","G6/G7","185","175","61250","60280"
"In post","2022","Analysis","Ministry of Justice (excl. agencies)","SCS level","10","10","83210","82270"
"In post","2022","Analysis","Ministry of Justice (excl. agencies)","SEO/HEO","230","225","39010","41100"
"In post","2022","Analysis","National Savings and Investments","EO","[c]","[c]","[c]","[c]"
"In post","2022","Analysis","National Savings and Investments","G6/G7","10","10","56460","53060"
"In post","2022","Analysis","National Savings and Investments","SEO/HEO","15","15","44010","43860"
"In post","2022","Analysis","Office for Budget Responsibility","AA/AO","[c]","[c]","[c]","[c]"
"In post","2022","Analysis","Office for Budget Responsibility","EO","[c]","[c]","[c]","[c]"
"In post","2022","Analysis","Office for Budget Responsibility","G6/G7","20","20","59500","57060"
"In post","2022","Analysis","Office for Budget Responsibility","SCS level","[c]","[c]","[c]","[c]"
"In post","2022","Analysis","Office for Budget Responsibility","SEO/HEO","10","10","[c]","[c]"
"In post","2022","Analysis","Office for Standards in Education, Children's Services and Skills","AA/AO","[c]","[c]","[c]","[c]"
"In post","2022","Analysis","Office for Standards in Education, Children's Services and Skills","EO","15","15","25760","25880"
"In post","2022","Analysis","Office for Standards in Education, Children's Services and Skills","G6/G7","20","20","63930","59810"
"In post","2022","Analysis","Office for Standards in Education, Children's Services and Skills","SCS level","[c]","[c]","[c]","[c]"
"In post","2022","Analysis","Office for Standards in Education, Children's Services and Skills","SEO/HEO","90","85","35880","33350"
"In post","2022","Analysis","Office of Gas and Electricity Markets","AA/AO","[c]","[c]","[c]","[c]"
"In post","2022","Analysis","Office of Gas and Electricity Markets","EO","45","45","27360","26500"
"In post","2022","Analysis","Office of Gas and Electricity Markets","G6/G7","60","60","58270","58340"
"In post","2022","Analysis","Office of Gas and Electricity Markets","SCS level","5","5","[c]","[c]"
"In post","2022","Analysis","Office of Gas and Electricity Markets","SEO/HEO","60","60","35840","35000"
"In post","2022","Analysis","Office of Rail and Road","AA/AO","[c]","[c]","[c]","[c]"
"In post","2022","Analysis","Office of Rail and Road","EO","[c]","[c]","[c]","[c]"
"In post","2022","Analysis","Office of Rail and Road","G6/G7","25","25","61920","59210"
"In post","2022","Analysis","Office of Rail and Road","SCS level","[c]","[c]","[c]","[c]"
"In post","2022","Analysis","Office of Rail and Road","SEO/HEO","15","15","39140","38650"
"In post","2022","Analysis","Office of the Public Guardian","G6/G7","[c]","[c]","[c]","[c]"
"In post","2022","Analysis","Office of the Secretary of State for Wales","G6/G7","[c]","[c]","[c]","[c]"
"In post","2022","Analysis","Planning Inspectorate","EO","[c]","[c]","[c]","[c]"
"In post","2022","Analysis","Planning Inspectorate","G6/G7","[c]","[c]","[c]","[c]"
"In post","2022","Analysis","Registers of Scotland","AA/AO","[c]","[c]","[c]","[c]"
"In post","2022","Analysis","Registers of Scotland","EO","5","5","[c]","[c]"
"In post","2022","Analysis","Registers of Scotland","G6/G7","[c]","[c]","[c]","[c]"
"In post","2022","Analysis","Registers of Scotland","SEO/HEO","15","15","42320","40340"
"In post","2022","Analysis","Rural Payments Agency","AA/AO","[c]","[c]","[c]","[c]"
"In post","2022","Analysis","Rural Payments Agency","EO","20","15","25260","25100"
"In post","2022","Analysis","Rural Payments Agency","G6/G7","[c]","[c]","[c]","[c]"
"In post","2022","Analysis","Rural Payments Agency","SEO/HEO","25","25","31930","29690"
"In post","2022","Analysis","Scottish Courts and Tribunals Service","EO","[c]","[c]","[c]","[c]"
"In post","2022","Analysis","Scottish Courts and Tribunals Service","SEO/HEO","[c]","[c]","[c]","[c]"
"In post","2022","Analysis","The Insolvency Service","EO","[c]","[c]","[c]","[c]"
"In post","2022","Analysis","The Insolvency Service","G6/G7","5","5","[c]","[c]"
"In post","2022","Analysis","The Insolvency Service","SEO/HEO","35","30","39470","38510"
"In post","2022","Analysis","UK Debt Management Office","EO","[c]","[c]","[c]","[c]"
"In post","2022","Analysis","UK Debt Management Office","G6/G7","15","15","69150","67460"
"In post","2022","Analysis","UK Debt Management Office","SCS level","[c]","[c]","[c]","[c]"
"In post","2022","Analysis","UK Debt Management Office","SEO/HEO","5","5","[c]","[c]"
"In post","2022","Analysis","UK Export Finance","EO","[c]","[c]","[c]","[c]"
"In post","2022","Analysis","UK Export Finance","G6/G7","10","10","65360","66810"
"In post","2022","Analysis","UK Export Finance","SCS level","[c]","[c]","[c]","[c]"
"In post","2022","Analysis","UK Export Finance","SEO/HEO","15","15","39540","41000"
"In post","2022","Analysis","UK Space Agency","G6/G7","10","10","54480","53380"
"In post","2022","Analysis","UK Space Agency","SEO/HEO","5","5","[c]","[c]"
"In post","2022","Analysis","UK Statistics Authority","AA/AO","70","65","20130","19860"
"In post","2022","Analysis","UK Statistics Authority","EO","195","180","24700","23880"
"In post","2022","Analysis","UK Statistics Authority","G6/G7","420","405","53820","51210"
"In post","2022","Analysis","UK Statistics Authority","SCS level","35","35","86220","74730"
"In post","2022","Analysis","UK Statistics Authority","SEO/HEO","1255","1210","34580","33710"
"In post","2022","Analysis","Valuation Office Agency","AA/AO","[c]","[c]","[c]","[c]"
"In post","2022","Analysis","Valuation Office Agency","EO","[c]","[c]","[c]","[c]"
"In post","2022","Analysis","Valuation Office Agency","G6/G7","25","25","59710","57150"
"In post","2022","Analysis","Valuation Office Agency","SEO/HEO","35","35","37450","38040"
"In post","2022","Analysis","Water Services Regulation Authority","EO","10","10","28000","28000"
"In post","2022","Analysis","Water Services Regulation Authority","G6/G7","15","15","87720","82920"
"In post","2022","Analysis","Water Services Regulation Authority","SCS level","[c]","[c]","[c]","[c]"
"In post","2022","Analysis","Water Services Regulation Authority","SEO/HEO","15","15","49640","48720"
"In post","2022","Analysis","Welsh Revenue Authority","G6/G7","[c]","[c]","[c]","[c]"
"In post","2022","Analysis","Welsh Revenue Authority","SEO/HEO","[c]","[c]","[c]","[c]"
"In post","2022","Commercial","Advisory, Conciliation and Arbitration Service","EO","[c]","[c]","[c]","[c]"
"In post","2022","Commercial","Advisory, Conciliation and Arbitration Service","SEO/HEO","5","5","[c]","[c]"
"In post","2022","Commercial","Animal and Plant Health Agency","AA/AO","20","15","22150","21300"
"In post","2022","Commercial","Animal and Plant Health Agency","EO","10","10","26610","25890"
"In post","2022","Commercial","Animal and Plant Health Agency","G6/G7","10","10","56660","54360"
"In post","2022","Commercial","Animal and Plant Health Agency","SEO/HEO","30","30","35320","35900"
"In post","2022","Commercial","Cabinet Office (excl. agencies)","AA/AO","[c]","[c]","[c]","[c]"
"In post","2022","Commercial","Cabinet Office (excl. agencies)","EO","35","30","26600","27500"
"In post","2022","Commercial","Cabinet Office (excl. agencies)","G6/G7","1245","1230","64860","64500"
"In post","2022","Commercial","Cabinet Office (excl. agencies)","SCS level","240","235","118970","117230"
"In post","2022","Commercial","Cabinet Office (excl. agencies)","SEO/HEO","145","140","38090","38420"
"In post","2022","Commercial","Centre for Environment, Fisheries and Aquaculture Science","AA/AO","[c]","[c]","[c]","[c]"
"In post","2022","Commercial","Centre for Environment, Fisheries and Aquaculture Science","EO","[c]","[c]","[c]","[c]"
"In post","2022","Commercial","Centre for Environment, Fisheries and Aquaculture Science","G6/G7","5","5","[c]","[c]"
"In post","2022","Commercial","Centre for Environment, Fisheries and Aquaculture Science","SCS level","[c]","[c]","[c]","[c]"
"In post","2022","Commercial","Centre for Environment, Fisheries and Aquaculture Science","SEO/HEO","5","5","[c]","[c]"
"In post","2022","Commercial","Charity Commission","G6/G7","[c]","[c]","[c]","[c]"
"In post","2022","Commercial","Charity Commission","SEO/HEO","[c]","[c]","[c]","[c]"
"In post","2022","Commercial","Companies House","EO","[c]","[c]","[c]","[c]"
"In post","2022","Commercial","Companies House","G6/G7","[c]","[c]","[c]","[c]"
"In post","2022","Commercial","Competition and Markets Authority","EO","[c]","[c]","[c]","[c]"
"In post","2022","Commercial","Competition and Markets Authority","G6/G7","[c]","[c]","[c]","[c]"
"In post","2022","Commercial","Competition and Markets Authority","SCS level","[c]","[c]","[c]","[c]"
"In post","2022","Commercial","Competition and Markets Authority","SEO/HEO","[c]","[c]","[c]","[c]"
"In post","2022","Commercial","Crown Commercial Service","EO","45","40","26160","25950"
"In post","2022","Commercial","Crown Commercial Service","G6/G7","25","25","51740","51100"
"In post","2022","Commercial","Crown Commercial Service","SCS level","[c]","[c]","[c]","[c]"
"In post","2022","Commercial","Crown Commercial Service","SEO/HEO","285","280","35550","38330"
"In post","2022","Commercial","Crown Prosecution Service","AA/AO","[c]","[c]","[c]","[c]"
"In post","2022","Commercial","Crown Prosecution Service","EO","[c]","[c]","[c]","[c]"
"In post","2022","Commercial","Crown Prosecution Service","G6/G7","10","10","[c]","[c]"
"In post","2022","Commercial","Crown Prosecution Service","SEO/HEO","20","20","35840","38180"
"In post","2022","Commercial","Defence Electronics and Components Agency","AA/AO","[c]","[c]","[c]","[c]"
"In post","2022","Commercial","Defence Electronics and Components Agency","EO","15","15","28940","29470"
"In post","2022","Commercial","Defence Electronics and Components Agency","SEO/HEO","10","10","38120","35100"
"In post","2022","Commercial","Defence Equipment and Support","EO","55","55","25150","26670"
"In post","2022","Commercial","Defence Equipment and Support","G6/G7","130","125","57520","55420"
"In post","2022","Commercial","Defence Equipment and Support","SCS level","10","10","109620","109540"
"In post","2022","Commercial","Defence Equipment and Support","SEO/HEO","245","235","36470","37400"
"In post","2022","Commercial","Defence Science and Technology Laboratory","AA/AO","10","10","26600","19170"
"In post","2022","Commercial","Defence Science and Technology Laboratory","EO","25","20","24120","23490"
"In post","2022","Commercial","Defence Science and Technology Laboratory","G6/G7","5","5","[c]","[c]"
"In post","2022","Commercial","Defence Science and Technology Laboratory","SEO/HEO","40","40","36390","38070"
"In post","2022","Commercial","Department for Business, Energy and Industrial Strategy (excl. agencies)","G6/G7","10","10","62290","57230"
"In post","2022","Commercial","Department for Business, Energy and Industrial Strategy (excl. agencies)","SEO/HEO","25","20","38050","40050"
"In post","2022","Commercial","Department for Digital, Culture, Media and Sport","EO","5","5","[c]","[c]"
"In post","2022","Commercial","Department for Digital, Culture, Media and Sport","G6/G7","10","10","57220","53710"
"In post","2022","Commercial","Department for Digital, Culture, Media and Sport","SEO/HEO","20","20","34910","34020"
"In post","2022","Commercial","Department for Education (excl. agencies)","AA/AO","[c]","[c]","[c]","[c]"
"In post","2022","Commercial","Department for Education (excl. agencies)","EO","30","30","25120","25000"
"In post","2022","Commercial","Department for Education (excl. agencies)","G6/G7","55","55","52570","49970"
"In post","2022","Commercial","Department for Education (excl. agencies)","SCS level","[c]","[c]","[c]","[c]"
"In post","2022","Commercial","Department for Education (excl. agencies)","SEO/HEO","160","155","34770","36500"
"In post","2022","Commercial","Department for Environment, Food and Rural Affairs (excl. agencies)","AA/AO","[c]","[c]","[c]","[c]"
"In post","2022","Commercial","Department for Environment, Food and Rural Affairs (excl. agencies)","EO","10","10","27140","28170"
"In post","2022","Commercial","Department for Environment, Food and Rural Affairs (excl. agencies)","G6/G7","10","10","55690","50530"
"In post","2022","Commercial","Department for Environment, Food and Rural Affairs (excl. agencies)","SEO/HEO","110","100","35720","36070"
"In post","2022","Commercial","Department for International Trade","EO","[c]","[c]","[c]","[c]"
"In post","2022","Commercial","Department for International Trade","G6/G7","[c]","[c]","[c]","[c]"
"In post","2022","Commercial","Department for International Trade","SEO/HEO","25","25","37510","38160"
"In post","2022","Commercial","Department for Levelling Up, Housing and Communities (excl. agencies)","EO","[c]","[c]","[c]","[c]"
"In post","2022","Commercial","Department for Levelling Up, Housing and Communities (excl. agencies)","G6/G7","5","5","[c]","[c]"
"In post","2022","Commercial","Department for Levelling Up, Housing and Communities (excl. agencies)","SEO/HEO","15","15","38600","39600"
"In post","2022","Commercial","Department for Transport (excl. agencies)","AA/AO","[c]","[c]","[c]","[c]"
"In post","2022","Commercial","Department for Transport (excl. agencies)","EO","10","10","26350","26130"
"In post","2022","Commercial","Department for Transport (excl. agencies)","G6/G7","55","55","62090","65440"
"In post","2022","Commercial","Department for Transport (excl. agencies)","SCS level","5","5","[c]","[c]"
"In post","2022","Commercial","Department for Transport (excl. agencies)","SEO/HEO","70","70","37120","34880"
"In post","2022","Commercial","Department of Health and Social Care (excl. agencies)","AA/AO","10","10","[c]","[c]"
"In post","2022","Commercial","Department of Health and Social Care (excl. agencies)","EO","[c]","[c]","[c]","[c]"
"In post","2022","Commercial","Department of Health and Social Care (excl. agencies)","G6/G7","115","110","54250","53360"
"In post","2022","Commercial","Department of Health and Social Care (excl. agencies)","SCS level","40","35","77680","74790"
"In post","2022","Commercial","Department of Health and Social Care (excl. agencies)","SEO/HEO","125","125","38490","40650"
"In post","2022","Commercial","Driver and Vehicle Licensing Agency","AA/AO","35","30","20630","21840"
"In post","2022","Commercial","Driver and Vehicle Licensing Agency","EO","40","35","26520","26130"
"In post","2022","Commercial","Driver and Vehicle Licensing Agency","G6/G7","20","15","56620","54580"
"In post","2022","Commercial","Driver and Vehicle Licensing Agency","SEO/HEO","80","75","35020","32180"
"In post","2022","Commercial","Driver and Vehicle Standards Agency","AA/AO","5","5","[c]","[c]"
"In post","2022","Commercial","Driver and Vehicle Standards Agency","EO","15","10","26540","26130"
"In post","2022","Commercial","Driver and Vehicle Standards Agency","G6/G7","5","5","[c]","[c]"
"In post","2022","Commercial","Driver and Vehicle Standards Agency","SEO/HEO","30","30","37600","38850"
"In post","2022","Commercial","Estyn","EO","[c]","[c]","[c]","[c]"
"In post","2022","Commercial","Estyn","SEO/HEO","[c]","[c]","[c]","[c]"
"In post","2022","Commercial","FCDO Services","AA/AO","[c]","[c]","[c]","[c]"
"In post","2022","Commercial","FCDO Services","EO","10","10","[c]","[c]"
"In post","2022","Commercial","FCDO Services","G6/G7","30","30","65460","63000"
"In post","2022","Commercial","FCDO Services","SCS level","[c]","[c]","[c]","[c]"
"In post","2022","Commercial","FCDO Services","SEO/HEO","30","30","38720","39580"
"In post","2022","Commercial","FCDO Services","Unknown","[c]","[c]","[c]","[c]"
"In post","2022","Commercial","Food Standards Agency","EO","[c]","[c]","[c]","[c]"
"In post","2022","Commercial","Food Standards Agency","G6/G7","[c]","[c]","[c]","[c]"
"In post","2022","Commercial","Food Standards Agency","SEO/HEO","10","5","[c]","[c]"
"In post","2022","Commercial","Foreign, Commonwealth and Development Office (excl. agencies)","AA/AO","5","5","[c]","[c]"
"In post","2022","Commercial","Foreign, Commonwealth and Development Office (excl. agencies)","EO","5","5","[c]","[c]"
"In post","2022","Commercial","Foreign, Commonwealth and Development Office (excl. agencies)","G6/G7","20","20","52320","51960"
"In post","2022","Commercial","Foreign, Commonwealth and Development Office (excl. agencies)","SEO/HEO","25","25","38380","39190"
"In post","2022","Commercial","Government Actuary's Department","EO","[c]","[c]","[c]","[c]"
"In post","2022","Commercial","Government Actuary's Department","G6/G7","[c]","[c]","[c]","[c]"
"In post","2022","Commercial","Government Actuary's Department","SEO/HEO","[c]","[c]","[c]","[c]"
"In post","2022","Commercial","Government Internal Audit Agency","SEO/HEO","[c]","[c]","[c]","[c]"
"In post","2022","Commercial","Health and Safety Executive","AA/AO","5","5","[c]","[c]"
"In post","2022","Commercial","Health and Safety Executive","EO","10","10","[c]","[c]"
"In post","2022","Commercial","Health and Safety Executive","G6/G7","15","15","57370","53430"
"In post","2022","Commercial","Health and Safety Executive","SCS level","[c]","[c]","[c]","[c]"
"In post","2022","Commercial","Health and Safety Executive","SEO/HEO","20","20","36650","34880"
"In post","2022","Commercial","HM Land Registry","AA/AO","[c]","[c]","[c]","[c]"
"In post","2022","Commercial","HM Land Registry","EO","[c]","[c]","[c]","[c]"
"In post","2022","Commercial","HM Land Registry","G6/G7","[c]","[c]","[c]","[c]"
"In post","2022","Commercial","HM Land Registry","SCS level","[c]","[c]","[c]","[c]"
"In post","2022","Commercial","HM Land Registry","SEO/HEO","10","10","37500","38550"
"In post","2022","Commercial","HM Revenue and Customs (excl. agencies)","AA/AO","10","10","[c]","[c]"
"In post","2022","Commercial","HM Revenue and Customs (excl. agencies)","EO","30","30","27340","26820"
"In post","2022","Commercial","HM Revenue and Customs (excl. agencies)","G6/G7","20","20","59080","57070"
"In post","2022","Commercial","HM Revenue and Customs (excl. agencies)","SCS level","[c]","[c]","[c]","[c]"
"In post","2022","Commercial","HM Revenue and Customs (excl. agencies)","SEO/HEO","85","80","37790","40180"
"In post","2022","Commercial","HM Treasury (excl. agencies)","G6/G7","[c]","[c]","[c]","[c]"
"In post","2022","Commercial","HM Treasury (excl. agencies)","SEO/HEO","[c]","[c]","[c]","[c]"
"In post","2022","Commercial","Institute for Apprenticeships and Technical Education","G6/G7","10","10","55200","53680"
"In post","2022","Commercial","Institute for Apprenticeships and Technical Education","SCS level","[c]","[c]","[c]","[c]"
"In post","2022","Commercial","Institute for Apprenticeships and Technical Education","SEO/HEO","5","5","[c]","[c]"
"In post","2022","Commercial","Intellectual Property Office","EO","[c]","[c]","[c]","[c]"
"In post","2022","Commercial","Intellectual Property Office","G6/G7","[c]","[c]","[c]","[c]"
"In post","2022","Commercial","Intellectual Property Office","SEO/HEO","[c]","[c]","[c]","[c]"
"In post","2022","Commercial","Maritime and Coastguard Agency","AA/AO","[c]","[c]","[c]","[c]"
"In post","2022","Commercial","Maritime and Coastguard Agency","EO","5","5","[c]","[c]"
"In post","2022","Commercial","Maritime and Coastguard Agency","G6/G7","5","5","[c]","[c]"
"In post","2022","Commercial","Maritime and Coastguard Agency","SCS level","[c]","[c]","[c]","[c]"
"In post","2022","Commercial","Maritime and Coastguard Agency","SEO/HEO","15","15","38570","39040"
"In post","2022","Commercial","Met Office","EO","10","10","25340","25630"
"In post","2022","Commercial","Met Office","G6/G7","110","105","51460","47960"
"In post","2022","Commercial","Met Office","SCS level","[c]","[c]","[c]","[c]"
"In post","2022","Commercial","Met Office","SEO/HEO","75","75","36280","37420"
"In post","2022","Commercial","Ministry of Defence (excl. agencies)","AA/AO","55","50","21880","21380"
"In post","2022","Commercial","Ministry of Defence (excl. agencies)","EO","210","205","26990","26670"
"In post","2022","Commercial","Ministry of Defence (excl. agencies)","G6/G7","55","55","60070","54870"
"In post","2022","Commercial","Ministry of Defence (excl. agencies)","SCS level","5","5","[c]","[c]"
"In post","2022","Commercial","Ministry of Defence (excl. agencies)","SEO/HEO","615","595","38070","40000"
"In post","2022","Commercial","Ministry of Justice (excl. agencies)","AA/AO","25","25","21010","20970"
"In post","2022","Commercial","Ministry of Justice (excl. agencies)","EO","60","55","26140","25770"
"In post","2022","Commercial","Ministry of Justice (excl. agencies)","G6/G7","15","15","60020","60400"
"In post","2022","Commercial","Ministry of Justice (excl. agencies)","SEO/HEO","155","155","38440","37340"
"In post","2022","Commercial","National Crime Agency","AA/AO","[c]","[c]","[c]","[c]"
"In post","2022","Commercial","National Crime Agency","EO","[c]","[c]","[c]","[c]"
"In post","2022","Commercial","National Crime Agency","G6/G7","5","5","[c]","[c]"
"In post","2022","Commercial","National Crime Agency","SEO/HEO","10","10","[c]","[c]"
"In post","2022","Commercial","National Savings and Investments","EO","[c]","[c]","[c]","[c]"
"In post","2022","Commercial","National Savings and Investments","G6/G7","15","15","55570","50000"
"In post","2022","Commercial","Office for Standards in Education, Children's Services and Skills","AA/AO","[c]","[c]","[c]","[c]"
"In post","2022","Commercial","Office for Standards in Education, Children's Services and Skills","EO","[c]","[c]","[c]","[c]"
"In post","2022","Commercial","Office for Standards in Education, Children's Services and Skills","G6/G7","[c]","[c]","[c]","[c]"
"In post","2022","Commercial","Office for Standards in Education, Children's Services and Skills","SEO/HEO","5","5","[c]","[c]"
"In post","2022","Commercial","Office of Qualifications and Examinations Regulation","G6/G7","[c]","[c]","[c]","[c]"
"In post","2022","Commercial","Office of Qualifications and Examinations Regulation","SEO/HEO","[c]","[c]","[c]","[c]"
"In post","2022","Commercial","Office of Rail and Road","G6/G7","[c]","[c]","[c]","[c]"
"In post","2022","Commercial","Office of Rail and Road","SEO/HEO","[c]","[c]","[c]","[c]"
"In post","2022","Commercial","Planning Inspectorate","AA/AO","[c]","[c]","[c]","[c]"
"In post","2022","Commercial","Planning Inspectorate","EO","[c]","[c]","[c]","[c]"
"In post","2022","Commercial","Planning Inspectorate","G6/G7","[c]","[c]","[c]","[c]"
"In post","2022","Commercial","Planning Inspectorate","SEO/HEO","[c]","[c]","[c]","[c]"
"In post","2022","Commercial","Queen Elizabeth II Centre","EO","[c]","[c]","[c]","[c]"
"In post","2022","Commercial","Queen Elizabeth II Centre","G6/G7","[c]","[c]","[c]","[c]"
"In post","2022","Commercial","Queen Elizabeth II Centre","SEO/HEO","[c]","[c]","[c]","[c]"
"In post","2022","Commercial","Registers of Scotland","AA/AO","[c]","[c]","[c]","[c]"
"In post","2022","Commercial","Registers of Scotland","G6/G7","[c]","[c]","[c]","[c]"
"In post","2022","Commercial","Registers of Scotland","SEO/HEO","5","5","[c]","[c]"
"In post","2022","Commercial","Scottish Courts and Tribunals Service","AA/AO","[c]","[c]","[c]","[c]"
"In post","2022","Commercial","Scottish Courts and Tribunals Service","EO","[c]","[c]","[c]","[c]"
"In post","2022","Commercial","Scottish Courts and Tribunals Service","G6/G7","[c]","[c]","[c]","[c]"
"In post","2022","Commercial","Scottish Courts and Tribunals Service","SEO/HEO","5","5","[c]","[c]"
"In post","2022","Commercial","Scottish Prison Service","AA/AO","50","50","24720","26900"
"In post","2022","Commercial","Scottish Prison Service","EO","15","15","30500","29550"
"In post","2022","Commercial","Scottish Prison Service","G6/G7","5","5","[c]","[c]"
"In post","2022","Commercial","Scottish Prison Service","SEO/HEO","15","15","43110","41700"
"In post","2022","Commercial","Serious Fraud Office","G6/G7","[c]","[c]","[c]","[c]"
"In post","2022","Commercial","Serious Fraud Office","SEO/HEO","[c]","[c]","[c]","[c]"
"In post","2022","Commercial","Submarine Delivery Agency","Unknown","160","160","40420","37450"
"In post","2022","Commercial","The Insolvency Service","EO","[c]","[c]","[c]","[c]"
"In post","2022","Commercial","The Insolvency Service","G6/G7","[c]","[c]","[c]","[c]"
"In post","2022","Commercial","The Insolvency Service","SEO/HEO","15","15","42020","42700"
"In post","2022","Commercial","The National Archives","AA/AO","20","20","21910","21660"
"In post","2022","Commercial","The National Archives","EO","5","5","[c]","[c]"
"In post","2022","Commercial","The National Archives","G6/G7","5","5","[c]","[c]"
"In post","2022","Commercial","The National Archives","SEO/HEO","10","10","[c]","[c]"
"In post","2022","Commercial","UK Debt Management Office","EO","[c]","[c]","[c]","[c]"
"In post","2022","Commercial","UK Debt Management Office","G6/G7","[c]","[c]","[c]","[c]"
"In post","2022","Commercial","UK Debt Management Office","SCS level","[c]","[c]","[c]","[c]"
"In post","2022","Commercial","UK Debt Management Office","SEO/HEO","5","5","[c]","[c]"
"In post","2022","Commercial","UK Export Finance","EO","20","20","29390","29000"
"In post","2022","Commercial","UK Export Finance","G6/G7","70","70","64640","61920"
"In post","2022","Commercial","UK Export Finance","SCS level","10","10","120870","114560"
"In post","2022","Commercial","UK Export Finance","SEO/HEO","115","110","41500","41000"
"In post","2022","Commercial","UK Health Security Agency","AA/AO","[c]","[c]","[c]","[c]"
"In post","2022","Commercial","UK Health Security Agency","EO","20","20","26730","27270"
"In post","2022","Commercial","UK Health Security Agency","G6/G7","60","60","59570","55520"
"In post","2022","Commercial","UK Health Security Agency","SCS level","5","5","[c]","[c]"
"In post","2022","Commercial","UK Health Security Agency","SEO/HEO","45","45","36610","36820"
"In post","2022","Commercial","UK Hydrographic Office","AA/AO","[c]","[c]","[c]","[c]"
"In post","2022","Commercial","UK Hydrographic Office","EO","5","5","[c]","[c]"
"In post","2022","Commercial","UK Hydrographic Office","G6/G7","20","20","59770","55500"
"In post","2022","Commercial","UK Hydrographic Office","SCS level","[c]","[c]","[c]","[c]"
"In post","2022","Commercial","UK Hydrographic Office","SEO/HEO","55","55","38630","42510"
"In post","2022","Commercial","UK Space Agency","G6/G7","5","5","[c]","[c]"
"In post","2022","Commercial","UK Statistics Authority","EO","[c]","[c]","[c]","[c]"
"In post","2022","Commercial","UK Statistics Authority","G6/G7","15","15","57750","60190"
"In post","2022","Commercial","UK Statistics Authority","SCS level","[c]","[c]","[c]","[c]"
"In post","2022","Commercial","UK Statistics Authority","SEO/HEO","15","15","32810","31330"
"In post","2022","Commercial","Valuation Office Agency","G6/G7","[c]","[c]","[c]","[c]"
"In post","2022","Commercial","Valuation Office Agency","SEO/HEO","[c]","[c]","[c]","[c]"
"In post","2022","Commercial","Water Services Regulation Authority","EO","[c]","[c]","[c]","[c]"
"In post","2022","Commercial","Water Services Regulation Authority","SEO/HEO","[c]","[c]","[c]","[c]"
"In post","2022","Commercial","Wilton Park","AA/AO","10","10","26080","25400"
"In post","2022","Commercial","Wilton Park","EO","10","5","[c]","[c]"
"In post","2022","Commercial","Wilton Park","G6/G7","[c]","[c]","[c]","[c]"
"In post","2022","Commercial","Wilton Park","SEO/HEO","[c]","[c]","[c]","[c]"
"In post","2022","Communications","Advisory, Conciliation and Arbitration Service","EO","[c]","[c]","[c]","[c]"
"In post","2022","Communications","Advisory, Conciliation and Arbitration Service","G6/G7","[c]","[c]","[c]","[c]"
"In post","2022","Communications","Advisory, Conciliation and Arbitration Service","SEO/HEO","10","10","38190","36890"
"In post","2022","Communications","Attorney General's Office","EO","[c]","[c]","[c]","[c]"
"In post","2022","Communications","Attorney General's Office","G6/G7","[c]","[c]","[c]","[c]"
"In post","2022","Communications","Attorney General's Office","SCS level","[c]","[c]","[c]","[c]"
"In post","2022","Communications","Attorney General's Office","SEO/HEO","5","5","[c]","[c]"
"In post","2022","Communications","Cabinet Office (excl. agencies)","AA/AO","10","10","[c]","[c]"
"In post","2022","Communications","Cabinet Office (excl. agencies)","EO","35","35","27110","27500"
"In post","2022","Communications","Cabinet Office (excl. agencies)","G6/G7","130","125","58970","55640"
"In post","2022","Communications","Cabinet Office (excl. agencies)","SCS level","25","25","95190","85000"
"In post","2022","Communications","Cabinet Office (excl. agencies)","SEO/HEO","155","155","38950","40600"
"In post","2022","Communications","Centre for Environment, Fisheries and Aquaculture Science","AA/AO","[c]","[c]","[c]","[c]"
"In post","2022","Communications","Centre for Environment, Fisheries and Aquaculture Science","G6/G7","[c]","[c]","[c]","[c]"
"In post","2022","Communications","Centre for Environment, Fisheries and Aquaculture Science","SEO/HEO","5","5","[c]","[c]"
"In post","2022","Communications","Charity Commission","EO","[c]","[c]","[c]","[c]"
"In post","2022","Communications","Charity Commission","G6/G7","5","5","[c]","[c]"
"In post","2022","Communications","Charity Commission","SCS level","[c]","[c]","[c]","[c]"
"In post","2022","Communications","Charity Commission","SEO/HEO","10","10","33280","30610"
"In post","2022","Communications","Companies House","EO","10","10","[c]","[c]"
"In post","2022","Communications","Companies House","G6/G7","5","5","[c]","[c]"
"In post","2022","Communications","Companies House","SEO/HEO","10","10","36040","35210"
"In post","2022","Communications","Competition and Markets Authority","AA/AO","[c]","[c]","[c]","[c]"
"In post","2022","Communications","Competition and Markets Authority","EO","[c]","[c]","[c]","[c]"
"In post","2022","Communications","Competition and Markets Authority","G6/G7","10","10","[c]","[c]"
"In post","2022","Communications","Competition and Markets Authority","SCS level","[c]","[c]","[c]","[c]"
"In post","2022","Communications","Competition and Markets Authority","SEO/HEO","15","15","38860","37310"
"In post","2022","Communications","Crown Commercial Service","G6/G7","5","5","[c]","[c]"
"In post","2022","Communications","Crown Commercial Service","SCS level","[c]","[c]","[c]","[c]"
"In post","2022","Communications","Crown Commercial Service","SEO/HEO","15","15","33420","30940"
"In post","2022","Communications","Crown Office and Procurator Fiscal Service","AA/AO","[c]","[c]","[c]","[c]"
"In post","2022","Communications","Crown Office and Procurator Fiscal Service","EO","[c]","[c]","[c]","[c]"
"In post","2022","Communications","Crown Office and Procurator Fiscal Service","G6/G7","[c]","[c]","[c]","[c]"
"In post","2022","Communications","Crown Office and Procurator Fiscal Service","SEO/HEO","5","5","[c]","[c]"
"In post","2022","Communications","Crown Prosecution Service","AA/AO","[c]","[c]","[c]","[c]"
"In post","2022","Communications","Crown Prosecution Service","EO","[c]","[c]","[c]","[c]"
"In post","2022","Communications","Crown Prosecution Service","G6/G7","10","10","59180","54760"
"In post","2022","Communications","Crown Prosecution Service","SCS level","[c]","[c]","[c]","[c]"
"In post","2022","Communications","Crown Prosecution Service","SEO/HEO","20","20","35220","32790"
"In post","2022","Communications","Defence Electronics and Components Agency","G6/G7","[c]","[c]","[c]","[c]"
"In post","2022","Communications","Defence Electronics and Components Agency","SEO/HEO","[c]","[c]","[c]","[c]"
"In post","2022","Communications","Defence Equipment and Support","EO","10","10","[c]","[c]"
"In post","2022","Communications","Defence Equipment and Support","G6/G7","[c]","[c]","[c]","[c]"
"In post","2022","Communications","Defence Equipment and Support","SCS level","[c]","[c]","[c]","[c]"
"In post","2022","Communications","Defence Equipment and Support","SEO/HEO","20","20","33690","34000"
"In post","2022","Communications","Defence Science and Technology Laboratory","EO","[c]","[c]","[c]","[c]"
"In post","2022","Communications","Defence Science and Technology Laboratory","G6/G7","5","5","[c]","[c]"
"In post","2022","Communications","Defence Science and Technology Laboratory","SEO/HEO","20","15","34170","33750"
"In post","2022","Communications","Department for Business, Energy and Industrial Strategy (excl. agencies)","AA/AO","5","5","[c]","[c]"
"In post","2022","Communications","Department for Business, Energy and Industrial Strategy (excl. agencies)","EO","[c]","[c]","[c]","[c]"
"In post","2022","Communications","Department for Business, Energy and Industrial Strategy (excl. agencies)","G6/G7","30","25","61590","58650"
"In post","2022","Communications","Department for Business, Energy and Industrial Strategy (excl. agencies)","SCS level","5","5","[c]","[c]"
"In post","2022","Communications","Department for Business, Energy and Industrial Strategy (excl. agencies)","SEO/HEO","65","65","42240","43630"
"In post","2022","Communications","Department for Digital, Culture, Media and Sport","AA/AO","[c]","[c]","[c]","[c]"
"In post","2022","Communications","Department for Digital, Culture, Media and Sport","EO","[c]","[c]","[c]","[c]"
"In post","2022","Communications","Department for Digital, Culture, Media and Sport","G6/G7","15","15","62140","57730"
"In post","2022","Communications","Department for Digital, Culture, Media and Sport","SCS level","[c]","[c]","[c]","[c]"
"In post","2022","Communications","Department for Digital, Culture, Media and Sport","SEO/HEO","15","15","38450","36520"
"In post","2022","Communications","Department for Education (excl. agencies)","AA/AO","20","20","21950","21250"
"In post","2022","Communications","Department for Education (excl. agencies)","EO","50","45","27630","28500"
"In post","2022","Communications","Department for Education (excl. agencies)","G6/G7","45","40","56790","54160"
"In post","2022","Communications","Department for Education (excl. agencies)","SCS level","[c]","[c]","[c]","[c]"
"In post","2022","Communications","Department for Education (excl. agencies)","SEO/HEO","85","85","37440","36660"
"In post","2022","Communications","Department for Environment, Food and Rural Affairs (excl. agencies)","AA/AO","[c]","[c]","[c]","[c]"
"In post","2022","Communications","Department for Environment, Food and Rural Affairs (excl. agencies)","EO","15","15","27280","26570"
"In post","2022","Communications","Department for Environment, Food and Rural Affairs (excl. agencies)","G6/G7","60","55","54600","53790"
"In post","2022","Communications","Department for Environment, Food and Rural Affairs (excl. agencies)","SCS level","5","5","[c]","[c]"
"In post","2022","Communications","Department for Environment, Food and Rural Affairs (excl. agencies)","SEO/HEO","155","145","36600","36970"
"In post","2022","Communications","Department for Environment, Food and Rural Affairs (excl. agencies)","Unknown","[c]","[c]","[c]","[c]"
"In post","2022","Communications","Department for International Trade","AA/AO","[c]","[c]","[c]","[c]"
"In post","2022","Communications","Department for International Trade","EO","5","5","[c]","[c]"
"In post","2022","Communications","Department for International Trade","G6/G7","35","35","56410","55420"
"In post","2022","Communications","Department for International Trade","SCS level","[c]","[c]","[c]","[c]"
"In post","2022","Communications","Department for International Trade","SEO/HEO","60","60","36920","38160"
"In post","2022","Communications","Department for Levelling Up, Housing and Communities (excl. agencies)","AA/AO","[c]","[c]","[c]","[c]"
"In post","2022","Communications","Department for Levelling Up, Housing and Communities (excl. agencies)","EO","15","15","28600","27850"
"In post","2022","Communications","Department for Levelling Up, Housing and Communities (excl. agencies)","G6/G7","30","30","56250","53500"
"In post","2022","Communications","Department for Levelling Up, Housing and Communities (excl. agencies)","SCS level","5","5","[c]","[c]"
"In post","2022","Communications","Department for Levelling Up, Housing and Communities (excl. agencies)","SEO/HEO","55","50","36860","34920"
"In post","2022","Communications","Department for Transport (excl. agencies)","AA/AO","[c]","[c]","[c]","[c]"
"In post","2022","Communications","Department for Transport (excl. agencies)","EO","[c]","[c]","[c]","[c]"
"In post","2022","Communications","Department for Transport (excl. agencies)","G6/G7","35","35","58640","55040"
"In post","2022","Communications","Department for Transport (excl. agencies)","SCS level","[c]","[c]","[c]","[c]"
"In post","2022","Communications","Department for Transport (excl. agencies)","SEO/HEO","50","50","39760","42470"
"In post","2022","Communications","Department for Work and Pensions (excl. agencies)","AA/AO","5","5","[c]","[c]"
"In post","2022","Communications","Department for Work and Pensions (excl. agencies)","EO","40","40","31640","31060"
"In post","2022","Communications","Department for Work and Pensions (excl. agencies)","G6/G7","25","25","59330","56120"
"In post","2022","Communications","Department for Work and Pensions (excl. agencies)","SCS level","[c]","[c]","[c]","[c]"
"In post","2022","Communications","Department for Work and Pensions (excl. agencies)","SEO/HEO","95","85","41740","41600"
"In post","2022","Communications","Department of Health and Social Care (excl. agencies)","AA/AO","5","5","[c]","[c]"
"In post","2022","Communications","Department of Health and Social Care (excl. agencies)","EO","100","95","27460","27270"
"In post","2022","Communications","Department of Health and Social Care (excl. agencies)","G6/G7","180","175","59170","56430"
"In post","2022","Communications","Department of Health and Social Care (excl. agencies)","SCS level","10","10","[c]","[c]"
"In post","2022","Communications","Department of Health and Social Care (excl. agencies)","SEO/HEO","50","45","35910","32790"
"In post","2022","Communications","Driver and Vehicle Licensing Agency","AA/AO","15","10","21840","21840"
"In post","2022","Communications","Driver and Vehicle Licensing Agency","EO","30","25","26430","26410"
"In post","2022","Communications","Driver and Vehicle Licensing Agency","G6/G7","5","5","[c]","[c]"
"In post","2022","Communications","Driver and Vehicle Licensing Agency","SEO/HEO","25","25","33240","31850"
"In post","2022","Communications","Driver and Vehicle Standards Agency","AA/AO","[c]","[c]","[c]","[c]"
"In post","2022","Communications","Driver and Vehicle Standards Agency","EO","10","10","27100","26700"
"In post","2022","Communications","Driver and Vehicle Standards Agency","G6/G7","5","5","[c]","[c]"
"In post","2022","Communications","Driver and Vehicle Standards Agency","SEO/HEO","30","25","35150","32180"
"In post","2022","Communications","Education and Skills Funding Agency","SEO/HEO","[c]","[c]","[c]","[c]"
"In post","2022","Communications","Estyn","EO","[c]","[c]","[c]","[c]"
"In post","2022","Communications","Estyn","SEO/HEO","[c]","[c]","[c]","[c]"
"In post","2022","Communications","FCDO Services","EO","[c]","[c]","[c]","[c]"
"In post","2022","Communications","FCDO Services","G6/G7","[c]","[c]","[c]","[c]"
"In post","2022","Communications","FCDO Services","SEO/HEO","5","5","[c]","[c]"
"In post","2022","Communications","Food Standards Agency","AA/AO","[c]","[c]","[c]","[c]"
"In post","2022","Communications","Food Standards Agency","EO","[c]","[c]","[c]","[c]"
"In post","2022","Communications","Food Standards Agency","G6/G7","10","10","[c]","[c]"
"In post","2022","Communications","Food Standards Agency","SCS level","[c]","[c]","[c]","[c]"
"In post","2022","Communications","Food Standards Agency","SEO/HEO","40","35","36250","37350"
"In post","2022","Communications","Foreign, Commonwealth and Development Office (excl. agencies)","AA/AO","[c]","[c]","[c]","[c]"
"In post","2022","Communications","Foreign, Commonwealth and Development Office (excl. agencies)","EO","[c]","[c]","[c]","[c]"
"In post","2022","Communications","Foreign, Commonwealth and Development Office (excl. agencies)","G6/G7","40","40","59180","57650"
"In post","2022","Communications","Foreign, Commonwealth and Development Office (excl. agencies)","SCS level","5","5","[c]","[c]"
"In post","2022","Communications","Foreign, Commonwealth and Development Office (excl. agencies)","SEO/HEO","45","45","41440","40600"
"In post","2022","Communications","Government Actuary's Department","AA/AO","[c]","[c]","[c]","[c]"
"In post","2022","Communications","Government Actuary's Department","G6/G7","[c]","[c]","[c]","[c]"
"In post","2022","Communications","Government Internal Audit Agency","G6/G7","[c]","[c]","[c]","[c]"
"In post","2022","Communications","Government Legal Department","EO","[c]","[c]","[c]","[c]"
"In post","2022","Communications","Government Legal Department","G6/G7","5","5","[c]","[c]"
"In post","2022","Communications","Government Legal Department","SEO/HEO","10","10","[c]","[c]"
"In post","2022","Communications","Health and Safety Executive","G6/G7","10","10","53060","53400"
"In post","2022","Communications","Health and Safety Executive","SCS level","[c]","[c]","[c]","[c]"
"In post","2022","Communications","Health and Safety Executive","SEO/HEO","25","25","36420","34880"
"In post","2022","Communications","HM Courts and Tribunals Service","G6/G7","[c]","[c]","[c]","[c]"
"In post","2022","Communications","HM Courts and Tribunals Service","SCS level","[c]","[c]","[c]","[c]"
"In post","2022","Communications","HM Courts and Tribunals Service","SEO/HEO","10","10","[c]","[c]"
"In post","2022","Communications","HM Land Registry","AA/AO","[c]","[c]","[c]","[c]"
"In post","2022","Communications","HM Land Registry","EO","[c]","[c]","[c]","[c]"
"In post","2022","Communications","HM Land Registry","G6/G7","[c]","[c]","[c]","[c]"
"In post","2022","Communications","HM Land Registry","SEO/HEO","20","20","39440","37290"
"In post","2022","Communications","HM Prison and Probation Service","G6/G7","[c]","[c]","[c]","[c]"
"In post","2022","Communications","HM Prison and Probation Service","SEO/HEO","15","15","41350","42630"
"In post","2022","Communications","HM Prison and Probation Service","Unknown","5","5","[c]","[c]"
"In post","2022","Communications","HM Revenue and Customs (excl. agencies)","AA/AO","295","260","21520","21250"
"In post","2022","Communications","HM Revenue and Customs (excl. agencies)","EO","2630","2550","26760","26820"
"In post","2022","Communications","HM Revenue and Customs (excl. agencies)","G6/G7","180","180","58050","55210"
"In post","2022","Communications","HM Revenue and Customs (excl. agencies)","SCS level","10","10","[c]","[c]"
"In post","2022","Communications","HM Revenue and Customs (excl. agencies)","SEO/HEO","1505","1470","34860","33370"
"In post","2022","Communications","HM Treasury (excl. agencies)","EO","5","5","[c]","[c]"
"In post","2022","Communications","HM Treasury (excl. agencies)","G6/G7","10","10","59470","60000"
"In post","2022","Communications","HM Treasury (excl. agencies)","SCS level","[c]","[c]","[c]","[c]"
"In post","2022","Communications","HM Treasury (excl. agencies)","SEO/HEO","15","15","38920","38840"
"In post","2022","Communications","Institute for Apprenticeships and Technical Education","AA/AO","[c]","[c]","[c]","[c]"
"In post","2022","Communications","Institute for Apprenticeships and Technical Education","G6/G7","10","10","[c]","[c]"
"In post","2022","Communications","Institute for Apprenticeships and Technical Education","SCS level","[c]","[c]","[c]","[c]"
"In post","2022","Communications","Institute for Apprenticeships and Technical Education","SEO/HEO","15","15","35160","36570"
"In post","2022","Communications","Intellectual Property Office","AA/AO","[c]","[c]","[c]","[c]"
"In post","2022","Communications","Intellectual Property Office","EO","10","10","[c]","[c]"
"In post","2022","Communications","Intellectual Property Office","G6/G7","10","10","59280","56550"
"In post","2022","Communications","Intellectual Property Office","SEO/HEO","15","15","35300","32100"
"In post","2022","Communications","Legal Aid Agency","G6/G7","[c]","[c]","[c]","[c]"
"In post","2022","Communications","Legal Aid Agency","SEO/HEO","5","5","[c]","[c]"
"In post","2022","Communications","Maritime and Coastguard Agency","AA/AO","[c]","[c]","[c]","[c]"
"In post","2022","Communications","Maritime and Coastguard Agency","EO","[c]","[c]","[c]","[c]"
"In post","2022","Communications","Maritime and Coastguard Agency","G6/G7","[c]","[c]","[c]","[c]"
"In post","2022","Communications","Maritime and Coastguard Agency","SEO/HEO","10","10","36420","34540"
"In post","2022","Communications","Medicines and Healthcare Products Regulatory Agency","AA/AO","[c]","[c]","[c]","[c]"
"In post","2022","Communications","Medicines and Healthcare Products Regulatory Agency","EO","10","10","27920","27520"
"In post","2022","Communications","Medicines and Healthcare Products Regulatory Agency","G6/G7","10","10","60410","65920"
"In post","2022","Communications","Medicines and Healthcare Products Regulatory Agency","SCS level","[c]","[c]","[c]","[c]"
"In post","2022","Communications","Medicines and Healthcare Products Regulatory Agency","SEO/HEO","25","25","36850","35510"
"In post","2022","Communications","Met Office","EO","[c]","[c]","[c]","[c]"
"In post","2022","Communications","Met Office","G6/G7","10","10","54170","48190"
"In post","2022","Communications","Met Office","SEO/HEO","20","20","35560","36990"
"In post","2022","Communications","Ministry of Defence (excl. agencies)","AA/AO","80","75","21450","21180"
"In post","2022","Communications","Ministry of Defence (excl. agencies)","EO","150","140","27630","26670"
"In post","2022","Communications","Ministry of Defence (excl. agencies)","G6/G7","45","40","62360","61550"
"In post","2022","Communications","Ministry of Defence (excl. agencies)","SCS level","5","5","[c]","[c]"
"In post","2022","Communications","Ministry of Defence (excl. agencies)","SEO/HEO","240","235","38470","37340"
"In post","2022","Communications","Ministry of Justice (excl. agencies)","AA/AO","[c]","[c]","[c]","[c]"
"In post","2022","Communications","Ministry of Justice (excl. agencies)","EO","5","5","[c]","[c]"
"In post","2022","Communications","Ministry of Justice (excl. agencies)","G6/G7","30","30","59480","58960"
"In post","2022","Communications","Ministry of Justice (excl. agencies)","SCS level","5","5","[c]","[c]"
"In post","2022","Communications","Ministry of Justice (excl. agencies)","SEO/HEO","85","85","39670","41750"
"In post","2022","Communications","National Crime Agency","AA/AO","[c]","[c]","[c]","[c]"
"In post","2022","Communications","National Crime Agency","EO","[c]","[c]","[c]","[c]"
"In post","2022","Communications","National Crime Agency","G6/G7","[c]","[c]","[c]","[c]"
"In post","2022","Communications","National Crime Agency","SEO/HEO","20","20","43870","45480"
"In post","2022","Communications","National Infrastructure Commission","G6/G7","[c]","[c]","[c]","[c]"
"In post","2022","Communications","National Infrastructure Commission","SEO/HEO","[c]","[c]","[c]","[c]"
"In post","2022","Communications","National Savings and Investments","AA/AO","[c]","[c]","[c]","[c]"
"In post","2022","Communications","National Savings and Investments","EO","[c]","[c]","[c]","[c]"
"In post","2022","Communications","National Savings and Investments","G6/G7","10","10","56440","54420"
"In post","2022","Communications","National Savings and Investments","SEO/HEO","10","10","[c]","[c]"
"In post","2022","Communications","Northern Ireland Office","EO","[c]","[c]","[c]","[c]"
"In post","2022","Communications","Northern Ireland Office","G6/G7","5","5","[c]","[c]"
"In post","2022","Communications","Northern Ireland Office","SCS level","[c]","[c]","[c]","[c]"
"In post","2022","Communications","Northern Ireland Office","SEO/HEO","10","10","[c]","[c]"
"In post","2022","Communications","Office for Budget Responsibility","G6/G7","[c]","[c]","[c]","[c]"
"In post","2022","Communications","Office for Standards in Education, Children's Services and Skills","AA/AO","[c]","[c]","[c]","[c]"
"In post","2022","Communications","Office for Standards in Education, Children's Services and Skills","EO","[c]","[c]","[c]","[c]"
"In post","2022","Communications","Office for Standards in Education, Children's Services and Skills","G6/G7","5","5","[c]","[c]"
"In post","2022","Communications","Office for Standards in Education, Children's Services and Skills","SCS level","[c]","[c]","[c]","[c]"
"In post","2022","Communications","Office for Standards in Education, Children's Services and Skills","SEO/HEO","25","25","37460","39460"
"In post","2022","Communications","Office of Gas and Electricity Markets","AA/AO","[c]","[c]","[c]","[c]"
"In post","2022","Communications","Office of Gas and Electricity Markets","EO","10","10","[c]","[c]"
"In post","2022","Communications","Office of Gas and Electricity Markets","G6/G7","15","15","58780","55000"
"In post","2022","Communications","Office of Gas and Electricity Markets","SCS level","[c]","[c]","[c]","[c]"
"In post","2022","Communications","Office of Gas and Electricity Markets","SEO/HEO","20","15","37400","36750"
"In post","2022","Communications","Office of Qualifications and Examinations Regulation","G6/G7","[c]","[c]","[c]","[c]"
"In post","2022","Communications","Office of Qualifications and Examinations Regulation","SCS level","[c]","[c]","[c]","[c]"
"In post","2022","Communications","Office of Qualifications and Examinations Regulation","SEO/HEO","10","10","[c]","[c]"
"In post","2022","Communications","Office of Rail and Road","AA/AO","[c]","[c]","[c]","[c]"
"In post","2022","Communications","Office of Rail and Road","EO","5","5","[c]","[c]"
"In post","2022","Communications","Office of Rail and Road","G6/G7","[c]","[c]","[c]","[c]"
"In post","2022","Communications","Office of Rail and Road","SCS level","[c]","[c]","[c]","[c]"
"In post","2022","Communications","Office of Rail and Road","SEO/HEO","10","5","[c]","[c]"
"In post","2022","Communications","Office of the Secretary of State for Scotland (incl. Office of the Advocate General for Scotland)","AA/AO","[c]","[c]","[c]","[c]"
"In post","2022","Communications","Office of the Secretary of State for Scotland (incl. Office of the Advocate General for Scotland)","G6/G7","[c]","[c]","[c]","[c]"
"In post","2022","Communications","Office of the Secretary of State for Scotland (incl. Office of the Advocate General for Scotland)","SCS level","[c]","[c]","[c]","[c]"
"In post","2022","Communications","Office of the Secretary of State for Wales","G6/G7","[c]","[c]","[c]","[c]"
"In post","2022","Communications","Office of the Secretary of State for Wales","SCS level","[c]","[c]","[c]","[c]"
"In post","2022","Communications","Office of the Secretary of State for Wales","SEO/HEO","5","5","[c]","[c]"
"In post","2022","Communications","Planning Inspectorate","EO","[c]","[c]","[c]","[c]"
"In post","2022","Communications","Planning Inspectorate","SEO/HEO","[c]","[c]","[c]","[c]"
"In post","2022","Communications","Queen Elizabeth II Centre","EO","[c]","[c]","[c]","[c]"
"In post","2022","Communications","Queen Elizabeth II Centre","SCS level","[c]","[c]","[c]","[c]"
"In post","2022","Communications","Registers of Scotland","EO","[c]","[c]","[c]","[c]"
"In post","2022","Communications","Registers of Scotland","G6/G7","[c]","[c]","[c]","[c]"
"In post","2022","Communications","Registers of Scotland","SEO/HEO","15","15","37600","37710"
"In post","2022","Communications","Rural Payments Agency","AA/AO","[c]","[c]","[c]","[c]"
"In post","2022","Communications","Rural Payments Agency","EO","15","10","25490","25280"
"In post","2022","Communications","Rural Payments Agency","G6/G7","5","5","[c]","[c]"
"In post","2022","Communications","Rural Payments Agency","SCS level","[c]","[c]","[c]","[c]"
"In post","2022","Communications","Rural Payments Agency","SEO/HEO","35","30","32950","31510"
"In post","2022","Communications","Scottish Courts and Tribunals Service","G6/G7","[c]","[c]","[c]","[c]"
"In post","2022","Communications","Scottish Courts and Tribunals Service","SEO/HEO","5","5","[c]","[c]"
"In post","2022","Communications","Scottish Prison Service","G6/G7","[c]","[c]","[c]","[c]"
"In post","2022","Communications","Serious Fraud Office","EO","[c]","[c]","[c]","[c]"
"In post","2022","Communications","Serious Fraud Office","G6/G7","[c]","[c]","[c]","[c]"
"In post","2022","Communications","Serious Fraud Office","SEO/HEO","[c]","[c]","[c]","[c]"
"In post","2022","Communications","Submarine Delivery Agency","Unknown","5","5","[c]","[c]"
"In post","2022","Communications","The Insolvency Service","SEO/HEO","10","10","40430","41710"
"In post","2022","Communications","The National Archives","AA/AO","[c]","[c]","[c]","[c]"
"In post","2022","Communications","The National Archives","EO","[c]","[c]","[c]","[c]"
"In post","2022","Communications","The National Archives","G6/G7","[c]","[c]","[c]","[c]"
"In post","2022","Communications","The National Archives","SEO/HEO","10","10","[c]","[c]"
"In post","2022","Communications","UK Debt Management Office","EO","[c]","[c]","[c]","[c]"
"In post","2022","Communications","UK Debt Management Office","G6/G7","[c]","[c]","[c]","[c]"
"In post","2022","Communications","UK Debt Management Office","SEO/HEO","5","5","[c]","[c]"
"In post","2022","Communications","UK Export Finance","AA/AO","[c]","[c]","[c]","[c]"
"In post","2022","Communications","UK Export Finance","EO","[c]","[c]","[c]","[c]"
"In post","2022","Communications","UK Export Finance","G6/G7","25","25","62780","62000"
"In post","2022","Communications","UK Export Finance","SCS level","5","5","[c]","[c]"
"In post","2022","Communications","UK Export Finance","SEO/HEO","30","30","41750","41000"
"In post","2022","Communications","UK Health Security Agency","AA/AO","10","10","21380","21740"
"In post","2022","Communications","UK Health Security Agency","EO","[c]","[c]","[c]","[c]"
"In post","2022","Communications","UK Health Security Agency","G6/G7","30","25","59090","57600"
"In post","2022","Communications","UK Health Security Agency","SCS level","5","5","[c]","[c]"
"In post","2022","Communications","UK Health Security Agency","SEO/HEO","55","50","36500","35910"
"In post","2022","Communications","UK Hydrographic Office","G6/G7","10","10","55210","53720"
"In post","2022","Communications","UK Hydrographic Office","SEO/HEO","15","15","36180","33290"
"In post","2022","Communications","UK Space Agency","G6/G7","5","5","[c]","[c]"
"In post","2022","Communications","UK Space Agency","SEO/HEO","5","5","[c]","[c]"
"In post","2022","Communications","UK Statistics Authority","EO","5","5","[c]","[c]"
"In post","2022","Communications","UK Statistics Authority","G6/G7","15","15","56110","53090"
"In post","2022","Communications","UK Statistics Authority","SCS level","[c]","[c]","[c]","[c]"
"In post","2022","Communications","UK Statistics Authority","SEO/HEO","40","40","34460","36840"
"In post","2022","Communications","UK Supreme Court","EO","[c]","[c]","[c]","[c]"
"In post","2022","Communications","UK Supreme Court","G6/G7","[c]","[c]","[c]","[c]"
"In post","2022","Communications","UK Supreme Court","SEO/HEO","[c]","[c]","[c]","[c]"
"In post","2022","Communications","Valuation Office Agency","AA/AO","[c]","[c]","[c]","[c]"
"In post","2022","Communications","Valuation Office Agency","EO","[c]","[c]","[c]","[c]"
"In post","2022","Communications","Valuation Office Agency","G6/G7","[c]","[c]","[c]","[c]"
"In post","2022","Communications","Valuation Office Agency","SCS level","[c]","[c]","[c]","[c]"
"In post","2022","Communications","Valuation Office Agency","SEO/HEO","10","10","38930","39050"
"In post","2022","Communications","Vehicle Certification Agency","G6/G7","[c]","[c]","[c]","[c]"
"In post","2022","Communications","Vehicle Certification Agency","SEO/HEO","[c]","[c]","[c]","[c]"
"In post","2022","Communications","Water Services Regulation Authority","EO","[c]","[c]","[c]","[c]"
"In post","2022","Communications","Water Services Regulation Authority","G6/G7","[c]","[c]","[c]","[c]"
"In post","2022","Communications","Water Services Regulation Authority","SCS level","[c]","[c]","[c]","[c]"
"In post","2022","Communications","Water Services Regulation Authority","SEO/HEO","10","10","39040","38140"
"In post","2022","Communications","Welsh Revenue Authority","G6/G7","[c]","[c]","[c]","[c]"
"In post","2022","Communications","Welsh Revenue Authority","SEO/HEO","[c]","[c]","[c]","[c]"
"In post","2022","Communications","Wilton Park","SEO/HEO","[c]","[c]","[c]","[c]"
"In post","2022","Counter Fraud","Cabinet Office (excl. agencies)","EO","20","20","26320","27500"
"In post","2022","Counter Fraud","Cabinet Office (excl. agencies)","G6/G7","55","55","57350","54700"
"In post","2022","Counter Fraud","Cabinet Office (excl. agencies)","SCS level","10","10","[c]","[c]"
"In post","2022","Counter Fraud","Cabinet Office (excl. agencies)","SEO/HEO","50","50","35700","35590"
"In post","2022","Counter Fraud","Companies House","AA/AO","95","80","21900","22740"
"In post","2022","Counter Fraud","Companies House","EO","55","55","25630","25010"
"In post","2022","Counter Fraud","Companies House","G6/G7","[c]","[c]","[c]","[c]"
"In post","2022","Counter Fraud","Companies House","SEO/HEO","15","15","34850","32660"
"In post","2022","Counter Fraud","Department for Digital, Culture, Media and Sport","G6/G7","10","10","55340","51930"
"In post","2022","Counter Fraud","Department for Digital, Culture, Media and Sport","SCS level","[c]","[c]","[c]","[c]"
"In post","2022","Counter Fraud","Department for Digital, Culture, Media and Sport","SEO/HEO","10","10","[c]","[c]"
"In post","2022","Counter Fraud","Department for Work and Pensions (excl. agencies)","AA/AO","1835","1575","22390","21260"
"In post","2022","Counter Fraud","Department for Work and Pensions (excl. agencies)","EO","3625","3245","28270","27570"
"In post","2022","Counter Fraud","Department for Work and Pensions (excl. agencies)","G6/G7","40","40","53240","52150"
"In post","2022","Counter Fraud","Department for Work and Pensions (excl. agencies)","SEO/HEO","890","835","34250","33180"
"In post","2022","Counter Fraud","Driver and Vehicle Licensing Agency","EO","[c]","[c]","[c]","[c]"
"In post","2022","Counter Fraud","Driver and Vehicle Licensing Agency","G6/G7","[c]","[c]","[c]","[c]"
"In post","2022","Counter Fraud","Driver and Vehicle Licensing Agency","SEO/HEO","[c]","[c]","[c]","[c]"
"In post","2022","Counter Fraud","Driver and Vehicle Standards Agency","EO","25","25","27760","26780"
"In post","2022","Counter Fraud","Driver and Vehicle Standards Agency","G6/G7","[c]","[c]","[c]","[c]"
"In post","2022","Counter Fraud","Driver and Vehicle Standards Agency","SEO/HEO","20","20","32950","31450"
"In post","2022","Counter Fraud","Food Standards Agency","EO","[c]","[c]","[c]","[c]"
"In post","2022","Counter Fraud","Food Standards Agency","G6/G7","5","5","[c]","[c]"
"In post","2022","Counter Fraud","Food Standards Agency","SCS level","[c]","[c]","[c]","[c]"
"In post","2022","Counter Fraud","Food Standards Agency","SEO/HEO","45","45","34950","34510"
"In post","2022","Counter Fraud","Government Internal Audit Agency","G6/G7","5","5","[c]","[c]"
"In post","2022","Counter Fraud","Government Internal Audit Agency","SCS level","[c]","[c]","[c]","[c]"
"In post","2022","Counter Fraud","Government Internal Audit Agency","SEO/HEO","30","25","36190","34890"
"In post","2022","Counter Fraud","HM Revenue and Customs (excl. agencies)","AA/AO","835","735","22260","21690"
"In post","2022","Counter Fraud","HM Revenue and Customs (excl. agencies)","EO","3425","3220","28090","26820"
"In post","2022","Counter Fraud","HM Revenue and Customs (excl. agencies)","G6/G7","1095","1050","59610","55410"
"In post","2022","Counter Fraud","HM Revenue and Customs (excl. agencies)","SCS level","30","30","82280","79930"
"In post","2022","Counter Fraud","HM Revenue and Customs (excl. agencies)","SEO/HEO","4300","4105","36640","35160"
"In post","2022","Counter Fraud","Met Office","G6/G7","[c]","[c]","[c]","[c]"
"In post","2022","Counter Fraud","Ministry of Justice (excl. agencies)","G6/G7","[c]","[c]","[c]","[c]"
"In post","2022","Counter Fraud","Ministry of Justice (excl. agencies)","SEO/HEO","[c]","[c]","[c]","[c]"
"In post","2022","Counter Fraud","National Savings and Investments","G6/G7","[c]","[c]","[c]","[c]"
"In post","2022","Counter Fraud","National Savings and Investments","SEO/HEO","[c]","[c]","[c]","[c]"
"In post","2022","Counter Fraud","Serious Fraud Office","AA/AO","[c]","[c]","[c]","[c]"
"In post","2022","Counter Fraud","Serious Fraud Office","EO","40","40","27190","26200"
"In post","2022","Counter Fraud","Serious Fraud Office","G6/G7","80","75","65280","66200"
"In post","2022","Counter Fraud","Serious Fraud Office","SCS level","5","5","[c]","[c]"
"In post","2022","Counter Fraud","Serious Fraud Office","SEO/HEO","115","110","38080","40000"
"In post","2022","Counter Fraud","The Insolvency Service","G6/G7","15","15","55090","55290"
"In post","2022","Counter Fraud","The Insolvency Service","SEO/HEO","230","220","38460","38510"
"In post","2022","Counter Fraud","UK Space Agency","G6/G7","[c]","[c]","[c]","[c]"
"In post","2022","Counter Fraud","UK Space Agency","SEO/HEO","[c]","[c]","[c]","[c]"
"In post","2022","Debt","Department for Work and Pensions (excl. agencies)","AA/AO","2060","1745","21270","21260"
"In post","2022","Debt","Department for Work and Pensions (excl. agencies)","EO","350","305","27700","27570"
"In post","2022","Debt","Department for Work and Pensions (excl. agencies)","SEO/HEO","95","85","32950","31990"
"In post","2022","Debt","Health and Safety Executive","AA/AO","[c]","[c]","[c]","[c]"
"In post","2022","Debt","Health and Safety Executive","EO","[c]","[c]","[c]","[c]"
"In post","2022","Debt","Health and Safety Executive","SEO/HEO","[c]","[c]","[c]","[c]"
"In post","2022","Debt","HM Revenue and Customs (excl. agencies)","AA/AO","3120","2810","21890","21250"
"In post","2022","Debt","HM Revenue and Customs (excl. agencies)","EO","865","795","27860","26820"
"In post","2022","Debt","HM Revenue and Customs (excl. agencies)","G6/G7","45","45","58930","55210"
"In post","2022","Debt","HM Revenue and Customs (excl. agencies)","SCS level","[c]","[c]","[c]","[c]"
"In post","2022","Debt","HM Revenue and Customs (excl. agencies)","SEO/HEO","260","240","35870","33370"
"In post","2022","Debt","UK Debt Management Office","G6/G7","5","5","[c]","[c]"
"In post","2022","Debt","UK Debt Management Office","SEO/HEO","5","5","[c]","[c]"
"In post","2022","Debt","UK Export Finance","SEO/HEO","[c]","[c]","[c]","[c]"
"In post","2022","Digital, Data & Technology","Advisory, Conciliation and Arbitration Service","EO","10","10","[c]","[c]"
"In post","2022","Digital, Data & Technology","Advisory, Conciliation and Arbitration Service","G6/G7","15","10","61190","59470"
"In post","2022","Digital, Data & Technology","Advisory, Conciliation and Arbitration Service","SCS level","[c]","[c]","[c]","[c]"
"In post","2022","Digital, Data & Technology","Advisory, Conciliation and Arbitration Service","SEO/HEO","35","35","42470","43580"
"In post","2022","Digital, Data & Technology","Animal and Plant Health Agency","EO","5","5","[c]","[c]"
"In post","2022","Digital, Data & Technology","Animal and Plant Health Agency","G6/G7","[c]","[c]","[c]","[c]"
"In post","2022","Digital, Data & Technology","Animal and Plant Health Agency","SEO/HEO","10","10","[c]","[c]"
"In post","2022","Digital, Data & Technology","Cabinet Office (excl. agencies)","AA/AO","10","10","[c]","[c]"
"In post","2022","Digital, Data & Technology","Cabinet Office (excl. agencies)","EO","70","70","26920","27500"
"In post","2022","Digital, Data & Technology","Cabinet Office (excl. agencies)","G6/G7","690","680","57350","54700"
"In post","2022","Digital, Data & Technology","Cabinet Office (excl. agencies)","SCS level","40","40","93790","85000"
"In post","2022","Digital, Data & Technology","Cabinet Office (excl. agencies)","SEO/HEO","340","335","37070","37300"
"In post","2022","Digital, Data & Technology","Centre for Environment, Fisheries and Aquaculture Science","AA/AO","5","5","[c]","[c]"
"In post","2022","Digital, Data & Technology","Centre for Environment, Fisheries and Aquaculture Science","EO","15","15","25200","25010"
"In post","2022","Digital, Data & Technology","Centre for Environment, Fisheries and Aquaculture Science","G6/G7","5","5","[c]","[c]"
"In post","2022","Digital, Data & Technology","Centre for Environment, Fisheries and Aquaculture Science","SEO/HEO","35","30","33320","30220"
"In post","2022","Digital, Data & Technology","Charity Commission","EO","10","10","25010","24440"
"In post","2022","Digital, Data & Technology","Charity Commission","G6/G7","5","5","[c]","[c]"
"In post","2022","Digital, Data & Technology","Charity Commission","SCS level","[c]","[c]","[c]","[c]"
"In post","2022","Digital, Data & Technology","Charity Commission","SEO/HEO","35","35","33110","29330"
"In post","2022","Digital, Data & Technology","Companies House","AA/AO","[c]","[c]","[c]","[c]"
"In post","2022","Digital, Data & Technology","Companies House","EO","60","60","33660","34000"
"In post","2022","Digital, Data & Technology","Companies House","G6/G7","20","15","59590","60650"
"In post","2022","Digital, Data & Technology","Companies House","SEO/HEO","150","145","40190","40010"
"In post","2022","Digital, Data & Technology","Competition and Markets Authority","AA/AO","[c]","[c]","[c]","[c]"
"In post","2022","Digital, Data & Technology","Competition and Markets Authority","EO","5","5","[c]","[c]"
"In post","2022","Digital, Data & Technology","Competition and Markets Authority","G6/G7","40","40","67500","67070"
"In post","2022","Digital, Data & Technology","Competition and Markets Authority","SCS level","[c]","[c]","[c]","[c]"
"In post","2022","Digital, Data & Technology","Competition and Markets Authority","SEO/HEO","25","25","39960","41670"
"In post","2022","Digital, Data & Technology","Criminal Injuries Compensation Authority","G6/G7","[c]","[c]","[c]","[c]"
"In post","2022","Digital, Data & Technology","Crown Commercial Service","EO","15","15","26560","25950"
"In post","2022","Digital, Data & Technology","Crown Commercial Service","G6/G7","55","50","55820","55220"
"In post","2022","Digital, Data & Technology","Crown Commercial Service","SCS level","[c]","[c]","[c]","[c]"
"In post","2022","Digital, Data & Technology","Crown Commercial Service","SEO/HEO","55","55","36270","38330"
"In post","2022","Digital, Data & Technology","Crown Office and Procurator Fiscal Service","AA/AO","[c]","[c]","[c]","[c]"
"In post","2022","Digital, Data & Technology","Crown Office and Procurator Fiscal Service","EO","15","15","31920","33510"
"In post","2022","Digital, Data & Technology","Crown Office and Procurator Fiscal Service","G6/G7","10","10","65970","66170"
"In post","2022","Digital, Data & Technology","Crown Office and Procurator Fiscal Service","SEO/HEO","30","30","40630","40130"
"In post","2022","Digital, Data & Technology","Crown Prosecution Service","AA/AO","[c]","[c]","[c]","[c]"
"In post","2022","Digital, Data & Technology","Crown Prosecution Service","EO","30","30","26620","25920"
"In post","2022","Digital, Data & Technology","Crown Prosecution Service","G6/G7","30","30","58790","58460"
"In post","2022","Digital, Data & Technology","Crown Prosecution Service","SCS level","[c]","[c]","[c]","[c]"
"In post","2022","Digital, Data & Technology","Crown Prosecution Service","SEO/HEO","75","70","35520","33310"
"In post","2022","Digital, Data & Technology","Defence Electronics and Components Agency","AA/AO","[c]","[c]","[c]","[c]"
"In post","2022","Digital, Data & Technology","Defence Electronics and Components Agency","EO","[c]","[c]","[c]","[c]"
"In post","2022","Digital, Data & Technology","Defence Electronics and Components Agency","G6/G7","[c]","[c]","[c]","[c]"
"In post","2022","Digital, Data & Technology","Defence Electronics and Components Agency","SEO/HEO","[c]","[c]","[c]","[c]"
"In post","2022","Digital, Data & Technology","Defence Equipment and Support","EO","55","55","22550","21670"
"In post","2022","Digital, Data & Technology","Defence Equipment and Support","G6/G7","55","55","55410","54130"
"In post","2022","Digital, Data & Technology","Defence Equipment and Support","SCS level","5","5","[c]","[c]"
"In post","2022","Digital, Data & Technology","Defence Equipment and Support","SEO/HEO","275","270","34120","33200"
"In post","2022","Digital, Data & Technology","Defence Science and Technology Laboratory","AA/AO","[c]","[c]","[c]","[c]"
"In post","2022","Digital, Data & Technology","Defence Science and Technology Laboratory","G6/G7","[c]","[c]","[c]","[c]"
"In post","2022","Digital, Data & Technology","Defence Science and Technology Laboratory","SEO/HEO","[c]","[c]","[c]","[c]"
"In post","2022","Digital, Data & Technology","Department for Business, Energy and Industrial Strategy (excl. agencies)","AA/AO","10","10","[c]","[c]"
"In post","2022","Digital, Data & Technology","Department for Business, Energy and Industrial Strategy (excl. agencies)","EO","20","20","28900","27680"
"In post","2022","Digital, Data & Technology","Department for Business, Energy and Industrial Strategy (excl. agencies)","G6/G7","50","50","58660","56380"
"In post","2022","Digital, Data & Technology","Department for Business, Energy and Industrial Strategy (excl. agencies)","SCS level","10","10","[c]","[c]"
"In post","2022","Digital, Data & Technology","Department for Business, Energy and Industrial Strategy (excl. agencies)","SEO/HEO","65","65","38100","39370"
"In post","2022","Digital, Data & Technology","Department for Digital, Culture, Media and Sport","EO","[c]","[c]","[c]","[c]"
"In post","2022","Digital, Data & Technology","Department for Digital, Culture, Media and Sport","G6/G7","10","10","[c]","[c]"
"In post","2022","Digital, Data & Technology","Department for Digital, Culture, Media and Sport","SCS level","[c]","[c]","[c]","[c]"
"In post","2022","Digital, Data & Technology","Department for Education (excl. agencies)","AA/AO","15","15","21680","21250"
"In post","2022","Digital, Data & Technology","Department for Education (excl. agencies)","EO","125","125","26490","26000"
"In post","2022","Digital, Data & Technology","Department for Education (excl. agencies)","G6/G7","345","335","54880","53420"
"In post","2022","Digital, Data & Technology","Department for Education (excl. agencies)","SCS level","15","15","76900","74100"
"In post","2022","Digital, Data & Technology","Department for Education (excl. agencies)","SEO/HEO","460","445","35460","36500"
"In post","2022","Digital, Data & Technology","Department for Environment, Food and Rural Affairs (excl. agencies)","AA/AO","20","15","22440","21300"
"In post","2022","Digital, Data & Technology","Department for Environment, Food and Rural Affairs (excl. agencies)","EO","100","95","26340","25300"
"In post","2022","Digital, Data & Technology","Department for Environment, Food and Rural Affairs (excl. agencies)","G6/G7","410","405","52900","49370"
"In post","2022","Digital, Data & Technology","Department for Environment, Food and Rural Affairs (excl. agencies)","SCS level","15","15","93020","91420"
"In post","2022","Digital, Data & Technology","Department for Environment, Food and Rural Affairs (excl. agencies)","SEO/HEO","305","300","35450","35900"
"In post","2022","Digital, Data & Technology","Department for International Trade","AA/AO","[c]","[c]","[c]","[c]"
"In post","2022","Digital, Data & Technology","Department for International Trade","EO","15","15","28310","26510"
"In post","2022","Digital, Data & Technology","Department for International Trade","G6/G7","75","70","58600","56000"
"In post","2022","Digital, Data & Technology","Department for International Trade","SCS level","5","5","[c]","[c]"
"In post","2022","Digital, Data & Technology","Department for International Trade","SEO/HEO","70","65","38490","38160"
"In post","2022","Digital, Data & Technology","Department for Levelling Up, Housing and Communities (excl. agencies)","AA/AO","5","5","[c]","[c]"
"In post","2022","Digital, Data & Technology","Department for Levelling Up, Housing and Communities (excl. agencies)","EO","10","10","28150","27980"
"In post","2022","Digital, Data & Technology","Department for Levelling Up, Housing and Communities (excl. agencies)","G6/G7","70","70","55740","53130"
"In post","2022","Digital, Data & Technology","Department for Levelling Up, Housing and Communities (excl. agencies)","SCS level","5","5","[c]","[c]"
"In post","2022","Digital, Data & Technology","Department for Levelling Up, Housing and Communities (excl. agencies)","SEO/HEO","50","45","38050","39600"
"In post","2022","Digital, Data & Technology","Department for Transport (excl. agencies)","AA/AO","[c]","[c]","[c]","[c]"
"In post","2022","Digital, Data & Technology","Department for Transport (excl. agencies)","EO","20","20","28030","26780"
"In post","2022","Digital, Data & Technology","Department for Transport (excl. agencies)","G6/G7","35","35","57690","55060"
"In post","2022","Digital, Data & Technology","Department for Transport (excl. agencies)","SCS level","[c]","[c]","[c]","[c]"
"In post","2022","Digital, Data & Technology","Department for Transport (excl. agencies)","SEO/HEO","70","70","37570","37660"
"In post","2022","Digital, Data & Technology","Department for Work and Pensions (excl. agencies)","AA/AO","65","60","21240","21260"
"In post","2022","Digital, Data & Technology","Department for Work and Pensions (excl. agencies)","EO","865","795","27900","27570"
"In post","2022","Digital, Data & Technology","Department for Work and Pensions (excl. agencies)","G6/G7","1275","1250","58740","57680"
"In post","2022","Digital, Data & Technology","Department for Work and Pensions (excl. agencies)","SCS level","50","50","94680","89040"
"In post","2022","Digital, Data & Technology","Department for Work and Pensions (excl. agencies)","SEO/HEO","1780","1725","36510","35310"
"In post","2022","Digital, Data & Technology","Department of Health and Social Care (excl. agencies)","AA/AO","[c]","[c]","[c]","[c]"
"In post","2022","Digital, Data & Technology","Department of Health and Social Care (excl. agencies)","EO","5","5","[c]","[c]"
"In post","2022","Digital, Data & Technology","Department of Health and Social Care (excl. agencies)","G6/G7","60","55","55580","53360"
"In post","2022","Digital, Data & Technology","Department of Health and Social Care (excl. agencies)","SCS level","10","10","[c]","[c]"
"In post","2022","Digital, Data & Technology","Department of Health and Social Care (excl. agencies)","SEO/HEO","120","115","34900","32790"
"In post","2022","Digital, Data & Technology","Driver and Vehicle Licensing Agency","AA/AO","45","45","21840","21840"
"In post","2022","Digital, Data & Technology","Driver and Vehicle Licensing Agency","EO","180","175","26860","26470"
"In post","2022","Digital, Data & Technology","Driver and Vehicle Licensing Agency","G6/G7","145","140","63110","62240"
"In post","2022","Digital, Data & Technology","Driver and Vehicle Licensing Agency","SEO/HEO","435","430","40600","40380"
"In post","2022","Digital, Data & Technology","Driver and Vehicle Standards Agency","AA/AO","10","10","20000","21840"
"In post","2022","Digital, Data & Technology","Driver and Vehicle Standards Agency","EO","55","55","26430","26130"
"In post","2022","Digital, Data & Technology","Driver and Vehicle Standards Agency","G6/G7","25","25","59930","57240"
"In post","2022","Digital, Data & Technology","Driver and Vehicle Standards Agency","SEO/HEO","140","140","36990","33350"
"In post","2022","Digital, Data & Technology","Education and Skills Funding Agency","EO","[c]","[c]","[c]","[c]"
"In post","2022","Digital, Data & Technology","Education and Skills Funding Agency","G6/G7","[c]","[c]","[c]","[c]"
"In post","2022","Digital, Data & Technology","Education and Skills Funding Agency","SCS level","[c]","[c]","[c]","[c]"
"In post","2022","Digital, Data & Technology","Education and Skills Funding Agency","SEO/HEO","5","5","[c]","[c]"
"In post","2022","Digital, Data & Technology","FCDO Services","AA/AO","5","5","[c]","[c]"
"In post","2022","Digital, Data & Technology","FCDO Services","EO","25","25","30680","29660"
"In post","2022","Digital, Data & Technology","FCDO Services","G6/G7","20","20","67640","63770"
"In post","2022","Digital, Data & Technology","FCDO Services","SCS level","[c]","[c]","[c]","[c]"
"In post","2022","Digital, Data & Technology","FCDO Services","SEO/HEO","60","60","44620","44120"
"In post","2022","Digital, Data & Technology","FCDO Services","Unknown","[c]","[c]","[c]","[c]"
"In post","2022","Digital, Data & Technology","Food Standards Agency","G6/G7","20","20","55290","52070"
"In post","2022","Digital, Data & Technology","Food Standards Agency","SCS level","[c]","[c]","[c]","[c]"
"In post","2022","Digital, Data & Technology","Food Standards Agency","SEO/HEO","35","35","37210","37910"
"In post","2022","Digital, Data & Technology","Foreign, Commonwealth and Development Office (excl. agencies)","AA/AO","[c]","[c]","[c]","[c]"
"In post","2022","Digital, Data & Technology","Foreign, Commonwealth and Development Office (excl. agencies)","EO","35","35","27210","26120"
"In post","2022","Digital, Data & Technology","Foreign, Commonwealth and Development Office (excl. agencies)","G6/G7","60","60","54220","54270"
"In post","2022","Digital, Data & Technology","Foreign, Commonwealth and Development Office (excl. agencies)","SCS level","5","5","[c]","[c]"
"In post","2022","Digital, Data & Technology","Foreign, Commonwealth and Development Office (excl. agencies)","SEO/HEO","120","120","37250","33930"
"In post","2022","Digital, Data & Technology","Government Actuary's Department","SEO/HEO","[c]","[c]","[c]","[c]"
"In post","2022","Digital, Data & Technology","Government Internal Audit Agency","G6/G7","[c]","[c]","[c]","[c]"
"In post","2022","Digital, Data & Technology","Government Internal Audit Agency","SEO/HEO","[c]","[c]","[c]","[c]"
"In post","2022","Digital, Data & Technology","Government Legal Department","AA/AO","[c]","[c]","[c]","[c]"
"In post","2022","Digital, Data & Technology","Government Legal Department","EO","[c]","[c]","[c]","[c]"
"In post","2022","Digital, Data & Technology","Government Legal Department","G6/G7","[c]","[c]","[c]","[c]"
"In post","2022","Digital, Data & Technology","Government Legal Department","SCS level","[c]","[c]","[c]","[c]"
"In post","2022","Digital, Data & Technology","Government Legal Department","SEO/HEO","[c]","[c]","[c]","[c]"
"In post","2022","Digital, Data & Technology","Health and Safety Executive","AA/AO","[c]","[c]","[c]","[c]"
"In post","2022","Digital, Data & Technology","Health and Safety Executive","EO","30","30","27490","26370"
"In post","2022","Digital, Data & Technology","Health and Safety Executive","G6/G7","15","15","63020","58000"
"In post","2022","Digital, Data & Technology","Health and Safety Executive","SCS level","[c]","[c]","[c]","[c]"
"In post","2022","Digital, Data & Technology","Health and Safety Executive","SEO/HEO","40","35","39340","39390"
"In post","2022","Digital, Data & Technology","HM Courts and Tribunals Service","AA/AO","[c]","[c]","[c]","[c]"
"In post","2022","Digital, Data & Technology","HM Courts and Tribunals Service","EO","40","40","26090","25120"
"In post","2022","Digital, Data & Technology","HM Courts and Tribunals Service","G6/G7","80","80","55540","54270"
"In post","2022","Digital, Data & Technology","HM Courts and Tribunals Service","SCS level","5","5","[c]","[c]"
"In post","2022","Digital, Data & Technology","HM Courts and Tribunals Service","SEO/HEO","220","220","35930","36050"
"In post","2022","Digital, Data & Technology","HM Land Registry","AA/AO","55","50","22190","22600"
"In post","2022","Digital, Data & Technology","HM Land Registry","EO","190","180","29500","29760"
"In post","2022","Digital, Data & Technology","HM Land Registry","G6/G7","55","55","60010","56750"
"In post","2022","Digital, Data & Technology","HM Land Registry","SCS level","[c]","[c]","[c]","[c]"
"In post","2022","Digital, Data & Technology","HM Land Registry","SEO/HEO","405","385","40500","38550"
"In post","2022","Digital, Data & Technology","HM Revenue and Customs (excl. agencies)","AA/AO","45","40","21780","21250"
"In post","2022","Digital, Data & Technology","HM Revenue and Customs (excl. agencies)","EO","400","380","27520","26820"
"In post","2022","Digital, Data & Technology","HM Revenue and Customs (excl. agencies)","G6/G7","715","700","58350","55210"
"In post","2022","Digital, Data & Technology","HM Revenue and Customs (excl. agencies)","SCS level","60","60","94070","85800"
"In post","2022","Digital, Data & Technology","HM Revenue and Customs (excl. agencies)","SEO/HEO","1760","1705","36980","35980"
"In post","2022","Digital, Data & Technology","HM Treasury (excl. agencies)","AA/AO","[c]","[c]","[c]","[c]"
"In post","2022","Digital, Data & Technology","HM Treasury (excl. agencies)","EO","[c]","[c]","[c]","[c]"
"In post","2022","Digital, Data & Technology","HM Treasury (excl. agencies)","G6/G7","10","10","62750","60420"
"In post","2022","Digital, Data & Technology","HM Treasury (excl. agencies)","SCS level","[c]","[c]","[c]","[c]"
"In post","2022","Digital, Data & Technology","HM Treasury (excl. agencies)","SEO/HEO","15","15","37390","38740"
"In post","2022","Digital, Data & Technology","Institute for Apprenticeships and Technical Education","AA/AO","[c]","[c]","[c]","[c]"
"In post","2022","Digital, Data & Technology","Institute for Apprenticeships and Technical Education","G6/G7","15","15","56470","54230"
"In post","2022","Digital, Data & Technology","Institute for Apprenticeships and Technical Education","SCS level","[c]","[c]","[c]","[c]"
"In post","2022","Digital, Data & Technology","Institute for Apprenticeships and Technical Education","SEO/HEO","[c]","[c]","[c]","[c]"
"In post","2022","Digital, Data & Technology","Intellectual Property Office","EO","20","20","25500","25470"
"In post","2022","Digital, Data & Technology","Intellectual Property Office","G6/G7","45","45","64500","64610"
"In post","2022","Digital, Data & Technology","Intellectual Property Office","SCS level","[c]","[c]","[c]","[c]"
"In post","2022","Digital, Data & Technology","Intellectual Property Office","SEO/HEO","150","145","41860","40500"
"In post","2022","Digital, Data & Technology","Maritime and Coastguard Agency","AA/AO","[c]","[c]","[c]","[c]"
"In post","2022","Digital, Data & Technology","Maritime and Coastguard Agency","EO","30","30","28380","29240"
"In post","2022","Digital, Data & Technology","Maritime and Coastguard Agency","G6/G7","20","20","59780","57050"
"In post","2022","Digital, Data & Technology","Maritime and Coastguard Agency","SEO/HEO","50","50","35260","35340"
"In post","2022","Digital, Data & Technology","Medicines and Healthcare Products Regulatory Agency","AA/AO","10","10","23810","23800"
"In post","2022","Digital, Data & Technology","Medicines and Healthcare Products Regulatory Agency","EO","15","15","27530","27840"
"In post","2022","Digital, Data & Technology","Medicines and Healthcare Products Regulatory Agency","G6/G7","40","40","57040","53830"
"In post","2022","Digital, Data & Technology","Medicines and Healthcare Products Regulatory Agency","SCS level","5","5","[c]","[c]"
"In post","2022","Digital, Data & Technology","Medicines and Healthcare Products Regulatory Agency","SEO/HEO","40","40","38510","40650"
"In post","2022","Digital, Data & Technology","Met Office","AA/AO","105","100","19820","20910"
"In post","2022","Digital, Data & Technology","Met Office","EO","125","125","26150","25630"
"In post","2022","Digital, Data & Technology","Met Office","G6/G7","280","260","52590","49620"
"In post","2022","Digital, Data & Technology","Met Office","SCS level","[c]","[c]","[c]","[c]"
"In post","2022","Digital, Data & Technology","Met Office","SEO/HEO","840","790","37290","37420"
"In post","2022","Digital, Data & Technology","Ministry of Defence (excl. agencies)","AA/AO","440","430","21980","21380"
"In post","2022","Digital, Data & Technology","Ministry of Defence (excl. agencies)","EO","745","725","27640","26670"
"In post","2022","Digital, Data & Technology","Ministry of Defence (excl. agencies)","G6/G7","190","190","58820","54540"
"In post","2022","Digital, Data & Technology","Ministry of Defence (excl. agencies)","SCS level","20","20","95500","86890"
"In post","2022","Digital, Data & Technology","Ministry of Defence (excl. agencies)","SEO/HEO","1160","1140","36960","36140"
"In post","2022","Digital, Data & Technology","Ministry of Defence (excl. agencies)","Unknown","[c]","[c]","[c]","[c]"
"In post","2022","Digital, Data & Technology","Ministry of Justice (excl. agencies)","AA/AO","5","5","[c]","[c]"
"In post","2022","Digital, Data & Technology","Ministry of Justice (excl. agencies)","EO","85","80","26790","26900"
"In post","2022","Digital, Data & Technology","Ministry of Justice (excl. agencies)","G6/G7","445","440","60730","59290"
"In post","2022","Digital, Data & Technology","Ministry of Justice (excl. agencies)","SCS level","10","10","97910","93300"
"In post","2022","Digital, Data & Technology","Ministry of Justice (excl. agencies)","SEO/HEO","365","360","38970","37700"
"In post","2022","Digital, Data & Technology","Ministry of Justice (excl. agencies)","Unknown","5","5","[c]","[c]"
"In post","2022","Digital, Data & Technology","National Crime Agency","AA/AO","20","20","23110","21970"
"In post","2022","Digital, Data & Technology","National Crime Agency","EO","70","65","31330","31940"
"In post","2022","Digital, Data & Technology","National Crime Agency","G6/G7","40","40","63990","60220"
"In post","2022","Digital, Data & Technology","National Crime Agency","SCS level","5","5","[c]","[c]"
"In post","2022","Digital, Data & Technology","National Crime Agency","SEO/HEO","135","130","43370","43490"
"In post","2022","Digital, Data & Technology","National Savings and Investments","G6/G7","[c]","[c]","[c]","[c]"
"In post","2022","Digital, Data & Technology","National Savings and Investments","SCS level","[c]","[c]","[c]","[c]"
"In post","2022","Digital, Data & Technology","National Savings and Investments","SEO/HEO","5","5","[c]","[c]"
"In post","2022","Digital, Data & Technology","Northern Ireland Office","SEO/HEO","[c]","[c]","[c]","[c]"
"In post","2022","Digital, Data & Technology","Office for Standards in Education, Children's Services and Skills","EO","10","10","26370","25880"
"In post","2022","Digital, Data & Technology","Office for Standards in Education, Children's Services and Skills","G6/G7","25","25","65300","62810"
"In post","2022","Digital, Data & Technology","Office for Standards in Education, Children's Services and Skills","SCS level","[c]","[c]","[c]","[c]"
"In post","2022","Digital, Data & Technology","Office for Standards in Education, Children's Services and Skills","SEO/HEO","40","35","36920","39460"
"In post","2022","Digital, Data & Technology","Office of Gas and Electricity Markets","EO","5","5","[c]","[c]"
"In post","2022","Digital, Data & Technology","Office of Gas and Electricity Markets","G6/G7","40","40","64570","64500"
"In post","2022","Digital, Data & Technology","Office of Gas and Electricity Markets","SCS level","[c]","[c]","[c]","[c]"
"In post","2022","Digital, Data & Technology","Office of Gas and Electricity Markets","SEO/HEO","25","25","39470","39890"
"In post","2022","Digital, Data & Technology","Office of Qualifications and Examinations Regulation","EO","[c]","[c]","[c]","[c]"
"In post","2022","Digital, Data & Technology","Office of Qualifications and Examinations Regulation","G6/G7","5","5","[c]","[c]"
"In post","2022","Digital, Data & Technology","Office of Qualifications and Examinations Regulation","SCS level","[c]","[c]","[c]","[c]"
"In post","2022","Digital, Data & Technology","Office of Qualifications and Examinations Regulation","SEO/HEO","10","10","37360","38000"
"In post","2022","Digital, Data & Technology","Office of Rail and Road","EO","[c]","[c]","[c]","[c]"
"In post","2022","Digital, Data & Technology","Office of Rail and Road","G6/G7","[c]","[c]","[c]","[c]"
"In post","2022","Digital, Data & Technology","Office of Rail and Road","SEO/HEO","[c]","[c]","[c]","[c]"
"In post","2022","Digital, Data & Technology","Planning Inspectorate","EO","5","5","[c]","[c]"
"In post","2022","Digital, Data & Technology","Planning Inspectorate","G6/G7","[c]","[c]","[c]","[c]"
"In post","2022","Digital, Data & Technology","Planning Inspectorate","SEO/HEO","25","25","37670","40720"
"In post","2022","Digital, Data & Technology","Queen Elizabeth II Centre","EO","[c]","[c]","[c]","[c]"
"In post","2022","Digital, Data & Technology","Queen Elizabeth II Centre","SEO/HEO","[c]","[c]","[c]","[c]"
"In post","2022","Digital, Data & Technology","Registers of Scotland","AA/AO","[c]","[c]","[c]","[c]"
"In post","2022","Digital, Data & Technology","Registers of Scotland","EO","35","35","30130","30840"
"In post","2022","Digital, Data & Technology","Registers of Scotland","G6/G7","10","10","61250","62000"
"In post","2022","Digital, Data & Technology","Registers of Scotland","SEO/HEO","35","30","42760","40340"
"In post","2022","Digital, Data & Technology","Scottish Courts and Tribunals Service","AA/AO","[c]","[c]","[c]","[c]"
"In post","2022","Digital, Data & Technology","Scottish Courts and Tribunals Service","EO","30","30","28570","30450"
"In post","2022","Digital, Data & Technology","Scottish Courts and Tribunals Service","G6/G7","15","15","56240","55980"
"In post","2022","Digital, Data & Technology","Scottish Courts and Tribunals Service","SEO/HEO","30","30","38000","36360"
"In post","2022","Digital, Data & Technology","Scottish Prison Service","AA/AO","10","5","[c]","[c]"
"In post","2022","Digital, Data & Technology","Scottish Prison Service","EO","10","10","[c]","[c]"
"In post","2022","Digital, Data & Technology","Scottish Prison Service","G6/G7","[c]","[c]","[c]","[c]"
"In post","2022","Digital, Data & Technology","Scottish Prison Service","SEO/HEO","15","15","47190","50560"
"In post","2022","Digital, Data & Technology","Serious Fraud Office","AA/AO","[c]","[c]","[c]","[c]"
"In post","2022","Digital, Data & Technology","Serious Fraud Office","EO","10","10","[c]","[c]"
"In post","2022","Digital, Data & Technology","Serious Fraud Office","G6/G7","10","10","60470","56750"
"In post","2022","Digital, Data & Technology","Serious Fraud Office","SCS level","[c]","[c]","[c]","[c]"
"In post","2022","Digital, Data & Technology","Serious Fraud Office","SEO/HEO","30","30","39980","40170"
"In post","2022","Digital, Data & Technology","Submarine Delivery Agency","Unknown","60","60","36090","34890"
"In post","2022","Digital, Data & Technology","The Insolvency Service","EO","15","15","27870","26980"
"In post","2022","Digital, Data & Technology","The Insolvency Service","G6/G7","10","10","65940","72460"
"In post","2022","Digital, Data & Technology","The Insolvency Service","SCS level","[c]","[c]","[c]","[c]"
"In post","2022","Digital, Data & Technology","The Insolvency Service","SEO/HEO","25","25","41230","41870"
"In post","2022","Digital, Data & Technology","The National Archives","AA/AO","10","10","[c]","[c]"
"In post","2022","Digital, Data & Technology","The National Archives","EO","15","10","25480","25000"
"In post","2022","Digital, Data & Technology","The National Archives","G6/G7","25","25","53400","51720"
"In post","2022","Digital, Data & Technology","The National Archives","SEO/HEO","85","85","40680","39390"
"In post","2022","Digital, Data & Technology","UK Debt Management Office","EO","[c]","[c]","[c]","[c]"
"In post","2022","Digital, Data & Technology","UK Debt Management Office","G6/G7","15","15","66700","63120"
"In post","2022","Digital, Data & Technology","UK Debt Management Office","SEO/HEO","15","15","42610","39820"
"In post","2022","Digital, Data & Technology","UK Export Finance","EO","[c]","[c]","[c]","[c]"
"In post","2022","Digital, Data & Technology","UK Export Finance","G6/G7","15","15","66640","65630"
"In post","2022","Digital, Data & Technology","UK Export Finance","SCS level","[c]","[c]","[c]","[c]"
"In post","2022","Digital, Data & Technology","UK Export Finance","SEO/HEO","15","15","47020","49200"
"In post","2022","Digital, Data & Technology","UK Health Security Agency","AA/AO","[c]","[c]","[c]","[c]"
"In post","2022","Digital, Data & Technology","UK Health Security Agency","EO","20","20","26550","26880"
"In post","2022","Digital, Data & Technology","UK Health Security Agency","G6/G7","35","35","62530","58340"
"In post","2022","Digital, Data & Technology","UK Health Security Agency","SCS level","5","5","[c]","[c]"
"In post","2022","Digital, Data & Technology","UK Health Security Agency","SEO/HEO","90","90","36480","36330"
"In post","2022","Digital, Data & Technology","UK Hydrographic Office","AA/AO","10","10","[c]","[c]"
"In post","2022","Digital, Data & Technology","UK Hydrographic Office","EO","25","20","29160","26740"
"In post","2022","Digital, Data & Technology","UK Hydrographic Office","G6/G7","20","20","59120","56920"
"In post","2022","Digital, Data & Technology","UK Hydrographic Office","SCS level","[c]","[c]","[c]","[c]"
"In post","2022","Digital, Data & Technology","UK Hydrographic Office","SEO/HEO","135","135","40450","42510"
"In post","2022","Digital, Data & Technology","UK Space Agency","G6/G7","[c]","[c]","[c]","[c]"
"In post","2022","Digital, Data & Technology","UK Space Agency","SEO/HEO","[c]","[c]","[c]","[c]"
"In post","2022","Digital, Data & Technology","UK Statistics Authority","AA/AO","[c]","[c]","[c]","[c]"
"In post","2022","Digital, Data & Technology","UK Statistics Authority","EO","85","80","24490","23880"
"In post","2022","Digital, Data & Technology","UK Statistics Authority","G6/G7","260","255","53520","51210"
"In post","2022","Digital, Data & Technology","UK Statistics Authority","SCS level","15","15","83130","77190"
"In post","2022","Digital, Data & Technology","UK Statistics Authority","SEO/HEO","300","295","35200","36840"
"In post","2022","Digital, Data & Technology","UK Supreme Court","EO","[c]","[c]","[c]","[c]"
"In post","2022","Digital, Data & Technology","Valuation Office Agency","G6/G7","20","20","61710","58170"
"In post","2022","Digital, Data & Technology","Valuation Office Agency","SCS level","[c]","[c]","[c]","[c]"
"In post","2022","Digital, Data & Technology","Valuation Office Agency","SEO/HEO","15","15","35610","34000"
"In post","2022","Digital, Data & Technology","Vehicle Certification Agency","EO","[c]","[c]","[c]","[c]"
"In post","2022","Digital, Data & Technology","Vehicle Certification Agency","SEO/HEO","[c]","[c]","[c]","[c]"
"In post","2022","Digital, Data & Technology","Veterinary Medicines Directorate","EO","[c]","[c]","[c]","[c]"
"In post","2022","Digital, Data & Technology","Veterinary Medicines Directorate","SEO/HEO","[c]","[c]","[c]","[c]"
"In post","2022","Digital, Data & Technology","Water Services Regulation Authority","AA/AO","[c]","[c]","[c]","[c]"
"In post","2022","Digital, Data & Technology","Water Services Regulation Authority","EO","[c]","[c]","[c]","[c]"
"In post","2022","Digital, Data & Technology","Water Services Regulation Authority","G6/G7","[c]","[c]","[c]","[c]"
"In post","2022","Digital, Data & Technology","Water Services Regulation Authority","SEO/HEO","15","15","47500","47000"
"In post","2022","Digital, Data & Technology","Welsh Revenue Authority","AA/AO","[c]","[c]","[c]","[c]"
"In post","2022","Digital, Data & Technology","Welsh Revenue Authority","EO","[c]","[c]","[c]","[c]"
"In post","2022","Digital, Data & Technology","Welsh Revenue Authority","G6/G7","[c]","[c]","[c]","[c]"
"In post","2022","Digital, Data & Technology","Welsh Revenue Authority","SEO/HEO","[c]","[c]","[c]","[c]"
"In post","2022","Digital, Data & Technology","Wilton Park","AA/AO","[c]","[c]","[c]","[c]"
"In post","2022","Digital, Data & Technology","Wilton Park","EO","[c]","[c]","[c]","[c]"
"In post","2022","Digital, Data & Technology","Wilton Park","G6/G7","[c]","[c]","[c]","[c]"
"In post","2022","Digital, Data & Technology","Wilton Park","SEO/HEO","[c]","[c]","[c]","[c]"
"In post","2022","Finance","Advisory, Conciliation and Arbitration Service","AA/AO","5","5","[c]","[c]"
"In post","2022","Finance","Advisory, Conciliation and Arbitration Service","EO","5","5","[c]","[c]"
"In post","2022","Finance","Advisory, Conciliation and Arbitration Service","G6/G7","[c]","[c]","[c]","[c]"
"In post","2022","Finance","Advisory, Conciliation and Arbitration Service","SCS level","[c]","[c]","[c]","[c]"
"In post","2022","Finance","Advisory, Conciliation and Arbitration Service","SEO/HEO","[c]","[c]","[c]","[c]"
"In post","2022","Finance","Cabinet Office (excl. agencies)","AA/AO","[c]","[c]","[c]","[c]"
"In post","2022","Finance","Cabinet Office (excl. agencies)","EO","15","15","27230","27750"
"In post","2022","Finance","Cabinet Office (excl. agencies)","G6/G7","45","45","57560","56000"
"In post","2022","Finance","Cabinet Office (excl. agencies)","SCS level","5","5","[c]","[c]"
"In post","2022","Finance","Cabinet Office (excl. agencies)","SEO/HEO","35","35","37760","37250"
"In post","2022","Finance","Centre for Environment, Fisheries and Aquaculture Science","AA/AO","[c]","[c]","[c]","[c]"
"In post","2022","Finance","Centre for Environment, Fisheries and Aquaculture Science","EO","5","5","[c]","[c]"
"In post","2022","Finance","Centre for Environment, Fisheries and Aquaculture Science","G6/G7","[c]","[c]","[c]","[c]"
"In post","2022","Finance","Centre for Environment, Fisheries and Aquaculture Science","SCS level","[c]","[c]","[c]","[c]"
"In post","2022","Finance","Centre for Environment, Fisheries and Aquaculture Science","SEO/HEO","[c]","[c]","[c]","[c]"
"In post","2022","Finance","Charity Commission","AA/AO","[c]","[c]","[c]","[c]"
"In post","2022","Finance","Charity Commission","EO","[c]","[c]","[c]","[c]"
"In post","2022","Finance","Charity Commission","G6/G7","[c]","[c]","[c]","[c]"
"In post","2022","Finance","Charity Commission","SEO/HEO","5","5","[c]","[c]"
"In post","2022","Finance","Companies House","AA/AO","30","25","21210","20100"
"In post","2022","Finance","Companies House","EO","15","10","25820","24730"
"In post","2022","Finance","Companies House","G6/G7","5","5","[c]","[c]"
"In post","2022","Finance","Companies House","SEO/HEO","25","20","37460","36240"
"In post","2022","Finance","Competition and Markets Authority","EO","[c]","[c]","[c]","[c]"
"In post","2022","Finance","Competition and Markets Authority","G6/G7","[c]","[c]","[c]","[c]"
"In post","2022","Finance","Competition and Markets Authority","SCS level","[c]","[c]","[c]","[c]"
"In post","2022","Finance","Competition and Markets Authority","SEO/HEO","5","5","[c]","[c]"
"In post","2022","Finance","Crown Commercial Service","EO","10","10","[c]","[c]"
"In post","2022","Finance","Crown Commercial Service","G6/G7","15","15","57820","56390"
"In post","2022","Finance","Crown Commercial Service","SCS level","[c]","[c]","[c]","[c]"
"In post","2022","Finance","Crown Commercial Service","SEO/HEO","10","10","36860","38650"
"In post","2022","Finance","Crown Office and Procurator Fiscal Service","AA/AO","[c]","[c]","[c]","[c]"
"In post","2022","Finance","Crown Office and Procurator Fiscal Service","EO","[c]","[c]","[c]","[c]"
"In post","2022","Finance","Crown Office and Procurator Fiscal Service","G6/G7","[c]","[c]","[c]","[c]"
"In post","2022","Finance","Crown Office and Procurator Fiscal Service","SEO/HEO","10","10","40750","40550"
"In post","2022","Finance","Crown Prosecution Service","AA/AO","30","25","22100","22200"
"In post","2022","Finance","Crown Prosecution Service","EO","25","25","26120","25700"
"In post","2022","Finance","Crown Prosecution Service","G6/G7","10","10","58440","54760"
"In post","2022","Finance","Crown Prosecution Service","SCS level","[c]","[c]","[c]","[c]"
"In post","2022","Finance","Crown Prosecution Service","SEO/HEO","20","20","34770","34170"
"In post","2022","Finance","Defence Electronics and Components Agency","AA/AO","[c]","[c]","[c]","[c]"
"In post","2022","Finance","Defence Electronics and Components Agency","EO","[c]","[c]","[c]","[c]"
"In post","2022","Finance","Defence Electronics and Components Agency","SEO/HEO","[c]","[c]","[c]","[c]"
"In post","2022","Finance","Defence Equipment and Support","EO","140","135","21960","21000"
"In post","2022","Finance","Defence Equipment and Support","G6/G7","40","35","59140","57760"
"In post","2022","Finance","Defence Equipment and Support","SCS level","5","5","[c]","[c]"
"In post","2022","Finance","Defence Equipment and Support","SEO/HEO","130","125","36030","34300"
"In post","2022","Finance","Defence Science and Technology Laboratory","AA/AO","[c]","[c]","[c]","[c]"
"In post","2022","Finance","Defence Science and Technology Laboratory","EO","[c]","[c]","[c]","[c]"
"In post","2022","Finance","Defence Science and Technology Laboratory","G6/G7","30","25","53160","47410"
"In post","2022","Finance","Defence Science and Technology Laboratory","SCS level","[c]","[c]","[c]","[c]"
"In post","2022","Finance","Defence Science and Technology Laboratory","SEO/HEO","30","30","35290","38070"
"In post","2022","Finance","Department for Business, Energy and Industrial Strategy (excl. agencies)","AA/AO","[c]","[c]","[c]","[c]"
"In post","2022","Finance","Department for Business, Energy and Industrial Strategy (excl. agencies)","EO","5","5","[c]","[c]"
"In post","2022","Finance","Department for Business, Energy and Industrial Strategy (excl. agencies)","G6/G7","65","60","62170","61340"
"In post","2022","Finance","Department for Business, Energy and Industrial Strategy (excl. agencies)","SCS level","10","10","92250","91250"
"In post","2022","Finance","Department for Business, Energy and Industrial Strategy (excl. agencies)","SEO/HEO","60","60","40800","40050"
"In post","2022","Finance","Department for Digital, Culture, Media and Sport","EO","10","10","[c]","[c]"
"In post","2022","Finance","Department for Digital, Culture, Media and Sport","G6/G7","30","30","61200","58720"
"In post","2022","Finance","Department for Digital, Culture, Media and Sport","SCS level","5","5","[c]","[c]"
"In post","2022","Finance","Department for Digital, Culture, Media and Sport","SEO/HEO","25","25","41120","41380"
"In post","2022","Finance","Department for Education (excl. agencies)","AA/AO","[c]","[c]","[c]","[c]"
"In post","2022","Finance","Department for Education (excl. agencies)","EO","75","70","25940","25000"
"In post","2022","Finance","Department for Education (excl. agencies)","G6/G7","165","160","55660","53310"
"In post","2022","Finance","Department for Education (excl. agencies)","SCS level","10","10","75020","74100"
"In post","2022","Finance","Department for Education (excl. agencies)","SEO/HEO","220","215","35450","36500"
"In post","2022","Finance","Department for Environment, Food and Rural Affairs (excl. agencies)","AA/AO","10","10","[c]","[c]"
"In post","2022","Finance","Department for Environment, Food and Rural Affairs (excl. agencies)","EO","45","45","25420","25300"
"In post","2022","Finance","Department for Environment, Food and Rural Affairs (excl. agencies)","G6/G7","140","135","54910","52620"
"In post","2022","Finance","Department for Environment, Food and Rural Affairs (excl. agencies)","SCS level","15","15","81220","73650"
"In post","2022","Finance","Department for Environment, Food and Rural Affairs (excl. agencies)","SEO/HEO","230","220","35540","36520"
"In post","2022","Finance","Department for International Trade","EO","15","15","28560","27620"
"In post","2022","Finance","Department for International Trade","G6/G7","40","40","58090","55250"
"In post","2022","Finance","Department for International Trade","SCS level","[c]","[c]","[c]","[c]"
"In post","2022","Finance","Department for International Trade","SEO/HEO","35","35","39250","38540"
"In post","2022","Finance","Department for Levelling Up, Housing and Communities (excl. agencies)","EO","[c]","[c]","[c]","[c]"
"In post","2022","Finance","Department for Levelling Up, Housing and Communities (excl. agencies)","G6/G7","60","55","58310","54120"
"In post","2022","Finance","Department for Levelling Up, Housing and Communities (excl. agencies)","SCS level","10","10","[c]","[c]"
"In post","2022","Finance","Department for Levelling Up, Housing and Communities (excl. agencies)","SEO/HEO","50","45","38610","39350"
"In post","2022","Finance","Department for Transport (excl. agencies)","AA/AO","[c]","[c]","[c]","[c]"
"In post","2022","Finance","Department for Transport (excl. agencies)","EO","20","15","26230","26350"
"In post","2022","Finance","Department for Transport (excl. agencies)","G6/G7","90","90","58500","54820"
"In post","2022","Finance","Department for Transport (excl. agencies)","SCS level","10","10","[c]","[c]"
"In post","2022","Finance","Department for Transport (excl. agencies)","SEO/HEO","65","60","40010","42470"
"In post","2022","Finance","Department for Work and Pensions (excl. agencies)","AA/AO","185","155","21100","21260"
"In post","2022","Finance","Department for Work and Pensions (excl. agencies)","EO","270","245","28080","27570"
"In post","2022","Finance","Department for Work and Pensions (excl. agencies)","G6/G7","405","390","56920","54070"
"In post","2022","Finance","Department for Work and Pensions (excl. agencies)","SCS level","20","15","86160","80430"
"In post","2022","Finance","Department for Work and Pensions (excl. agencies)","SEO/HEO","1050","990","35390","35310"
"In post","2022","Finance","Department of Health and Social Care (excl. agencies)","AA/AO","[c]","[c]","[c]","[c]"
"In post","2022","Finance","Department of Health and Social Care (excl. agencies)","EO","75","70","24950","23690"
"In post","2022","Finance","Department of Health and Social Care (excl. agencies)","G6/G7","145","140","55840","53360"
"In post","2022","Finance","Department of Health and Social Care (excl. agencies)","SCS level","25","25","80200","76400"
"In post","2022","Finance","Department of Health and Social Care (excl. agencies)","SEO/HEO","260","250","35820","36820"
"In post","2022","Finance","Driver and Vehicle Licensing Agency","AA/AO","35","30","20630","21840"
"In post","2022","Finance","Driver and Vehicle Licensing Agency","EO","25","25","26460","26470"
"In post","2022","Finance","Driver and Vehicle Licensing Agency","G6/G7","20","20","55240","54710"
"In post","2022","Finance","Driver and Vehicle Licensing Agency","SEO/HEO","60","60","36560","34730"
"In post","2022","Finance","Driver and Vehicle Standards Agency","EO","25","25","26480","26350"
"In post","2022","Finance","Driver and Vehicle Standards Agency","G6/G7","15","15","54860","52240"
"In post","2022","Finance","Driver and Vehicle Standards Agency","SCS level","[c]","[c]","[c]","[c]"
"In post","2022","Finance","Driver and Vehicle Standards Agency","SEO/HEO","55","55","37330","38650"
"In post","2022","Finance","Education and Skills Funding Agency","AA/AO","10","5","[c]","[c]"
"In post","2022","Finance","Education and Skills Funding Agency","EO","65","60","25700","25000"
"In post","2022","Finance","Education and Skills Funding Agency","G6/G7","215","210","54080","50630"
"In post","2022","Finance","Education and Skills Funding Agency","SCS level","15","15","79300","78000"
"In post","2022","Finance","Education and Skills Funding Agency","SEO/HEO","490","475","34750","36500"
"In post","2022","Finance","Estyn","AA/AO","[c]","[c]","[c]","[c]"
"In post","2022","Finance","Estyn","SEO/HEO","[c]","[c]","[c]","[c]"
"In post","2022","Finance","FCDO Services","AA/AO","5","5","[c]","[c]"
"In post","2022","Finance","FCDO Services","EO","15","15","27590","26590"
"In post","2022","Finance","FCDO Services","G6/G7","5","5","[c]","[c]"
"In post","2022","Finance","FCDO Services","SCS level","[c]","[c]","[c]","[c]"
"In post","2022","Finance","FCDO Services","SEO/HEO","15","15","40860","40930"
"In post","2022","Finance","FCDO Services","Unknown","5","5","[c]","[c]"
"In post","2022","Finance","Food Standards Agency","AA/AO","[c]","[c]","[c]","[c]"
"In post","2022","Finance","Food Standards Agency","EO","5","5","[c]","[c]"
"In post","2022","Finance","Food Standards Agency","G6/G7","20","20","56400","52070"
"In post","2022","Finance","Food Standards Agency","SCS level","[c]","[c]","[c]","[c]"
"In post","2022","Finance","Food Standards Agency","SEO/HEO","25","20","35950","37350"
"In post","2022","Finance","Foreign, Commonwealth and Development Office (excl. agencies)","AA/AO","10","10","22690","21740"
"In post","2022","Finance","Foreign, Commonwealth and Development Office (excl. agencies)","EO","25","25","27900","26120"
"In post","2022","Finance","Foreign, Commonwealth and Development Office (excl. agencies)","G6/G7","95","95","57030","55060"
"In post","2022","Finance","Foreign, Commonwealth and Development Office (excl. agencies)","SCS level","15","15","79120","76830"
"In post","2022","Finance","Foreign, Commonwealth and Development Office (excl. agencies)","SEO/HEO","105","105","37650","38500"
"In post","2022","Finance","Government Actuary's Department","EO","[c]","[c]","[c]","[c]"
"In post","2022","Finance","Government Actuary's Department","G6/G7","[c]","[c]","[c]","[c]"
"In post","2022","Finance","Government Actuary's Department","SEO/HEO","[c]","[c]","[c]","[c]"
"In post","2022","Finance","Government Internal Audit Agency","AA/AO","[c]","[c]","[c]","[c]"
"In post","2022","Finance","Government Internal Audit Agency","G6/G7","[c]","[c]","[c]","[c]"
"In post","2022","Finance","Government Internal Audit Agency","SCS level","[c]","[c]","[c]","[c]"
"In post","2022","Finance","Government Internal Audit Agency","SEO/HEO","5","5","[c]","[c]"
"In post","2022","Finance","Government Legal Department","AA/AO","5","5","[c]","[c]"
"In post","2022","Finance","Government Legal Department","EO","10","10","27350","27350"
"In post","2022","Finance","Government Legal Department","G6/G7","10","10","[c]","[c]"
"In post","2022","Finance","Government Legal Department","SCS level","[c]","[c]","[c]","[c]"
"In post","2022","Finance","Government Legal Department","SEO/HEO","15","15","34400","32310"
"In post","2022","Finance","Health and Safety Executive","EO","[c]","[c]","[c]","[c]"
"In post","2022","Finance","Health and Safety Executive","G6/G7","15","15","57840","55000"
"In post","2022","Finance","Health and Safety Executive","SCS level","[c]","[c]","[c]","[c]"
"In post","2022","Finance","Health and Safety Executive","SEO/HEO","15","15","39780","39330"
"In post","2022","Finance","HM Courts and Tribunals Service","AA/AO","25","25","21220","21410"
"In post","2022","Finance","HM Courts and Tribunals Service","EO","15","15","26480","25120"
"In post","2022","Finance","HM Courts and Tribunals Service","G6/G7","35","35","60250","60280"
"In post","2022","Finance","HM Courts and Tribunals Service","SCS level","[c]","[c]","[c]","[c]"
"In post","2022","Finance","HM Courts and Tribunals Service","SEO/HEO","80","80","37940","37280"
"In post","2022","Finance","HM Land Registry","AA/AO","[c]","[c]","[c]","[c]"
"In post","2022","Finance","HM Land Registry","EO","10","10","[c]","[c]"
"In post","2022","Finance","HM Land Registry","G6/G7","15","15","63920","62300"
"In post","2022","Finance","HM Land Registry","SCS level","[c]","[c]","[c]","[c]"
"In post","2022","Finance","HM Land Registry","SEO/HEO","25","25","42320","42100"
"In post","2022","Finance","HM Revenue and Customs (excl. agencies)","AA/AO","1000","815","21720","21250"
"In post","2022","Finance","HM Revenue and Customs (excl. agencies)","EO","395","360","27760","26820"
"In post","2022","Finance","HM Revenue and Customs (excl. agencies)","G6/G7","385","375","60560","58710"
"In post","2022","Finance","HM Revenue and Customs (excl. agencies)","SCS level","40","40","87460","79010"
"In post","2022","Finance","HM Revenue and Customs (excl. agencies)","SEO/HEO","865","835","37660","37930"
"In post","2022","Finance","HM Treasury (excl. agencies)","AA/AO","5","5","[c]","[c]"
"In post","2022","Finance","HM Treasury (excl. agencies)","EO","15","15","25090","24300"
"In post","2022","Finance","HM Treasury (excl. agencies)","G6/G7","50","50","61010","59680"
"In post","2022","Finance","HM Treasury (excl. agencies)","SCS level","10","10","[c]","[c]"
"In post","2022","Finance","HM Treasury (excl. agencies)","SEO/HEO","20","20","38050","37000"
"In post","2022","Finance","Institute for Apprenticeships and Technical Education","EO","[c]","[c]","[c]","[c]"
"In post","2022","Finance","Institute for Apprenticeships and Technical Education","G6/G7","[c]","[c]","[c]","[c]"
"In post","2022","Finance","Institute for Apprenticeships and Technical Education","SCS level","[c]","[c]","[c]","[c]"
"In post","2022","Finance","Institute for Apprenticeships and Technical Education","SEO/HEO","[c]","[c]","[c]","[c]"
"In post","2022","Finance","Intellectual Property Office","AA/AO","[c]","[c]","[c]","[c]"
"In post","2022","Finance","Intellectual Property Office","EO","5","5","[c]","[c]"
"In post","2022","Finance","Intellectual Property Office","G6/G7","5","5","[c]","[c]"
"In post","2022","Finance","Intellectual Property Office","SCS level","[c]","[c]","[c]","[c]"
"In post","2022","Finance","Intellectual Property Office","SEO/HEO","10","10","42300","44450"
"In post","2022","Finance","Legal Aid Agency","AA/AO","5","5","[c]","[c]"
"In post","2022","Finance","Legal Aid Agency","EO","5","5","[c]","[c]"
"In post","2022","Finance","Maritime and Coastguard Agency","AA/AO","5","5","[c]","[c]"
"In post","2022","Finance","Maritime and Coastguard Agency","EO","10","10","[c]","[c]"
"In post","2022","Finance","Maritime and Coastguard Agency","G6/G7","5","5","[c]","[c]"
"In post","2022","Finance","Maritime and Coastguard Agency","SCS level","[c]","[c]","[c]","[c]"
"In post","2022","Finance","Maritime and Coastguard Agency","SEO/HEO","15","15","35610","35210"
"In post","2022","Finance","Medicines and Healthcare Products Regulatory Agency","AA/AO","[c]","[c]","[c]","[c]"
"In post","2022","Finance","Medicines and Healthcare Products Regulatory Agency","EO","15","15","27550","27140"
"In post","2022","Finance","Medicines and Healthcare Products Regulatory Agency","G6/G7","10","10","59630","57150"
"In post","2022","Finance","Medicines and Healthcare Products Regulatory Agency","SCS level","[c]","[c]","[c]","[c]"
"In post","2022","Finance","Medicines and Healthcare Products Regulatory Agency","SEO/HEO","10","10","36730","36700"
"In post","2022","Finance","Met Office","EO","[c]","[c]","[c]","[c]"
"In post","2022","Finance","Met Office","G6/G7","15","15","51860","48550"
"In post","2022","Finance","Met Office","SCS level","[c]","[c]","[c]","[c]"
"In post","2022","Finance","Met Office","SEO/HEO","10","10","33870","32730"
"In post","2022","Finance","Ministry of Defence (excl. agencies)","AA/AO","195","175","21710","21380"
"In post","2022","Finance","Ministry of Defence (excl. agencies)","EO","445","425","27450","26670"
"In post","2022","Finance","Ministry of Defence (excl. agencies)","G6/G7","210","210","61200","58550"
"In post","2022","Finance","Ministry of Defence (excl. agencies)","SCS level","40","40","90350","87210"
"In post","2022","Finance","Ministry of Defence (excl. agencies)","SEO/HEO","730","710","39890","40000"
"In post","2022","Finance","Ministry of Justice (excl. agencies)","AA/AO","10","10","22800","23720"
"In post","2022","Finance","Ministry of Justice (excl. agencies)","EO","100","95","27030","26900"
"In post","2022","Finance","Ministry of Justice (excl. agencies)","G6/G7","135","130","61160","59940"
"In post","2022","Finance","Ministry of Justice (excl. agencies)","SCS level","15","15","90590","83600"
"In post","2022","Finance","Ministry of Justice (excl. agencies)","SEO/HEO","270","265","39280","41100"
"In post","2022","Finance","Ministry of Justice (excl. agencies)","Unknown","[c]","[c]","[c]","[c]"
"In post","2022","Finance","National Crime Agency","AA/AO","10","10","24480","24940"
"In post","2022","Finance","National Crime Agency","EO","15","15","29220","28840"
"In post","2022","Finance","National Crime Agency","G6/G7","5","5","[c]","[c]"
"In post","2022","Finance","National Crime Agency","SEO/HEO","25","25","43240","45480"
"In post","2022","Finance","National Savings and Investments","AA/AO","[c]","[c]","[c]","[c]"
"In post","2022","Finance","National Savings and Investments","EO","[c]","[c]","[c]","[c]"
"In post","2022","Finance","National Savings and Investments","G6/G7","5","5","[c]","[c]"
"In post","2022","Finance","National Savings and Investments","SCS level","[c]","[c]","[c]","[c]"
"In post","2022","Finance","National Savings and Investments","SEO/HEO","15","15","41300","44880"
"In post","2022","Finance","Northern Ireland Office","G6/G7","[c]","[c]","[c]","[c]"
"In post","2022","Finance","Northern Ireland Office","SCS level","[c]","[c]","[c]","[c]"
"In post","2022","Finance","Northern Ireland Office","SEO/HEO","5","5","[c]","[c]"
"In post","2022","Finance","Office for Budget Responsibility","G6/G7","[c]","[c]","[c]","[c]"
"In post","2022","Finance","Office for Budget Responsibility","SEO/HEO","[c]","[c]","[c]","[c]"
"In post","2022","Finance","Office for Standards in Education, Children's Services and Skills","AA/AO","5","5","[c]","[c]"
"In post","2022","Finance","Office for Standards in Education, Children's Services and Skills","EO","5","5","[c]","[c]"
"In post","2022","Finance","Office for Standards in Education, Children's Services and Skills","G6/G7","10","10","[c]","[c]"
"In post","2022","Finance","Office for Standards in Education, Children's Services and Skills","SCS level","[c]","[c]","[c]","[c]"
"In post","2022","Finance","Office for Standards in Education, Children's Services and Skills","SEO/HEO","10","10","35730","32010"
"In post","2022","Finance","Office of Gas and Electricity Markets","EO","10","10","[c]","[c]"
"In post","2022","Finance","Office of Gas and Electricity Markets","G6/G7","10","10","62080","59160"
"In post","2022","Finance","Office of Gas and Electricity Markets","SCS level","[c]","[c]","[c]","[c]"
"In post","2022","Finance","Office of Gas and Electricity Markets","SEO/HEO","10","10","41690","42000"
"In post","2022","Finance","Office of Qualifications and Examinations Regulation","AA/AO","[c]","[c]","[c]","[c]"
"In post","2022","Finance","Office of Qualifications and Examinations Regulation","EO","5","5","[c]","[c]"
"In post","2022","Finance","Office of Qualifications and Examinations Regulation","SCS level","[c]","[c]","[c]","[c]"
"In post","2022","Finance","Office of Qualifications and Examinations Regulation","SEO/HEO","[c]","[c]","[c]","[c]"
"In post","2022","Finance","Office of Rail and Road","AA/AO","[c]","[c]","[c]","[c]"
"In post","2022","Finance","Office of Rail and Road","EO","[c]","[c]","[c]","[c]"
"In post","2022","Finance","Office of Rail and Road","G6/G7","[c]","[c]","[c]","[c]"
"In post","2022","Finance","Office of Rail and Road","SEO/HEO","[c]","[c]","[c]","[c]"
"In post","2022","Finance","Office of the Secretary of State for Wales","G6/G7","[c]","[c]","[c]","[c]"
"In post","2022","Finance","Office of the Secretary of State for Wales","SEO/HEO","[c]","[c]","[c]","[c]"
"In post","2022","Finance","Planning Inspectorate","AA/AO","[c]","[c]","[c]","[c]"
"In post","2022","Finance","Planning Inspectorate","EO","[c]","[c]","[c]","[c]"
"In post","2022","Finance","Planning Inspectorate","G6/G7","[c]","[c]","[c]","[c]"
"In post","2022","Finance","Planning Inspectorate","SCS level","[c]","[c]","[c]","[c]"
"In post","2022","Finance","Planning Inspectorate","SEO/HEO","5","5","[c]","[c]"
"In post","2022","Finance","Queen Elizabeth II Centre","AA/AO","[c]","[c]","[c]","[c]"
"In post","2022","Finance","Queen Elizabeth II Centre","EO","[c]","[c]","[c]","[c]"
"In post","2022","Finance","Queen Elizabeth II Centre","G6/G7","[c]","[c]","[c]","[c]"
"In post","2022","Finance","Queen Elizabeth II Centre","SEO/HEO","[c]","[c]","[c]","[c]"
"In post","2022","Finance","Registers of Scotland","AA/AO","5","5","[c]","[c]"
"In post","2022","Finance","Registers of Scotland","EO","5","5","[c]","[c]"
"In post","2022","Finance","Registers of Scotland","G6/G7","[c]","[c]","[c]","[c]"
"In post","2022","Finance","Registers of Scotland","SEO/HEO","10","10","37700","37710"
"In post","2022","Finance","Scottish Courts and Tribunals Service","AA/AO","5","5","[c]","[c]"
"In post","2022","Finance","Scottish Courts and Tribunals Service","EO","5","5","[c]","[c]"
"In post","2022","Finance","Scottish Courts and Tribunals Service","G6/G7","5","5","[c]","[c]"
"In post","2022","Finance","Scottish Courts and Tribunals Service","SEO/HEO","20","15","40750","43580"
"In post","2022","Finance","Scottish Prison Service","AA/AO","35","35","24910","26900"
"In post","2022","Finance","Scottish Prison Service","EO","5","5","[c]","[c]"
"In post","2022","Finance","Scottish Prison Service","G6/G7","5","5","[c]","[c]"
"In post","2022","Finance","Scottish Prison Service","SCS level","[c]","[c]","[c]","[c]"
"In post","2022","Finance","Scottish Prison Service","SEO/HEO","20","20","40290","40290"
"In post","2022","Finance","Serious Fraud Office","EO","[c]","[c]","[c]","[c]"
"In post","2022","Finance","Serious Fraud Office","G6/G7","10","10","[c]","[c]"
"In post","2022","Finance","Serious Fraud Office","SCS level","[c]","[c]","[c]","[c]"
"In post","2022","Finance","Serious Fraud Office","SEO/HEO","[c]","[c]","[c]","[c]"
"In post","2022","Finance","Submarine Delivery Agency","Unknown","50","45","52820","46000"
"In post","2022","Finance","The Insolvency Service","EO","5","5","[c]","[c]"
"In post","2022","Finance","The Insolvency Service","G6/G7","10","10","57280","55300"
"In post","2022","Finance","The Insolvency Service","SCS level","[c]","[c]","[c]","[c]"
"In post","2022","Finance","The Insolvency Service","SEO/HEO","25","25","37680","41870"
"In post","2022","Finance","The National Archives","EO","[c]","[c]","[c]","[c]"
"In post","2022","Finance","The National Archives","G6/G7","[c]","[c]","[c]","[c]"
"In post","2022","Finance","The National Archives","SEO/HEO","5","5","[c]","[c]"
"In post","2022","Finance","UK Debt Management Office","EO","[c]","[c]","[c]","[c]"
"In post","2022","Finance","UK Debt Management Office","G6/G7","5","5","[c]","[c]"
"In post","2022","Finance","UK Debt Management Office","SEO/HEO","[c]","[c]","[c]","[c]"
"In post","2022","Finance","UK Export Finance","EO","20","20","29390","29000"
"In post","2022","Finance","UK Export Finance","G6/G7","15","15","67490","68590"
"In post","2022","Finance","UK Export Finance","SCS level","[c]","[c]","[c]","[c]"
"In post","2022","Finance","UK Export Finance","SEO/HEO","25","25","41020","41000"
"In post","2022","Finance","UK Health Security Agency","AA/AO","10","10","[c]","[c]"
"In post","2022","Finance","UK Health Security Agency","EO","25","25","24960","24100"
"In post","2022","Finance","UK Health Security Agency","G6/G7","35","35","59690","58800"
"In post","2022","Finance","UK Health Security Agency","SCS level","[c]","[c]","[c]","[c]"
"In post","2022","Finance","UK Health Security Agency","SEO/HEO","35","35","37960","38570"
"In post","2022","Finance","UK Hydrographic Office","AA/AO","[c]","[c]","[c]","[c]"
"In post","2022","Finance","UK Hydrographic Office","EO","[c]","[c]","[c]","[c]"
"In post","2022","Finance","UK Hydrographic Office","G6/G7","[c]","[c]","[c]","[c]"
"In post","2022","Finance","UK Hydrographic Office","SCS level","[c]","[c]","[c]","[c]"
"In post","2022","Finance","UK Hydrographic Office","SEO/HEO","5","5","[c]","[c]"
"In post","2022","Finance","UK Space Agency","EO","[c]","[c]","[c]","[c]"
"In post","2022","Finance","UK Space Agency","G6/G7","[c]","[c]","[c]","[c]"
"In post","2022","Finance","UK Space Agency","SCS level","[c]","[c]","[c]","[c]"
"In post","2022","Finance","UK Space Agency","SEO/HEO","10","10","[c]","[c]"
"In post","2022","Finance","UK Statistics Authority","AA/AO","10","10","20060","19860"
"In post","2022","Finance","UK Statistics Authority","EO","10","10","24430","23880"
"In post","2022","Finance","UK Statistics Authority","G6/G7","15","10","54350","51210"
"In post","2022","Finance","UK Statistics Authority","SCS level","[c]","[c]","[c]","[c]"
"In post","2022","Finance","UK Statistics Authority","SEO/HEO","15","15","33280","31250"
"In post","2022","Finance","UK Supreme Court","G6/G7","[c]","[c]","[c]","[c]"
"In post","2022","Finance","UK Supreme Court","SEO/HEO","[c]","[c]","[c]","[c]"
"In post","2022","Finance","Valuation Office Agency","AA/AO","[c]","[c]","[c]","[c]"
"In post","2022","Finance","Valuation Office Agency","EO","15","15","27040","26700"
"In post","2022","Finance","Valuation Office Agency","G6/G7","20","20","60830","58250"
"In post","2022","Finance","Valuation Office Agency","SCS level","[c]","[c]","[c]","[c]"
"In post","2022","Finance","Valuation Office Agency","SEO/HEO","30","30","37900","38250"
"In post","2022","Finance","Vehicle Certification Agency","AA/AO","[c]","[c]","[c]","[c]"
"In post","2022","Finance","Vehicle Certification Agency","EO","[c]","[c]","[c]","[c]"
"In post","2022","Finance","Vehicle Certification Agency","G6/G7","[c]","[c]","[c]","[c]"
"In post","2022","Finance","Vehicle Certification Agency","SEO/HEO","[c]","[c]","[c]","[c]"
"In post","2022","Finance","Veterinary Medicines Directorate","AA/AO","[c]","[c]","[c]","[c]"
"In post","2022","Finance","Veterinary Medicines Directorate","EO","[c]","[c]","[c]","[c]"
"In post","2022","Finance","Water Services Regulation Authority","AA/AO","[c]","[c]","[c]","[c]"
"In post","2022","Finance","Water Services Regulation Authority","G6/G7","10","10","79690","77890"
"In post","2022","Finance","Water Services Regulation Authority","SCS level","[c]","[c]","[c]","[c]"
"In post","2022","Finance","Water Services Regulation Authority","SEO/HEO","15","15","46330","42840"
"In post","2022","Finance","Welsh Revenue Authority","EO","5","5","[c]","[c]"
"In post","2022","Finance","Welsh Revenue Authority","G6/G7","[c]","[c]","[c]","[c]"
"In post","2022","Finance","Welsh Revenue Authority","SEO/HEO","[c]","[c]","[c]","[c]"
"In post","2022","Finance","Wilton Park","EO","[c]","[c]","[c]","[c]"
"In post","2022","Finance","Wilton Park","G6/G7","[c]","[c]","[c]","[c]"
"In post","2022","Finance","Wilton Park","SEO/HEO","[c]","[c]","[c]","[c]"
"In post","2022","Grants Management","Rural Payments Agency","AA/AO","1285","1170","21280","21300"
"In post","2022","Grants Management","Rural Payments Agency","EO","605","555","25440","25190"
"In post","2022","Grants Management","Rural Payments Agency","G6/G7","65","65","51810","49370"
"In post","2022","Grants Management","Rural Payments Agency","SCS level","10","5","[c]","[c]"
"In post","2022","Grants Management","Rural Payments Agency","SEO/HEO","360","335","32600","31080"
"In post","2022","Grants Management","The National Archives","G6/G7","[c]","[c]","[c]","[c]"
"In post","2022","Grants Management","The National Archives","SEO/HEO","[c]","[c]","[c]","[c]"
"In post","2022","Human Resources","Advisory, Conciliation and Arbitration Service","AA/AO","[c]","[c]","[c]","[c]"
"In post","2022","Human Resources","Advisory, Conciliation and Arbitration Service","EO","5","5","[c]","[c]"
"In post","2022","Human Resources","Advisory, Conciliation and Arbitration Service","G6/G7","5","5","[c]","[c]"
"In post","2022","Human Resources","Advisory, Conciliation and Arbitration Service","SCS level","[c]","[c]","[c]","[c]"
"In post","2022","Human Resources","Advisory, Conciliation and Arbitration Service","SEO/HEO","15","15","38450","39580"
"In post","2022","Human Resources","Cabinet Office (excl. agencies)","AA/AO","185","165","21160","21050"
"In post","2022","Human Resources","Cabinet Office (excl. agencies)","EO","190","180","25920","25550"
"In post","2022","Human Resources","Cabinet Office (excl. agencies)","G6/G7","295","285","56930","54700"
"In post","2022","Human Resources","Cabinet Office (excl. agencies)","SCS level","45","45","89750","80000"
"In post","2022","Human Resources","Cabinet Office (excl. agencies)","SEO/HEO","430","415","36050","36320"
"In post","2022","Human Resources","Centre for Environment, Fisheries and Aquaculture Science","EO","[c]","[c]","[c]","[c]"
"In post","2022","Human Resources","Centre for Environment, Fisheries and Aquaculture Science","G6/G7","[c]","[c]","[c]","[c]"
"In post","2022","Human Resources","Centre for Environment, Fisheries and Aquaculture Science","SEO/HEO","5","5","[c]","[c]"
"In post","2022","Human Resources","Charity Commission","AA/AO","[c]","[c]","[c]","[c]"
"In post","2022","Human Resources","Charity Commission","EO","[c]","[c]","[c]","[c]"
"In post","2022","Human Resources","Charity Commission","G6/G7","[c]","[c]","[c]","[c]"
"In post","2022","Human Resources","Charity Commission","SEO/HEO","10","10","33410","31040"
"In post","2022","Human Resources","Companies House","AA/AO","5","5","[c]","[c]"
"In post","2022","Human Resources","Companies House","EO","10","10","25620","24620"
"In post","2022","Human Resources","Companies House","G6/G7","15","15","54490","51290"
"In post","2022","Human Resources","Companies House","SEO/HEO","25","25","36970","39820"
"In post","2022","Human Resources","Competition and Markets Authority","EO","5","5","[c]","[c]"
"In post","2022","Human Resources","Competition and Markets Authority","G6/G7","15","15","61910","59000"
"In post","2022","Human Resources","Competition and Markets Authority","SCS level","[c]","[c]","[c]","[c]"
"In post","2022","Human Resources","Competition and Markets Authority","SEO/HEO","20","15","39190","38660"
"In post","2022","Human Resources","Crown Commercial Service","EO","10","10","[c]","[c]"
"In post","2022","Human Resources","Crown Commercial Service","G6/G7","10","10","56960","56530"
"In post","2022","Human Resources","Crown Commercial Service","SCS level","[c]","[c]","[c]","[c]"
"In post","2022","Human Resources","Crown Commercial Service","SEO/HEO","15","15","35430","34180"
"In post","2022","Human Resources","Crown Office and Procurator Fiscal Service","AA/AO","10","10","[c]","[c]"
"In post","2022","Human Resources","Crown Office and Procurator Fiscal Service","EO","10","10","27790","27230"
"In post","2022","Human Resources","Crown Office and Procurator Fiscal Service","G6/G7","5","5","[c]","[c]"
"In post","2022","Human Resources","Crown Office and Procurator Fiscal Service","SEO/HEO","20","20","35880","34600"
"In post","2022","Human Resources","Crown Prosecution Service","AA/AO","20","20","21660","22200"
"In post","2022","Human Resources","Crown Prosecution Service","EO","30","30","26450","25920"
"In post","2022","Human Resources","Crown Prosecution Service","G6/G7","60","60","59460","55610"
"In post","2022","Human Resources","Crown Prosecution Service","SCS level","[c]","[c]","[c]","[c]"
"In post","2022","Human Resources","Crown Prosecution Service","SEO/HEO","65","65","34460","33310"
"In post","2022","Human Resources","Defence Electronics and Components Agency","AA/AO","[c]","[c]","[c]","[c]"
"In post","2022","Human Resources","Defence Electronics and Components Agency","EO","[c]","[c]","[c]","[c]"
"In post","2022","Human Resources","Defence Electronics and Components Agency","G6/G7","[c]","[c]","[c]","[c]"
"In post","2022","Human Resources","Defence Electronics and Components Agency","SEO/HEO","[c]","[c]","[c]","[c]"
"In post","2022","Human Resources","Defence Equipment and Support","EO","50","45","21440","20900"
"In post","2022","Human Resources","Defence Equipment and Support","G6/G7","45","45","57940","54850"
"In post","2022","Human Resources","Defence Equipment and Support","SCS level","10","10","[c]","[c]"
"In post","2022","Human Resources","Defence Equipment and Support","SEO/HEO","125","115","32220","32440"
"In post","2022","Human Resources","Defence Science and Technology Laboratory","AA/AO","[c]","[c]","[c]","[c]"
"In post","2022","Human Resources","Defence Science and Technology Laboratory","EO","30","25","24320","23490"
"In post","2022","Human Resources","Defence Science and Technology Laboratory","G6/G7","20","20","52370","47180"
"In post","2022","Human Resources","Defence Science and Technology Laboratory","SCS level","[c]","[c]","[c]","[c]"
"In post","2022","Human Resources","Defence Science and Technology Laboratory","SEO/HEO","30","30","33410","32670"
"In post","2022","Human Resources","Department for Business, Energy and Industrial Strategy (excl. agencies)","EO","20","20","27100","27690"
"In post","2022","Human Resources","Department for Business, Energy and Industrial Strategy (excl. agencies)","G6/G7","50","50","57180","53870"
"In post","2022","Human Resources","Department for Business, Energy and Industrial Strategy (excl. agencies)","SCS level","5","5","[c]","[c]"
"In post","2022","Human Resources","Department for Business, Energy and Industrial Strategy (excl. agencies)","SEO/HEO","35","35","35780","33880"
"In post","2022","Human Resources","Department for Digital, Culture, Media and Sport","AA/AO","[c]","[c]","[c]","[c]"
"In post","2022","Human Resources","Department for Digital, Culture, Media and Sport","EO","20","20","26590","26180"
"In post","2022","Human Resources","Department for Digital, Culture, Media and Sport","G6/G7","30","30","59220","57250"
"In post","2022","Human Resources","Department for Digital, Culture, Media and Sport","SCS level","[c]","[c]","[c]","[c]"
"In post","2022","Human Resources","Department for Digital, Culture, Media and Sport","SEO/HEO","25","25","34870","34280"
"In post","2022","Human Resources","Department for Education (excl. agencies)","AA/AO","15","15","21250","21250"
"In post","2022","Human Resources","Department for Education (excl. agencies)","EO","35","35","25240","25000"
"In post","2022","Human Resources","Department for Education (excl. agencies)","G6/G7","25","25","55180","52070"
"In post","2022","Human Resources","Department for Education (excl. agencies)","SCS level","[c]","[c]","[c]","[c]"
"In post","2022","Human Resources","Department for Education (excl. agencies)","SEO/HEO","65","60","33690","32940"
"In post","2022","Human Resources","Department for Environment, Food and Rural Affairs (excl. agencies)","AA/AO","15","10","22110","21300"
"In post","2022","Human Resources","Department for Environment, Food and Rural Affairs (excl. agencies)","EO","35","30","26300","25620"
"In post","2022","Human Resources","Department for Environment, Food and Rural Affairs (excl. agencies)","G6/G7","115","110","53310","50800"
"In post","2022","Human Resources","Department for Environment, Food and Rural Affairs (excl. agencies)","SCS level","10","10","78410","74520"
"In post","2022","Human Resources","Department for Environment, Food and Rural Affairs (excl. agencies)","SEO/HEO","140","135","34960","35900"
"In post","2022","Human Resources","Department for Environment, Food and Rural Affairs (excl. agencies)","Unknown","[c]","[c]","[c]","[c]"
"In post","2022","Human Resources","Department for International Trade","EO","30","30","27420","26510"
"In post","2022","Human Resources","Department for International Trade","G6/G7","55","50","56650","53990"
"In post","2022","Human Resources","Department for International Trade","SCS level","5","5","[c]","[c]"
"In post","2022","Human Resources","Department for International Trade","SEO/HEO","35","35","34730","33890"
"In post","2022","Human Resources","Department for Levelling Up, Housing and Communities (excl. agencies)","AA/AO","15","10","23600","23320"
"In post","2022","Human Resources","Department for Levelling Up, Housing and Communities (excl. agencies)","EO","5","5","[c]","[c]"
"In post","2022","Human Resources","Department for Levelling Up, Housing and Communities (excl. agencies)","G6/G7","30","30","56890","55290"
"In post","2022","Human Resources","Department for Levelling Up, Housing and Communities (excl. agencies)","SCS level","5","5","[c]","[c]"
"In post","2022","Human Resources","Department for Levelling Up, Housing and Communities (excl. agencies)","SEO/HEO","30","30","33460","32500"
"In post","2022","Human Resources","Department for Transport (excl. agencies)","EO","10","10","28300","28050"
"In post","2022","Human Resources","Department for Transport (excl. agencies)","G6/G7","30","30","56250","54700"
"In post","2022","Human Resources","Department for Transport (excl. agencies)","SCS level","5","5","[c]","[c]"
"In post","2022","Human Resources","Department for Transport (excl. agencies)","SEO/HEO","45","45","34900","34710"
"In post","2022","Human Resources","Department for Work and Pensions (excl. agencies)","AA/AO","45","40","21620","21260"
"In post","2022","Human Resources","Department for Work and Pensions (excl. agencies)","EO","735","685","28000","27570"
"In post","2022","Human Resources","Department for Work and Pensions (excl. agencies)","G6/G7","210","200","54280","51960"
"In post","2022","Human Resources","Department for Work and Pensions (excl. agencies)","SCS level","15","15","78880","75820"
"In post","2022","Human Resources","Department for Work and Pensions (excl. agencies)","SEO/HEO","510","475","34740","34290"
"In post","2022","Human Resources","Department of Health and Social Care (excl. agencies)","EO","55","55","27480","27270"
"In post","2022","Human Resources","Department of Health and Social Care (excl. agencies)","G6/G7","35","35","55900","53360"
"In post","2022","Human Resources","Department of Health and Social Care (excl. agencies)","SCS level","[c]","[c]","[c]","[c]"
"In post","2022","Human Resources","Department of Health and Social Care (excl. agencies)","SEO/HEO","60","60","35810","32790"
"In post","2022","Human Resources","Driver and Vehicle Licensing Agency","AA/AO","30","25","21350","21840"
"In post","2022","Human Resources","Driver and Vehicle Licensing Agency","EO","50","45","26470","26470"
"In post","2022","Human Resources","Driver and Vehicle Licensing Agency","G6/G7","10","10","55160","55320"
"In post","2022","Human Resources","Driver and Vehicle Licensing Agency","SEO/HEO","100","95","34660","32790"
"In post","2022","Human Resources","Driver and Vehicle Standards Agency","AA/AO","15","10","21080","21840"
"In post","2022","Human Resources","Driver and Vehicle Standards Agency","EO","30","25","29960","30280"
"In post","2022","Human Resources","Driver and Vehicle Standards Agency","G6/G7","15","15","52980","50110"
"In post","2022","Human Resources","Driver and Vehicle Standards Agency","SCS level","[c]","[c]","[c]","[c]"
"In post","2022","Human Resources","Driver and Vehicle Standards Agency","SEO/HEO","65","60","36940","38650"
"In post","2022","Human Resources","Education and Skills Funding Agency","EO","[c]","[c]","[c]","[c]"
"In post","2022","Human Resources","Education and Skills Funding Agency","G6/G7","[c]","[c]","[c]","[c]"
"In post","2022","Human Resources","Education and Skills Funding Agency","SEO/HEO","5","5","[c]","[c]"
"In post","2022","Human Resources","Estyn","AA/AO","[c]","[c]","[c]","[c]"
"In post","2022","Human Resources","Estyn","EO","[c]","[c]","[c]","[c]"
"In post","2022","Human Resources","Estyn","SEO/HEO","[c]","[c]","[c]","[c]"
"In post","2022","Human Resources","FCDO Services","AA/AO","5","5","[c]","[c]"
"In post","2022","Human Resources","FCDO Services","EO","15","10","27450","26100"
"In post","2022","Human Resources","FCDO Services","G6/G7","10","10","71130","68250"
"In post","2022","Human Resources","FCDO Services","SEO/HEO","10","10","42710","43110"
"In post","2022","Human Resources","Food Standards Agency","EO","10","10","[c]","[c]"
"In post","2022","Human Resources","Food Standards Agency","G6/G7","15","10","55780","54950"
"In post","2022","Human Resources","Food Standards Agency","SCS level","[c]","[c]","[c]","[c]"
"In post","2022","Human Resources","Food Standards Agency","SEO/HEO","15","15","35190","37350"
"In post","2022","Human Resources","Foreign, Commonwealth and Development Office (excl. agencies)","AA/AO","20","15","24880","23710"
"In post","2022","Human Resources","Foreign, Commonwealth and Development Office (excl. agencies)","EO","35","30","29140","29300"
"In post","2022","Human Resources","Foreign, Commonwealth and Development Office (excl. agencies)","G6/G7","110","105","60460","58850"
"In post","2022","Human Resources","Foreign, Commonwealth and Development Office (excl. agencies)","SCS level","25","25","77460","77060"
"In post","2022","Human Resources","Foreign, Commonwealth and Development Office (excl. agencies)","SEO/HEO","110","105","37850","37560"
"In post","2022","Human Resources","Government Actuary's Department","AA/AO","[c]","[c]","[c]","[c]"
"In post","2022","Human Resources","Government Actuary's Department","EO","[c]","[c]","[c]","[c]"
"In post","2022","Human Resources","Government Actuary's Department","G6/G7","[c]","[c]","[c]","[c]"
"In post","2022","Human Resources","Government Actuary's Department","SEO/HEO","[c]","[c]","[c]","[c]"
"In post","2022","Human Resources","Government Internal Audit Agency","G6/G7","[c]","[c]","[c]","[c]"
"In post","2022","Human Resources","Government Internal Audit Agency","SCS level","[c]","[c]","[c]","[c]"
"In post","2022","Human Resources","Government Internal Audit Agency","SEO/HEO","5","5","[c]","[c]"
"In post","2022","Human Resources","Government Legal Department","AA/AO","15","10","23710","23570"
"In post","2022","Human Resources","Government Legal Department","EO","15","15","27310","26950"
"In post","2022","Human Resources","Government Legal Department","G6/G7","20","20","56680","51250"
"In post","2022","Human Resources","Government Legal Department","SCS level","[c]","[c]","[c]","[c]"
"In post","2022","Human Resources","Government Legal Department","SEO/HEO","20","20","33760","32250"
"In post","2022","Human Resources","Health and Safety Executive","AA/AO","20","15","21290","20730"
"In post","2022","Human Resources","Health and Safety Executive","EO","10","10","26970","26990"
"In post","2022","Human Resources","Health and Safety Executive","G6/G7","35","30","56310","54710"
"In post","2022","Human Resources","Health and Safety Executive","SCS level","[c]","[c]","[c]","[c]"
"In post","2022","Human Resources","Health and Safety Executive","SEO/HEO","45","45","36250","35950"
"In post","2022","Human Resources","HM Courts and Tribunals Service","AA/AO","[c]","[c]","[c]","[c]"
"In post","2022","Human Resources","HM Courts and Tribunals Service","EO","15","15","25860","25120"
"In post","2022","Human Resources","HM Courts and Tribunals Service","G6/G7","20","20","55470","54560"
"In post","2022","Human Resources","HM Courts and Tribunals Service","SCS level","[c]","[c]","[c]","[c]"
"In post","2022","Human Resources","HM Courts and Tribunals Service","SEO/HEO","30","30","35460","36050"
"In post","2022","Human Resources","HM Land Registry","AA/AO","5","5","[c]","[c]"
"In post","2022","Human Resources","HM Land Registry","EO","25","25","27130","27130"
"In post","2022","Human Resources","HM Land Registry","G6/G7","10","10","61860","60080"
"In post","2022","Human Resources","HM Land Registry","SCS level","[c]","[c]","[c]","[c]"
"In post","2022","Human Resources","HM Land Registry","SEO/HEO","55","50","40140","38550"
"In post","2022","Human Resources","HM Prison and Probation Service","AA/AO","[c]","[c]","[c]","[c]"
"In post","2022","Human Resources","HM Prison and Probation Service","EO","20","20","31150","30780"
"In post","2022","Human Resources","HM Prison and Probation Service","G6/G7","35","35","66700","65330"
"In post","2022","Human Resources","HM Prison and Probation Service","SEO/HEO","100","100","44500","46080"
"In post","2022","Human Resources","HM Prison and Probation Service","Unknown","5","5","[c]","[c]"
"In post","2022","Human Resources","HM Revenue and Customs (excl. agencies)","AA/AO","285","245","21780","21680"
"In post","2022","Human Resources","HM Revenue and Customs (excl. agencies)","EO","380","350","27160","26820"
"In post","2022","Human Resources","HM Revenue and Customs (excl. agencies)","G6/G7","315","305","58870","55210"
"In post","2022","Human Resources","HM Revenue and Customs (excl. agencies)","SCS level","30","30","89150","81230"
"In post","2022","Human Resources","HM Revenue and Customs (excl. agencies)","SEO/HEO","670","635","36230","33430"
"In post","2022","Human Resources","HM Treasury (excl. agencies)","AA/AO","15","10","21100","20750"
"In post","2022","Human Resources","HM Treasury (excl. agencies)","EO","25","20","25050","24050"
"In post","2022","Human Resources","HM Treasury (excl. agencies)","G6/G7","40","35","56950","52840"
"In post","2022","Human Resources","HM Treasury (excl. agencies)","SCS level","[c]","[c]","[c]","[c]"
"In post","2022","Human Resources","HM Treasury (excl. agencies)","SEO/HEO","20","20","37860","37900"
"In post","2022","Human Resources","Institute for Apprenticeships and Technical Education","AA/AO","[c]","[c]","[c]","[c]"
"In post","2022","Human Resources","Institute for Apprenticeships and Technical Education","EO","[c]","[c]","[c]","[c]"
"In post","2022","Human Resources","Institute for Apprenticeships and Technical Education","G6/G7","5","5","[c]","[c]"
"In post","2022","Human Resources","Institute for Apprenticeships and Technical Education","SEO/HEO","[c]","[c]","[c]","[c]"
"In post","2022","Human Resources","Intellectual Property Office","AA/AO","10","5","[c]","[c]"
"In post","2022","Human Resources","Intellectual Property Office","EO","15","10","25430","24030"
"In post","2022","Human Resources","Intellectual Property Office","G6/G7","15","15","59160","57380"
"In post","2022","Human Resources","Intellectual Property Office","SEO/HEO","25","20","35660","36000"
"In post","2022","Human Resources","Maritime and Coastguard Agency","AA/AO","[c]","[c]","[c]","[c]"
"In post","2022","Human Resources","Maritime and Coastguard Agency","EO","10","10","26290","26130"
"In post","2022","Human Resources","Maritime and Coastguard Agency","G6/G7","5","5","[c]","[c]"
"In post","2022","Human Resources","Maritime and Coastguard Agency","SEO/HEO","15","15","35230","33350"
"In post","2022","Human Resources","Medicines and Healthcare Products Regulatory Agency","EO","5","5","[c]","[c]"
"In post","2022","Human Resources","Medicines and Healthcare Products Regulatory Agency","G6/G7","10","10","58120","53870"
"In post","2022","Human Resources","Medicines and Healthcare Products Regulatory Agency","SCS level","[c]","[c]","[c]","[c]"
"In post","2022","Human Resources","Medicines and Healthcare Products Regulatory Agency","SEO/HEO","10","10","36720","36770"
"In post","2022","Human Resources","Met Office","EO","10","5","[c]","[c]"
"In post","2022","Human Resources","Met Office","G6/G7","25","20","50220","47960"
"In post","2022","Human Resources","Met Office","SCS level","[c]","[c]","[c]","[c]"
"In post","2022","Human Resources","Met Office","SEO/HEO","40","40","34580","33350"
"In post","2022","Human Resources","Ministry of Defence (excl. agencies)","AA/AO","755","685","21550","21280"
"In post","2022","Human Resources","Ministry of Defence (excl. agencies)","EO","325","305","27300","26670"
"In post","2022","Human Resources","Ministry of Defence (excl. agencies)","G6/G7","155","150","59900","59580"
"In post","2022","Human Resources","Ministry of Defence (excl. agencies)","SCS level","25","25","89990","80000"
"In post","2022","Human Resources","Ministry of Defence (excl. agencies)","SEO/HEO","560","535","37260","36460"
"In post","2022","Human Resources","Ministry of Justice (excl. agencies)","AA/AO","25","20","21190","21310"
"In post","2022","Human Resources","Ministry of Justice (excl. agencies)","EO","75","75","27080","26900"
"In post","2022","Human Resources","Ministry of Justice (excl. agencies)","G6/G7","170","170","59700","59000"
"In post","2022","Human Resources","Ministry of Justice (excl. agencies)","SCS level","15","15","89000","86370"
"In post","2022","Human Resources","Ministry of Justice (excl. agencies)","SEO/HEO","650","625","35660","34260"
"In post","2022","Human Resources","Ministry of Justice (excl. agencies)","Unknown","[c]","[c]","[c]","[c]"
"In post","2022","Human Resources","National Crime Agency","AA/AO","15","15","23320","23410"
"In post","2022","Human Resources","National Crime Agency","EO","35","30","30850","28840"
"In post","2022","Human Resources","National Crime Agency","G6/G7","20","20","59980","58470"
"In post","2022","Human Resources","National Crime Agency","SCS level","[c]","[c]","[c]","[c]"
"In post","2022","Human Resources","National Crime Agency","SEO/HEO","105","100","41570","40170"
"In post","2022","Human Resources","National Savings and Investments","EO","[c]","[c]","[c]","[c]"
"In post","2022","Human Resources","National Savings and Investments","G6/G7","[c]","[c]","[c]","[c]"
"In post","2022","Human Resources","National Savings and Investments","SEO/HEO","5","5","[c]","[c]"
"In post","2022","Human Resources","Northern Ireland Office","EO","[c]","[c]","[c]","[c]"
"In post","2022","Human Resources","Northern Ireland Office","G6/G7","[c]","[c]","[c]","[c]"
"In post","2022","Human Resources","Northern Ireland Office","SEO/HEO","[c]","[c]","[c]","[c]"
"In post","2022","Human Resources","Office for Standards in Education, Children's Services and Skills","AA/AO","10","10","20200","21410"
"In post","2022","Human Resources","Office for Standards in Education, Children's Services and Skills","EO","10","10","[c]","[c]"
"In post","2022","Human Resources","Office for Standards in Education, Children's Services and Skills","G6/G7","15","15","63580","59810"
"In post","2022","Human Resources","Office for Standards in Education, Children's Services and Skills","SCS level","[c]","[c]","[c]","[c]"
"In post","2022","Human Resources","Office for Standards in Education, Children's Services and Skills","SEO/HEO","25","25","35550","32010"
"In post","2022","Human Resources","Office of Gas and Electricity Markets","AA/AO","5","5","[c]","[c]"
"In post","2022","Human Resources","Office of Gas and Electricity Markets","EO","5","5","[c]","[c]"
"In post","2022","Human Resources","Office of Gas and Electricity Markets","G6/G7","15","15","57590","55000"
"In post","2022","Human Resources","Office of Gas and Electricity Markets","SCS level","[c]","[c]","[c]","[c]"
"In post","2022","Human Resources","Office of Gas and Electricity Markets","SEO/HEO","15","15","38210","36900"
"In post","2022","Human Resources","Office of Qualifications and Examinations Regulation","AA/AO","[c]","[c]","[c]","[c]"
"In post","2022","Human Resources","Office of Qualifications and Examinations Regulation","EO","[c]","[c]","[c]","[c]"
"In post","2022","Human Resources","Office of Qualifications and Examinations Regulation","G6/G7","[c]","[c]","[c]","[c]"
"In post","2022","Human Resources","Office of Qualifications and Examinations Regulation","SEO/HEO","5","5","[c]","[c]"
"In post","2022","Human Resources","Office of Rail and Road","EO","[c]","[c]","[c]","[c]"
"In post","2022","Human Resources","Office of Rail and Road","G6/G7","5","5","[c]","[c]"
"In post","2022","Human Resources","Office of Rail and Road","SEO/HEO","[c]","[c]","[c]","[c]"
"In post","2022","Human Resources","Office of the Secretary of State for Wales","EO","[c]","[c]","[c]","[c]"
"In post","2022","Human Resources","Office of the Secretary of State for Wales","G6/G7","[c]","[c]","[c]","[c]"
"In post","2022","Human Resources","Planning Inspectorate","AA/AO","[c]","[c]","[c]","[c]"
"In post","2022","Human Resources","Planning Inspectorate","EO","[c]","[c]","[c]","[c]"
"In post","2022","Human Resources","Planning Inspectorate","G6/G7","[c]","[c]","[c]","[c]"
"In post","2022","Human Resources","Planning Inspectorate","SEO/HEO","10","10","[c]","[c]"
"In post","2022","Human Resources","Queen Elizabeth II Centre","EO","[c]","[c]","[c]","[c]"
"In post","2022","Human Resources","Queen Elizabeth II Centre","G6/G7","[c]","[c]","[c]","[c]"
"In post","2022","Human Resources","Queen Elizabeth II Centre","SEO/HEO","[c]","[c]","[c]","[c]"
"In post","2022","Human Resources","Registers of Scotland","AA/AO","[c]","[c]","[c]","[c]"
"In post","2022","Human Resources","Registers of Scotland","EO","10","10","30410","30840"
"In post","2022","Human Resources","Registers of Scotland","G6/G7","[c]","[c]","[c]","[c]"
"In post","2022","Human Resources","Registers of Scotland","SEO/HEO","25","25","40410","37710"
"In post","2022","Human Resources","Scottish Courts and Tribunals Service","AA/AO","5","5","[c]","[c]"
"In post","2022","Human Resources","Scottish Courts and Tribunals Service","EO","5","5","[c]","[c]"
"In post","2022","Human Resources","Scottish Courts and Tribunals Service","G6/G7","[c]","[c]","[c]","[c]"
"In post","2022","Human Resources","Scottish Courts and Tribunals Service","SEO/HEO","15","15","38380","36360"
"In post","2022","Human Resources","Scottish Prison Service","AA/AO","40","35","23910","23330"
"In post","2022","Human Resources","Scottish Prison Service","EO","30","30","34280","35000"
"In post","2022","Human Resources","Scottish Prison Service","G6/G7","10","10","56710","54170"
"In post","2022","Human Resources","Scottish Prison Service","SEO/HEO","50","45","40930","40290"
"In post","2022","Human Resources","Serious Fraud Office","AA/AO","[c]","[c]","[c]","[c]"
"In post","2022","Human Resources","Serious Fraud Office","EO","[c]","[c]","[c]","[c]"
"In post","2022","Human Resources","Serious Fraud Office","G6/G7","[c]","[c]","[c]","[c]"
"In post","2022","Human Resources","Serious Fraud Office","SEO/HEO","5","5","[c]","[c]"
"In post","2022","Human Resources","Submarine Delivery Agency","Unknown","30","30","42850","41040"
"In post","2022","Human Resources","The Insolvency Service","EO","[c]","[c]","[c]","[c]"
"In post","2022","Human Resources","The Insolvency Service","G6/G7","10","10","[c]","[c]"
"In post","2022","Human Resources","The Insolvency Service","SCS level","[c]","[c]","[c]","[c]"
"In post","2022","Human Resources","The Insolvency Service","SEO/HEO","35","35","38820","40790"
"In post","2022","Human Resources","The National Archives","AA/AO","[c]","[c]","[c]","[c]"
"In post","2022","Human Resources","The National Archives","EO","5","5","[c]","[c]"
"In post","2022","Human Resources","The National Archives","G6/G7","5","5","[c]","[c]"
"In post","2022","Human Resources","The National Archives","SEO/HEO","5","5","[c]","[c]"
"In post","2022","Human Resources","UK Debt Management Office","SEO/HEO","[c]","[c]","[c]","[c]"
"In post","2022","Human Resources","UK Export Finance","AA/AO","[c]","[c]","[c]","[c]"
"In post","2022","Human Resources","UK Export Finance","EO","5","5","[c]","[c]"
"In post","2022","Human Resources","UK Export Finance","G6/G7","10","5","[c]","[c]"
"In post","2022","Human Resources","UK Export Finance","SCS level","[c]","[c]","[c]","[c]"
"In post","2022","Human Resources","UK Export Finance","SEO/HEO","15","10","40480","41000"
"In post","2022","Human Resources","UK Health Security Agency","AA/AO","15","15","23040","23780"
"In post","2022","Human Resources","UK Health Security Agency","EO","55","55","26590","26880"
"In post","2022","Human Resources","UK Health Security Agency","G6/G7","90","85","58500","59140"
"In post","2022","Human Resources","UK Health Security Agency","SCS level","15","10","86910","79530"
"In post","2022","Human Resources","UK Health Security Agency","SEO/HEO","100","100","35540","35530"
"In post","2022","Human Resources","UK Hydrographic Office","AA/AO","5","5","[c]","[c]"
"In post","2022","Human Resources","UK Hydrographic Office","EO","[c]","[c]","[c]","[c]"
"In post","2022","Human Resources","UK Hydrographic Office","G6/G7","[c]","[c]","[c]","[c]"
"In post","2022","Human Resources","UK Hydrographic Office","SCS level","[c]","[c]","[c]","[c]"
"In post","2022","Human Resources","UK Hydrographic Office","SEO/HEO","10","10","37480","33290"
"In post","2022","Human Resources","UK Space Agency","EO","[c]","[c]","[c]","[c]"
"In post","2022","Human Resources","UK Space Agency","G6/G7","[c]","[c]","[c]","[c]"
"In post","2022","Human Resources","UK Space Agency","SEO/HEO","5","5","[c]","[c]"
"In post","2022","Human Resources","UK Statistics Authority","AA/AO","10","10","[c]","[c]"
"In post","2022","Human Resources","UK Statistics Authority","EO","20","15","24540","24180"
"In post","2022","Human Resources","UK Statistics Authority","G6/G7","35","35","54150","51210"
"In post","2022","Human Resources","UK Statistics Authority","SCS level","5","5","[c]","[c]"
"In post","2022","Human Resources","UK Statistics Authority","SEO/HEO","75","70","33400","31700"
"In post","2022","Human Resources","UK Supreme Court","EO","[c]","[c]","[c]","[c]"
"In post","2022","Human Resources","UK Supreme Court","G6/G7","[c]","[c]","[c]","[c]"
"In post","2022","Human Resources","Valuation Office Agency","AA/AO","[c]","[c]","[c]","[c]"
"In post","2022","Human Resources","Valuation Office Agency","EO","15","10","27860","26950"
"In post","2022","Human Resources","Valuation Office Agency","G6/G7","20","20","61820","58050"
"In post","2022","Human Resources","Valuation Office Agency","SCS level","[c]","[c]","[c]","[c]"
"In post","2022","Human Resources","Valuation Office Agency","SEO/HEO","55","55","37190","34000"
"In post","2022","Human Resources","Vehicle Certification Agency","EO","[c]","[c]","[c]","[c]"
"In post","2022","Human Resources","Vehicle Certification Agency","SEO/HEO","[c]","[c]","[c]","[c]"
"In post","2022","Human Resources","Water Services Regulation Authority","EO","[c]","[c]","[c]","[c]"
"In post","2022","Human Resources","Water Services Regulation Authority","G6/G7","[c]","[c]","[c]","[c]"
"In post","2022","Human Resources","Water Services Regulation Authority","SEO/HEO","10","5","[c]","[c]"
"In post","2022","Human Resources","Welsh Revenue Authority","AA/AO","[c]","[c]","[c]","[c]"
"In post","2022","Human Resources","Welsh Revenue Authority","G6/G7","[c]","[c]","[c]","[c]"
"In post","2022","Human Resources","Welsh Revenue Authority","SCS level","[c]","[c]","[c]","[c]"
"In post","2022","Human Resources","Welsh Revenue Authority","SEO/HEO","[c]","[c]","[c]","[c]"
"In post","2022","Human Resources","Wilton Park","EO","[c]","[c]","[c]","[c]"
"In post","2022","Human Resources","Wilton Park","G6/G7","[c]","[c]","[c]","[c]"
"In post","2022","Internal Audit","Crown Prosecution Service","SEO/HEO","[c]","[c]","[c]","[c]"
"In post","2022","Internal Audit","Defence Science and Technology Laboratory","G6/G7","[c]","[c]","[c]","[c]"
"In post","2022","Internal Audit","Defence Science and Technology Laboratory","SEO/HEO","[c]","[c]","[c]","[c]"
"In post","2022","Internal Audit","Food Standards Agency","G6/G7","[c]","[c]","[c]","[c]"
"In post","2022","Internal Audit","Food Standards Agency","SEO/HEO","10","10","[c]","[c]"
"In post","2022","Internal Audit","Foreign, Commonwealth and Development Office (excl. agencies)","EO","[c]","[c]","[c]","[c]"
"In post","2022","Internal Audit","Foreign, Commonwealth and Development Office (excl. agencies)","G6/G7","15","15","53490","50490"
"In post","2022","Internal Audit","Foreign, Commonwealth and Development Office (excl. agencies)","SCS level","[c]","[c]","[c]","[c]"
"In post","2022","Internal Audit","Foreign, Commonwealth and Development Office (excl. agencies)","SEO/HEO","30","30","38030","38500"
"In post","2022","Internal Audit","Government Internal Audit Agency","AA/AO","5","5","[c]","[c]"
"In post","2022","Internal Audit","Government Internal Audit Agency","EO","15","10","28470","28300"
"In post","2022","Internal Audit","Government Internal Audit Agency","G6/G7","130","125","57410","56370"
"In post","2022","Internal Audit","Government Internal Audit Agency","SCS level","20","20","91110","87740"
"In post","2022","Internal Audit","Government Internal Audit Agency","SEO/HEO","195","180","41070","40960"
"In post","2022","Internal Audit","HM Land Registry","G6/G7","[c]","[c]","[c]","[c]"
"In post","2022","Internal Audit","HM Land Registry","SEO/HEO","5","5","[c]","[c]"
"In post","2022","Internal Audit","HM Prison and Probation Service","AA/AO","10","10","34840","35900"
"In post","2022","Internal Audit","HM Prison and Probation Service","G6/G7","10","10","[c]","[c]"
"In post","2022","Internal Audit","HM Prison and Probation Service","SEO/HEO","40","40","46590","50190"
"In post","2022","Internal Audit","HM Revenue and Customs (excl. agencies)","AA/AO","[c]","[c]","[c]","[c]"
"In post","2022","Internal Audit","HM Revenue and Customs (excl. agencies)","EO","[c]","[c]","[c]","[c]"
"In post","2022","Internal Audit","HM Revenue and Customs (excl. agencies)","G6/G7","15","15","58310","55220"
"In post","2022","Internal Audit","HM Revenue and Customs (excl. agencies)","SCS level","[c]","[c]","[c]","[c]"
"In post","2022","Internal Audit","HM Revenue and Customs (excl. agencies)","SEO/HEO","45","40","41290","42520"
"In post","2022","Internal Audit","Institute for Apprenticeships and Technical Education","G6/G7","[c]","[c]","[c]","[c]"
"In post","2022","Internal Audit","Intellectual Property Office","G6/G7","[c]","[c]","[c]","[c]"
"In post","2022","Internal Audit","Intellectual Property Office","SEO/HEO","[c]","[c]","[c]","[c]"
"In post","2022","Internal Audit","Maritime and Coastguard Agency","AA/AO","[c]","[c]","[c]","[c]"
"In post","2022","Internal Audit","Maritime and Coastguard Agency","EO","[c]","[c]","[c]","[c]"
"In post","2022","Internal Audit","Maritime and Coastguard Agency","G6/G7","[c]","[c]","[c]","[c]"
"In post","2022","Internal Audit","Maritime and Coastguard Agency","SEO/HEO","15","10","35790","38650"
"In post","2022","Internal Audit","Met Office","G6/G7","[c]","[c]","[c]","[c]"
"In post","2022","Internal Audit","Met Office","SEO/HEO","5","5","[c]","[c]"
"In post","2022","Internal Audit","Ministry of Defence (excl. agencies)","AA/AO","5","5","[c]","[c]"
"In post","2022","Internal Audit","Ministry of Defence (excl. agencies)","EO","25","25","27320","26670"
"In post","2022","Internal Audit","Ministry of Defence (excl. agencies)","G6/G7","15","15","60240","58550"
"In post","2022","Internal Audit","Ministry of Defence (excl. agencies)","SCS level","[c]","[c]","[c]","[c]"
"In post","2022","Internal Audit","Ministry of Defence (excl. agencies)","SEO/HEO","90","85","38310","37000"
"In post","2022","Internal Audit","Registers of Scotland","G6/G7","[c]","[c]","[c]","[c]"
"In post","2022","Internal Audit","Registers of Scotland","SEO/HEO","5","5","[c]","[c]"
"In post","2022","Internal Audit","Scottish Prison Service","AA/AO","[c]","[c]","[c]","[c]"
"In post","2022","Internal Audit","Scottish Prison Service","G6/G7","[c]","[c]","[c]","[c]"
"In post","2022","Internal Audit","Scottish Prison Service","SEO/HEO","[c]","[c]","[c]","[c]"
"In post","2022","Internal Audit","UK Debt Management Office","G6/G7","[c]","[c]","[c]","[c]"
"In post","2022","Internal Audit","UK Export Finance","G6/G7","[c]","[c]","[c]","[c]"
"In post","2022","Internal Audit","UK Export Finance","SEO/HEO","[c]","[c]","[c]","[c]"
"In post","2022","Internal Audit","UK Hydrographic Office","EO","[c]","[c]","[c]","[c]"
"In post","2022","Internal Audit","UK Hydrographic Office","G6/G7","[c]","[c]","[c]","[c]"
"In post","2022","Internal Audit","UK Hydrographic Office","SEO/HEO","5","5","[c]","[c]"
"In post","2022","Internal Audit","UK Statistics Authority","EO","[c]","[c]","[c]","[c]"
"In post","2022","Internal Audit","UK Statistics Authority","SEO/HEO","[c]","[c]","[c]","[c]"
"In post","2022","Internal Audit","Vehicle Certification Agency","EO","[c]","[c]","[c]","[c]"
"In post","2022","Internal Audit","Vehicle Certification Agency","SEO/HEO","[c]","[c]","[c]","[c]"
"In post","2022","Legal","Attorney General's Office","EO","[c]","[c]","[c]","[c]"
"In post","2022","Legal","Attorney General's Office","G6/G7","15","15","58910","57000"
"In post","2022","Legal","Attorney General's Office","SCS level","[c]","[c]","[c]","[c]"
"In post","2022","Legal","Attorney General's Office","SEO/HEO","5","5","[c]","[c]"
"In post","2022","Legal","Cabinet Office (excl. agencies)","AA/AO","[c]","[c]","[c]","[c]"
"In post","2022","Legal","Cabinet Office (excl. agencies)","EO","[c]","[c]","[c]","[c]"
"In post","2022","Legal","Cabinet Office (excl. agencies)","G6/G7","[c]","[c]","[c]","[c]"
"In post","2022","Legal","Cabinet Office (excl. agencies)","SCS level","50","50","85440","79760"
"In post","2022","Legal","Cabinet Office (excl. agencies)","SEO/HEO","[c]","[c]","[c]","[c]"
"In post","2022","Legal","Charity Commission","AA/AO","[c]","[c]","[c]","[c]"
"In post","2022","Legal","Charity Commission","EO","[c]","[c]","[c]","[c]"
"In post","2022","Legal","Charity Commission","G6/G7","20","20","55400","51930"
"In post","2022","Legal","Charity Commission","SCS level","[c]","[c]","[c]","[c]"
"In post","2022","Legal","Charity Commission","SEO/HEO","[c]","[c]","[c]","[c]"
"In post","2022","Legal","Companies House","AA/AO","[c]","[c]","[c]","[c]"
"In post","2022","Legal","Companies House","G6/G7","[c]","[c]","[c]","[c]"
"In post","2022","Legal","Companies House","SEO/HEO","[c]","[c]","[c]","[c]"
"In post","2022","Legal","Competition and Markets Authority","AA/AO","5","5","[c]","[c]"
"In post","2022","Legal","Competition and Markets Authority","EO","10","10","[c]","[c]"
"In post","2022","Legal","Competition and Markets Authority","G6/G7","105","105","67210","71370"
"In post","2022","Legal","Competition and Markets Authority","SCS level","30","30","106460","99920"
"In post","2022","Legal","Competition and Markets Authority","SEO/HEO","15","15","36760","35850"
"In post","2022","Legal","Crown Office and Procurator Fiscal Service","EO","60","60","28850","30360"
"In post","2022","Legal","Crown Office and Procurator Fiscal Service","G6/G7","180","170","69760","69780"
"In post","2022","Legal","Crown Office and Procurator Fiscal Service","SCS level","20","20","87320","83230"
"In post","2022","Legal","Crown Office and Procurator Fiscal Service","SEO/HEO","465","440","49900","52520"
"In post","2022","Legal","Crown Prosecution Service","AA/AO","1385","1270","22690","22200"
"In post","2022","Legal","Crown Prosecution Service","EO","1315","1220","27800","28430"
"In post","2022","Legal","Crown Prosecution Service","G6/G7","2855","2645","57200","55610"
"In post","2022","Legal","Crown Prosecution Service","SCS level","70","70","93230","88930"
"In post","2022","Legal","Crown Prosecution Service","SEO/HEO","690","665","35720","35020"
"In post","2022","Legal","Defence Science and Technology Laboratory","G6/G7","10","10","[c]","[c]"
"In post","2022","Legal","Defence Science and Technology Laboratory","SEO/HEO","[c]","[c]","[c]","[c]"
"In post","2022","Legal","Department for Education (excl. agencies)","AA/AO","[c]","[c]","[c]","[c]"
"In post","2022","Legal","Department for Education (excl. agencies)","EO","5","5","[c]","[c]"
"In post","2022","Legal","Department for Education (excl. agencies)","G6/G7","55","50","60570","61010"
"In post","2022","Legal","Department for Education (excl. agencies)","SEO/HEO","15","15","37470","36500"
"In post","2022","Legal","Department for Work and Pensions (excl. agencies)","AA/AO","5","5","[c]","[c]"
"In post","2022","Legal","Department for Work and Pensions (excl. agencies)","EO","35","30","27520","27570"
"In post","2022","Legal","Department for Work and Pensions (excl. agencies)","G6/G7","[c]","[c]","[c]","[c]"
"In post","2022","Legal","Department for Work and Pensions (excl. agencies)","SEO/HEO","20","20","32960","31990"
"In post","2022","Legal","Driver and Vehicle Standards Agency","G6/G7","[c]","[c]","[c]","[c]"
"In post","2022","Legal","Driver and Vehicle Standards Agency","SEO/HEO","5","5","[c]","[c]"
"In post","2022","Legal","FCDO Services","AA/AO","5","5","[c]","[c]"
"In post","2022","Legal","FCDO Services","EO","[c]","[c]","[c]","[c]"
"In post","2022","Legal","FCDO Services","G6/G7","45","25","57070","56210"
"In post","2022","Legal","FCDO Services","SEO/HEO","[c]","[c]","[c]","[c]"
"In post","2022","Legal","Food Standards Agency","AA/AO","[c]","[c]","[c]","[c]"
"In post","2022","Legal","Food Standards Agency","G6/G7","15","15","61760","60250"
"In post","2022","Legal","Food Standards Agency","SCS level","[c]","[c]","[c]","[c]"
"In post","2022","Legal","Food Standards Agency","SEO/HEO","10","10","[c]","[c]"
"In post","2022","Legal","Foreign, Commonwealth and Development Office (excl. agencies)","AA/AO","5","5","[c]","[c]"
"In post","2022","Legal","Foreign, Commonwealth and Development Office (excl. agencies)","EO","[c]","[c]","[c]","[c]"
"In post","2022","Legal","Foreign, Commonwealth and Development Office (excl. agencies)","G6/G7","50","45","67930","68760"
"In post","2022","Legal","Foreign, Commonwealth and Development Office (excl. agencies)","SCS level","10","5","[c]","[c]"
"In post","2022","Legal","Foreign, Commonwealth and Development Office (excl. agencies)","SEO/HEO","5","5","[c]","[c]"
"In post","2022","Legal","Government Legal Department","AA/AO","40","35","23980","24050"
"In post","2022","Legal","Government Legal Department","EO","315","305","28440","27430"
"In post","2022","Legal","Government Legal Department","G6/G7","1710","1560","59300","59840"
"In post","2022","Legal","Government Legal Department","SCS level","205","190","82820","78360"
"In post","2022","Legal","Government Legal Department","SEO/HEO","200","195","38720","42390"
"In post","2022","Legal","Health and Safety Executive","EO","5","5","[c]","[c]"
"In post","2022","Legal","Health and Safety Executive","G6/G7","10","10","62780","63150"
"In post","2022","Legal","Health and Safety Executive","SCS level","[c]","[c]","[c]","[c]"
"In post","2022","Legal","Health and Safety Executive","SEO/HEO","[c]","[c]","[c]","[c]"
"In post","2022","Legal","HM Courts and Tribunals Service","SCS level","[c]","[c]","[c]","[c]"
"In post","2022","Legal","HM Crown Prosecution Service Inspectorate","AA/AO","[c]","[c]","[c]","[c]"
"In post","2022","Legal","HM Crown Prosecution Service Inspectorate","G6/G7","20","20","59430","58040"
"In post","2022","Legal","HM Crown Prosecution Service Inspectorate","SCS level","[c]","[c]","[c]","[c]"
"In post","2022","Legal","HM Crown Prosecution Service Inspectorate","SEO/HEO","[c]","[c]","[c]","[c]"
"In post","2022","Legal","HM Land Registry","AA/AO","[c]","[c]","[c]","[c]"
"In post","2022","Legal","HM Land Registry","EO","65","55","27490","27130"
"In post","2022","Legal","HM Land Registry","G6/G7","135","125","63960","64940"
"In post","2022","Legal","HM Land Registry","SCS level","5","5","[c]","[c]"
"In post","2022","Legal","HM Land Registry","SEO/HEO","65","60","36810","33840"
"In post","2022","Legal","HM Revenue and Customs (excl. agencies)","AA/AO","150","140","23070","22080"
"In post","2022","Legal","HM Revenue and Customs (excl. agencies)","EO","245","225","28220","26820"
"In post","2022","Legal","HM Revenue and Customs (excl. agencies)","G6/G7","420","395","63450","62120"
"In post","2022","Legal","HM Revenue and Customs (excl. agencies)","SCS level","25","25","87590","83120"
"In post","2022","Legal","HM Revenue and Customs (excl. agencies)","SEO/HEO","520","505","36210","33370"
"In post","2022","Legal","HM Treasury (excl. agencies)","G6/G7","[c]","[c]","[c]","[c]"
"In post","2022","Legal","Institute for Apprenticeships and Technical Education","AA/AO","[c]","[c]","[c]","[c]"
"In post","2022","Legal","Institute for Apprenticeships and Technical Education","G6/G7","[c]","[c]","[c]","[c]"
"In post","2022","Legal","Institute for Apprenticeships and Technical Education","SEO/HEO","[c]","[c]","[c]","[c]"
"In post","2022","Legal","Intellectual Property Office","G6/G7","15","15","60350","59470"
"In post","2022","Legal","Intellectual Property Office","SEO/HEO","35","30","41020","41420"
"In post","2022","Legal","Legal Aid Agency","SEO/HEO","[c]","[c]","[c]","[c]"
"In post","2022","Legal","Maritime and Coastguard Agency","EO","[c]","[c]","[c]","[c]"
"In post","2022","Legal","Maritime and Coastguard Agency","G6/G7","[c]","[c]","[c]","[c]"
"In post","2022","Legal","Maritime and Coastguard Agency","SEO/HEO","[c]","[c]","[c]","[c]"
"In post","2022","Legal","Medicines and Healthcare Products Regulatory Agency","EO","[c]","[c]","[c]","[c]"
"In post","2022","Legal","Medicines and Healthcare Products Regulatory Agency","G6/G7","5","5","[c]","[c]"
"In post","2022","Legal","Medicines and Healthcare Products Regulatory Agency","SEO/HEO","10","10","[c]","[c]"
"In post","2022","Legal","Met Office","G6/G7","5","5","[c]","[c]"
"In post","2022","Legal","Met Office","SEO/HEO","[c]","[c]","[c]","[c]"
"In post","2022","Legal","Ministry of Defence (excl. agencies)","AA/AO","[c]","[c]","[c]","[c]"
"In post","2022","Legal","Ministry of Defence (excl. agencies)","EO","5","5","[c]","[c]"
"In post","2022","Legal","Ministry of Defence (excl. agencies)","G6/G7","30","25","63670","67550"
"In post","2022","Legal","Ministry of Defence (excl. agencies)","SCS level","[c]","[c]","[c]","[c]"
"In post","2022","Legal","Ministry of Defence (excl. agencies)","SEO/HEO","10","10","[c]","[c]"
"In post","2022","Legal","Ministry of Justice (excl. agencies)","EO","[c]","[c]","[c]","[c]"
"In post","2022","Legal","Ministry of Justice (excl. agencies)","SEO/HEO","[c]","[c]","[c]","[c]"
"In post","2022","Legal","National Crime Agency","AA/AO","[c]","[c]","[c]","[c]"
"In post","2022","Legal","National Crime Agency","EO","15","15","32450","32260"
"In post","2022","Legal","National Crime Agency","G6/G7","35","30","64060","60960"
"In post","2022","Legal","National Crime Agency","SCS level","[c]","[c]","[c]","[c]"
"In post","2022","Legal","National Crime Agency","SEO/HEO","[c]","[c]","[c]","[c]"
"In post","2022","Legal","Office for Standards in Education, Children's Services and Skills","AA/AO","[c]","[c]","[c]","[c]"
"In post","2022","Legal","Office for Standards in Education, Children's Services and Skills","G6/G7","15","10","67060","62810"
"In post","2022","Legal","Office for Standards in Education, Children's Services and Skills","SCS level","[c]","[c]","[c]","[c]"
"In post","2022","Legal","Office for Standards in Education, Children's Services and Skills","SEO/HEO","[c]","[c]","[c]","[c]"
"In post","2022","Legal","Office of Gas and Electricity Markets","AA/AO","[c]","[c]","[c]","[c]"
"In post","2022","Legal","Office of Gas and Electricity Markets","EO","[c]","[c]","[c]","[c]"
"In post","2022","Legal","Office of Gas and Electricity Markets","G6/G7","70","70","62470","63740"
"In post","2022","Legal","Office of Gas and Electricity Markets","SCS level","5","5","[c]","[c]"
"In post","2022","Legal","Office of Gas and Electricity Markets","SEO/HEO","[c]","[c]","[c]","[c]"
"In post","2022","Legal","Office of Qualifications and Examinations Regulation","EO","[c]","[c]","[c]","[c]"
"In post","2022","Legal","Office of Qualifications and Examinations Regulation","G6/G7","10","10","[c]","[c]"
"In post","2022","Legal","Office of Qualifications and Examinations Regulation","SCS level","[c]","[c]","[c]","[c]"
"In post","2022","Legal","Office of Qualifications and Examinations Regulation","SEO/HEO","[c]","[c]","[c]","[c]"
"In post","2022","Legal","Office of Rail and Road","AA/AO","[c]","[c]","[c]","[c]"
"In post","2022","Legal","Office of Rail and Road","G6/G7","10","10","65590","67750"
"In post","2022","Legal","Office of Rail and Road","SCS level","[c]","[c]","[c]","[c]"
"In post","2022","Legal","Office of Rail and Road","SEO/HEO","[c]","[c]","[c]","[c]"
"In post","2022","Legal","Registers of Scotland","EO","[c]","[c]","[c]","[c]"
"In post","2022","Legal","Registers of Scotland","G6/G7","10","10","61220","62000"
"In post","2022","Legal","Registers of Scotland","SEO/HEO","10","10","44820","47490"
"In post","2022","Legal","Scottish Courts and Tribunals Service","EO","[c]","[c]","[c]","[c]"
"In post","2022","Legal","Scottish Courts and Tribunals Service","G6/G7","5","5","[c]","[c]"
"In post","2022","Legal","Scottish Courts and Tribunals Service","SEO/HEO","25","25","44560","46100"
"In post","2022","Legal","Scottish Prison Service","AA/AO","[c]","[c]","[c]","[c]"
"In post","2022","Legal","Scottish Prison Service","EO","[c]","[c]","[c]","[c]"
"In post","2022","Legal","Scottish Prison Service","G6/G7","[c]","[c]","[c]","[c]"
"In post","2022","Legal","Scottish Prison Service","SEO/HEO","[c]","[c]","[c]","[c]"
"In post","2022","Legal","Serious Fraud Office","G6/G7","55","55","58000","55340"
"In post","2022","Legal","Serious Fraud Office","SCS level","[c]","[c]","[c]","[c]"
"In post","2022","Legal","Serious Fraud Office","SEO/HEO","[c]","[c]","[c]","[c]"
"In post","2022","Legal","The Insolvency Service","EO","10","10","27530","26500"
"In post","2022","Legal","The Insolvency Service","G6/G7","30","25","61440","57980"
"In post","2022","Legal","The Insolvency Service","SCS level","[c]","[c]","[c]","[c]"
"In post","2022","Legal","The Insolvency Service","SEO/HEO","20","20","40890","40220"
"In post","2022","Legal","The National Archives","G6/G7","[c]","[c]","[c]","[c]"
"In post","2022","Legal","The National Archives","SEO/HEO","[c]","[c]","[c]","[c]"
"In post","2022","Legal","UK Debt Management Office","G6/G7","[c]","[c]","[c]","[c]"
"In post","2022","Legal","UK Export Finance","EO","5","5","[c]","[c]"
"In post","2022","Legal","UK Export Finance","G6/G7","20","20","75830","76000"
"In post","2022","Legal","UK Export Finance","SCS level","[c]","[c]","[c]","[c]"
"In post","2022","Legal","UK Export Finance","SEO/HEO","[c]","[c]","[c]","[c]"
"In post","2022","Legal","UK Health Security Agency","G6/G7","[c]","[c]","[c]","[c]"
"In post","2022","Legal","UK Health Security Agency","SCS level","[c]","[c]","[c]","[c]"
"In post","2022","Legal","UK Health Security Agency","SEO/HEO","[c]","[c]","[c]","[c]"
"In post","2022","Legal","UK Statistics Authority","SEO/HEO","[c]","[c]","[c]","[c]"
"In post","2022","Legal","UK Supreme Court","AA/AO","[c]","[c]","[c]","[c]"
"In post","2022","Legal","UK Supreme Court","EO","15","10","28130","28810"
"In post","2022","Legal","UK Supreme Court","G6/G7","5","5","[c]","[c]"
"In post","2022","Legal","UK Supreme Court","SCS level","[c]","[c]","[c]","[c]"
"In post","2022","Legal","UK Supreme Court","SEO/HEO","10","10","36030","37230"
"In post","2022","Legal","Water Services Regulation Authority","EO","[c]","[c]","[c]","[c]"
"In post","2022","Legal","Water Services Regulation Authority","G6/G7","10","10","[c]","[c]"
"In post","2022","Legal","Water Services Regulation Authority","SCS level","[c]","[c]","[c]","[c]"
"In post","2022","Legal","Water Services Regulation Authority","SEO/HEO","[c]","[c]","[c]","[c]"
"In post","2022","Legal","Welsh Revenue Authority","G6/G7","[c]","[c]","[c]","[c]"
"In post","2022","No function","Advisory, Conciliation and Arbitration Service","AA/AO","40","35","20920","21100"
"In post","2022","No function","Advisory, Conciliation and Arbitration Service","EO","285","270","24890","24250"
"In post","2022","No function","Advisory, Conciliation and Arbitration Service","G6/G7","20","15","57480","55470"
"In post","2022","No function","Advisory, Conciliation and Arbitration Service","SEO/HEO","460","425","34670","34500"
"In post","2022","No function","Animal and Plant Health Agency","AA/AO","800","750","22120","21300"
"In post","2022","No function","Animal and Plant Health Agency","EO","780","740","26410","25540"
"In post","2022","No function","Animal and Plant Health Agency","G6/G7","215","210","54700","54070"
"In post","2022","No function","Animal and Plant Health Agency","SCS level","5","5","[c]","[c]"
"In post","2022","No function","Animal and Plant Health Agency","SEO/HEO","905","865","35550","35900"
"In post","2022","No function","Cabinet Office (excl. agencies)","AA/AO","80","80","24180","24490"
"In post","2022","No function","Cabinet Office (excl. agencies)","EO","270","270","27830","27500"
"In post","2022","No function","Cabinet Office (excl. agencies)","G6/G7","950","935","58270","54700"
"In post","2022","No function","Cabinet Office (excl. agencies)","SCS level","235","235","87090","78000"
"In post","2022","No function","Cabinet Office (excl. agencies)","SEO/HEO","2475","2465","32060","32000"
"In post","2022","No function","Centre for Environment, Fisheries and Aquaculture Science","AA/AO","[c]","[c]","[c]","[c]"
"In post","2022","No function","Centre for Environment, Fisheries and Aquaculture Science","EO","5","5","[c]","[c]"
"In post","2022","No function","Centre for Environment, Fisheries and Aquaculture Science","G6/G7","[c]","[c]","[c]","[c]"
"In post","2022","No function","Centre for Environment, Fisheries and Aquaculture Science","SEO/HEO","5","5","[c]","[c]"
"In post","2022","No function","Charity Commission","AA/AO","25","20","18600","17140"
"In post","2022","No function","Charity Commission","EO","90","85","25110","24440"
"In post","2022","No function","Charity Commission","G6/G7","25","25","52950","51070"
"In post","2022","No function","Charity Commission","SCS level","[c]","[c]","[c]","[c]"
"In post","2022","No function","Charity Commission","SEO/HEO","165","160","31850","29160"
"In post","2022","No function","Companies House","AA/AO","315","275","21710","22740"
"In post","2022","No function","Companies House","EO","130","125","25800","25100"
"In post","2022","No function","Companies House","G6/G7","30","30","56250","51480"
"In post","2022","No function","Companies House","SCS level","5","5","[c]","[c]"
"In post","2022","No function","Companies House","SEO/HEO","60","60","36140","38030"
"In post","2022","No function","Criminal Injuries Compensation Authority","AA/AO","125","110","21010","20970"
"In post","2022","No function","Criminal Injuries Compensation Authority","EO","80","80","25360","25120"
"In post","2022","No function","Criminal Injuries Compensation Authority","G6/G7","15","10","58380","59000"
"In post","2022","No function","Criminal Injuries Compensation Authority","SCS level","[c]","[c]","[c]","[c]"
"In post","2022","No function","Criminal Injuries Compensation Authority","SEO/HEO","95","95","31630","30450"
"In post","2022","No function","Crown Commercial Service","AA/AO","30","30","20880","20330"
"In post","2022","No function","Crown Commercial Service","EO","35","30","25150","25520"
"In post","2022","No function","Crown Commercial Service","G6/G7","85","85","55770","55000"
"In post","2022","No function","Crown Commercial Service","SCS level","5","5","[c]","[c]"
"In post","2022","No function","Crown Commercial Service","SEO/HEO","50","50","35270","38330"
"In post","2022","No function","Crown Office and Procurator Fiscal Service","AA/AO","770","705","22510","23230"
"In post","2022","No function","Crown Office and Procurator Fiscal Service","EO","295","280","28480","27940"
"In post","2022","No function","Crown Office and Procurator Fiscal Service","G6/G7","20","20","64100","63720"
"In post","2022","No function","Crown Office and Procurator Fiscal Service","SCS level","5","5","[c]","[c]"
"In post","2022","No function","Crown Office and Procurator Fiscal Service","SEO/HEO","400","380","35470","34600"
"In post","2022","No function","Defence Electronics and Components Agency","AA/AO","85","85","20740","20550"
"In post","2022","No function","Defence Electronics and Components Agency","EO","220","210","29160","29470"
"In post","2022","No function","Defence Electronics and Components Agency","G6/G7","[c]","[c]","[c]","[c]"
"In post","2022","No function","Defence Electronics and Components Agency","SEO/HEO","50","45","36450","33670"
"In post","2022","No function","Defence Equipment and Support","EO","15","15","21580","21210"
"In post","2022","No function","Defence Equipment and Support","G6/G7","20","20","54530","53720"
"In post","2022","No function","Defence Equipment and Support","SCS level","[c]","[c]","[c]","[c]"
"In post","2022","No function","Defence Equipment and Support","SEO/HEO","75","70","34150","33500"
"In post","2022","No function","Defence Science and Technology Laboratory","AA/AO","130","130","19920","18330"
"In post","2022","No function","Defence Science and Technology Laboratory","EO","100","95","25320","23490"
"In post","2022","No function","Defence Science and Technology Laboratory","G6/G7","1165","1115","52560","47760"
"In post","2022","No function","Defence Science and Technology Laboratory","SCS level","[c]","[c]","[c]","[c]"
"In post","2022","No function","Defence Science and Technology Laboratory","SEO/HEO","1340","1315","34220","38070"
"In post","2022","No function","Department for Business, Energy and Industrial Strategy (excl. agencies)","AA/AO","45","45","24060","24900"
"In post","2022","No function","Department for Business, Energy and Industrial Strategy (excl. agencies)","EO","340","330","27740","27680"
"In post","2022","No function","Department for Business, Energy and Industrial Strategy (excl. agencies)","G6/G7","2315","2260","58070","55500"
"In post","2022","No function","Department for Business, Energy and Industrial Strategy (excl. agencies)","SCS level","295","280","87580","79500"
"In post","2022","No function","Department for Business, Energy and Industrial Strategy (excl. agencies)","SEO/HEO","2130","2105","38000","38720"
"In post","2022","No function","Department for Digital, Culture, Media and Sport","AA/AO","5","5","[c]","[c]"
"In post","2022","No function","Department for Digital, Culture, Media and Sport","EO","145","140","26830","26180"
"In post","2022","No function","Department for Digital, Culture, Media and Sport","G6/G7","725","710","55570","52250"
"In post","2022","No function","Department for Digital, Culture, Media and Sport","SCS level","100","95","83910","75840"
"In post","2022","No function","Department for Digital, Culture, Media and Sport","SEO/HEO","615","605","34930","34020"
"In post","2022","No function","Department for Education (excl. agencies)","AA/AO","25","25","23030","24250"
"In post","2022","No function","Department for Education (excl. agencies)","EO","305","295","26580","26000"
"In post","2022","No function","Department for Education (excl. agencies)","G6/G7","1245","1185","55910","53600"
"In post","2022","No function","Department for Education (excl. agencies)","SCS level","180","170","83950","74100"
"In post","2022","No function","Department for Education (excl. agencies)","SEO/HEO","1550","1490","35870","36500"
"In post","2022","No function","Department for Environment, Food and Rural Affairs (excl. agencies)","AA/AO","85","80","23640","24370"
"In post","2022","No function","Department for Environment, Food and Rural Affairs (excl. agencies)","EO","355","345","27130","27960"
"In post","2022","No function","Department for Environment, Food and Rural Affairs (excl. agencies)","G6/G7","1320","1265","54960","53410"
"In post","2022","No function","Department for Environment, Food and Rural Affairs (excl. agencies)","SCS level","140","135","82890","76570"
"In post","2022","No function","Department for Environment, Food and Rural Affairs (excl. agencies)","SEO/HEO","2175","2110","35230","35890"
"In post","2022","No function","Department for Environment, Food and Rural Affairs (excl. agencies)","Unknown","30","30","[c]","[c]"
"In post","2022","No function","Department for International Trade","AA/AO","20","20","24940","25140"
"In post","2022","No function","Department for International Trade","EO","160","155","27500","26510"
"In post","2022","No function","Department for International Trade","G6/G7","805","800","56290","53380"
"In post","2022","No function","Department for International Trade","SCS level","145","140","86680","75570"
"In post","2022","No function","Department for International Trade","SEO/HEO","885","880","36340","38160"
"In post","2022","No function","Department for Levelling Up, Housing and Communities (excl. agencies)","AA/AO","40","40","25240","26870"
"In post","2022","No function","Department for Levelling Up, Housing and Communities (excl. agencies)","EO","265","260","27780","27850"
"In post","2022","No function","Department for Levelling Up, Housing and Communities (excl. agencies)","G6/G7","945","920","56180","53130"
"In post","2022","No function","Department for Levelling Up, Housing and Communities (excl. agencies)","SCS level","140","135","85540","76190"
"In post","2022","No function","Department for Levelling Up, Housing and Communities (excl. agencies)","SEO/HEO","1055","1035","35720","35780"
"In post","2022","No function","Department for Transport (excl. agencies)","AA/AO","125","105","29320","33390"
"In post","2022","No function","Department for Transport (excl. agencies)","EO","255","250","28760","29970"
"In post","2022","No function","Department for Transport (excl. agencies)","G6/G7","800","785","60530","54870"
"In post","2022","No function","Department for Transport (excl. agencies)","SCS level","150","140","88790","78980"
"In post","2022","No function","Department for Transport (excl. agencies)","SEO/HEO","780","765","38480","37660"
"In post","2022","No function","Department for Work and Pensions (excl. agencies)","AA/AO","24275","20950","21330","21260"
"In post","2022","No function","Department for Work and Pensions (excl. agencies)","EO","41295","37325","28110","27570"
"In post","2022","No function","Department for Work and Pensions (excl. agencies)","G6/G7","690","670","53860","49170"
"In post","2022","No function","Department for Work and Pensions (excl. agencies)","SCS level","100","100","89190","77800"
"In post","2022","No function","Department for Work and Pensions (excl. agencies)","SEO/HEO","4380","4115","34210","33650"
"In post","2022","No function","Department of Health and Social Care (excl. agencies)","AA/AO","20","20","21720","22020"
"In post","2022","No function","Department of Health and Social Care (excl. agencies)","EO","180","170","26920","27270"
"In post","2022","No function","Department of Health and Social Care (excl. agencies)","G6/G7","810","770","57670","54230"
"In post","2022","No function","Department of Health and Social Care (excl. agencies)","SCS level","165","165","92930","90390"
"In post","2022","No function","Department of Health and Social Care (excl. agencies)","SEO/HEO","715","690","35910","34790"
"In post","2022","No function","Driver and Vehicle Licensing Agency","AA/AO","3895","3295","20830","21840"
"In post","2022","No function","Driver and Vehicle Licensing Agency","EO","560","525","26580","26580"
"In post","2022","No function","Driver and Vehicle Licensing Agency","G6/G7","70","65","73540","83320"
"In post","2022","No function","Driver and Vehicle Licensing Agency","SEO/HEO","210","200","34200","32180"
"In post","2022","No function","Driver and Vehicle Standards Agency","AA/AO","1045","975","24720","23940"
"In post","2022","No function","Driver and Vehicle Standards Agency","EO","2470","2300","28200","26780"
"In post","2022","No function","Driver and Vehicle Standards Agency","G6/G7","40","40","52980","51680"
"In post","2022","No function","Driver and Vehicle Standards Agency","SCS level","5","5","[c]","[c]"
"In post","2022","No function","Driver and Vehicle Standards Agency","SEO/HEO","535","525","34440","33350"
"In post","2022","No function","Education and Skills Funding Agency","AA/AO","10","10","22070","21250"
"In post","2022","No function","Education and Skills Funding Agency","EO","100","100","25990","26000"
"In post","2022","No function","Education and Skills Funding Agency","G6/G7","380","370","55490","53420"
"In post","2022","No function","Education and Skills Funding Agency","SCS level","30","30","83930","74110"
"In post","2022","No function","Education and Skills Funding Agency","SEO/HEO","565","540","34720","36500"
"In post","2022","No function","Food Standards Agency","AA/AO","5","5","[c]","[c]"
"In post","2022","No function","Food Standards Agency","EO","395","380","27150","26750"
"In post","2022","No function","Food Standards Agency","G6/G7","150","145","55270","55300"
"In post","2022","No function","Food Standards Agency","SCS level","15","15","86520","80200"
"In post","2022","No function","Food Standards Agency","SEO/HEO","495","485","35610","37350"
"In post","2022","No function","Foreign, Commonwealth and Development Office (excl. agencies)","AA/AO","265","255","26410","25000"
"In post","2022","No function","Foreign, Commonwealth and Development Office (excl. agencies)","EO","370","365","30720","30510"
"In post","2022","No function","Foreign, Commonwealth and Development Office (excl. agencies)","G6/G7","1190","1170","60120","58600"
"In post","2022","No function","Foreign, Commonwealth and Development Office (excl. agencies)","SCS level","355","355","87170","78010"
"In post","2022","No function","Foreign, Commonwealth and Development Office (excl. agencies)","SEO/HEO","1415","1405","37330","36550"
"In post","2022","No function","Government Actuary's Department","EO","[c]","[c]","[c]","[c]"
"In post","2022","No function","Government Internal Audit Agency","G6/G7","10","10","[c]","[c]"
"In post","2022","No function","Government Internal Audit Agency","SCS level","[c]","[c]","[c]","[c]"
"In post","2022","No function","Government Internal Audit Agency","SEO/HEO","[c]","[c]","[c]","[c]"
"In post","2022","No function","Health and Safety Executive","AA/AO","235","210","22260","22410"
"In post","2022","No function","Health and Safety Executive","EO","410","390","27570","26410"
"In post","2022","No function","Health and Safety Executive","G6/G7","420","405","61390","58500"
"In post","2022","No function","Health and Safety Executive","SCS level","25","25","86640","84000"
"In post","2022","No function","Health and Safety Executive","SEO/HEO","1150","1090","45150","41480"
"In post","2022","No function","HM Courts and Tribunals Service","AA/AO","9765","8575","21360","20970"
"In post","2022","No function","HM Courts and Tribunals Service","EO","2590","2445","26280","25120"
"In post","2022","No function","HM Courts and Tribunals Service","G6/G7","510","495","57860","57540"
"In post","2022","No function","HM Courts and Tribunals Service","SCS level","50","50","81860","76960"
"In post","2022","No function","HM Courts and Tribunals Service","SEO/HEO","2365","2225","36720","35700"
"In post","2022","No function","HM Courts and Tribunals Service","Unknown","5","5","[c]","[c]"
"In post","2022","No function","HM Land Registry","AA/AO","1650","1550","22710","22600"
"In post","2022","No function","HM Land Registry","EO","2040","1805","27250","27130"
"In post","2022","No function","HM Land Registry","G6/G7","45","45","60700","56750"
"In post","2022","No function","HM Land Registry","SCS level","5","5","[c]","[c]"
"In post","2022","No function","HM Land Registry","SEO/HEO","1480","1295","36100","33840"
"In post","2022","No function","HM Prison and Probation Service","AA/AO","28065","26540","26370","25700"
"In post","2022","No function","HM Prison and Probation Service","EO","6305","6025","30920","31610"
"In post","2022","No function","HM Prison and Probation Service","G6/G7","735","715","72840","70450"
"In post","2022","No function","HM Prison and Probation Service","SCS level","80","80","97300","97720"
"In post","2022","No function","HM Prison and Probation Service","SEO/HEO","6335","6045","40590","38160"
"In post","2022","No function","HM Prison and Probation Service","Unknown","19150","17725","30060","28200"
"In post","2022","No function","HM Revenue and Customs (excl. agencies)","AA/AO","13610","11800","21570","21250"
"In post","2022","No function","HM Revenue and Customs (excl. agencies)","EO","6775","6245","27160","26820"
"In post","2022","No function","HM Revenue and Customs (excl. agencies)","G6/G7","2985","2875","59590","55210"
"In post","2022","No function","HM Revenue and Customs (excl. agencies)","SCS level","125","125","83680","78420"
"In post","2022","No function","HM Revenue and Customs (excl. agencies)","SEO/HEO","10315","9910","35820","33370"
"In post","2022","No function","HM Treasury (excl. agencies)","AA/AO","20","20","23100","23250"
"In post","2022","No function","HM Treasury (excl. agencies)","EO","160","160","27000","26750"
"In post","2022","No function","HM Treasury (excl. agencies)","G6/G7","790","765","57880","55500"
"In post","2022","No function","HM Treasury (excl. agencies)","SCS level","140","135","85100","78000"
"In post","2022","No function","HM Treasury (excl. agencies)","SEO/HEO","670","665","33890","32320"
"In post","2022","No function","Institute for Apprenticeships and Technical Education","AA/AO","[c]","[c]","[c]","[c]"
"In post","2022","No function","Institute for Apprenticeships and Technical Education","EO","[c]","[c]","[c]","[c]"
"In post","2022","No function","Institute for Apprenticeships and Technical Education","G6/G7","110","105","54350","52900"
"In post","2022","No function","Institute for Apprenticeships and Technical Education","SCS level","5","5","[c]","[c]"
"In post","2022","No function","Institute for Apprenticeships and Technical Education","SEO/HEO","55","55","36580","36570"
"In post","2022","No function","Intellectual Property Office","AA/AO","205","190","21600","21810"
"In post","2022","No function","Intellectual Property Office","EO","410","385","26240","24030"
"In post","2022","No function","Intellectual Property Office","G6/G7","240","225","60920","60790"
"In post","2022","No function","Intellectual Property Office","SCS level","15","15","76960","73480"
"In post","2022","No function","Intellectual Property Office","SEO/HEO","295","285","38390","41260"
"In post","2022","No function","Legal Aid Agency","AA/AO","430","390","21040","20970"
"In post","2022","No function","Legal Aid Agency","EO","325","300","25790","25120"
"In post","2022","No function","Legal Aid Agency","G6/G7","90","85","60560","58390"
"In post","2022","No function","Legal Aid Agency","SCS level","10","10","86010","76910"
"In post","2022","No function","Legal Aid Agency","SEO/HEO","295","285","36630","36050"
"In post","2022","No function","Legal Aid Agency","Unknown","[c]","[c]","[c]","[c]"
"In post","2022","No function","Maritime and Coastguard Agency","AA/AO","265","250","24970","26840"
"In post","2022","No function","Maritime and Coastguard Agency","EO","165","165","29510","31130"
"In post","2022","No function","Maritime and Coastguard Agency","G6/G7","125","120","60810","60690"
"In post","2022","No function","Maritime and Coastguard Agency","SCS level","[c]","[c]","[c]","[c]"
"In post","2022","No function","Maritime and Coastguard Agency","SEO/HEO","420","415","41040","38650"
"In post","2022","No function","Medicines and Healthcare Products Regulatory Agency","AA/AO","15","15","23360","23690"
"In post","2022","No function","Medicines and Healthcare Products Regulatory Agency","EO","110","105","27810","27510"
"In post","2022","No function","Medicines and Healthcare Products Regulatory Agency","G6/G7","305","290","60850","57540"
"In post","2022","No function","Medicines and Healthcare Products Regulatory Agency","SCS level","100","95","86310","84060"
"In post","2022","No function","Medicines and Healthcare Products Regulatory Agency","SEO/HEO","305","300","38310","40450"
"In post","2022","No function","Ministry of Justice (excl. agencies)","AA/AO","195","190","22220","21490"
"In post","2022","No function","Ministry of Justice (excl. agencies)","EO","320","310","28140","28310"
"In post","2022","No function","Ministry of Justice (excl. agencies)","G6/G7","515","500","58190","56440"
"In post","2022","No function","Ministry of Justice (excl. agencies)","SCS level","85","80","84220","77300"
"In post","2022","No function","Ministry of Justice (excl. agencies)","SEO/HEO","1010","985","38050","36720"
"In post","2022","No function","Ministry of Justice (excl. agencies)","Unknown","10","10","46280","45700"
"In post","2022","No function","National Crime Agency","AA/AO","205","190","24130","24470"
"In post","2022","No function","National Crime Agency","EO","2320","2265","34470","34140"
"In post","2022","No function","National Crime Agency","G6/G7","250","245","66890","65940"
"In post","2022","No function","National Crime Agency","SCS level","25","25","107100","95500"
"In post","2022","No function","National Crime Agency","SEO/HEO","1980","1945","44810","43710"
"In post","2022","No function","National Infrastructure Commission","EO","[c]","[c]","[c]","[c]"
"In post","2022","No function","National Infrastructure Commission","G6/G7","25","25","57660","53550"
"In post","2022","No function","National Infrastructure Commission","SCS level","5","5","[c]","[c]"
"In post","2022","No function","National Infrastructure Commission","SEO/HEO","10","10","36190","35500"
"In post","2022","No function","National Savings and Investments","AA/AO","[c]","[c]","[c]","[c]"
"In post","2022","No function","National Savings and Investments","EO","5","5","[c]","[c]"
"In post","2022","No function","National Savings and Investments","G6/G7","10","10","60930","58850"
"In post","2022","No function","National Savings and Investments","SCS level","10","10","113680","110000"
"In post","2022","No function","National Savings and Investments","SEO/HEO","25","25","39870","40290"
"In post","2022","No function","Northern Ireland Office","AA/AO","5","5","[c]","[c]"
"In post","2022","No function","Northern Ireland Office","EO","10","10","28360","28310"
"In post","2022","No function","Northern Ireland Office","G6/G7","35","35","55070","54850"
"In post","2022","No function","Northern Ireland Office","SCS level","15","15","87170","77440"
"In post","2022","No function","Northern Ireland Office","SEO/HEO","55","55","37870","36720"
"In post","2022","No function","Office for Budget Responsibility","EO","[c]","[c]","[c]","[c]"
"In post","2022","No function","Office for Budget Responsibility","SCS level","[c]","[c]","[c]","[c]"
"In post","2022","No function","Office for Budget Responsibility","SEO/HEO","[c]","[c]","[c]","[c]"
"In post","2022","No function","Office for Standards in Education, Children's Services and Skills","AA/AO","175","155","21290","21410"
"In post","2022","No function","Office for Standards in Education, Children's Services and Skills","EO","145","135","26470","25880"
"In post","2022","No function","Office for Standards in Education, Children's Services and Skills","G6/G7","525","515","74420","75500"
"In post","2022","No function","Office for Standards in Education, Children's Services and Skills","SCS level","20","20","113690","113510"
"In post","2022","No function","Office for Standards in Education, Children's Services and Skills","SEO/HEO","550","530","46210","51360"
"In post","2022","No function","Office of Gas and Electricity Markets","AA/AO","45","45","19490","19750"
"In post","2022","No function","Office of Gas and Electricity Markets","EO","270","265","25640","25150"
"In post","2022","No function","Office of Gas and Electricity Markets","G6/G7","245","240","57490","55280"
"In post","2022","No function","Office of Gas and Electricity Markets","SCS level","35","35","98080","91270"
"In post","2022","No function","Office of Gas and Electricity Markets","SEO/HEO","275","270","35370","34240"
"In post","2022","No function","Office of Qualifications and Examinations Regulation","AA/AO","[c]","[c]","[c]","[c]"
"In post","2022","No function","Office of Qualifications and Examinations Regulation","EO","20","15","23960","23140"
"In post","2022","No function","Office of Qualifications and Examinations Regulation","G6/G7","85","85","52810","48350"
"In post","2022","No function","Office of Qualifications and Examinations Regulation","SCS level","15","15","100880","103720"
"In post","2022","No function","Office of Qualifications and Examinations Regulation","SEO/HEO","100","95","35550","36540"
"In post","2022","No function","Office of Rail and Road","AA/AO","10","10","23630","23510"
"In post","2022","No function","Office of Rail and Road","EO","10","10","28590","29510"
"In post","2022","No function","Office of Rail and Road","G6/G7","145","140","61410","60260"
"In post","2022","No function","Office of Rail and Road","SCS level","10","10","112560","111520"
"In post","2022","No function","Office of Rail and Road","SEO/HEO","60","60","39380","38650"
"In post","2022","No function","Office of the Public Guardian","AA/AO","865","780","21010","20970"
"In post","2022","No function","Office of the Public Guardian","EO","380","365","25200","25120"
"In post","2022","No function","Office of the Public Guardian","G6/G7","20","20","53350","50430"
"In post","2022","No function","Office of the Public Guardian","SCS level","[c]","[c]","[c]","[c]"
"In post","2022","No function","Office of the Public Guardian","SEO/HEO","165","155","32480","30450"
"In post","2022","No function","Office of the Secretary of State for Scotland (incl. Office of the Advocate General for Scotland)","AA/AO","[c]","[c]","[c]","[c]"
"In post","2022","No function","Office of the Secretary of State for Scotland (incl. Office of the Advocate General for Scotland)","EO","5","5","[c]","[c]"
"In post","2022","No function","Office of the Secretary of State for Scotland (incl. Office of the Advocate General for Scotland)","G6/G7","10","10","57380","55800"
"In post","2022","No function","Office of the Secretary of State for Scotland (incl. Office of the Advocate General for Scotland)","SCS level","5","5","[c]","[c]"
"In post","2022","No function","Office of the Secretary of State for Scotland (incl. Office of the Advocate General for Scotland)","SEO/HEO","15","15","37370","34260"
"In post","2022","No function","Office of the Secretary of State for Wales","AA/AO","[c]","[c]","[c]","[c]"
"In post","2022","No function","Office of the Secretary of State for Wales","EO","10","10","[c]","[c]"
"In post","2022","No function","Office of the Secretary of State for Wales","G6/G7","5","5","[c]","[c]"
"In post","2022","No function","Office of the Secretary of State for Wales","SCS level","5","5","[c]","[c]"
"In post","2022","No function","Office of the Secretary of State for Wales","SEO/HEO","10","10","[c]","[c]"
"In post","2022","No function","Planning Inspectorate","AA/AO","145","130","21490","21520"
"In post","2022","No function","Planning Inspectorate","EO","75","70","26670","26050"
"In post","2022","No function","Planning Inspectorate","G6/G7","385","340","56840","58810"
"In post","2022","No function","Planning Inspectorate","SCS level","[c]","[c]","[c]","[c]"
"In post","2022","No function","Planning Inspectorate","SEO/HEO","105","95","35220","32780"
"In post","2022","No function","Planning Inspectorate","Unknown","[c]","[c]","[c]","[c]"
"In post","2022","No function","Registers of Scotland","AA/AO","350","330","24730","25050"
"In post","2022","No function","Registers of Scotland","EO","285","270","30800","30840"
"In post","2022","No function","Registers of Scotland","G6/G7","25","25","64010","62000"
"In post","2022","No function","Registers of Scotland","SCS level","[c]","[c]","[c]","[c]"
"In post","2022","No function","Registers of Scotland","SEO/HEO","250","245","39980","37710"
"In post","2022","No function","Scottish Courts and Tribunals Service","AA/AO","985","870","22430","22000"
"In post","2022","No function","Scottish Courts and Tribunals Service","EO","445","415","29430","30450"
"In post","2022","No function","Scottish Courts and Tribunals Service","G6/G7","35","35","58820","60820"
"In post","2022","No function","Scottish Courts and Tribunals Service","SCS level","5","5","[c]","[c]"
"In post","2022","No function","Scottish Courts and Tribunals Service","SEO/HEO","235","225","37420","36360"
"In post","2022","No function","Scottish Prison Service","AA/AO","1325","1260","24410","23330"
"In post","2022","No function","Scottish Prison Service","EO","1995","1875","34290","35000"
"In post","2022","No function","Scottish Prison Service","G6/G7","75","75","63820","56170"
"In post","2022","No function","Scottish Prison Service","SCS level","[c]","[c]","[c]","[c]"
"In post","2022","No function","Scottish Prison Service","SEO/HEO","535","465","41600","40290"
"In post","2022","No function","Serious Fraud Office","AA/AO","10","10","[c]","[c]"
"In post","2022","No function","Serious Fraud Office","EO","10","10","28480","28980"
"In post","2022","No function","Serious Fraud Office","G6/G7","15","15","60370","60210"
"In post","2022","No function","Serious Fraud Office","SCS level","[c]","[c]","[c]","[c]"
"In post","2022","No function","Serious Fraud Office","SEO/HEO","20","20","37560","40000"
"In post","2022","No function","Standards and Testing Agency","EO","15","15","25970","25000"
"In post","2022","No function","Standards and Testing Agency","G6/G7","35","35","54960","52030"
"In post","2022","No function","Standards and Testing Agency","SCS level","[c]","[c]","[c]","[c]"
"In post","2022","No function","Standards and Testing Agency","SEO/HEO","75","70","37510","36500"
"In post","2022","No function","Teaching Regulation Agency","AA/AO","15","15","21250","21250"
"In post","2022","No function","Teaching Regulation Agency","EO","25","25","25260","25000"
"In post","2022","No function","Teaching Regulation Agency","G6/G7","5","5","[c]","[c]"
"In post","2022","No function","Teaching Regulation Agency","SCS level","[c]","[c]","[c]","[c]"
"In post","2022","No function","Teaching Regulation Agency","SEO/HEO","30","30","32920","30200"
"In post","2022","No function","The Insolvency Service","AA/AO","580","540","21440","21130"
"In post","2022","No function","The Insolvency Service","EO","165","160","25850","26290"
"In post","2022","No function","The Insolvency Service","G6/G7","50","45","59680","56590"
"In post","2022","No function","The Insolvency Service","SCS level","5","5","[c]","[c]"
"In post","2022","No function","The Insolvency Service","SEO/HEO","355","340","37000","37430"
"In post","2022","No function","The National Archives","AA/AO","70","60","21250","20900"
"In post","2022","No function","The National Archives","EO","40","40","24940","24630"
"In post","2022","No function","The National Archives","G6/G7","45","45","51260","48000"
"In post","2022","No function","The National Archives","SCS level","10","10","[c]","[c]"
"In post","2022","No function","The National Archives","SEO/HEO","175","170","33740","34260"
"In post","2022","No function","UK Health Security Agency","AA/AO","700","600","21490","21210"
"In post","2022","No function","UK Health Security Agency","EO","800","740","26170","26880"
"In post","2022","No function","UK Health Security Agency","G6/G7","1470","1410","58270","53550"
"In post","2022","No function","UK Health Security Agency","SCS level","365","330","106840","103490"
"In post","2022","No function","UK Health Security Agency","SEO/HEO","2460","2300","36020","36330"
"In post","2022","No function","UK Hydrographic Office","AA/AO","85","80","20540","20420"
"In post","2022","No function","UK Hydrographic Office","EO","185","175","27580","26740"
"In post","2022","No function","UK Hydrographic Office","G6/G7","15","15","56170","53720"
"In post","2022","No function","UK Hydrographic Office","SCS level","[c]","[c]","[c]","[c]"
"In post","2022","No function","UK Hydrographic Office","SEO/HEO","255","240","36100","33290"
"In post","2022","No function","UK Statistics Authority","AA/AO","1430","1000","20360","20350"
"In post","2022","No function","UK Statistics Authority","EO","380","360","24590","23880"
"In post","2022","No function","UK Statistics Authority","G6/G7","210","205","53860","51210"
"In post","2022","No function","UK Statistics Authority","SCS level","20","20","81000","75300"
"In post","2022","No function","UK Statistics Authority","SEO/HEO","575","550","33730","32660"
"In post","2022","No function","Vehicle Certification Agency","AA/AO","45","40","21580","21840"
"In post","2022","No function","Vehicle Certification Agency","EO","30","30","26940","27250"
"In post","2022","No function","Vehicle Certification Agency","G6/G7","15","15","65410","64040"
"In post","2022","No function","Vehicle Certification Agency","SCS level","[c]","[c]","[c]","[c]"
"In post","2022","No function","Vehicle Certification Agency","SEO/HEO","85","80","41000","39360"
"In post","2022","No function","Water Services Regulation Authority","AA/AO","[c]","[c]","[c]","[c]"
"In post","2022","No function","Water Services Regulation Authority","EO","20","20","30210","29300"
"In post","2022","No function","Water Services Regulation Authority","G6/G7","25","25","81240","75640"
"In post","2022","No function","Water Services Regulation Authority","SCS level","[c]","[c]","[c]","[c]"
"In post","2022","No function","Water Services Regulation Authority","SEO/HEO","50","45","48570","50220"
"In post","2022","No function","Welsh Revenue Authority","AA/AO","5","5","[c]","[c]"
"In post","2022","No function","Welsh Revenue Authority","EO","5","5","[c]","[c]"
"In post","2022","No function","Welsh Revenue Authority","G6/G7","5","5","[c]","[c]"
"In post","2022","No function","Welsh Revenue Authority","SCS level","[c]","[c]","[c]","[c]"
"In post","2022","No function","Welsh Revenue Authority","SEO/HEO","15","15","39570","40100"
"In post","2022","Project Delivery","Advisory, Conciliation and Arbitration Service","EO","10","10","[c]","[c]"
"In post","2022","Project Delivery","Advisory, Conciliation and Arbitration Service","G6/G7","15","15","57690","53600"
"In post","2022","Project Delivery","Advisory, Conciliation and Arbitration Service","SCS level","[c]","[c]","[c]","[c]"
"In post","2022","Project Delivery","Advisory, Conciliation and Arbitration Service","SEO/HEO","60","55","37140","39040"
"In post","2022","Project Delivery","Animal and Plant Health Agency","AA/AO","45","40","21360","21300"
"In post","2022","Project Delivery","Animal and Plant Health Agency","EO","25","25","25210","24920"
"In post","2022","Project Delivery","Animal and Plant Health Agency","G6/G7","5","5","[c]","[c]"
"In post","2022","Project Delivery","Animal and Plant Health Agency","SCS level","[c]","[c]","[c]","[c]"
"In post","2022","Project Delivery","Animal and Plant Health Agency","SEO/HEO","40","35","32080","30580"
"In post","2022","Project Delivery","Cabinet Office (excl. agencies)","AA/AO","[c]","[c]","[c]","[c]"
"In post","2022","Project Delivery","Cabinet Office (excl. agencies)","EO","20","20","27080","27500"
"In post","2022","Project Delivery","Cabinet Office (excl. agencies)","G6/G7","75","75","59410","58230"
"In post","2022","Project Delivery","Cabinet Office (excl. agencies)","SCS level","55","55","114380","115000"
"In post","2022","Project Delivery","Cabinet Office (excl. agencies)","SEO/HEO","40","40","35860","34550"
"In post","2022","Project Delivery","Centre for Environment, Fisheries and Aquaculture Science","AA/AO","5","5","[c]","[c]"
"In post","2022","Project Delivery","Centre for Environment, Fisheries and Aquaculture Science","EO","15","15","24970","25010"
"In post","2022","Project Delivery","Centre for Environment, Fisheries and Aquaculture Science","G6/G7","15","10","51050","48080"
"In post","2022","Project Delivery","Centre for Environment, Fisheries and Aquaculture Science","SEO/HEO","30","25","31900","29750"
"In post","2022","Project Delivery","Charity Commission","EO","[c]","[c]","[c]","[c]"
"In post","2022","Project Delivery","Charity Commission","G6/G7","[c]","[c]","[c]","[c]"
"In post","2022","Project Delivery","Charity Commission","SEO/HEO","15","15","35270","37910"
"In post","2022","Project Delivery","Companies House","AA/AO","[c]","[c]","[c]","[c]"
"In post","2022","Project Delivery","Companies House","EO","[c]","[c]","[c]","[c]"
"In post","2022","Project Delivery","Companies House","G6/G7","5","5","[c]","[c]"
"In post","2022","Project Delivery","Companies House","SEO/HEO","15","15","41710","41530"
"In post","2022","Project Delivery","Competition and Markets Authority","AA/AO","10","10","[c]","[c]"
"In post","2022","Project Delivery","Competition and Markets Authority","EO","40","35","28070","27920"
"In post","2022","Project Delivery","Competition and Markets Authority","G6/G7","180","170","66280","62980"
"In post","2022","Project Delivery","Competition and Markets Authority","SCS level","65","65","108750","99920"
"In post","2022","Project Delivery","Competition and Markets Authority","SEO/HEO","85","85","36140","34870"
"In post","2022","Project Delivery","Crown Commercial Service","EO","[c]","[c]","[c]","[c]"
"In post","2022","Project Delivery","Crown Commercial Service","G6/G7","10","10","54170","51600"
"In post","2022","Project Delivery","Crown Commercial Service","SCS level","[c]","[c]","[c]","[c]"
"In post","2022","Project Delivery","Crown Commercial Service","SEO/HEO","5","5","[c]","[c]"
"In post","2022","Project Delivery","Crown Prosecution Service","EO","[c]","[c]","[c]","[c]"
"In post","2022","Project Delivery","Crown Prosecution Service","G6/G7","[c]","[c]","[c]","[c]"
"In post","2022","Project Delivery","Crown Prosecution Service","SEO/HEO","[c]","[c]","[c]","[c]"
"In post","2022","Project Delivery","Defence Electronics and Components Agency","EO","[c]","[c]","[c]","[c]"
"In post","2022","Project Delivery","Defence Electronics and Components Agency","SEO/HEO","[c]","[c]","[c]","[c]"
"In post","2022","Project Delivery","Defence Equipment and Support","EO","1855","1775","22680","22210"
"In post","2022","Project Delivery","Defence Equipment and Support","G6/G7","1470","1435","56030","55000"
"In post","2022","Project Delivery","Defence Equipment and Support","SCS level","75","75","102610","94590"
"In post","2022","Project Delivery","Defence Equipment and Support","SEO/HEO","5445","5255","35640","35160"
"In post","2022","Project Delivery","Defence Equipment and Support","Unknown","[c]","[c]","[c]","[c]"
"In post","2022","Project Delivery","Defence Science and Technology Laboratory","AA/AO","30","30","20030","18330"
"In post","2022","Project Delivery","Defence Science and Technology Laboratory","EO","115","110","24760","23490"
"In post","2022","Project Delivery","Defence Science and Technology Laboratory","G6/G7","455","440","54160","48720"
"In post","2022","Project Delivery","Defence Science and Technology Laboratory","SEO/HEO","430","405","35230","38070"
"In post","2022","Project Delivery","Department for Business, Energy and Industrial Strategy (excl. agencies)","G6/G7","30","30","57070","56380"
"In post","2022","Project Delivery","Department for Business, Energy and Industrial Strategy (excl. agencies)","SEO/HEO","20","20","39030","40050"
"In post","2022","Project Delivery","Department for Digital, Culture, Media and Sport","G6/G7","[c]","[c]","[c]","[c]"
"In post","2022","Project Delivery","Department for Digital, Culture, Media and Sport","SCS level","[c]","[c]","[c]","[c]"
"In post","2022","Project Delivery","Department for Digital, Culture, Media and Sport","SEO/HEO","[c]","[c]","[c]","[c]"
"In post","2022","Project Delivery","Department for Education (excl. agencies)","EO","5","5","[c]","[c]"
"In post","2022","Project Delivery","Department for Education (excl. agencies)","G6/G7","35","35","54780","50630"
"In post","2022","Project Delivery","Department for Education (excl. agencies)","SEO/HEO","35","35","35980","36500"
"In post","2022","Project Delivery","Department for International Trade","EO","5","5","[c]","[c]"
"In post","2022","Project Delivery","Department for International Trade","G6/G7","30","30","55070","51970"
"In post","2022","Project Delivery","Department for International Trade","SCS level","5","5","[c]","[c]"
"In post","2022","Project Delivery","Department for International Trade","SEO/HEO","15","15","36420","38160"
"In post","2022","Project Delivery","Department for Levelling Up, Housing and Communities (excl. agencies)","EO","10","10","[c]","[c]"
"In post","2022","Project Delivery","Department for Levelling Up, Housing and Communities (excl. agencies)","G6/G7","80","80","53620","53130"
"In post","2022","Project Delivery","Department for Levelling Up, Housing and Communities (excl. agencies)","SCS level","[c]","[c]","[c]","[c]"
"In post","2022","Project Delivery","Department for Levelling Up, Housing and Communities (excl. agencies)","SEO/HEO","65","65","35500","36340"
"In post","2022","Project Delivery","Department for Transport (excl. agencies)","AA/AO","[c]","[c]","[c]","[c]"
"In post","2022","Project Delivery","Department for Transport (excl. agencies)","EO","25","25","28020","29970"
"In post","2022","Project Delivery","Department for Transport (excl. agencies)","G6/G7","190","190","58770","54760"
"In post","2022","Project Delivery","Department for Transport (excl. agencies)","SCS level","35","35","88870","84460"
"In post","2022","Project Delivery","Department for Transport (excl. agencies)","SEO/HEO","160","160","38250","37660"
"In post","2022","Project Delivery","Department for Work and Pensions (excl. agencies)","AA/AO","360","295","21900","21260"
"In post","2022","Project Delivery","Department for Work and Pensions (excl. agencies)","EO","210","190","28170","27570"
"In post","2022","Project Delivery","Department for Work and Pensions (excl. agencies)","G6/G7","230","215","54680","51580"
"In post","2022","Project Delivery","Department for Work and Pensions (excl. agencies)","SCS level","30","30","85540","78070"
"In post","2022","Project Delivery","Department for Work and Pensions (excl. agencies)","SEO/HEO","610","555","35030","34290"
"In post","2022","Project Delivery","Department of Health and Social Care (excl. agencies)","EO","[c]","[c]","[c]","[c]"
"In post","2022","Project Delivery","Department of Health and Social Care (excl. agencies)","G6/G7","10","10","[c]","[c]"
"In post","2022","Project Delivery","Department of Health and Social Care (excl. agencies)","SEO/HEO","5","5","[c]","[c]"
"In post","2022","Project Delivery","Driver and Vehicle Licensing Agency","AA/AO","10","10","[c]","[c]"
"In post","2022","Project Delivery","Driver and Vehicle Licensing Agency","EO","40","35","26410","26350"
"In post","2022","Project Delivery","Driver and Vehicle Licensing Agency","G6/G7","15","15","60000","57050"
"In post","2022","Project Delivery","Driver and Vehicle Licensing Agency","SEO/HEO","35","30","35780","33350"
"In post","2022","Project Delivery","Driver and Vehicle Standards Agency","AA/AO","[c]","[c]","[c]","[c]"
"In post","2022","Project Delivery","Driver and Vehicle Standards Agency","EO","15","15","26340","26130"
"In post","2022","Project Delivery","Driver and Vehicle Standards Agency","G6/G7","15","15","54280","51940"
"In post","2022","Project Delivery","Driver and Vehicle Standards Agency","SEO/HEO","55","55","35120","33350"
"In post","2022","Project Delivery","Estyn","AA/AO","[c]","[c]","[c]","[c]"
"In post","2022","Project Delivery","Estyn","EO","15","15","28730","29430"
"In post","2022","Project Delivery","Estyn","G6/G7","70","65","74040","75480"
"In post","2022","Project Delivery","Estyn","SCS level","[c]","[c]","[c]","[c]"
"In post","2022","Project Delivery","Estyn","SEO/HEO","[c]","[c]","[c]","[c]"
"In post","2022","Project Delivery","FCDO Services","AA/AO","5","5","[c]","[c]"
"In post","2022","Project Delivery","FCDO Services","EO","20","20","27330","26750"
"In post","2022","Project Delivery","FCDO Services","G6/G7","10","10","61490","59050"
"In post","2022","Project Delivery","FCDO Services","SEO/HEO","30","30","38110","39500"
"In post","2022","Project Delivery","Food Standards Agency","EO","5","5","[c]","[c]"
"In post","2022","Project Delivery","Food Standards Agency","G6/G7","15","15","55780","54100"
"In post","2022","Project Delivery","Food Standards Agency","SEO/HEO","10","10","34790","36540"
"In post","2022","Project Delivery","Foreign, Commonwealth and Development Office (excl. agencies)","AA/AO","25","25","23700","23590"
"In post","2022","Project Delivery","Foreign, Commonwealth and Development Office (excl. agencies)","EO","85","80","28300","26120"
"In post","2022","Project Delivery","Foreign, Commonwealth and Development Office (excl. agencies)","G6/G7","1190","1155","58450","56110"
"In post","2022","Project Delivery","Foreign, Commonwealth and Development Office (excl. agencies)","SCS level","80","75","81700","77650"
"In post","2022","Project Delivery","Foreign, Commonwealth and Development Office (excl. agencies)","SEO/HEO","405","395","37620","38600"
"In post","2022","Project Delivery","Government Actuary's Department","AA/AO","[c]","[c]","[c]","[c]"
"In post","2022","Project Delivery","Government Actuary's Department","G6/G7","[c]","[c]","[c]","[c]"
"In post","2022","Project Delivery","Government Actuary's Department","SEO/HEO","[c]","[c]","[c]","[c]"
"In post","2022","Project Delivery","Government Internal Audit Agency","G6/G7","5","5","[c]","[c]"
"In post","2022","Project Delivery","Government Internal Audit Agency","SCS level","[c]","[c]","[c]","[c]"
"In post","2022","Project Delivery","Government Internal Audit Agency","SEO/HEO","[c]","[c]","[c]","[c]"
"In post","2022","Project Delivery","Government Legal Department","AA/AO","[c]","[c]","[c]","[c]"
"In post","2022","Project Delivery","Government Legal Department","EO","[c]","[c]","[c]","[c]"
"In post","2022","Project Delivery","Government Legal Department","G6/G7","15","15","59440","62190"
"In post","2022","Project Delivery","Government Legal Department","SCS level","[c]","[c]","[c]","[c]"
"In post","2022","Project Delivery","Government Legal Department","SEO/HEO","10","10","33860","32980"
"In post","2022","Project Delivery","Health and Safety Executive","AA/AO","5","5","[c]","[c]"
"In post","2022","Project Delivery","Health and Safety Executive","EO","10","5","[c]","[c]"
"In post","2022","Project Delivery","Health and Safety Executive","G6/G7","10","10","56060","53560"
"In post","2022","Project Delivery","Health and Safety Executive","SEO/HEO","25","25","38720","39360"
"In post","2022","Project Delivery","HM Courts and Tribunals Service","AA/AO","[c]","[c]","[c]","[c]"
"In post","2022","Project Delivery","HM Courts and Tribunals Service","EO","5","5","[c]","[c]"
"In post","2022","Project Delivery","HM Courts and Tribunals Service","G6/G7","10","10","[c]","[c]"
"In post","2022","Project Delivery","HM Courts and Tribunals Service","SEO/HEO","15","15","37130","36050"
"In post","2022","Project Delivery","HM Land Registry","AA/AO","30","30","22600","22600"
"In post","2022","Project Delivery","HM Land Registry","EO","15","15","27950","27130"
"In post","2022","Project Delivery","HM Land Registry","G6/G7","20","20","58980","56750"
"In post","2022","Project Delivery","HM Land Registry","SCS level","[c]","[c]","[c]","[c]"
"In post","2022","Project Delivery","HM Land Registry","SEO/HEO","105","105","38710","38550"
"In post","2022","Project Delivery","HM Revenue and Customs (excl. agencies)","AA/AO","60","50","22610","22080"
"In post","2022","Project Delivery","HM Revenue and Customs (excl. agencies)","EO","495","445","28320","26820"
"In post","2022","Project Delivery","HM Revenue and Customs (excl. agencies)","G6/G7","1710","1665","60820","58600"
"In post","2022","Project Delivery","HM Revenue and Customs (excl. agencies)","SCS level","145","140","84480","78420"
"In post","2022","Project Delivery","HM Revenue and Customs (excl. agencies)","SEO/HEO","2580","2450","38040","40180"
"In post","2022","Project Delivery","HM Treasury (excl. agencies)","EO","[c]","[c]","[c]","[c]"
"In post","2022","Project Delivery","HM Treasury (excl. agencies)","G6/G7","10","10","[c]","[c]"
"In post","2022","Project Delivery","HM Treasury (excl. agencies)","SEO/HEO","15","10","36350","34900"
"In post","2022","Project Delivery","Institute for Apprenticeships and Technical Education","EO","[c]","[c]","[c]","[c]"
"In post","2022","Project Delivery","Institute for Apprenticeships and Technical Education","G6/G7","5","5","[c]","[c]"
"In post","2022","Project Delivery","Institute for Apprenticeships and Technical Education","SEO/HEO","5","5","[c]","[c]"
"In post","2022","Project Delivery","Intellectual Property Office","AA/AO","[c]","[c]","[c]","[c]"
"In post","2022","Project Delivery","Intellectual Property Office","EO","[c]","[c]","[c]","[c]"
"In post","2022","Project Delivery","Intellectual Property Office","G6/G7","20","20","59450","57970"
"In post","2022","Project Delivery","Intellectual Property Office","SCS level","[c]","[c]","[c]","[c]"
"In post","2022","Project Delivery","Intellectual Property Office","SEO/HEO","20","20","36210","39910"
"In post","2022","Project Delivery","Medicines and Healthcare Products Regulatory Agency","EO","[c]","[c]","[c]","[c]"
"In post","2022","Project Delivery","Medicines and Healthcare Products Regulatory Agency","G6/G7","[c]","[c]","[c]","[c]"
"In post","2022","Project Delivery","Met Office","EO","45","45","25240","24650"
"In post","2022","Project Delivery","Met Office","G6/G7","145","135","50900","47960"
"In post","2022","Project Delivery","Met Office","SCS level","[c]","[c]","[c]","[c]"
"In post","2022","Project Delivery","Met Office","SEO/HEO","225","215","37920","38200"
"In post","2022","Project Delivery","Ministry of Defence (excl. agencies)","AA/AO","20","20","21610","21170"
"In post","2022","Project Delivery","Ministry of Defence (excl. agencies)","EO","200","195","27030","26670"
"In post","2022","Project Delivery","Ministry of Defence (excl. agencies)","G6/G7","705","690","58570","54950"
"In post","2022","Project Delivery","Ministry of Defence (excl. agencies)","SCS level","55","55","83760","79690"
"In post","2022","Project Delivery","Ministry of Defence (excl. agencies)","SEO/HEO","1700","1655","38540","40000"
"In post","2022","Project Delivery","Ministry of Defence (excl. agencies)","Unknown","[c]","[c]","[c]","[c]"
"In post","2022","Project Delivery","Ministry of Justice (excl. agencies)","AA/AO","[c]","[c]","[c]","[c]"
"In post","2022","Project Delivery","Ministry of Justice (excl. agencies)","EO","25","25","26520","25120"
"In post","2022","Project Delivery","Ministry of Justice (excl. agencies)","G6/G7","75","75","56130","55200"
"In post","2022","Project Delivery","Ministry of Justice (excl. agencies)","SCS level","[c]","[c]","[c]","[c]"
"In post","2022","Project Delivery","Ministry of Justice (excl. agencies)","SEO/HEO","155","155","37020","36050"
"In post","2022","Project Delivery","National Crime Agency","AA/AO","[c]","[c]","[c]","[c]"
"In post","2022","Project Delivery","National Crime Agency","EO","10","10","30330","28840"
"In post","2022","Project Delivery","National Crime Agency","G6/G7","15","15","61480","55740"
"In post","2022","Project Delivery","National Crime Agency","SCS level","[c]","[c]","[c]","[c]"
"In post","2022","Project Delivery","National Crime Agency","SEO/HEO","60","55","43050","44910"
"In post","2022","Project Delivery","National Savings and Investments","EO","[c]","[c]","[c]","[c]"
"In post","2022","Project Delivery","National Savings and Investments","G6/G7","15","15","56270","54910"
"In post","2022","Project Delivery","National Savings and Investments","SEO/HEO","5","5","[c]","[c]"
"In post","2022","Project Delivery","Northern Ireland Office","G6/G7","[c]","[c]","[c]","[c]"
"In post","2022","Project Delivery","Northern Ireland Office","SEO/HEO","5","5","[c]","[c]"
"In post","2022","Project Delivery","Office for Standards in Education, Children's Services and Skills","EO","5","5","[c]","[c]"
"In post","2022","Project Delivery","Office for Standards in Education, Children's Services and Skills","G6/G7","10","10","[c]","[c]"
"In post","2022","Project Delivery","Office for Standards in Education, Children's Services and Skills","SCS level","[c]","[c]","[c]","[c]"
"In post","2022","Project Delivery","Office for Standards in Education, Children's Services and Skills","SEO/HEO","20","20","38740","39850"
"In post","2022","Project Delivery","Office of Gas and Electricity Markets","G6/G7","15","15","55120","52610"
"In post","2022","Project Delivery","Office of Gas and Electricity Markets","SCS level","[c]","[c]","[c]","[c]"
"In post","2022","Project Delivery","Office of Gas and Electricity Markets","SEO/HEO","5","5","[c]","[c]"
"In post","2022","Project Delivery","Office of Rail and Road","SEO/HEO","[c]","[c]","[c]","[c]"
"In post","2022","Project Delivery","Planning Inspectorate","EO","[c]","[c]","[c]","[c]"
"In post","2022","Project Delivery","Planning Inspectorate","G6/G7","[c]","[c]","[c]","[c]"
"In post","2022","Project Delivery","Planning Inspectorate","SEO/HEO","[c]","[c]","[c]","[c]"
"In post","2022","Project Delivery","Queen Elizabeth II Centre","AA/AO","[c]","[c]","[c]","[c]"
"In post","2022","Project Delivery","Queen Elizabeth II Centre","EO","[c]","[c]","[c]","[c]"
"In post","2022","Project Delivery","Queen Elizabeth II Centre","G6/G7","[c]","[c]","[c]","[c]"
"In post","2022","Project Delivery","Queen Elizabeth II Centre","SEO/HEO","15","15","37460","34720"
"In post","2022","Project Delivery","Registers of Scotland","EO","[c]","[c]","[c]","[c]"
"In post","2022","Project Delivery","Registers of Scotland","G6/G7","[c]","[c]","[c]","[c]"
"In post","2022","Project Delivery","Registers of Scotland","SEO/HEO","15","15","44710","47490"
"In post","2022","Project Delivery","Rural Payments Agency","EO","25","25","25380","25100"
"In post","2022","Project Delivery","Rural Payments Agency","G6/G7","35","35","52040","49370"
"In post","2022","Project Delivery","Rural Payments Agency","SCS level","[c]","[c]","[c]","[c]"
"In post","2022","Project Delivery","Rural Payments Agency","SEO/HEO","85","80","34290","35900"
"In post","2022","Project Delivery","Scottish Prison Service","G6/G7","10","5","[c]","[c]"
"In post","2022","Project Delivery","Scottish Prison Service","SEO/HEO","5","5","[c]","[c]"
"In post","2022","Project Delivery","Serious Fraud Office","EO","[c]","[c]","[c]","[c]"
"In post","2022","Project Delivery","Serious Fraud Office","G6/G7","[c]","[c]","[c]","[c]"
"In post","2022","Project Delivery","Serious Fraud Office","SEO/HEO","[c]","[c]","[c]","[c]"
"In post","2022","Project Delivery","Submarine Delivery Agency","Unknown","1605","1570","41020","39800"
"In post","2022","Project Delivery","The Insolvency Service","EO","[c]","[c]","[c]","[c]"
"In post","2022","Project Delivery","The Insolvency Service","G6/G7","15","15","54290","52930"
"In post","2022","Project Delivery","The Insolvency Service","SEO/HEO","30","30","38440","41870"
"In post","2022","Project Delivery","UK Debt Management Office","G6/G7","[c]","[c]","[c]","[c]"
"In post","2022","Project Delivery","UK Debt Management Office","SEO/HEO","[c]","[c]","[c]","[c]"
"In post","2022","Project Delivery","UK Export Finance","AA/AO","[c]","[c]","[c]","[c]"
"In post","2022","Project Delivery","UK Export Finance","EO","[c]","[c]","[c]","[c]"
"In post","2022","Project Delivery","UK Export Finance","G6/G7","[c]","[c]","[c]","[c]"
"In post","2022","Project Delivery","UK Export Finance","SCS level","[c]","[c]","[c]","[c]"
"In post","2022","Project Delivery","UK Export Finance","SEO/HEO","10","10","[c]","[c]"
"In post","2022","Project Delivery","UK Hydrographic Office","G6/G7","[c]","[c]","[c]","[c]"
"In post","2022","Project Delivery","UK Hydrographic Office","SEO/HEO","5","5","[c]","[c]"
"In post","2022","Project Delivery","UK Space Agency","AA/AO","[c]","[c]","[c]","[c]"
"In post","2022","Project Delivery","UK Space Agency","EO","10","10","26770","27680"
"In post","2022","Project Delivery","UK Space Agency","G6/G7","80","80","55530","53600"
"In post","2022","Project Delivery","UK Space Agency","SCS level","5","5","[c]","[c]"
"In post","2022","Project Delivery","UK Space Agency","SEO/HEO","85","85","37120","38130"
"In post","2022","Project Delivery","UK Statistics Authority","EO","20","15","24340","23880"
"In post","2022","Project Delivery","UK Statistics Authority","G6/G7","95","90","53370","50210"
"In post","2022","Project Delivery","UK Statistics Authority","SCS level","[c]","[c]","[c]","[c]"
"In post","2022","Project Delivery","UK Statistics Authority","SEO/HEO","140","135","34100","36840"
"In post","2022","Project Delivery","Valuation Office Agency","AA/AO","[c]","[c]","[c]","[c]"
"In post","2022","Project Delivery","Valuation Office Agency","EO","15","15","28240","27530"
"In post","2022","Project Delivery","Valuation Office Agency","G6/G7","20","20","59140","57150"
"In post","2022","Project Delivery","Valuation Office Agency","SCS level","[c]","[c]","[c]","[c]"
"In post","2022","Project Delivery","Valuation Office Agency","SEO/HEO","35","35","39290","40160"
"In post","2022","Project Delivery","Vehicle Certification Agency","EO","[c]","[c]","[c]","[c]"
"In post","2022","Project Delivery","Vehicle Certification Agency","SEO/HEO","[c]","[c]","[c]","[c]"
"In post","2022","Project Delivery","Water Services Regulation Authority","EO","[c]","[c]","[c]","[c]"
"In post","2022","Project Delivery","Water Services Regulation Authority","G6/G7","[c]","[c]","[c]","[c]"
"In post","2022","Project Delivery","Water Services Regulation Authority","SEO/HEO","10","10","46350","45810"
"In post","2022","Project Delivery","Welsh Revenue Authority","G6/G7","[c]","[c]","[c]","[c]"
"In post","2022","Project Delivery","Welsh Revenue Authority","SEO/HEO","[c]","[c]","[c]","[c]"
"In post","2022","Project Delivery","Wilton Park","AA/AO","[c]","[c]","[c]","[c]"
"In post","2022","Project Delivery","Wilton Park","EO","10","10","26530","25300"
"In post","2022","Project Delivery","Wilton Park","G6/G7","10","10","[c]","[c]"
"In post","2022","Project Delivery","Wilton Park","SCS level","[c]","[c]","[c]","[c]"
"In post","2022","Project Delivery","Wilton Park","SEO/HEO","15","15","34480","33460"
"In post","2022","Property","Cabinet Office (excl. agencies)","AA/AO","[c]","[c]","[c]","[c]"
"In post","2022","Property","Cabinet Office (excl. agencies)","EO","10","5","[c]","[c]"
"In post","2022","Property","Cabinet Office (excl. agencies)","G6/G7","55","50","55790","54700"
"In post","2022","Property","Cabinet Office (excl. agencies)","SCS level","10","10","[c]","[c]"
"In post","2022","Property","Cabinet Office (excl. agencies)","SEO/HEO","40","40","34760","34550"
"In post","2022","Property","Charity Commission","EO","[c]","[c]","[c]","[c]"
"In post","2022","Property","Companies House","AA/AO","[c]","[c]","[c]","[c]"
"In post","2022","Property","Companies House","EO","5","5","[c]","[c]"
"In post","2022","Property","Companies House","G6/G7","[c]","[c]","[c]","[c]"
"In post","2022","Property","Companies House","SEO/HEO","[c]","[c]","[c]","[c]"
"In post","2022","Property","Competition and Markets Authority","EO","[c]","[c]","[c]","[c]"
"In post","2022","Property","Competition and Markets Authority","G6/G7","[c]","[c]","[c]","[c]"
"In post","2022","Property","Competition and Markets Authority","SCS level","[c]","[c]","[c]","[c]"
"In post","2022","Property","Competition and Markets Authority","SEO/HEO","[c]","[c]","[c]","[c]"
"In post","2022","Property","Crown Prosecution Service","AA/AO","[c]","[c]","[c]","[c]"
"In post","2022","Property","Crown Prosecution Service","EO","[c]","[c]","[c]","[c]"
"In post","2022","Property","Crown Prosecution Service","G6/G7","[c]","[c]","[c]","[c]"
"In post","2022","Property","Crown Prosecution Service","SEO/HEO","15","15","33660","32480"
"In post","2022","Property","Defence Electronics and Components Agency","AA/AO","[c]","[c]","[c]","[c]"
"In post","2022","Property","Defence Electronics and Components Agency","EO","10","10","[c]","[c]"
"In post","2022","Property","Defence Electronics and Components Agency","SEO/HEO","[c]","[c]","[c]","[c]"
"In post","2022","Property","Defence Equipment and Support","EO","165","160","20640","19810"
"In post","2022","Property","Defence Equipment and Support","G6/G7","15","15","55740","54000"
"In post","2022","Property","Defence Equipment and Support","SCS level","[c]","[c]","[c]","[c]"
"In post","2022","Property","Defence Equipment and Support","SEO/HEO","130","130","31530","29860"
"In post","2022","Property","Defence Science and Technology Laboratory","G6/G7","25","25","50090","47010"
"In post","2022","Property","Defence Science and Technology Laboratory","SEO/HEO","10","10","35570","35350"
"In post","2022","Property","Department for Business, Energy and Industrial Strategy (excl. agencies)","EO","[c]","[c]","[c]","[c]"
"In post","2022","Property","Department for Business, Energy and Industrial Strategy (excl. agencies)","G6/G7","10","10","56160","53490"
"In post","2022","Property","Department for Business, Energy and Industrial Strategy (excl. agencies)","SCS level","[c]","[c]","[c]","[c]"
"In post","2022","Property","Department for Business, Energy and Industrial Strategy (excl. agencies)","SEO/HEO","[c]","[c]","[c]","[c]"
"In post","2022","Property","Department for Digital, Culture, Media and Sport","EO","[c]","[c]","[c]","[c]"
"In post","2022","Property","Department for Digital, Culture, Media and Sport","G6/G7","5","5","[c]","[c]"
"In post","2022","Property","Department for Digital, Culture, Media and Sport","SEO/HEO","[c]","[c]","[c]","[c]"
"In post","2022","Property","Department for Education (excl. agencies)","EO","60","60","26300","25000"
"In post","2022","Property","Department for Education (excl. agencies)","G6/G7","385","380","59110","61010"
"In post","2022","Property","Department for Education (excl. agencies)","SCS level","10","10","83110","77050"
"In post","2022","Property","Department for Education (excl. agencies)","SEO/HEO","115","110","33490","32940"
"In post","2022","Property","Department for Environment, Food and Rural Affairs (excl. agencies)","AA/AO","45","35","21720","21300"
"In post","2022","Property","Department for Environment, Food and Rural Affairs (excl. agencies)","EO","85","80","25800","25100"
"In post","2022","Property","Department for Environment, Food and Rural Affairs (excl. agencies)","G6/G7","125","120","54470","52930"
"In post","2022","Property","Department for Environment, Food and Rural Affairs (excl. agencies)","SCS level","10","10","86810","88230"
"In post","2022","Property","Department for Environment, Food and Rural Affairs (excl. agencies)","SEO/HEO","150","150","34560","35900"
"In post","2022","Property","Department for International Trade","EO","[c]","[c]","[c]","[c]"
"In post","2022","Property","Department for International Trade","G6/G7","[c]","[c]","[c]","[c]"
"In post","2022","Property","Department for International Trade","SCS level","[c]","[c]","[c]","[c]"
"In post","2022","Property","Department for International Trade","SEO/HEO","[c]","[c]","[c]","[c]"
"In post","2022","Property","Department for Transport (excl. agencies)","EO","[c]","[c]","[c]","[c]"
"In post","2022","Property","Department for Transport (excl. agencies)","G6/G7","10","10","59810","59540"
"In post","2022","Property","Department for Transport (excl. agencies)","SCS level","[c]","[c]","[c]","[c]"
"In post","2022","Property","Department for Transport (excl. agencies)","SEO/HEO","5","5","[c]","[c]"
"In post","2022","Property","Department for Work and Pensions (excl. agencies)","AA/AO","[c]","[c]","[c]","[c]"
"In post","2022","Property","Department for Work and Pensions (excl. agencies)","EO","15","15","28300","27570"
"In post","2022","Property","Department for Work and Pensions (excl. agencies)","G6/G7","50","50","58510","54690"
"In post","2022","Property","Department for Work and Pensions (excl. agencies)","SCS level","[c]","[c]","[c]","[c]"
"In post","2022","Property","Department for Work and Pensions (excl. agencies)","SEO/HEO","115","110","37750","36900"
"In post","2022","Property","Department of Health and Social Care (excl. agencies)","EO","[c]","[c]","[c]","[c]"
"In post","2022","Property","Department of Health and Social Care (excl. agencies)","G6/G7","5","5","[c]","[c]"
"In post","2022","Property","Department of Health and Social Care (excl. agencies)","SCS level","[c]","[c]","[c]","[c]"
"In post","2022","Property","Department of Health and Social Care (excl. agencies)","SEO/HEO","30","30","37890","37970"
"In post","2022","Property","Driver and Vehicle Licensing Agency","AA/AO","15","10","21840","21840"
"In post","2022","Property","Driver and Vehicle Licensing Agency","EO","15","15","26360","26240"
"In post","2022","Property","Driver and Vehicle Licensing Agency","G6/G7","5","5","[c]","[c]"
"In post","2022","Property","Driver and Vehicle Licensing Agency","SEO/HEO","35","30","33680","32020"
"In post","2022","Property","Driver and Vehicle Standards Agency","AA/AO","10","10","21200","21840"
"In post","2022","Property","Driver and Vehicle Standards Agency","EO","10","10","26460","26470"
"In post","2022","Property","Driver and Vehicle Standards Agency","G6/G7","[c]","[c]","[c]","[c]"
"In post","2022","Property","Driver and Vehicle Standards Agency","SEO/HEO","15","15","35930","35250"
"In post","2022","Property","Estyn","EO","[c]","[c]","[c]","[c]"
"In post","2022","Property","FCDO Services","AA/AO","[c]","[c]","[c]","[c]"
"In post","2022","Property","FCDO Services","EO","65","65","28100","28170"
"In post","2022","Property","FCDO Services","G6/G7","60","60","62970","63250"
"In post","2022","Property","FCDO Services","SEO/HEO","175","175","41120","41740"
"In post","2022","Property","FCDO Services","Unknown","45","45","22200","21600"
"In post","2022","Property","Food Standards Agency","EO","[c]","[c]","[c]","[c]"
"In post","2022","Property","Food Standards Agency","SEO/HEO","[c]","[c]","[c]","[c]"
"In post","2022","Property","Foreign, Commonwealth and Development Office (excl. agencies)","AA/AO","[c]","[c]","[c]","[c]"
"In post","2022","Property","Foreign, Commonwealth and Development Office (excl. agencies)","EO","15","15","30940","30630"
"In post","2022","Property","Foreign, Commonwealth and Development Office (excl. agencies)","G6/G7","35","35","67950","66220"
"In post","2022","Property","Foreign, Commonwealth and Development Office (excl. agencies)","SCS level","[c]","[c]","[c]","[c]"
"In post","2022","Property","Foreign, Commonwealth and Development Office (excl. agencies)","SEO/HEO","20","20","41900","43570"
"In post","2022","Property","Government Property Agency","AA/AO","[c]","[c]","[c]","[c]"
"In post","2022","Property","Government Property Agency","EO","25","25","25390","24100"
"In post","2022","Property","Government Property Agency","G6/G7","150","145","59360","57650"
"In post","2022","Property","Government Property Agency","SCS level","25","25","94600","88000"
"In post","2022","Property","Government Property Agency","SEO/HEO","110","110","36940","37300"
"In post","2022","Property","Health and Safety Executive","AA/AO","5","5","[c]","[c]"
"In post","2022","Property","Health and Safety Executive","EO","[c]","[c]","[c]","[c]"
"In post","2022","Property","Health and Safety Executive","G6/G7","[c]","[c]","[c]","[c]"
"In post","2022","Property","Health and Safety Executive","SEO/HEO","5","5","[c]","[c]"
"In post","2022","Property","HM Courts and Tribunals Service","AA/AO","[c]","[c]","[c]","[c]"
"In post","2022","Property","HM Courts and Tribunals Service","EO","5","5","[c]","[c]"
"In post","2022","Property","HM Courts and Tribunals Service","G6/G7","30","30","54890","52590"
"In post","2022","Property","HM Courts and Tribunals Service","SCS level","5","5","[c]","[c]"
"In post","2022","Property","HM Courts and Tribunals Service","SEO/HEO","85","85","34650","34260"
"In post","2022","Property","HM Land Registry","EO","[c]","[c]","[c]","[c]"
"In post","2022","Property","HM Land Registry","G6/G7","[c]","[c]","[c]","[c]"
"In post","2022","Property","HM Land Registry","SEO/HEO","10","10","41370","39980"
"In post","2022","Property","HM Revenue and Customs (excl. agencies)","AA/AO","20","15","21630","21250"
"In post","2022","Property","HM Revenue and Customs (excl. agencies)","EO","35","30","28290","26820"
"In post","2022","Property","HM Revenue and Customs (excl. agencies)","G6/G7","70","70","58450","55210"
"In post","2022","Property","HM Revenue and Customs (excl. agencies)","SCS level","5","5","[c]","[c]"
"In post","2022","Property","HM Revenue and Customs (excl. agencies)","SEO/HEO","125","120","37330","37930"
"In post","2022","Property","HM Treasury (excl. agencies)","G6/G7","[c]","[c]","[c]","[c]"
"In post","2022","Property","HM Treasury (excl. agencies)","SEO/HEO","[c]","[c]","[c]","[c]"
"In post","2022","Property","Intellectual Property Office","AA/AO","15","15","21650","21810"
"In post","2022","Property","Intellectual Property Office","EO","10","5","[c]","[c]"
"In post","2022","Property","Intellectual Property Office","G6/G7","[c]","[c]","[c]","[c]"
"In post","2022","Property","Intellectual Property Office","SEO/HEO","5","5","[c]","[c]"
"In post","2022","Property","Maritime and Coastguard Agency","AA/AO","[c]","[c]","[c]","[c]"
"In post","2022","Property","Maritime and Coastguard Agency","EO","[c]","[c]","[c]","[c]"
"In post","2022","Property","Maritime and Coastguard Agency","G6/G7","[c]","[c]","[c]","[c]"
"In post","2022","Property","Maritime and Coastguard Agency","SEO/HEO","[c]","[c]","[c]","[c]"
"In post","2022","Property","Medicines and Healthcare Products Regulatory Agency","AA/AO","[c]","[c]","[c]","[c]"
"In post","2022","Property","Medicines and Healthcare Products Regulatory Agency","G6/G7","[c]","[c]","[c]","[c]"
"In post","2022","Property","Medicines and Healthcare Products Regulatory Agency","SEO/HEO","[c]","[c]","[c]","[c]"
"In post","2022","Property","Met Office","AA/AO","[c]","[c]","[c]","[c]"
"In post","2022","Property","Met Office","EO","5","5","[c]","[c]"
"In post","2022","Property","Met Office","G6/G7","5","5","[c]","[c]"
"In post","2022","Property","Met Office","SEO/HEO","10","10","38370","38540"
"In post","2022","Property","Ministry of Defence (excl. agencies)","AA/AO","625","600","18720","17980"
"In post","2022","Property","Ministry of Defence (excl. agencies)","EO","285","280","26850","26670"
"In post","2022","Property","Ministry of Defence (excl. agencies)","G6/G7","140","135","56660","54540"
"In post","2022","Property","Ministry of Defence (excl. agencies)","SCS level","10","10","99010","78480"
"In post","2022","Property","Ministry of Defence (excl. agencies)","SEO/HEO","1030","1000","36690","33300"
"In post","2022","Property","Ministry of Justice (excl. agencies)","AA/AO","45","40","21880","21650"
"In post","2022","Property","Ministry of Justice (excl. agencies)","EO","45","45","26870","25360"
"In post","2022","Property","Ministry of Justice (excl. agencies)","G6/G7","130","125","58640","58150"
"In post","2022","Property","Ministry of Justice (excl. agencies)","SCS level","10","10","[c]","[c]"
"In post","2022","Property","Ministry of Justice (excl. agencies)","SEO/HEO","205","200","39760","38370"
"In post","2022","Property","National Crime Agency","AA/AO","[c]","[c]","[c]","[c]"
"In post","2022","Property","National Crime Agency","EO","5","5","[c]","[c]"
"In post","2022","Property","National Crime Agency","G6/G7","5","5","[c]","[c]"
"In post","2022","Property","National Crime Agency","SEO/HEO","15","15","43490","43530"
"In post","2022","Property","National Savings and Investments","EO","[c]","[c]","[c]","[c]"
"In post","2022","Property","National Savings and Investments","G6/G7","[c]","[c]","[c]","[c]"
"In post","2022","Property","National Savings and Investments","SEO/HEO","[c]","[c]","[c]","[c]"
"In post","2022","Property","Northern Ireland Office","AA/AO","[c]","[c]","[c]","[c]"
"In post","2022","Property","Northern Ireland Office","G6/G7","[c]","[c]","[c]","[c]"
"In post","2022","Property","Office for Standards in Education, Children's Services and Skills","AA/AO","[c]","[c]","[c]","[c]"
"In post","2022","Property","Office for Standards in Education, Children's Services and Skills","EO","[c]","[c]","[c]","[c]"
"In post","2022","Property","Office for Standards in Education, Children's Services and Skills","G6/G7","[c]","[c]","[c]","[c]"
"In post","2022","Property","Office for Standards in Education, Children's Services and Skills","SEO/HEO","[c]","[c]","[c]","[c]"
"In post","2022","Property","Office of Gas and Electricity Markets","AA/AO","[c]","[c]","[c]","[c]"
"In post","2022","Property","Office of Gas and Electricity Markets","EO","[c]","[c]","[c]","[c]"
"In post","2022","Property","Office of Gas and Electricity Markets","G6/G7","[c]","[c]","[c]","[c]"
"In post","2022","Property","Office of Gas and Electricity Markets","SEO/HEO","[c]","[c]","[c]","[c]"
"In post","2022","Property","Office of Qualifications and Examinations Regulation","SEO/HEO","[c]","[c]","[c]","[c]"
"In post","2022","Property","Office of Rail and Road","EO","[c]","[c]","[c]","[c]"
"In post","2022","Property","Office of Rail and Road","SEO/HEO","[c]","[c]","[c]","[c]"
"In post","2022","Property","Queen Elizabeth II Centre","SEO/HEO","[c]","[c]","[c]","[c]"
"In post","2022","Property","Registers of Scotland","AA/AO","[c]","[c]","[c]","[c]"
"In post","2022","Property","Registers of Scotland","EO","[c]","[c]","[c]","[c]"
"In post","2022","Property","Registers of Scotland","G6/G7","[c]","[c]","[c]","[c]"
"In post","2022","Property","Registers of Scotland","SEO/HEO","5","5","[c]","[c]"
"In post","2022","Property","Scottish Courts and Tribunals Service","AA/AO","[c]","[c]","[c]","[c]"
"In post","2022","Property","Scottish Courts and Tribunals Service","EO","[c]","[c]","[c]","[c]"
"In post","2022","Property","Scottish Courts and Tribunals Service","G6/G7","[c]","[c]","[c]","[c]"
"In post","2022","Property","Scottish Courts and Tribunals Service","SEO/HEO","10","10","[c]","[c]"
"In post","2022","Property","Scottish Prison Service","AA/AO","165","160","26810","26900"
"In post","2022","Property","Scottish Prison Service","EO","30","30","35290","36000"
"In post","2022","Property","Scottish Prison Service","G6/G7","15","10","59910","59170"
"In post","2022","Property","Scottish Prison Service","SEO/HEO","35","35","42130","41510"
"In post","2022","Property","Serious Fraud Office","AA/AO","[c]","[c]","[c]","[c]"
"In post","2022","Property","Submarine Delivery Agency","Unknown","[c]","[c]","[c]","[c]"
"In post","2022","Property","The National Archives","EO","[c]","[c]","[c]","[c]"
"In post","2022","Property","The National Archives","G6/G7","5","5","[c]","[c]"
"In post","2022","Property","The National Archives","SEO/HEO","[c]","[c]","[c]","[c]"
"In post","2022","Property","UK Health Security Agency","AA/AO","5","5","[c]","[c]"
"In post","2022","Property","UK Health Security Agency","EO","5","5","[c]","[c]"
"In post","2022","Property","UK Health Security Agency","G6/G7","5","5","[c]","[c]"
"In post","2022","Property","UK Health Security Agency","SCS level","[c]","[c]","[c]","[c]"
"In post","2022","Property","UK Health Security Agency","SEO/HEO","10","10","38870","39500"
"In post","2022","Property","UK Hydrographic Office","G6/G7","[c]","[c]","[c]","[c]"
"In post","2022","Property","UK Hydrographic Office","SEO/HEO","[c]","[c]","[c]","[c]"
"In post","2022","Property","UK Statistics Authority","EO","[c]","[c]","[c]","[c]"
"In post","2022","Property","UK Statistics Authority","G6/G7","[c]","[c]","[c]","[c]"
"In post","2022","Property","UK Statistics Authority","SEO/HEO","10","10","34850","36840"
"In post","2022","Property","UK Supreme Court","EO","[c]","[c]","[c]","[c]"
"In post","2022","Property","UK Supreme Court","G6/G7","[c]","[c]","[c]","[c]"
"In post","2022","Property","UK Supreme Court","SEO/HEO","[c]","[c]","[c]","[c]"
"In post","2022","Property","Valuation Office Agency","AA/AO","830","765","22320","22010"
"In post","2022","Property","Valuation Office Agency","EO","965","895","27400","27000"
"In post","2022","Property","Valuation Office Agency","G6/G7","360","345","59260","57610"
"In post","2022","Property","Valuation Office Agency","SCS level","15","15","85720","80160"
"In post","2022","Property","Valuation Office Agency","SEO/HEO","1320","1245","38930","38250"
"In post","2022","Property","Vehicle Certification Agency","AA/AO","[c]","[c]","[c]","[c]"
"In post","2022","Property","Vehicle Certification Agency","SEO/HEO","[c]","[c]","[c]","[c]"
"In post","2022","Property","Water Services Regulation Authority","SEO/HEO","[c]","[c]","[c]","[c]"
"In post","2022","Property","Wilton Park","AA/AO","5","5","[c]","[c]"
"In post","2022","Property","Wilton Park","EO","[c]","[c]","[c]","[c]"
"In post","2022","Property","Wilton Park","G6/G7","[c]","[c]","[c]","[c]"
"In post","2022","Security","Cabinet Office (excl. agencies)","AA/AO","175","160","21220","21170"
"In post","2022","Security","Cabinet Office (excl. agencies)","EO","240","230","25730","26350"
"In post","2022","Security","Cabinet Office (excl. agencies)","G6/G7","110","105","58250","54700"
"In post","2022","Security","Cabinet Office (excl. agencies)","SCS level","20","20","93380","91610"
"In post","2022","Security","Cabinet Office (excl. agencies)","SEO/HEO","450","440","34950","33300"
"In post","2022","Security","Charity Commission","EO","[c]","[c]","[c]","[c]"
"In post","2022","Security","Charity Commission","G6/G7","[c]","[c]","[c]","[c]"
"In post","2022","Security","Charity Commission","SEO/HEO","[c]","[c]","[c]","[c]"
"In post","2022","Security","Companies House","EO","[c]","[c]","[c]","[c]"
"In post","2022","Security","Companies House","G6/G7","[c]","[c]","[c]","[c]"
"In post","2022","Security","Companies House","SEO/HEO","[c]","[c]","[c]","[c]"
"In post","2022","Security","Competition and Markets Authority","EO","[c]","[c]","[c]","[c]"
"In post","2022","Security","Competition and Markets Authority","G6/G7","[c]","[c]","[c]","[c]"
"In post","2022","Security","Competition and Markets Authority","SEO/HEO","[c]","[c]","[c]","[c]"
"In post","2022","Security","Crown Office and Procurator Fiscal Service","SEO/HEO","[c]","[c]","[c]","[c]"
"In post","2022","Security","Crown Prosecution Service","AA/AO","[c]","[c]","[c]","[c]"
"In post","2022","Security","Crown Prosecution Service","EO","20","20","28220","28430"
"In post","2022","Security","Crown Prosecution Service","G6/G7","5","5","[c]","[c]"
"In post","2022","Security","Crown Prosecution Service","SEO/HEO","25","25","34780","33120"
"In post","2022","Security","Defence Equipment and Support","EO","10","10","22300","22000"
"In post","2022","Security","Defence Equipment and Support","G6/G7","5","5","[c]","[c]"
"In post","2022","Security","Defence Equipment and Support","SCS level","[c]","[c]","[c]","[c]"
"In post","2022","Security","Defence Equipment and Support","SEO/HEO","30","30","33870","34880"
"In post","2022","Security","Defence Science and Technology Laboratory","EO","10","10","25130","23490"
"In post","2022","Security","Defence Science and Technology Laboratory","G6/G7","10","10","49280","47270"
"In post","2022","Security","Defence Science and Technology Laboratory","SEO/HEO","30","30","34980","36290"
"In post","2022","Security","Department for Business, Energy and Industrial Strategy (excl. agencies)","AA/AO","[c]","[c]","[c]","[c]"
"In post","2022","Security","Department for Business, Energy and Industrial Strategy (excl. agencies)","EO","[c]","[c]","[c]","[c]"
"In post","2022","Security","Department for Business, Energy and Industrial Strategy (excl. agencies)","G6/G7","5","5","[c]","[c]"
"In post","2022","Security","Department for Business, Energy and Industrial Strategy (excl. agencies)","SCS level","[c]","[c]","[c]","[c]"
"In post","2022","Security","Department for Business, Energy and Industrial Strategy (excl. agencies)","SEO/HEO","10","10","[c]","[c]"
"In post","2022","Security","Department for Digital, Culture, Media and Sport","G6/G7","[c]","[c]","[c]","[c]"
"In post","2022","Security","Department for Digital, Culture, Media and Sport","SCS level","[c]","[c]","[c]","[c]"
"In post","2022","Security","Department for Digital, Culture, Media and Sport","SEO/HEO","[c]","[c]","[c]","[c]"
"In post","2022","Security","Department for Education (excl. agencies)","EO","[c]","[c]","[c]","[c]"
"In post","2022","Security","Department for Education (excl. agencies)","G6/G7","20","20","52750","49860"
"In post","2022","Security","Department for Education (excl. agencies)","SEO/HEO","10","10","33900","29730"
"In post","2022","Security","Department for International Trade","AA/AO","[c]","[c]","[c]","[c]"
"In post","2022","Security","Department for International Trade","EO","5","5","[c]","[c]"
"In post","2022","Security","Department for International Trade","G6/G7","10","10","[c]","[c]"
"In post","2022","Security","Department for International Trade","SCS level","[c]","[c]","[c]","[c]"
"In post","2022","Security","Department for International Trade","SEO/HEO","10","10","[c]","[c]"
"In post","2022","Security","Department for Levelling Up, Housing and Communities (excl. agencies)","G6/G7","[c]","[c]","[c]","[c]"
"In post","2022","Security","Department for Levelling Up, Housing and Communities (excl. agencies)","SCS level","[c]","[c]","[c]","[c]"
"In post","2022","Security","Department for Transport (excl. agencies)","EO","5","5","[c]","[c]"
"In post","2022","Security","Department for Transport (excl. agencies)","G6/G7","30","30","57490","54760"
"In post","2022","Security","Department for Transport (excl. agencies)","SCS level","[c]","[c]","[c]","[c]"
"In post","2022","Security","Department for Transport (excl. agencies)","SEO/HEO","95","95","39980","41960"
"In post","2022","Security","Department for Work and Pensions (excl. agencies)","AA/AO","20","20","20960","21260"
"In post","2022","Security","Department for Work and Pensions (excl. agencies)","EO","45","35","27490","27570"
"In post","2022","Security","Department for Work and Pensions (excl. agencies)","G6/G7","10","10","53090","50750"
"In post","2022","Security","Department for Work and Pensions (excl. agencies)","SEO/HEO","55","50","34110","32470"
"In post","2022","Security","Driver and Vehicle Licensing Agency","AA/AO","65","60","25020","24720"
"In post","2022","Security","Driver and Vehicle Licensing Agency","EO","[c]","[c]","[c]","[c]"
"In post","2022","Security","Driver and Vehicle Licensing Agency","SEO/HEO","[c]","[c]","[c]","[c]"
"In post","2022","Security","Driver and Vehicle Standards Agency","AA/AO","[c]","[c]","[c]","[c]"
"In post","2022","Security","Driver and Vehicle Standards Agency","EO","[c]","[c]","[c]","[c]"
"In post","2022","Security","Driver and Vehicle Standards Agency","G6/G7","5","5","[c]","[c]"
"In post","2022","Security","Driver and Vehicle Standards Agency","SEO/HEO","20","20","36420","35000"
"In post","2022","Security","Estyn","AA/AO","[c]","[c]","[c]","[c]"
"In post","2022","Security","Estyn","EO","[c]","[c]","[c]","[c]"
"In post","2022","Security","FCDO Services","AA/AO","90","90","26130","23950"
"In post","2022","Security","FCDO Services","EO","45","45","29220","28990"
"In post","2022","Security","FCDO Services","G6/G7","20","20","60470","57820"
"In post","2022","Security","FCDO Services","SCS level","[c]","[c]","[c]","[c]"
"In post","2022","Security","FCDO Services","SEO/HEO","120","110","39350","38200"
"In post","2022","Security","FCDO Services","Unknown","10","10","18770","17520"
"In post","2022","Security","Food Standards Agency","SEO/HEO","10","10","[c]","[c]"
"In post","2022","Security","Foreign, Commonwealth and Development Office (excl. agencies)","AA/AO","10","10","27840","28250"
"In post","2022","Security","Foreign, Commonwealth and Development Office (excl. agencies)","EO","40","40","31630","31120"
"In post","2022","Security","Foreign, Commonwealth and Development Office (excl. agencies)","G6/G7","90","90","58760","57400"
"In post","2022","Security","Foreign, Commonwealth and Development Office (excl. agencies)","SCS level","15","15","79860","77940"
"In post","2022","Security","Foreign, Commonwealth and Development Office (excl. agencies)","SEO/HEO","175","175","36880","34950"
"In post","2022","Security","Government Actuary's Department","AA/AO","[c]","[c]","[c]","[c]"
"In post","2022","Security","Government Actuary's Department","EO","[c]","[c]","[c]","[c]"
"In post","2022","Security","Government Actuary's Department","SEO/HEO","[c]","[c]","[c]","[c]"
"In post","2022","Security","Health and Safety Executive","SEO/HEO","[c]","[c]","[c]","[c]"
"In post","2022","Security","HM Prison and Probation Service","AA/AO","85","85","28240","26750"
"In post","2022","Security","HM Prison and Probation Service","EO","160","160","32270","30220"
"In post","2022","Security","HM Prison and Probation Service","G6/G7","40","40","67480","65520"
"In post","2022","Security","HM Prison and Probation Service","SCS level","[c]","[c]","[c]","[c]"
"In post","2022","Security","HM Prison and Probation Service","SEO/HEO","440","435","40610","38160"
"In post","2022","Security","HM Prison and Probation Service","Unknown","55","50","38170","37170"
"In post","2022","Security","HM Revenue and Customs (excl. agencies)","AA/AO","10","5","[c]","[c]"
"In post","2022","Security","HM Revenue and Customs (excl. agencies)","EO","30","25","28250","26820"
"In post","2022","Security","HM Revenue and Customs (excl. agencies)","G6/G7","60","60","60030","55760"
"In post","2022","Security","HM Revenue and Customs (excl. agencies)","SCS level","[c]","[c]","[c]","[c]"
"In post","2022","Security","HM Revenue and Customs (excl. agencies)","SEO/HEO","95","90","38580","40520"
"In post","2022","Security","Intellectual Property Office","EO","[c]","[c]","[c]","[c]"
"In post","2022","Security","Intellectual Property Office","G6/G7","[c]","[c]","[c]","[c]"
"In post","2022","Security","Intellectual Property Office","SEO/HEO","5","5","[c]","[c]"
"In post","2022","Security","Medicines and Healthcare Products Regulatory Agency","SCS level","[c]","[c]","[c]","[c]"
"In post","2022","Security","Ministry of Defence (excl. agencies)","AA/AO","5170","5060","27180","22900"
"In post","2022","Security","Ministry of Defence (excl. agencies)","EO","840","825","34430","29520"
"In post","2022","Security","Ministry of Defence (excl. agencies)","G6/G7","120","120","61590","59730"
"In post","2022","Security","Ministry of Defence (excl. agencies)","SCS level","10","10","91290","83130"
"In post","2022","Security","Ministry of Defence (excl. agencies)","SEO/HEO","970","950","40930","39420"
"In post","2022","Security","Ministry of Defence (excl. agencies)","Unknown","85","85","29720","27370"
"In post","2022","Security","Ministry of Justice (excl. agencies)","EO","[c]","[c]","[c]","[c]"
"In post","2022","Security","Ministry of Justice (excl. agencies)","G6/G7","15","15","60660","61160"
"In post","2022","Security","Ministry of Justice (excl. agencies)","SCS level","[c]","[c]","[c]","[c]"
"In post","2022","Security","Ministry of Justice (excl. agencies)","SEO/HEO","30","30","40880","41750"
"In post","2022","Security","National Crime Agency","AA/AO","10","10","23750","24470"
"In post","2022","Security","National Crime Agency","EO","15","15","32180","32260"
"In post","2022","Security","National Crime Agency","G6/G7","[c]","[c]","[c]","[c]"
"In post","2022","Security","National Crime Agency","SEO/HEO","15","15","40570","40170"
"In post","2022","Security","National Savings and Investments","EO","[c]","[c]","[c]","[c]"
"In post","2022","Security","National Savings and Investments","G6/G7","[c]","[c]","[c]","[c]"
"In post","2022","Security","National Savings and Investments","SEO/HEO","[c]","[c]","[c]","[c]"
"In post","2022","Security","Northern Ireland Office","G6/G7","[c]","[c]","[c]","[c]"
"In post","2022","Security","Northern Ireland Office","SCS level","[c]","[c]","[c]","[c]"
"In post","2022","Security","Northern Ireland Office","SEO/HEO","5","5","[c]","[c]"
"In post","2022","Security","Office of Qualifications and Examinations Regulation","G6/G7","[c]","[c]","[c]","[c]"
"In post","2022","Security","Queen Elizabeth II Centre","SEO/HEO","[c]","[c]","[c]","[c]"
"In post","2022","Security","Registers of Scotland","G6/G7","[c]","[c]","[c]","[c]"
"In post","2022","Security","Registers of Scotland","SEO/HEO","[c]","[c]","[c]","[c]"
"In post","2022","Security","Serious Fraud Office","G6/G7","[c]","[c]","[c]","[c]"
"In post","2022","Security","Serious Fraud Office","SEO/HEO","[c]","[c]","[c]","[c]"
"In post","2022","Security","Submarine Delivery Agency","Unknown","35","35","36980","35980"
"In post","2022","Security","The Insolvency Service","G6/G7","[c]","[c]","[c]","[c]"
"In post","2022","Security","The Insolvency Service","SEO/HEO","[c]","[c]","[c]","[c]"
"In post","2022","Security","UK Debt Management Office","EO","[c]","[c]","[c]","[c]"
"In post","2022","Security","UK Debt Management Office","G6/G7","[c]","[c]","[c]","[c]"
"In post","2022","Security","UK Debt Management Office","SEO/HEO","[c]","[c]","[c]","[c]"
"In post","2022","Security","UK Export Finance","G6/G7","[c]","[c]","[c]","[c]"
"In post","2022","Security","UK Export Finance","SEO/HEO","[c]","[c]","[c]","[c]"
"In post","2022","Security","UK Hydrographic Office","AA/AO","[c]","[c]","[c]","[c]"
"In post","2022","Security","UK Hydrographic Office","EO","5","5","[c]","[c]"
"In post","2022","Security","UK Hydrographic Office","G6/G7","[c]","[c]","[c]","[c]"
"In post","2022","Security","UK Hydrographic Office","SEO/HEO","5","5","[c]","[c]"
"In post","2022","Security","UK Space Agency","EO","[c]","[c]","[c]","[c]"
"In post","2022","Security","UK Space Agency","G6/G7","[c]","[c]","[c]","[c]"
"In post","2022","Security","UK Space Agency","SEO/HEO","5","5","[c]","[c]"
"In post","2022","Security","UK Statistics Authority","EO","10","10","24050","23880"
"In post","2022","Security","UK Statistics Authority","G6/G7","15","15","52830","51210"
"In post","2022","Security","UK Statistics Authority","SCS level","[c]","[c]","[c]","[c]"
"In post","2022","Security","UK Statistics Authority","SEO/HEO","30","30","32860","30810"
"In post","2022","Security","Water Services Regulation Authority","SEO/HEO","[c]","[c]","[c]","[c]"
"In post","2022","Unknown","Accountant in Bankruptcy","AA/AO","30","25","23160","23230"
"In post","2022","Unknown","Accountant in Bankruptcy","EO","40","35","29390","30040"
"In post","2022","Unknown","Accountant in Bankruptcy","G6/G7","5","5","[c]","[c]"
"In post","2022","Unknown","Accountant in Bankruptcy","SCS level","[c]","[c]","[c]","[c]"
"In post","2022","Unknown","Accountant in Bankruptcy","SEO/HEO","35","35","37500","36130"
"In post","2022","Unknown","Charity Commission","G6/G7","[c]","[c]","[c]","[c]"
"In post","2022","Unknown","Crown Commercial Service","EO","[c]","[c]","[c]","[c]"
"In post","2022","Unknown","Crown Commercial Service","SCS level","[c]","[c]","[c]","[c]"
"In post","2022","Unknown","Crown Commercial Service","SEO/HEO","[c]","[c]","[c]","[c]"
"In post","2022","Unknown","Crown Prosecution Service","AA/AO","[c]","[c]","[c]","[c]"
"In post","2022","Unknown","Crown Prosecution Service","EO","25","25","26920","26970"
"In post","2022","Unknown","Crown Prosecution Service","G6/G7","70","65","58430","54760"
"In post","2022","Unknown","Crown Prosecution Service","SCS level","5","5","[c]","[c]"
"In post","2022","Unknown","Crown Prosecution Service","SEO/HEO","60","60","36980","38180"
"In post","2022","Unknown","Department for International Trade","G6/G7","[c]","[c]","[c]","[c]"
"In post","2022","Unknown","Department for Work and Pensions (excl. agencies)","AA/AO","150","140","21720","21260"
"In post","2022","Unknown","Department for Work and Pensions (excl. agencies)","EO","385","355","28250","27570"
"In post","2022","Unknown","Department for Work and Pensions (excl. agencies)","G6/G7","400","380","56890","54070"
"In post","2022","Unknown","Department for Work and Pensions (excl. agencies)","SCS level","40","35","84820","78000"
"In post","2022","Unknown","Department for Work and Pensions (excl. agencies)","SEO/HEO","765","725","36020","35310"
"In post","2022","Unknown","Department of Health and Social Care (excl. agencies)","AA/AO","5","5","[c]","[c]"
"In post","2022","Unknown","Department of Health and Social Care (excl. agencies)","EO","25","25","25370","23690"
"In post","2022","Unknown","Department of Health and Social Care (excl. agencies)","G6/G7","100","95","56580","53360"
"In post","2022","Unknown","Department of Health and Social Care (excl. agencies)","SCS level","20","20","85330","74070"
"In post","2022","Unknown","Department of Health and Social Care (excl. agencies)","SEO/HEO","80","80","35880","32880"
"In post","2022","Unknown","Disclosure Scotland","AA/AO","215","200","22650","23230"
"In post","2022","Unknown","Disclosure Scotland","EO","60","55","30030","30040"
"In post","2022","Unknown","Disclosure Scotland","G6/G7","20","20","61090","57480"
"In post","2022","Unknown","Disclosure Scotland","SCS level","[c]","[c]","[c]","[c]"
"In post","2022","Unknown","Disclosure Scotland","SEO/HEO","60","60","39410","37070"
"In post","2022","Unknown","Driver and Vehicle Licensing Agency","SCS level","10","10","[c]","[c]"
"In post","2022","Unknown","Driver and Vehicle Licensing Agency","SEO/HEO","[c]","[c]","[c]","[c]"
"In post","2022","Unknown","Education Scotland","AA/AO","35","35","23220","23230"
"In post","2022","Unknown","Education Scotland","EO","15","15","28990","28990"
"In post","2022","Unknown","Education Scotland","G6/G7","210","200","69480","72480"
"In post","2022","Unknown","Education Scotland","SCS level","[c]","[c]","[c]","[c]"
"In post","2022","Unknown","Education Scotland","SEO/HEO","65","65","42730","43000"
"In post","2022","Unknown","FCDO Services","AA/AO","5","5","[c]","[c]"
"In post","2022","Unknown","FCDO Services","EO","10","5","[c]","[c]"
"In post","2022","Unknown","FCDO Services","G6/G7","5","5","[c]","[c]"
"In post","2022","Unknown","FCDO Services","SCS level","[c]","[c]","[c]","[c]"
"In post","2022","Unknown","FCDO Services","SEO/HEO","10","10","40930","42270"
"In post","2022","Unknown","FCDO Services","Unknown","[c]","[c]","[c]","[c]"
"In post","2022","Unknown","Food Standards Scotland","AA/AO","15","15","24610","24400"
"In post","2022","Unknown","Food Standards Scotland","EO","95","90","28850","30040"
"In post","2022","Unknown","Food Standards Scotland","G6/G7","30","30","57610","53480"
"In post","2022","Unknown","Food Standards Scotland","SCS level","[c]","[c]","[c]","[c]"
"In post","2022","Unknown","Food Standards Scotland","SEO/HEO","160","155","36330","34600"
"In post","2022","Unknown","Foreign, Commonwealth and Development Office (excl. agencies)","AA/AO","10","10","27290","28250"
"In post","2022","Unknown","Foreign, Commonwealth and Development Office (excl. agencies)","EO","15","15","29460","29300"
"In post","2022","Unknown","Foreign, Commonwealth and Development Office (excl. agencies)","G6/G7","70","65","60720","58470"
"In post","2022","Unknown","Foreign, Commonwealth and Development Office (excl. agencies)","SCS level","20","15","97310","96170"
"In post","2022","Unknown","Foreign, Commonwealth and Development Office (excl. agencies)","SEO/HEO","65","65","38210","37810"
"In post","2022","Unknown","Forestry and Land Scotland","AA/AO","460","445","25960","25940"
"In post","2022","Unknown","Forestry and Land Scotland","EO","265","255","31900","31060"
"In post","2022","Unknown","Forestry and Land Scotland","G6/G7","40","40","61730","59590"
"In post","2022","Unknown","Forestry and Land Scotland","SCS level","5","5","[c]","[c]"
"In post","2022","Unknown","Forestry and Land Scotland","SEO/HEO","245","240","41180","39520"
"In post","2022","Unknown","HM Revenue and Customs (excl. agencies)","AA/AO","[c]","[c]","[c]","[c]"
"In post","2022","Unknown","HM Treasury (excl. agencies)","AA/AO","10","10","22750","22750"
"In post","2022","Unknown","HM Treasury (excl. agencies)","EO","5","5","[c]","[c]"
"In post","2022","Unknown","HM Treasury (excl. agencies)","G6/G7","5","5","[c]","[c]"
"In post","2022","Unknown","HM Treasury (excl. agencies)","SCS level","[c]","[c]","[c]","[c]"
"In post","2022","Unknown","HM Treasury (excl. agencies)","SEO/HEO","5","5","[c]","[c]"
"In post","2022","Unknown","Home Office","AA/AO","7370","6565","22200","21680"
"In post","2022","Unknown","Home Office","EO","14920","13805","26920","25690"
"In post","2022","Unknown","Home Office","G6/G7","3885","3805","60490","57680"
"In post","2022","Unknown","Home Office","SCS level","305","300","89940","82550"
"In post","2022","Unknown","Home Office","SEO/HEO","9835","9535","36440","35200"
"In post","2022","Unknown","Home Office","Unknown","220","215","44210","34630"
"In post","2022","Unknown","Intellectual Property Office","AA/AO","[c]","[c]","[c]","[c]"
"In post","2022","Unknown","Met Office","AA/AO","[c]","[c]","[c]","[c]"
"In post","2022","Unknown","Met Office","EO","5","5","[c]","[c]"
"In post","2022","Unknown","Met Office","G6/G7","10","10","[c]","[c]"
"In post","2022","Unknown","Met Office","SCS level","[c]","[c]","[c]","[c]"
"In post","2022","Unknown","Met Office","SEO/HEO","[c]","[c]","[c]","[c]"
"In post","2022","Unknown","Ministry of Defence (excl. agencies)","AA/AO","7540","7180","21260","21170"
"In post","2022","Unknown","Ministry of Defence (excl. agencies)","EO","3680","3570","28200","26670"
"In post","2022","Unknown","Ministry of Defence (excl. agencies)","G6/G7","1255","1165","66480","63500"
"In post","2022","Unknown","Ministry of Defence (excl. agencies)","SCS level","170","155","92280","87210"
"In post","2022","Unknown","Ministry of Defence (excl. agencies)","SEO/HEO","4745","4620","38600","37960"
"In post","2022","Unknown","Ministry of Defence (excl. agencies)","Unknown","80","75","35880","31470"
"In post","2022","Unknown","Ministry of Justice (excl. agencies)","G6/G7","[c]","[c]","[c]","[c]"
"In post","2022","Unknown","Ministry of Justice (excl. agencies)","SCS level","[c]","[c]","[c]","[c]"
"In post","2022","Unknown","Ministry of Justice (excl. agencies)","SEO/HEO","5","5","[c]","[c]"
"In post","2022","Unknown","National Records of Scotland","AA/AO","145","135","23700","23230"
"In post","2022","Unknown","National Records of Scotland","EO","70","70","29200","28990"
"In post","2022","Unknown","National Records of Scotland","G6/G7","55","55","64540","65280"
"In post","2022","Unknown","National Records of Scotland","SCS level","[c]","[c]","[c]","[c]"
"In post","2022","Unknown","National Records of Scotland","SEO/HEO","180","170","39820","39660"
"In post","2022","Unknown","Office of the Scottish Charity Regulator","AA/AO","10","10","24760","25930"
"In post","2022","Unknown","Office of the Scottish Charity Regulator","EO","10","10","28710","28990"
"In post","2022","Unknown","Office of the Scottish Charity Regulator","G6/G7","5","5","[c]","[c]"
"In post","2022","Unknown","Office of the Scottish Charity Regulator","SCS level","[c]","[c]","[c]","[c]"
"In post","2022","Unknown","Office of the Scottish Charity Regulator","SEO/HEO","15","15","41330","47490"
"In post","2022","Unknown","Office of the Secretary of State for Scotland (incl. Office of the Advocate General for Scotland)","AA/AO","10","10","23450","23230"
"In post","2022","Unknown","Office of the Secretary of State for Scotland (incl. Office of the Advocate General for Scotland)","EO","5","5","[c]","[c]"
"In post","2022","Unknown","Office of the Secretary of State for Scotland (incl. Office of the Advocate General for Scotland)","G6/G7","35","30","62110","62170"
"In post","2022","Unknown","Office of the Secretary of State for Scotland (incl. Office of the Advocate General for Scotland)","SCS level","[c]","[c]","[c]","[c]"
"In post","2022","Unknown","Office of the Secretary of State for Scotland (incl. Office of the Advocate General for Scotland)","SEO/HEO","20","20","40640","41160"
"In post","2022","Unknown","Revenue Scotland","AA/AO","10","10","24810","24400"
"In post","2022","Unknown","Revenue Scotland","EO","15","15","28560","27940"
"In post","2022","Unknown","Revenue Scotland","G6/G7","15","15","60480","57190"
"In post","2022","Unknown","Revenue Scotland","SCS level","[c]","[c]","[c]","[c]"
"In post","2022","Unknown","Revenue Scotland","SEO/HEO","35","35","39040","36130"
"In post","2022","Unknown","Royal Fleet Auxiliary","Unknown","1760","1760","37450","34160"
"In post","2022","Unknown","Scottish Fiscal Commission","EO","[c]","[c]","[c]","[c]"
"In post","2022","Unknown","Scottish Fiscal Commission","G6/G7","5","5","[c]","[c]"
"In post","2022","Unknown","Scottish Fiscal Commission","SCS level","[c]","[c]","[c]","[c]"
"In post","2022","Unknown","Scottish Fiscal Commission","SEO/HEO","15","15","37950","37890"
"In post","2022","Unknown","Scottish Forestry","AA/AO","50","50","24770","24020"
"In post","2022","Unknown","Scottish Forestry","EO","55","50","31300","31060"
"In post","2022","Unknown","Scottish Forestry","G6/G7","20","20","59660","59590"
"In post","2022","Unknown","Scottish Forestry","SCS level","[c]","[c]","[c]","[c]"
"In post","2022","Unknown","Scottish Forestry","SEO/HEO","65","60","41340","39520"
"In post","2022","Unknown","Scottish Government (excl. agencies)","AA/AO","965","920","24560","24400"
"In post","2022","Unknown","Scottish Government (excl. agencies)","EO","1225","1175","28980","28990"
"In post","2022","Unknown","Scottish Government (excl. agencies)","G6/G7","2405","2305","63170","62170"
"In post","2022","Unknown","Scottish Government (excl. agencies)","SCS level","215","210","88590","83230"
"In post","2022","Unknown","Scottish Government (excl. agencies)","SEO/HEO","4035","3885","39640","39660"
"In post","2022","Unknown","Scottish Housing Regulator","AA/AO","[c]","[c]","[c]","[c]"
"In post","2022","Unknown","Scottish Housing Regulator","EO","[c]","[c]","[c]","[c]"
"In post","2022","Unknown","Scottish Housing Regulator","G6/G7","25","25","63650","62170"
"In post","2022","Unknown","Scottish Housing Regulator","SCS level","[c]","[c]","[c]","[c]"
"In post","2022","Unknown","Scottish Housing Regulator","SEO/HEO","20","20","43080","47490"
"In post","2022","Unknown","Scottish Prison Service","AA/AO","10","10","[c]","[c]"
"In post","2022","Unknown","Scottish Prison Service","EO","5","5","[c]","[c]"
"In post","2022","Unknown","Scottish Prison Service","G6/G7","[c]","[c]","[c]","[c]"
"In post","2022","Unknown","Scottish Prison Service","SCS level","[c]","[c]","[c]","[c]"
"In post","2022","Unknown","Scottish Prison Service","SEO/HEO","[c]","[c]","[c]","[c]"
"In post","2022","Unknown","Scottish Public Pensions Agency","AA/AO","165","150","25400","25930"
"In post","2022","Unknown","Scottish Public Pensions Agency","EO","65","60","29110","30040"
"In post","2022","Unknown","Scottish Public Pensions Agency","G6/G7","15","15","59720","57190"
"In post","2022","Unknown","Scottish Public Pensions Agency","SCS level","[c]","[c]","[c]","[c]"
"In post","2022","Unknown","Scottish Public Pensions Agency","SEO/HEO","60","55","36750","36130"
"In post","2022","Unknown","Social Security Scotland","AA/AO","770","740","21950","21050"
"In post","2022","Unknown","Social Security Scotland","EO","850","825","27640","27230"
"In post","2022","Unknown","Social Security Scotland","G6/G7","175","170","62030","62170"
"In post","2022","Unknown","Social Security Scotland","SCS level","5","5","[c]","[c]"
"In post","2022","Unknown","Social Security Scotland","SEO/HEO","650","635","36340","34600"
"In post","2022","Unknown","Student Awards Agency for Scotland","AA/AO","95","90","22910","23230"
"In post","2022","Unknown","Student Awards Agency for Scotland","EO","60","55","29070","27940"
"In post","2022","Unknown","Student Awards Agency for Scotland","G6/G7","15","15","61730","65280"
"In post","2022","Unknown","Student Awards Agency for Scotland","SEO/HEO","60","60","39880","39890"
"In post","2022","Unknown","Transport Scotland","AA/AO","55","55","23790","23230"
"In post","2022","Unknown","Transport Scotland","EO","45","40","28870","28990"
"In post","2022","Unknown","Transport Scotland","G6/G7","155","150","63890","62170"
"In post","2022","Unknown","Transport Scotland","SCS level","5","5","[c]","[c]"
"In post","2022","Unknown","Transport Scotland","SEO/HEO","265","260","40950","39660"
"In post","2022","Unknown","UK Space Agency","SEO/HEO","[c]","[c]","[c]","[c]"
"In post","2022","Unknown","Veterinary Medicines Directorate","AA/AO","25","25","24260","24370"
"In post","2022","Unknown","Veterinary Medicines Directorate","EO","15","15","28150","27960"
"In post","2022","Unknown","Veterinary Medicines Directorate","G6/G7","60","55","56420","53940"
"In post","2022","Unknown","Veterinary Medicines Directorate","SCS level","[c]","[c]","[c]","[c]"
"In post","2022","Unknown","Veterinary Medicines Directorate","SEO/HEO","55","55","36710","38750"
"In post","2022","Unknown","Welsh Government (excl. agencies)","AA/AO","860","790","24250","24630"
"In post","2022","Unknown","Welsh Government (excl. agencies)","EO","1090","1025","28840","29430"
"In post","2022","Unknown","Welsh Government (excl. agencies)","G6/G7","1085","1040","62440","61440"
"In post","2022","Unknown","Welsh Government (excl. agencies)","SCS level","190","180","87050","79500"
"In post","2022","Unknown","Welsh Government (excl. agencies)","SEO/HEO","2660","2525","41410","38160"
"In post","2022","Unknown","Welsh Revenue Authority","EO","[c]","[c]","[c]","[c]"
"In post","2022","Unknown","Welsh Revenue Authority","G6/G7","[c]","[c]","[c]","[c]"
"In post","2022","Unknown","Welsh Revenue Authority","SCS level","[c]","[c]","[c]","[c]"
"In post","2022","Unknown","Welsh Revenue Authority","SEO/HEO","[c]","[c]","[c]","[c]"
"Leaver CS","2022","Analysis","Cabinet Office (excl. agencies)","SEO/HEO","[c]","[c]","[c]","[c]"
"Leaver CS","2022","Analysis","Centre for Environment, Fisheries and Aquaculture Science","AA/AO","5","[c]","[c]","[c]"
"Leaver CS","2022","Analysis","Centre for Environment, Fisheries and Aquaculture Science","EO","[c]","[c]","[c]","[c]"
"Leaver CS","2022","Analysis","Centre for Environment, Fisheries and Aquaculture Science","G6/G7","5","[c]","[c]","[c]"
"Leaver CS","2022","Analysis","Centre for Environment, Fisheries and Aquaculture Science","SEO/HEO","15","[c]","33830","35900"
"Leaver CS","2022","Analysis","Companies House","G6/G7","[c]","[c]","[c]","[c]"
"Leaver CS","2022","Analysis","Companies House","SEO/HEO","[c]","[c]","[c]","[c]"
"Leaver CS","2022","Analysis","Competition and Markets Authority","AA/AO","5","[c]","[c]","[c]"
"Leaver CS","2022","Analysis","Competition and Markets Authority","G6/G7","5","[c]","[c]","[c]"
"Leaver CS","2022","Analysis","Competition and Markets Authority","SEO/HEO","5","[c]","[c]","[c]"
"Leaver CS","2022","Analysis","Defence Science and Technology Laboratory","G6/G7","[c]","[c]","[c]","[c]"
"Leaver CS","2022","Analysis","Defence Science and Technology Laboratory","SEO/HEO","15","[c]","33960","38070"
"Leaver CS","2022","Analysis","Department for Business, Energy and Industrial Strategy (excl. agencies)","AA/AO","5","[c]","[c]","[c]"
"Leaver CS","2022","Analysis","Department for Business, Energy and Industrial Strategy (excl. agencies)","EO","[c]","[c]","[c]","[c]"
"Leaver CS","2022","Analysis","Department for Business, Energy and Industrial Strategy (excl. agencies)","G6/G7","[c]","[c]","[c]","[c]"
"Leaver CS","2022","Analysis","Department for Business, Energy and Industrial Strategy (excl. agencies)","SEO/HEO","5","[c]","[c]","[c]"
"Leaver CS","2022","Analysis","Department for Digital, Culture, Media and Sport","AA/AO","[c]","[c]","[c]","[c]"
"Leaver CS","2022","Analysis","Department for Digital, Culture, Media and Sport","G6/G7","[c]","[c]","[c]","[c]"
"Leaver CS","2022","Analysis","Department for Digital, Culture, Media and Sport","SEO/HEO","5","[c]","[c]","[c]"
"Leaver CS","2022","Analysis","Department for Education (excl. agencies)","AA/AO","[c]","[c]","[c]","[c]"
"Leaver CS","2022","Analysis","Department for Education (excl. agencies)","EO","5","[c]","[c]","[c]"
"Leaver CS","2022","Analysis","Department for Education (excl. agencies)","SEO/HEO","5","[c]","[c]","[c]"
"Leaver CS","2022","Analysis","Department for International Trade","AA/AO","5","[c]","[c]","[c]"
"Leaver CS","2022","Analysis","Department for International Trade","EO","15","[c]","[c]","[c]"
"Leaver CS","2022","Analysis","Department for International Trade","G6/G7","[c]","[c]","[c]","[c]"
"Leaver CS","2022","Analysis","Department for International Trade","SEO/HEO","[c]","[c]","[c]","[c]"
"Leaver CS","2022","Analysis","Department for Levelling Up, Housing and Communities (excl. agencies)","AA/AO","10","[c]","[c]","[c]"
"Leaver CS","2022","Analysis","Department for Levelling Up, Housing and Communities (excl. agencies)","EO","[c]","[c]","[c]","[c]"
"Leaver CS","2022","Analysis","Department for Levelling Up, Housing and Communities (excl. agencies)","G6/G7","5","[c]","[c]","[c]"
"Leaver CS","2022","Analysis","Department for Levelling Up, Housing and Communities (excl. agencies)","SEO/HEO","5","[c]","[c]","[c]"
"Leaver CS","2022","Analysis","Department for Work and Pensions (excl. agencies)","AA/AO","[c]","[c]","[c]","[c]"
"Leaver CS","2022","Analysis","Department for Work and Pensions (excl. agencies)","EO","[c]","[c]","[c]","[c]"
"Leaver CS","2022","Analysis","Department for Work and Pensions (excl. agencies)","G6/G7","5","[c]","[c]","[c]"
"Leaver CS","2022","Analysis","Department for Work and Pensions (excl. agencies)","SEO/HEO","5","[c]","[c]","[c]"
"Leaver CS","2022","Analysis","Department of Health and Social Care (excl. agencies)","AA/AO","[c]","[c]","[c]","[c]"
"Leaver CS","2022","Analysis","Department of Health and Social Care (excl. agencies)","EO","[c]","[c]","[c]","[c]"
"Leaver CS","2022","Analysis","Department of Health and Social Care (excl. agencies)","G6/G7","35","[c]","[c]","[c]"
"Leaver CS","2022","Analysis","Department of Health and Social Care (excl. agencies)","SCS level","[c]","[c]","[c]","[c]"
"Leaver CS","2022","Analysis","Department of Health and Social Care (excl. agencies)","SEO/HEO","15","[c]","[c]","[c]"
"Leaver CS","2022","Analysis","Driver and Vehicle Licensing Agency","EO","[c]","[c]","[c]","[c]"
"Leaver CS","2022","Analysis","Driver and Vehicle Standards Agency","AA/AO","[c]","[c]","[c]","[c]"
"Leaver CS","2022","Analysis","Driver and Vehicle Standards Agency","EO","[c]","[c]","[c]","[c]"
"Leaver CS","2022","Analysis","Driver and Vehicle Standards Agency","G6/G7","[c]","[c]","[c]","[c]"
"Leaver CS","2022","Analysis","Driver and Vehicle Standards Agency","SEO/HEO","[c]","[c]","[c]","[c]"
"Leaver CS","2022","Analysis","Estyn","EO","[c]","[c]","[c]","[c]"
"Leaver CS","2022","Analysis","Food Standards Agency","AA/AO","[c]","[c]","[c]","[c]"
"Leaver CS","2022","Analysis","Food Standards Agency","SEO/HEO","[c]","[c]","[c]","[c]"
"Leaver CS","2022","Analysis","Government Actuary's Department","AA/AO","[c]","[c]","[c]","[c]"
"Leaver CS","2022","Analysis","Government Actuary's Department","EO","[c]","[c]","[c]","[c]"
"Leaver CS","2022","Analysis","Government Actuary's Department","G6/G7","5","[c]","[c]","[c]"
"Leaver CS","2022","Analysis","Government Actuary's Department","SEO/HEO","10","[c]","43810","45290"
"Leaver CS","2022","Analysis","Health and Safety Executive","AA/AO","[c]","[c]","[c]","[c]"
"Leaver CS","2022","Analysis","Health and Safety Executive","EO","[c]","[c]","[c]","[c]"
"Leaver CS","2022","Analysis","Health and Safety Executive","G6/G7","[c]","[c]","[c]","[c]"
"Leaver CS","2022","Analysis","Health and Safety Executive","SEO/HEO","[c]","[c]","[c]","[c]"
"Leaver CS","2022","Analysis","HM Land Registry","AA/AO","[c]","[c]","[c]","[c]"
"Leaver CS","2022","Analysis","HM Land Registry","G6/G7","[c]","[c]","[c]","[c]"
"Leaver CS","2022","Analysis","HM Land Registry","SEO/HEO","[c]","[c]","[c]","[c]"
"Leaver CS","2022","Analysis","HM Revenue and Customs (excl. agencies)","SEO/HEO","[c]","[c]","[c]","[c]"
"Leaver CS","2022","Analysis","HM Treasury (excl. agencies)","AA/AO","15","[c]","[c]","[c]"
"Leaver CS","2022","Analysis","HM Treasury (excl. agencies)","G6/G7","[c]","[c]","[c]","[c]"
"Leaver CS","2022","Analysis","HM Treasury (excl. agencies)","SCS level","[c]","[c]","[c]","[c]"
"Leaver CS","2022","Analysis","HM Treasury (excl. agencies)","SEO/HEO","5","[c]","[c]","[c]"
"Leaver CS","2022","Analysis","Intellectual Property Office","EO","[c]","[c]","[c]","[c]"
"Leaver CS","2022","Analysis","Ministry of Defence (excl. agencies)","AA/AO","[c]","[c]","[c]","[c]"
"Leaver CS","2022","Analysis","Ministry of Defence (excl. agencies)","EO","[c]","[c]","[c]","[c]"
"Leaver CS","2022","Analysis","Ministry of Defence (excl. agencies)","G6/G7","[c]","[c]","[c]","[c]"
"Leaver CS","2022","Analysis","Ministry of Defence (excl. agencies)","SEO/HEO","10","[c]","37650","38000"
"Leaver CS","2022","Analysis","National Savings and Investments","EO","[c]","[c]","[c]","[c]"
"Leaver CS","2022","Analysis","National Savings and Investments","SEO/HEO","[c]","[c]","[c]","[c]"
"Leaver CS","2022","Analysis","Office for Budget Responsibility","AA/AO","[c]","[c]","[c]","[c]"
"Leaver CS","2022","Analysis","Office for Standards in Education, Children's Services and Skills","AA/AO","[c]","[c]","[c]","[c]"
"Leaver CS","2022","Analysis","Office for Standards in Education, Children's Services and Skills","SEO/HEO","5","[c]","[c]","[c]"
"Leaver CS","2022","Analysis","Office of Gas and Electricity Markets","EO","5","[c]","[c]","[c]"
"Leaver CS","2022","Analysis","Office of Gas and Electricity Markets","G6/G7","10","[c]","59460","58000"
"Leaver CS","2022","Analysis","Office of Gas and Electricity Markets","SCS level","[c]","[c]","[c]","[c]"
"Leaver CS","2022","Analysis","Office of Gas and Electricity Markets","SEO/HEO","15","[c]","35320","36270"
"Leaver CS","2022","Analysis","Office of Rail and Road","EO","[c]","[c]","[c]","[c]"
"Leaver CS","2022","Analysis","Office of Rail and Road","G6/G7","[c]","[c]","[c]","[c]"
"Leaver CS","2022","Analysis","Office of Rail and Road","SEO/HEO","[c]","[c]","[c]","[c]"
"Leaver CS","2022","Analysis","Planning Inspectorate","G6/G7","[c]","[c]","[c]","[c]"
"Leaver CS","2022","Analysis","Rural Payments Agency","SEO/HEO","[c]","[c]","[c]","[c]"
"Leaver CS","2022","Analysis","Scottish Courts and Tribunals Service","AA/AO","[c]","[c]","[c]","[c]"
"Leaver CS","2022","Analysis","Scottish Courts and Tribunals Service","SEO/HEO","[c]","[c]","[c]","[c]"
"Leaver CS","2022","Analysis","UK Debt Management Office","G6/G7","[c]","[c]","[c]","[c]"
"Leaver CS","2022","Analysis","UK Debt Management Office","SEO/HEO","[c]","[c]","[c]","[c]"
"Leaver CS","2022","Analysis","UK Export Finance","G6/G7","[c]","[c]","[c]","[c]"
"Leaver CS","2022","Analysis","UK Export Finance","SEO/HEO","[c]","[c]","[c]","[c]"
"Leaver CS","2022","Analysis","UK Statistics Authority","AA/AO","50","[c]","19980","19610"
"Leaver CS","2022","Analysis","UK Statistics Authority","EO","10","[c]","24810","23880"
"Leaver CS","2022","Analysis","UK Statistics Authority","G6/G7","5","[c]","[c]","[c]"
"Leaver CS","2022","Analysis","UK Statistics Authority","SCS level","[c]","[c]","[c]","[c]"
"Leaver CS","2022","Analysis","UK Statistics Authority","SEO/HEO","55","[c]","33620","32540"
"Leaver CS","2022","Analysis","Valuation Office Agency","G6/G7","[c]","[c]","[c]","[c]"
"Leaver CS","2022","Analysis","Valuation Office Agency","SEO/HEO","[c]","[c]","[c]","[c]"
"Leaver CS","2022","Analysis","Water Services Regulation Authority","EO","[c]","[c]","[c]","[c]"
"Leaver CS","2022","Analysis","Water Services Regulation Authority","SCS level","[c]","[c]","[c]","[c]"
"Leaver CS","2022","Analysis","Water Services Regulation Authority","SEO/HEO","5","[c]","[c]","[c]"
"Leaver CS","2022","Commercial","Animal and Plant Health Agency","AA/AO","[c]","[c]","[c]","[c]"
"Leaver CS","2022","Commercial","Animal and Plant Health Agency","SEO/HEO","[c]","[c]","[c]","[c]"
"Leaver CS","2022","Commercial","Cabinet Office (excl. agencies)","AA/AO","[c]","[c]","[c]","[c]"
"Leaver CS","2022","Commercial","Cabinet Office (excl. agencies)","EO","[c]","[c]","[c]","[c]"
"Leaver CS","2022","Commercial","Cabinet Office (excl. agencies)","G6/G7","110","[c]","69490","67710"
"Leaver CS","2022","Commercial","Cabinet Office (excl. agencies)","SCS level","25","[c]","128980","125940"
"Leaver CS","2022","Commercial","Cabinet Office (excl. agencies)","SEO/HEO","10","[c]","[c]","[c]"
"Leaver CS","2022","Commercial","Competition and Markets Authority","G6/G7","[c]","[c]","[c]","[c]"
"Leaver CS","2022","Commercial","Competition and Markets Authority","SEO/HEO","[c]","[c]","[c]","[c]"
"Leaver CS","2022","Commercial","Crown Commercial Service","AA/AO","[c]","[c]","[c]","[c]"
"Leaver CS","2022","Commercial","Crown Commercial Service","EO","5","[c]","[c]","[c]"
"Leaver CS","2022","Commercial","Crown Commercial Service","G6/G7","5","[c]","[c]","[c]"
"Leaver CS","2022","Commercial","Crown Commercial Service","SEO/HEO","20","[c]","35560","35590"
"Leaver CS","2022","Commercial","Crown Prosecution Service","AA/AO","[c]","[c]","[c]","[c]"
"Leaver CS","2022","Commercial","Crown Prosecution Service","G6/G7","[c]","[c]","[c]","[c]"
"Leaver CS","2022","Commercial","Crown Prosecution Service","SEO/HEO","[c]","[c]","[c]","[c]"
"Leaver CS","2022","Commercial","Defence Electronics and Components Agency","EO","[c]","[c]","[c]","[c]"
"Leaver CS","2022","Commercial","Defence Electronics and Components Agency","SEO/HEO","[c]","[c]","[c]","[c]"
"Leaver CS","2022","Commercial","Defence Equipment and Support","EO","[c]","[c]","[c]","[c]"
"Leaver CS","2022","Commercial","Defence Equipment and Support","G6/G7","[c]","[c]","[c]","[c]"
"Leaver CS","2022","Commercial","Defence Equipment and Support","SEO/HEO","15","[c]","34740","33280"
"Leaver CS","2022","Commercial","Defence Science and Technology Laboratory","AA/AO","[c]","[c]","[c]","[c]"
"Leaver CS","2022","Commercial","Defence Science and Technology Laboratory","EO","[c]","[c]","[c]","[c]"
"Leaver CS","2022","Commercial","Defence Science and Technology Laboratory","SEO/HEO","[c]","[c]","[c]","[c]"
"Leaver CS","2022","Commercial","Department for Business, Energy and Industrial Strategy (excl. agencies)","G6/G7","[c]","[c]","[c]","[c]"
"Leaver CS","2022","Commercial","Department for Digital, Culture, Media and Sport","EO","[c]","[c]","[c]","[c]"
"Leaver CS","2022","Commercial","Department for Digital, Culture, Media and Sport","SEO/HEO","[c]","[c]","[c]","[c]"
"Leaver CS","2022","Commercial","Department for Education (excl. agencies)","AA/AO","[c]","[c]","[c]","[c]"
"Leaver CS","2022","Commercial","Department for Education (excl. agencies)","EO","5","[c]","[c]","[c]"
"Leaver CS","2022","Commercial","Department for Education (excl. agencies)","G6/G7","[c]","[c]","[c]","[c]"
"Leaver CS","2022","Commercial","Department for Education (excl. agencies)","SEO/HEO","15","[c]","36130","36500"
"Leaver CS","2022","Commercial","Department for Environment, Food and Rural Affairs (excl. agencies)","EO","[c]","[c]","[c]","[c]"
"Leaver CS","2022","Commercial","Department for Environment, Food and Rural Affairs (excl. agencies)","G6/G7","[c]","[c]","[c]","[c]"
"Leaver CS","2022","Commercial","Department for Environment, Food and Rural Affairs (excl. agencies)","SEO/HEO","15","[c]","[c]","[c]"
"Leaver CS","2022","Commercial","Department for International Trade","EO","[c]","[c]","[c]","[c]"
"Leaver CS","2022","Commercial","Department for International Trade","SEO/HEO","[c]","[c]","[c]","[c]"
"Leaver CS","2022","Commercial","Department for Levelling Up, Housing and Communities (excl. agencies)","EO","[c]","[c]","[c]","[c]"
"Leaver CS","2022","Commercial","Department of Health and Social Care (excl. agencies)","AA/AO","[c]","[c]","[c]","[c]"
"Leaver CS","2022","Commercial","Department of Health and Social Care (excl. agencies)","EO","[c]","[c]","[c]","[c]"
"Leaver CS","2022","Commercial","Department of Health and Social Care (excl. agencies)","G6/G7","15","[c]","[c]","[c]"
"Leaver CS","2022","Commercial","Department of Health and Social Care (excl. agencies)","SCS level","5","[c]","[c]","[c]"
"Leaver CS","2022","Commercial","Department of Health and Social Care (excl. agencies)","SEO/HEO","40","[c]","[c]","[c]"
"Leaver CS","2022","Commercial","Driver and Vehicle Licensing Agency","AA/AO","[c]","[c]","[c]","[c]"
"Leaver CS","2022","Commercial","Driver and Vehicle Licensing Agency","EO","[c]","[c]","[c]","[c]"
"Leaver CS","2022","Commercial","Driver and Vehicle Licensing Agency","G6/G7","[c]","[c]","[c]","[c]"
"Leaver CS","2022","Commercial","Driver and Vehicle Licensing Agency","SEO/HEO","[c]","[c]","[c]","[c]"
"Leaver CS","2022","Commercial","Driver and Vehicle Standards Agency","SEO/HEO","[c]","[c]","[c]","[c]"
"Leaver CS","2022","Commercial","FCDO Services","EO","[c]","[c]","[c]","[c]"
"Leaver CS","2022","Commercial","FCDO Services","G6/G7","[c]","[c]","[c]","[c]"
"Leaver CS","2022","Commercial","FCDO Services","SEO/HEO","[c]","[c]","[c]","[c]"
"Leaver CS","2022","Commercial","Foreign, Commonwealth and Development Office (excl. agencies)","AA/AO","[c]","[c]","[c]","[c]"
"Leaver CS","2022","Commercial","Foreign, Commonwealth and Development Office (excl. agencies)","EO","[c]","[c]","[c]","[c]"
"Leaver CS","2022","Commercial","Foreign, Commonwealth and Development Office (excl. agencies)","G6/G7","[c]","[c]","[c]","[c]"
"Leaver CS","2022","Commercial","Foreign, Commonwealth and Development Office (excl. agencies)","SEO/HEO","5","[c]","[c]","[c]"
"Leaver CS","2022","Commercial","Health and Safety Executive","EO","[c]","[c]","[c]","[c]"
"Leaver CS","2022","Commercial","Health and Safety Executive","G6/G7","[c]","[c]","[c]","[c]"
"Leaver CS","2022","Commercial","Health and Safety Executive","SEO/HEO","[c]","[c]","[c]","[c]"
"Leaver CS","2022","Commercial","HM Land Registry","SEO/HEO","[c]","[c]","[c]","[c]"
"Leaver CS","2022","Commercial","Intellectual Property Office","EO","[c]","[c]","[c]","[c]"
"Leaver CS","2022","Commercial","Maritime and Coastguard Agency","G6/G7","[c]","[c]","[c]","[c]"
"Leaver CS","2022","Commercial","Maritime and Coastguard Agency","SEO/HEO","[c]","[c]","[c]","[c]"
"Leaver CS","2022","Commercial","Met Office","G6/G7","[c]","[c]","[c]","[c]"
"Leaver CS","2022","Commercial","Met Office","SEO/HEO","5","[c]","[c]","[c]"
"Leaver CS","2022","Commercial","Ministry of Defence (excl. agencies)","AA/AO","[c]","[c]","[c]","[c]"
"Leaver CS","2022","Commercial","Ministry of Defence (excl. agencies)","EO","15","[c]","24980","26670"
"Leaver CS","2022","Commercial","Ministry of Defence (excl. agencies)","G6/G7","10","[c]","[c]","[c]"
"Leaver CS","2022","Commercial","Ministry of Defence (excl. agencies)","SCS level","[c]","[c]","[c]","[c]"
"Leaver CS","2022","Commercial","Ministry of Defence (excl. agencies)","SEO/HEO","50","[c]","37810","37000"
"Leaver CS","2022","Commercial","National Crime Agency","G6/G7","[c]","[c]","[c]","[c]"
"Leaver CS","2022","Commercial","Planning Inspectorate","AA/AO","[c]","[c]","[c]","[c]"
"Leaver CS","2022","Commercial","Public Health England","G6/G7","[c]","[c]","[c]","[c]"
"Leaver CS","2022","Commercial","Queen Elizabeth II Centre","EO","[c]","[c]","[c]","[c]"
"Leaver CS","2022","Commercial","Scottish Courts and Tribunals Service","AA/AO","[c]","[c]","[c]","[c]"
"Leaver CS","2022","Commercial","Scottish Courts and Tribunals Service","SEO/HEO","[c]","[c]","[c]","[c]"
"Leaver CS","2022","Commercial","Scottish Prison Service","AA/AO","[c]","[c]","[c]","[c]"
"Leaver CS","2022","Commercial","Scottish Prison Service","EO","[c]","[c]","[c]","[c]"
"Leaver CS","2022","Commercial","Scottish Prison Service","G6/G7","[c]","[c]","[c]","[c]"
"Leaver CS","2022","Commercial","Submarine Delivery Agency","Unknown","10","[c]","44710","42870"
"Leaver CS","2022","Commercial","The National Archives","AA/AO","[c]","[c]","[c]","[c]"
"Leaver CS","2022","Commercial","The National Archives","G6/G7","[c]","[c]","[c]","[c]"
"Leaver CS","2022","Commercial","The National Archives","SEO/HEO","[c]","[c]","[c]","[c]"
"Leaver CS","2022","Commercial","UK Export Finance","AA/AO","[c]","[c]","[c]","[c]"
"Leaver CS","2022","Commercial","UK Export Finance","EO","[c]","[c]","[c]","[c]"
"Leaver CS","2022","Commercial","UK Export Finance","G6/G7","[c]","[c]","[c]","[c]"
"Leaver CS","2022","Commercial","UK Export Finance","SCS level","[c]","[c]","[c]","[c]"
"Leaver CS","2022","Commercial","UK Export Finance","SEO/HEO","10","[c]","46360","44290"
"Leaver CS","2022","Commercial","UK Health Security Agency","EO","[c]","[c]","[c]","[c]"
"Leaver CS","2022","Commercial","UK Health Security Agency","G6/G7","5","[c]","[c]","[c]"
"Leaver CS","2022","Commercial","UK Health Security Agency","SCS level","[c]","[c]","[c]","[c]"
"Leaver CS","2022","Commercial","UK Health Security Agency","SEO/HEO","[c]","[c]","[c]","[c]"
"Leaver CS","2022","Commercial","UK Hydrographic Office","AA/AO","[c]","[c]","[c]","[c]"
"Leaver CS","2022","Commercial","UK Hydrographic Office","EO","[c]","[c]","[c]","[c]"
"Leaver CS","2022","Commercial","UK Hydrographic Office","G6/G7","[c]","[c]","[c]","[c]"
"Leaver CS","2022","Commercial","UK Hydrographic Office","SEO/HEO","[c]","[c]","[c]","[c]"
"Leaver CS","2022","Commercial","UK Statistics Authority","EO","[c]","[c]","[c]","[c]"
"Leaver CS","2022","Commercial","UK Statistics Authority","G6/G7","[c]","[c]","[c]","[c]"
"Leaver CS","2022","Commercial","UK Statistics Authority","SEO/HEO","[c]","[c]","[c]","[c]"
"Leaver CS","2022","Communications","Advisory, Conciliation and Arbitration Service","SEO/HEO","[c]","[c]","[c]","[c]"
"Leaver CS","2022","Communications","Attorney General's Office","SEO/HEO","[c]","[c]","[c]","[c]"
"Leaver CS","2022","Communications","Cabinet Office (excl. agencies)","AA/AO","[c]","[c]","[c]","[c]"
"Leaver CS","2022","Communications","Cabinet Office (excl. agencies)","EO","5","[c]","[c]","[c]"
"Leaver CS","2022","Communications","Cabinet Office (excl. agencies)","G6/G7","20","[c]","58570","57090"
"Leaver CS","2022","Communications","Cabinet Office (excl. agencies)","SCS level","5","[c]","[c]","[c]"
"Leaver CS","2022","Communications","Cabinet Office (excl. agencies)","SEO/HEO","30","[c]","39320","40600"
"Leaver CS","2022","Communications","Charity Commission","EO","[c]","[c]","[c]","[c]"
"Leaver CS","2022","Communications","Charity Commission","G6/G7","[c]","[c]","[c]","[c]"
"Leaver CS","2022","Communications","Charity Commission","SEO/HEO","[c]","[c]","[c]","[c]"
"Leaver CS","2022","Communications","Companies House","AA/AO","[c]","[c]","[c]","[c]"
"Leaver CS","2022","Communications","Companies House","EO","[c]","[c]","[c]","[c]"
"Leaver CS","2022","Communications","Competition and Markets Authority","AA/AO","[c]","[c]","[c]","[c]"
"Leaver CS","2022","Communications","Competition and Markets Authority","G6/G7","[c]","[c]","[c]","[c]"
"Leaver CS","2022","Communications","Competition and Markets Authority","SEO/HEO","[c]","[c]","[c]","[c]"
"Leaver CS","2022","Communications","Crown Commercial Service","SEO/HEO","[c]","[c]","[c]","[c]"
"Leaver CS","2022","Communications","Crown Prosecution Service","EO","[c]","[c]","[c]","[c]"
"Leaver CS","2022","Communications","Crown Prosecution Service","SEO/HEO","[c]","[c]","[c]","[c]"
"Leaver CS","2022","Communications","Defence Science and Technology Laboratory","G6/G7","[c]","[c]","[c]","[c]"
"Leaver CS","2022","Communications","Defence Science and Technology Laboratory","SEO/HEO","[c]","[c]","[c]","[c]"
"Leaver CS","2022","Communications","Department for Business, Energy and Industrial Strategy (excl. agencies)","AA/AO","[c]","[c]","[c]","[c]"
"Leaver CS","2022","Communications","Department for Business, Energy and Industrial Strategy (excl. agencies)","G6/G7","[c]","[c]","[c]","[c]"
"Leaver CS","2022","Communications","Department for Business, Energy and Industrial Strategy (excl. agencies)","SEO/HEO","10","[c]","[c]","[c]"
"Leaver CS","2022","Communications","Department for Digital, Culture, Media and Sport","G6/G7","[c]","[c]","[c]","[c]"
"Leaver CS","2022","Communications","Department for Digital, Culture, Media and Sport","SEO/HEO","[c]","[c]","[c]","[c]"
"Leaver CS","2022","Communications","Department for Education (excl. agencies)","AA/AO","[c]","[c]","[c]","[c]"
"Leaver CS","2022","Communications","Department for Education (excl. agencies)","EO","20","[c]","27370","28500"
"Leaver CS","2022","Communications","Department for Education (excl. agencies)","G6/G7","[c]","[c]","[c]","[c]"
"Leaver CS","2022","Communications","Department for Education (excl. agencies)","SEO/HEO","15","[c]","40820","37280"
"Leaver CS","2022","Communications","Department for Environment, Food and Rural Affairs (excl. agencies)","AA/AO","5","[c]","[c]","[c]"
"Leaver CS","2022","Communications","Department for Environment, Food and Rural Affairs (excl. agencies)","EO","[c]","[c]","[c]","[c]"
"Leaver CS","2022","Communications","Department for Environment, Food and Rural Affairs (excl. agencies)","G6/G7","[c]","[c]","[c]","[c]"
"Leaver CS","2022","Communications","Department for Environment, Food and Rural Affairs (excl. agencies)","SEO/HEO","10","[c]","[c]","[c]"
"Leaver CS","2022","Communications","Department for International Trade","EO","[c]","[c]","[c]","[c]"
"Leaver CS","2022","Communications","Department for International Trade","G6/G7","[c]","[c]","[c]","[c]"
"Leaver CS","2022","Communications","Department for International Trade","SCS level","[c]","[c]","[c]","[c]"
"Leaver CS","2022","Communications","Department for International Trade","SEO/HEO","5","[c]","[c]","[c]"
"Leaver CS","2022","Communications","Department for Levelling Up, Housing and Communities (excl. agencies)","EO","[c]","[c]","[c]","[c]"
"Leaver CS","2022","Communications","Department for Levelling Up, Housing and Communities (excl. agencies)","G6/G7","[c]","[c]","[c]","[c]"
"Leaver CS","2022","Communications","Department for Levelling Up, Housing and Communities (excl. agencies)","SEO/HEO","5","[c]","[c]","[c]"
"Leaver CS","2022","Communications","Department for Transport (excl. agencies)","SCS level","[c]","[c]","[c]","[c]"
"Leaver CS","2022","Communications","Department for Work and Pensions (excl. agencies)","G6/G7","[c]","[c]","[c]","[c]"
"Leaver CS","2022","Communications","Department for Work and Pensions (excl. agencies)","SEO/HEO","5","[c]","[c]","[c]"
"Leaver CS","2022","Communications","Department of Health and Social Care (excl. agencies)","EO","20","[c]","[c]","[c]"
"Leaver CS","2022","Communications","Department of Health and Social Care (excl. agencies)","G6/G7","20","[c]","[c]","[c]"
"Leaver CS","2022","Communications","Department of Health and Social Care (excl. agencies)","SCS level","[c]","[c]","[c]","[c]"
"Leaver CS","2022","Communications","Department of Health and Social Care (excl. agencies)","SEO/HEO","[c]","[c]","[c]","[c]"
"Leaver CS","2022","Communications","Driver and Vehicle Licensing Agency","AA/AO","[c]","[c]","[c]","[c]"
"Leaver CS","2022","Communications","Driver and Vehicle Licensing Agency","EO","[c]","[c]","[c]","[c]"
"Leaver CS","2022","Communications","Driver and Vehicle Licensing Agency","SEO/HEO","[c]","[c]","[c]","[c]"
"Leaver CS","2022","Communications","Driver and Vehicle Standards Agency","EO","[c]","[c]","[c]","[c]"
"Leaver CS","2022","Communications","Driver and Vehicle Standards Agency","SEO/HEO","[c]","[c]","[c]","[c]"
"Leaver CS","2022","Communications","FCDO Services","EO","[c]","[c]","[c]","[c]"
"Leaver CS","2022","Communications","FCDO Services","Unknown","[c]","[c]","[c]","[c]"
"Leaver CS","2022","Communications","Food Standards Agency","AA/AO","[c]","[c]","[c]","[c]"
"Leaver CS","2022","Communications","Food Standards Agency","SEO/HEO","[c]","[c]","[c]","[c]"
"Leaver CS","2022","Communications","Foreign, Commonwealth and Development Office (excl. agencies)","G6/G7","[c]","[c]","[c]","[c]"
"Leaver CS","2022","Communications","Foreign, Commonwealth and Development Office (excl. agencies)","SCS level","[c]","[c]","[c]","[c]"
"Leaver CS","2022","Communications","Government Internal Audit Agency","G6/G7","[c]","[c]","[c]","[c]"
"Leaver CS","2022","Communications","Government Legal Department","SCS level","[c]","[c]","[c]","[c]"
"Leaver CS","2022","Communications","Government Legal Department","SEO/HEO","[c]","[c]","[c]","[c]"
"Leaver CS","2022","Communications","Health and Safety Executive","G6/G7","[c]","[c]","[c]","[c]"
"Leaver CS","2022","Communications","Health and Safety Executive","SEO/HEO","[c]","[c]","[c]","[c]"
"Leaver CS","2022","Communications","HM Land Registry","AA/AO","[c]","[c]","[c]","[c]"
"Leaver CS","2022","Communications","HM Land Registry","SEO/HEO","[c]","[c]","[c]","[c]"
"Leaver CS","2022","Communications","HM Prison and Probation Service","SEO/HEO","[c]","[c]","[c]","[c]"
"Leaver CS","2022","Communications","HM Revenue and Customs (excl. agencies)","EO","[c]","[c]","[c]","[c]"
"Leaver CS","2022","Communications","HM Treasury (excl. agencies)","SEO/HEO","[c]","[c]","[c]","[c]"
"Leaver CS","2022","Communications","Institute for Apprenticeships and Technical Education","G6/G7","[c]","[c]","[c]","[c]"
"Leaver CS","2022","Communications","Maritime and Coastguard Agency","SEO/HEO","5","[c]","[c]","[c]"
"Leaver CS","2022","Communications","Medicines and Healthcare Products Regulatory Agency","AA/AO","[c]","[c]","[c]","[c]"
"Leaver CS","2022","Communications","Medicines and Healthcare Products Regulatory Agency","EO","[c]","[c]","[c]","[c]"
"Leaver CS","2022","Communications","Medicines and Healthcare Products Regulatory Agency","G6/G7","[c]","[c]","[c]","[c]"
"Leaver CS","2022","Communications","Medicines and Healthcare Products Regulatory Agency","SEO/HEO","[c]","[c]","[c]","[c]"
"Leaver CS","2022","Communications","Met Office","AA/AO","[c]","[c]","[c]","[c]"
"Leaver CS","2022","Communications","Met Office","EO","[c]","[c]","[c]","[c]"
"Leaver CS","2022","Communications","Ministry of Defence (excl. agencies)","AA/AO","5","[c]","[c]","[c]"
"Leaver CS","2022","Communications","Ministry of Defence (excl. agencies)","EO","10","[c]","[c]","[c]"
"Leaver CS","2022","Communications","Ministry of Defence (excl. agencies)","G6/G7","[c]","[c]","[c]","[c]"
"Leaver CS","2022","Communications","Ministry of Defence (excl. agencies)","SCS level","[c]","[c]","[c]","[c]"
"Leaver CS","2022","Communications","Ministry of Defence (excl. agencies)","SEO/HEO","20","[c]","39510","40000"
"Leaver CS","2022","Communications","National Crime Agency","EO","[c]","[c]","[c]","[c]"
"Leaver CS","2022","Communications","National Crime Agency","G6/G7","[c]","[c]","[c]","[c]"
"Leaver CS","2022","Communications","National Crime Agency","SEO/HEO","[c]","[c]","[c]","[c]"
"Leaver CS","2022","Communications","National Savings and Investments","AA/AO","[c]","[c]","[c]","[c]"
"Leaver CS","2022","Communications","National Savings and Investments","SEO/HEO","[c]","[c]","[c]","[c]"
"Leaver CS","2022","Communications","Northern Ireland Office","SEO/HEO","[c]","[c]","[c]","[c]"
"Leaver CS","2022","Communications","Office for Standards in Education, Children's Services and Skills","SEO/HEO","[c]","[c]","[c]","[c]"
"Leaver CS","2022","Communications","Office of Gas and Electricity Markets","EO","[c]","[c]","[c]","[c]"
"Leaver CS","2022","Communications","Office of Gas and Electricity Markets","G6/G7","[c]","[c]","[c]","[c]"
"Leaver CS","2022","Communications","Office of Gas and Electricity Markets","SCS level","[c]","[c]","[c]","[c]"
"Leaver CS","2022","Communications","Office of Gas and Electricity Markets","SEO/HEO","5","[c]","[c]","[c]"
"Leaver CS","2022","Communications","Office of Qualifications and Examinations Regulation","SEO/HEO","[c]","[c]","[c]","[c]"
"Leaver CS","2022","Communications","Planning Inspectorate","G6/G7","[c]","[c]","[c]","[c]"
"Leaver CS","2022","Communications","Public Health England","G6/G7","[c]","[c]","[c]","[c]"
"Leaver CS","2022","Communications","Public Health England","SEO/HEO","5","[c]","[c]","[c]"
"Leaver CS","2022","Communications","Registers of Scotland","SEO/HEO","[c]","[c]","[c]","[c]"
"Leaver CS","2022","Communications","Rural Payments Agency","AA/AO","[c]","[c]","[c]","[c]"
"Leaver CS","2022","Communications","Rural Payments Agency","EO","[c]","[c]","[c]","[c]"
"Leaver CS","2022","Communications","Rural Payments Agency","G6/G7","[c]","[c]","[c]","[c]"
"Leaver CS","2022","Communications","Rural Payments Agency","SEO/HEO","[c]","[c]","[c]","[c]"
"Leaver CS","2022","Communications","Scottish Courts and Tribunals Service","G6/G7","[c]","[c]","[c]","[c]"
"Leaver CS","2022","Communications","Scottish Courts and Tribunals Service","SEO/HEO","[c]","[c]","[c]","[c]"
"Leaver CS","2022","Communications","Scottish Prison Service","EO","[c]","[c]","[c]","[c]"
"Leaver CS","2022","Communications","Serious Fraud Office","SEO/HEO","[c]","[c]","[c]","[c]"
"Leaver CS","2022","Communications","Submarine Delivery Agency","Unknown","[c]","[c]","[c]","[c]"
"Leaver CS","2022","Communications","The Insolvency Service","SEO/HEO","[c]","[c]","[c]","[c]"
"Leaver CS","2022","Communications","The National Archives","SEO/HEO","[c]","[c]","[c]","[c]"
"Leaver CS","2022","Communications","UK Debt Management Office","SEO/HEO","[c]","[c]","[c]","[c]"
"Leaver CS","2022","Communications","UK Export Finance","SCS level","[c]","[c]","[c]","[c]"
"Leaver CS","2022","Communications","UK Export Finance","SEO/HEO","[c]","[c]","[c]","[c]"
"Leaver CS","2022","Communications","UK Health Security Agency","G6/G7","[c]","[c]","[c]","[c]"
"Leaver CS","2022","Communications","UK Health Security Agency","SEO/HEO","10","[c]","37060","38790"
"Leaver CS","2022","Communications","UK Hydrographic Office","AA/AO","[c]","[c]","[c]","[c]"
"Leaver CS","2022","Communications","UK Hydrographic Office","G6/G7","[c]","[c]","[c]","[c]"
"Leaver CS","2022","Communications","UK Hydrographic Office","SEO/HEO","[c]","[c]","[c]","[c]"
"Leaver CS","2022","Communications","UK Space Agency","EO","[c]","[c]","[c]","[c]"
"Leaver CS","2022","Communications","UK Space Agency","G6/G7","[c]","[c]","[c]","[c]"
"Leaver CS","2022","Communications","UK Space Agency","SEO/HEO","[c]","[c]","[c]","[c]"
"Leaver CS","2022","Communications","UK Statistics Authority","EO","[c]","[c]","[c]","[c]"
"Leaver CS","2022","Communications","UK Statistics Authority","G6/G7","[c]","[c]","[c]","[c]"
"Leaver CS","2022","Communications","UK Statistics Authority","SEO/HEO","5","[c]","[c]","[c]"
"Leaver CS","2022","Communications","Water Services Regulation Authority","G6/G7","[c]","[c]","[c]","[c]"
"Leaver CS","2022","Communications","Water Services Regulation Authority","SEO/HEO","[c]","[c]","[c]","[c]"
"Leaver CS","2022","Communications","Welsh Revenue Authority","G6/G7","[c]","[c]","[c]","[c]"
"Leaver CS","2022","Counter Fraud","Cabinet Office (excl. agencies)","AA/AO","[c]","[c]","[c]","[c]"
"Leaver CS","2022","Counter Fraud","Cabinet Office (excl. agencies)","EO","[c]","[c]","[c]","[c]"
"Leaver CS","2022","Counter Fraud","Cabinet Office (excl. agencies)","SEO/HEO","[c]","[c]","[c]","[c]"
"Leaver CS","2022","Counter Fraud","Companies House","AA/AO","5","[c]","[c]","[c]"
"Leaver CS","2022","Counter Fraud","Companies House","EO","5","[c]","[c]","[c]"
"Leaver CS","2022","Counter Fraud","Department for Digital, Culture, Media and Sport","SEO/HEO","[c]","[c]","[c]","[c]"
"Leaver CS","2022","Counter Fraud","Department for Work and Pensions (excl. agencies)","AA/AO","90","[c]","21730","21260"
"Leaver CS","2022","Counter Fraud","Department for Work and Pensions (excl. agencies)","EO","135","[c]","27920","27570"
"Leaver CS","2022","Counter Fraud","Department for Work and Pensions (excl. agencies)","G6/G7","[c]","[c]","[c]","[c]"
"Leaver CS","2022","Counter Fraud","Department for Work and Pensions (excl. agencies)","SEO/HEO","25","[c]","35520","34290"
"Leaver CS","2022","Counter Fraud","Driver and Vehicle Standards Agency","EO","[c]","[c]","[c]","[c]"
"Leaver CS","2022","Counter Fraud","Driver and Vehicle Standards Agency","G6/G7","[c]","[c]","[c]","[c]"
"Leaver CS","2022","Counter Fraud","Food Standards Agency","G6/G7","[c]","[c]","[c]","[c]"
"Leaver CS","2022","Counter Fraud","Food Standards Agency","SEO/HEO","[c]","[c]","[c]","[c]"
"Leaver CS","2022","Counter Fraud","Government Internal Audit Agency","SEO/HEO","5","[c]","[c]","[c]"
"Leaver CS","2022","Counter Fraud","HM Revenue and Customs (excl. agencies)","AA/AO","[c]","[c]","[c]","[c]"
"Leaver CS","2022","Counter Fraud","HM Revenue and Customs (excl. agencies)","EO","10","[c]","28980","28920"
"Leaver CS","2022","Counter Fraud","HM Revenue and Customs (excl. agencies)","G6/G7","5","[c]","[c]","[c]"
"Leaver CS","2022","Counter Fraud","HM Revenue and Customs (excl. agencies)","SEO/HEO","10","[c]","38230","36950"
"Leaver CS","2022","Counter Fraud","Serious Fraud Office","AA/AO","[c]","[c]","[c]","[c]"
"Leaver CS","2022","Counter Fraud","Serious Fraud Office","EO","[c]","[c]","[c]","[c]"
"Leaver CS","2022","Counter Fraud","Serious Fraud Office","G6/G7","[c]","[c]","[c]","[c]"
"Leaver CS","2022","Counter Fraud","Serious Fraud Office","SEO/HEO","15","[c]","37610","37740"
"Leaver CS","2022","Counter Fraud","The Insolvency Service","G6/G7","[c]","[c]","[c]","[c]"
"Leaver CS","2022","Counter Fraud","The Insolvency Service","SEO/HEO","10","[c]","39400","39490"
"Leaver CS","2022","Debt","Department for Work and Pensions (excl. agencies)","AA/AO","185","[c]","21330","21260"
"Leaver CS","2022","Debt","Department for Work and Pensions (excl. agencies)","EO","20","[c]","27430","27570"
"Leaver CS","2022","Debt","Department for Work and Pensions (excl. agencies)","SEO/HEO","10","[c]","[c]","[c]"
"Leaver CS","2022","Debt","Health and Safety Executive","EO","[c]","[c]","[c]","[c]"
"Leaver CS","2022","Debt","HM Revenue and Customs (excl. agencies)","AA/AO","10","[c]","[c]","[c]"
"Leaver CS","2022","Debt","HM Revenue and Customs (excl. agencies)","EO","[c]","[c]","[c]","[c]"
"Leaver CS","2022","Digital, Data & Technology","Advisory, Conciliation and Arbitration Service","EO","[c]","[c]","[c]","[c]"
"Leaver CS","2022","Digital, Data & Technology","Advisory, Conciliation and Arbitration Service","G6/G7","[c]","[c]","[c]","[c]"
"Leaver CS","2022","Digital, Data & Technology","Advisory, Conciliation and Arbitration Service","SEO/HEO","[c]","[c]","[c]","[c]"
"Leaver CS","2022","Digital, Data & Technology","Cabinet Office (excl. agencies)","AA/AO","15","[c]","19670","18330"
"Leaver CS","2022","Digital, Data & Technology","Cabinet Office (excl. agencies)","EO","10","[c]","[c]","[c]"
"Leaver CS","2022","Digital, Data & Technology","Cabinet Office (excl. agencies)","G6/G7","70","[c]","59520","56660"
"Leaver CS","2022","Digital, Data & Technology","Cabinet Office (excl. agencies)","SCS level","10","[c]","104320","101320"
"Leaver CS","2022","Digital, Data & Technology","Cabinet Office (excl. agencies)","SEO/HEO","25","[c]","37410","37600"
"Leaver CS","2022","Digital, Data & Technology","Centre for Environment, Fisheries and Aquaculture Science","SEO/HEO","[c]","[c]","[c]","[c]"
"Leaver CS","2022","Digital, Data & Technology","Charity Commission","EO","5","[c]","[c]","[c]"
"Leaver CS","2022","Digital, Data & Technology","Charity Commission","G6/G7","[c]","[c]","[c]","[c]"
"Leaver CS","2022","Digital, Data & Technology","Charity Commission","SEO/HEO","5","[c]","[c]","[c]"
"Leaver CS","2022","Digital, Data & Technology","Companies House","EO","[c]","[c]","[c]","[c]"
"Leaver CS","2022","Digital, Data & Technology","Companies House","G6/G7","[c]","[c]","[c]","[c]"
"Leaver CS","2022","Digital, Data & Technology","Companies House","SEO/HEO","10","[c]","[c]","[c]"
"Leaver CS","2022","Digital, Data & Technology","Competition and Markets Authority","AA/AO","[c]","[c]","[c]","[c]"
"Leaver CS","2022","Digital, Data & Technology","Competition and Markets Authority","G6/G7","5","[c]","[c]","[c]"
"Leaver CS","2022","Digital, Data & Technology","Competition and Markets Authority","SCS level","[c]","[c]","[c]","[c]"
"Leaver CS","2022","Digital, Data & Technology","Competition and Markets Authority","SEO/HEO","[c]","[c]","[c]","[c]"
"Leaver CS","2022","Digital, Data & Technology","Crown Commercial Service","EO","[c]","[c]","[c]","[c]"
"Leaver CS","2022","Digital, Data & Technology","Crown Commercial Service","G6/G7","5","[c]","[c]","[c]"
"Leaver CS","2022","Digital, Data & Technology","Crown Commercial Service","SEO/HEO","[c]","[c]","[c]","[c]"
"Leaver CS","2022","Digital, Data & Technology","Crown Office and Procurator Fiscal Service","SEO/HEO","[c]","[c]","[c]","[c]"
"Leaver CS","2022","Digital, Data & Technology","Crown Prosecution Service","G6/G7","[c]","[c]","[c]","[c]"
"Leaver CS","2022","Digital, Data & Technology","Defence Electronics and Components Agency","SEO/HEO","[c]","[c]","[c]","[c]"
"Leaver CS","2022","Digital, Data & Technology","Defence Equipment and Support","SEO/HEO","[c]","[c]","[c]","[c]"
"Leaver CS","2022","Digital, Data & Technology","Department for Business, Energy and Industrial Strategy (excl. agencies)","EO","[c]","[c]","[c]","[c]"
"Leaver CS","2022","Digital, Data & Technology","Department for Business, Energy and Industrial Strategy (excl. agencies)","G6/G7","[c]","[c]","[c]","[c]"
"Leaver CS","2022","Digital, Data & Technology","Department for Business, Energy and Industrial Strategy (excl. agencies)","SEO/HEO","10","[c]","35840","35150"
"Leaver CS","2022","Digital, Data & Technology","Department for Education (excl. agencies)","AA/AO","[c]","[c]","[c]","[c]"
"Leaver CS","2022","Digital, Data & Technology","Department for Education (excl. agencies)","EO","10","[c]","27270","28500"
"Leaver CS","2022","Digital, Data & Technology","Department for Education (excl. agencies)","G6/G7","25","[c]","55470","53420"
"Leaver CS","2022","Digital, Data & Technology","Department for Education (excl. agencies)","SCS level","[c]","[c]","[c]","[c]"
"Leaver CS","2022","Digital, Data & Technology","Department for Education (excl. agencies)","SEO/HEO","35","[c]","36170","36500"
"Leaver CS","2022","Digital, Data & Technology","Department for Environment, Food and Rural Affairs (excl. agencies)","AA/AO","[c]","[c]","[c]","[c]"
"Leaver CS","2022","Digital, Data & Technology","Department for Environment, Food and Rural Affairs (excl. agencies)","EO","5","[c]","[c]","[c]"
"Leaver CS","2022","Digital, Data & Technology","Department for Environment, Food and Rural Affairs (excl. agencies)","G6/G7","25","[c]","[c]","[c]"
"Leaver CS","2022","Digital, Data & Technology","Department for Environment, Food and Rural Affairs (excl. agencies)","SCS level","[c]","[c]","[c]","[c]"
"Leaver CS","2022","Digital, Data & Technology","Department for Environment, Food and Rural Affairs (excl. agencies)","SEO/HEO","30","[c]","[c]","[c]"
"Leaver CS","2022","Digital, Data & Technology","Department for International Trade","EO","5","[c]","[c]","[c]"
"Leaver CS","2022","Digital, Data & Technology","Department for International Trade","G6/G7","10","[c]","[c]","[c]"
"Leaver CS","2022","Digital, Data & Technology","Department for International Trade","SCS level","[c]","[c]","[c]","[c]"
"Leaver CS","2022","Digital, Data & Technology","Department for International Trade","SEO/HEO","[c]","[c]","[c]","[c]"
"Leaver CS","2022","Digital, Data & Technology","Department for Levelling Up, Housing and Communities (excl. agencies)","G6/G7","5","[c]","[c]","[c]"
"Leaver CS","2022","Digital, Data & Technology","Department for Levelling Up, Housing and Communities (excl. agencies)","SEO/HEO","5","[c]","[c]","[c]"
"Leaver CS","2022","Digital, Data & Technology","Department for Work and Pensions (excl. agencies)","AA/AO","5","[c]","[c]","[c]"
"Leaver CS","2022","Digital, Data & Technology","Department for Work and Pensions (excl. agencies)","EO","25","[c]","27180","27570"
"Leaver CS","2022","Digital, Data & Technology","Department for Work and Pensions (excl. agencies)","G6/G7","95","[c]","59780","59590"
"Leaver CS","2022","Digital, Data & Technology","Department for Work and Pensions (excl. agencies)","SCS level","[c]","[c]","[c]","[c]"
"Leaver CS","2022","Digital, Data & Technology","Department for Work and Pensions (excl. agencies)","SEO/HEO","90","[c]","38840","38880"
"Leaver CS","2022","Digital, Data & Technology","Department of Health and Social Care (excl. agencies)","EO","[c]","[c]","[c]","[c]"
"Leaver CS","2022","Digital, Data & Technology","Department of Health and Social Care (excl. agencies)","G6/G7","10","[c]","[c]","[c]"
"Leaver CS","2022","Digital, Data & Technology","Department of Health and Social Care (excl. agencies)","SCS level","[c]","[c]","[c]","[c]"
"Leaver CS","2022","Digital, Data & Technology","Department of Health and Social Care (excl. agencies)","SEO/HEO","30","[c]","[c]","[c]"
"Leaver CS","2022","Digital, Data & Technology","Driver and Vehicle Licensing Agency","AA/AO","5","[c]","[c]","[c]"
"Leaver CS","2022","Digital, Data & Technology","Driver and Vehicle Licensing Agency","EO","10","[c]","[c]","[c]"
"Leaver CS","2022","Digital, Data & Technology","Driver and Vehicle Licensing Agency","G6/G7","10","[c]","[c]","[c]"
"Leaver CS","2022","Digital, Data & Technology","Driver and Vehicle Licensing Agency","SEO/HEO","15","[c]","39910","39280"
"Leaver CS","2022","Digital, Data & Technology","Driver and Vehicle Standards Agency","AA/AO","[c]","[c]","[c]","[c]"
"Leaver CS","2022","Digital, Data & Technology","Driver and Vehicle Standards Agency","EO","5","[c]","[c]","[c]"
"Leaver CS","2022","Digital, Data & Technology","Driver and Vehicle Standards Agency","G6/G7","[c]","[c]","[c]","[c]"
"Leaver CS","2022","Digital, Data & Technology","Driver and Vehicle Standards Agency","SEO/HEO","20","[c]","38500","38650"
"Leaver CS","2022","Digital, Data & Technology","Education and Skills Funding Agency","AA/AO","[c]","[c]","[c]","[c]"
"Leaver CS","2022","Digital, Data & Technology","Education and Skills Funding Agency","G6/G7","5","[c]","[c]","[c]"
"Leaver CS","2022","Digital, Data & Technology","Education and Skills Funding Agency","SCS level","[c]","[c]","[c]","[c]"
"Leaver CS","2022","Digital, Data & Technology","Education and Skills Funding Agency","SEO/HEO","[c]","[c]","[c]","[c]"
"Leaver CS","2022","Digital, Data & Technology","FCDO Services","EO","[c]","[c]","[c]","[c]"
"Leaver CS","2022","Digital, Data & Technology","FCDO Services","G6/G7","[c]","[c]","[c]","[c]"
"Leaver CS","2022","Digital, Data & Technology","FCDO Services","SEO/HEO","[c]","[c]","[c]","[c]"
"Leaver CS","2022","Digital, Data & Technology","Food Standards Agency","EO","[c]","[c]","[c]","[c]"
"Leaver CS","2022","Digital, Data & Technology","Food Standards Agency","G6/G7","[c]","[c]","[c]","[c]"
"Leaver CS","2022","Digital, Data & Technology","Food Standards Agency","SEO/HEO","[c]","[c]","[c]","[c]"
"Leaver CS","2022","Digital, Data & Technology","Foreign, Commonwealth and Development Office (excl. agencies)","AA/AO","[c]","[c]","[c]","[c]"
"Leaver CS","2022","Digital, Data & Technology","Foreign, Commonwealth and Development Office (excl. agencies)","EO","[c]","[c]","[c]","[c]"
"Leaver CS","2022","Digital, Data & Technology","Foreign, Commonwealth and Development Office (excl. agencies)","G6/G7","[c]","[c]","[c]","[c]"
"Leaver CS","2022","Digital, Data & Technology","Foreign, Commonwealth and Development Office (excl. agencies)","SCS level","[c]","[c]","[c]","[c]"
"Leaver CS","2022","Digital, Data & Technology","Foreign, Commonwealth and Development Office (excl. agencies)","SEO/HEO","10","[c]","36820","38500"
"Leaver CS","2022","Digital, Data & Technology","Health and Safety Executive","SEO/HEO","[c]","[c]","[c]","[c]"
"Leaver CS","2022","Digital, Data & Technology","HM Land Registry","AA/AO","5","[c]","[c]","[c]"
"Leaver CS","2022","Digital, Data & Technology","HM Land Registry","EO","15","[c]","28780","27130"
"Leaver CS","2022","Digital, Data & Technology","HM Land Registry","G6/G7","5","[c]","[c]","[c]"
"Leaver CS","2022","Digital, Data & Technology","HM Land Registry","SEO/HEO","45","[c]","38940","38450"
"Leaver CS","2022","Digital, Data & Technology","HM Revenue and Customs (excl. agencies)","EO","[c]","[c]","[c]","[c]"
"Leaver CS","2022","Digital, Data & Technology","HM Revenue and Customs (excl. agencies)","SEO/HEO","5","[c]","[c]","[c]"
"Leaver CS","2022","Digital, Data & Technology","HM Treasury (excl. agencies)","EO","[c]","[c]","[c]","[c]"
"Leaver CS","2022","Digital, Data & Technology","HM Treasury (excl. agencies)","G6/G7","[c]","[c]","[c]","[c]"
"Leaver CS","2022","Digital, Data & Technology","HM Treasury (excl. agencies)","SEO/HEO","[c]","[c]","[c]","[c]"
"Leaver CS","2022","Digital, Data & Technology","Institute for Apprenticeships and Technical Education","SEO/HEO","[c]","[c]","[c]","[c]"
"Leaver CS","2022","Digital, Data & Technology","Intellectual Property Office","EO","5","[c]","[c]","[c]"
"Leaver CS","2022","Digital, Data & Technology","Intellectual Property Office","G6/G7","[c]","[c]","[c]","[c]"
"Leaver CS","2022","Digital, Data & Technology","Intellectual Property Office","SEO/HEO","5","[c]","[c]","[c]"
"Leaver CS","2022","Digital, Data & Technology","Maritime and Coastguard Agency","EO","[c]","[c]","[c]","[c]"
"Leaver CS","2022","Digital, Data & Technology","Maritime and Coastguard Agency","G6/G7","[c]","[c]","[c]","[c]"
"Leaver CS","2022","Digital, Data & Technology","Maritime and Coastguard Agency","SCS level","[c]","[c]","[c]","[c]"
"Leaver CS","2022","Digital, Data & Technology","Maritime and Coastguard Agency","SEO/HEO","5","[c]","[c]","[c]"
"Leaver CS","2022","Digital, Data & Technology","Medicines and Healthcare Products Regulatory Agency","AA/AO","[c]","[c]","[c]","[c]"
"Leaver CS","2022","Digital, Data & Technology","Medicines and Healthcare Products Regulatory Agency","EO","[c]","[c]","[c]","[c]"
"Leaver CS","2022","Digital, Data & Technology","Medicines and Healthcare Products Regulatory Agency","G6/G7","[c]","[c]","[c]","[c]"
"Leaver CS","2022","Digital, Data & Technology","Medicines and Healthcare Products Regulatory Agency","SCS level","[c]","[c]","[c]","[c]"
"Leaver CS","2022","Digital, Data & Technology","Medicines and Healthcare Products Regulatory Agency","SEO/HEO","[c]","[c]","[c]","[c]"
"Leaver CS","2022","Digital, Data & Technology","Met Office","AA/AO","20","[c]","18800","17900"
"Leaver CS","2022","Digital, Data & Technology","Met Office","EO","10","[c]","26810","27010"
"Leaver CS","2022","Digital, Data & Technology","Met Office","G6/G7","15","[c]","52100","49860"
"Leaver CS","2022","Digital, Data & Technology","Met Office","SEO/HEO","40","[c]","37180","36510"
"Leaver CS","2022","Digital, Data & Technology","Ministry of Defence (excl. agencies)","AA/AO","35","[c]","21920","21170"
"Leaver CS","2022","Digital, Data & Technology","Ministry of Defence (excl. agencies)","EO","55","[c]","28250","26930"
"Leaver CS","2022","Digital, Data & Technology","Ministry of Defence (excl. agencies)","G6/G7","15","[c]","60150","59380"
"Leaver CS","2022","Digital, Data & Technology","Ministry of Defence (excl. agencies)","SCS level","[c]","[c]","[c]","[c]"
"Leaver CS","2022","Digital, Data & Technology","Ministry of Defence (excl. agencies)","SEO/HEO","75","[c]","37390","36380"
"Leaver CS","2022","Digital, Data & Technology","National Crime Agency","AA/AO","[c]","[c]","[c]","[c]"
"Leaver CS","2022","Digital, Data & Technology","National Crime Agency","EO","5","[c]","[c]","[c]"
"Leaver CS","2022","Digital, Data & Technology","National Crime Agency","G6/G7","5","[c]","[c]","[c]"
"Leaver CS","2022","Digital, Data & Technology","National Crime Agency","SCS level","[c]","[c]","[c]","[c]"
"Leaver CS","2022","Digital, Data & Technology","National Crime Agency","SEO/HEO","5","[c]","[c]","[c]"
"Leaver CS","2022","Digital, Data & Technology","National Savings and Investments","G6/G7","[c]","[c]","[c]","[c]"
"Leaver CS","2022","Digital, Data & Technology","Northern Ireland Office","SEO/HEO","[c]","[c]","[c]","[c]"
"Leaver CS","2022","Digital, Data & Technology","Office for Standards in Education, Children's Services and Skills","AA/AO","[c]","[c]","[c]","[c]"
"Leaver CS","2022","Digital, Data & Technology","Office for Standards in Education, Children's Services and Skills","G6/G7","[c]","[c]","[c]","[c]"
"Leaver CS","2022","Digital, Data & Technology","Office for Standards in Education, Children's Services and Skills","SEO/HEO","5","[c]","[c]","[c]"
"Leaver CS","2022","Digital, Data & Technology","Office of Gas and Electricity Markets","EO","[c]","[c]","[c]","[c]"
"Leaver CS","2022","Digital, Data & Technology","Office of Gas and Electricity Markets","G6/G7","5","[c]","[c]","[c]"
"Leaver CS","2022","Digital, Data & Technology","Office of Gas and Electricity Markets","SCS level","[c]","[c]","[c]","[c]"
"Leaver CS","2022","Digital, Data & Technology","Office of Gas and Electricity Markets","SEO/HEO","5","[c]","[c]","[c]"
"Leaver CS","2022","Digital, Data & Technology","Office of Qualifications and Examinations Regulation","EO","[c]","[c]","[c]","[c]"
"Leaver CS","2022","Digital, Data & Technology","Office of Qualifications and Examinations Regulation","G6/G7","[c]","[c]","[c]","[c]"
"Leaver CS","2022","Digital, Data & Technology","Office of Qualifications and Examinations Regulation","SEO/HEO","[c]","[c]","[c]","[c]"
"Leaver CS","2022","Digital, Data & Technology","Office of Rail and Road","AA/AO","[c]","[c]","[c]","[c]"
"Leaver CS","2022","Digital, Data & Technology","Office of Rail and Road","G6/G7","[c]","[c]","[c]","[c]"
"Leaver CS","2022","Digital, Data & Technology","Office of Rail and Road","SEO/HEO","[c]","[c]","[c]","[c]"
"Leaver CS","2022","Digital, Data & Technology","Planning Inspectorate","G6/G7","[c]","[c]","[c]","[c]"
"Leaver CS","2022","Digital, Data & Technology","Public Health England","G6/G7","5","[c]","[c]","[c]"
"Leaver CS","2022","Digital, Data & Technology","Public Health England","SEO/HEO","20","[c]","36970","38940"
"Leaver CS","2022","Digital, Data & Technology","Queen Elizabeth II Centre","EO","[c]","[c]","[c]","[c]"
"Leaver CS","2022","Digital, Data & Technology","Registers of Scotland","EO","[c]","[c]","[c]","[c]"
"Leaver CS","2022","Digital, Data & Technology","Registers of Scotland","G6/G7","[c]","[c]","[c]","[c]"
"Leaver CS","2022","Digital, Data & Technology","Registers of Scotland","SEO/HEO","[c]","[c]","[c]","[c]"
"Leaver CS","2022","Digital, Data & Technology","Scottish Courts and Tribunals Service","AA/AO","[c]","[c]","[c]","[c]"
"Leaver CS","2022","Digital, Data & Technology","Scottish Courts and Tribunals Service","EO","[c]","[c]","[c]","[c]"
"Leaver CS","2022","Digital, Data & Technology","Scottish Courts and Tribunals Service","G6/G7","[c]","[c]","[c]","[c]"
"Leaver CS","2022","Digital, Data & Technology","Scottish Courts and Tribunals Service","SEO/HEO","[c]","[c]","[c]","[c]"
"Leaver CS","2022","Digital, Data & Technology","Scottish Prison Service","G6/G7","[c]","[c]","[c]","[c]"
"Leaver CS","2022","Digital, Data & Technology","Scottish Prison Service","SEO/HEO","[c]","[c]","[c]","[c]"
"Leaver CS","2022","Digital, Data & Technology","Serious Fraud Office","AA/AO","[c]","[c]","[c]","[c]"
"Leaver CS","2022","Digital, Data & Technology","Serious Fraud Office","EO","[c]","[c]","[c]","[c]"
"Leaver CS","2022","Digital, Data & Technology","Serious Fraud Office","G6/G7","[c]","[c]","[c]","[c]"
"Leaver CS","2022","Digital, Data & Technology","Submarine Delivery Agency","Unknown","[c]","[c]","[c]","[c]"
"Leaver CS","2022","Digital, Data & Technology","The Insolvency Service","G6/G7","[c]","[c]","[c]","[c]"
"Leaver CS","2022","Digital, Data & Technology","The National Archives","AA/AO","[c]","[c]","[c]","[c]"
"Leaver CS","2022","Digital, Data & Technology","The National Archives","EO","[c]","[c]","[c]","[c]"
"Leaver CS","2022","Digital, Data & Technology","The National Archives","G6/G7","[c]","[c]","[c]","[c]"
"Leaver CS","2022","Digital, Data & Technology","The National Archives","SEO/HEO","5","[c]","[c]","[c]"
"Leaver CS","2022","Digital, Data & Technology","UK Debt Management Office","G6/G7","[c]","[c]","[c]","[c]"
"Leaver CS","2022","Digital, Data & Technology","UK Debt Management Office","SEO/HEO","[c]","[c]","[c]","[c]"
"Leaver CS","2022","Digital, Data & Technology","UK Export Finance","G6/G7","[c]","[c]","[c]","[c]"
"Leaver CS","2022","Digital, Data & Technology","UK Export Finance","SEO/HEO","[c]","[c]","[c]","[c]"
"Leaver CS","2022","Digital, Data & Technology","UK Health Security Agency","SEO/HEO","[c]","[c]","[c]","[c]"
"Leaver CS","2022","Digital, Data & Technology","UK Hydrographic Office","EO","[c]","[c]","[c]","[c]"
"Leaver CS","2022","Digital, Data & Technology","UK Hydrographic Office","G6/G7","[c]","[c]","[c]","[c]"
"Leaver CS","2022","Digital, Data & Technology","UK Hydrographic Office","SEO/HEO","15","[c]","39440","36120"
"Leaver CS","2022","Digital, Data & Technology","UK Statistics Authority","AA/AO","[c]","[c]","[c]","[c]"
"Leaver CS","2022","Digital, Data & Technology","UK Statistics Authority","EO","20","[c]","23900","23630"
"Leaver CS","2022","Digital, Data & Technology","UK Statistics Authority","G6/G7","15","[c]","54650","53530"
"Leaver CS","2022","Digital, Data & Technology","UK Statistics Authority","SCS level","[c]","[c]","[c]","[c]"
"Leaver CS","2022","Digital, Data & Technology","UK Statistics Authority","SEO/HEO","50","[c]","34230","33960"
"Leaver CS","2022","Digital, Data & Technology","UK Supreme Court","SEO/HEO","[c]","[c]","[c]","[c]"
"Leaver CS","2022","Digital, Data & Technology","Valuation Office Agency","SEO/HEO","[c]","[c]","[c]","[c]"
"Leaver CS","2022","Digital, Data & Technology","Vehicle Certification Agency","EO","[c]","[c]","[c]","[c]"
"Leaver CS","2022","Digital, Data & Technology","Water Services Regulation Authority","EO","[c]","[c]","[c]","[c]"
"Leaver CS","2022","Digital, Data & Technology","Water Services Regulation Authority","SEO/HEO","5","[c]","[c]","[c]"
"Leaver CS","2022","Digital, Data & Technology","Wilton Park","EO","[c]","[c]","[c]","[c]"
"Leaver CS","2022","Finance","Cabinet Office (excl. agencies)","AA/AO","[c]","[c]","[c]","[c]"
"Leaver CS","2022","Finance","Cabinet Office (excl. agencies)","EO","[c]","[c]","[c]","[c]"
"Leaver CS","2022","Finance","Cabinet Office (excl. agencies)","SCS level","[c]","[c]","[c]","[c]"
"Leaver CS","2022","Finance","Cabinet Office (excl. agencies)","SEO/HEO","[c]","[c]","[c]","[c]"
"Leaver CS","2022","Finance","Centre for Environment, Fisheries and Aquaculture Science","AA/AO","[c]","[c]","[c]","[c]"
"Leaver CS","2022","Finance","Centre for Environment, Fisheries and Aquaculture Science","EO","[c]","[c]","[c]","[c]"
"Leaver CS","2022","Finance","Centre for Environment, Fisheries and Aquaculture Science","G6/G7","[c]","[c]","[c]","[c]"
"Leaver CS","2022","Finance","Charity Commission","G6/G7","[c]","[c]","[c]","[c]"
"Leaver CS","2022","Finance","Companies House","AA/AO","5","[c]","[c]","[c]"
"Leaver CS","2022","Finance","Companies House","EO","[c]","[c]","[c]","[c]"
"Leaver CS","2022","Finance","Companies House","G6/G7","[c]","[c]","[c]","[c]"
"Leaver CS","2022","Finance","Companies House","SEO/HEO","[c]","[c]","[c]","[c]"
"Leaver CS","2022","Finance","Competition and Markets Authority","EO","[c]","[c]","[c]","[c]"
"Leaver CS","2022","Finance","Competition and Markets Authority","SEO/HEO","[c]","[c]","[c]","[c]"
"Leaver CS","2022","Finance","Crown Commercial Service","G6/G7","[c]","[c]","[c]","[c]"
"Leaver CS","2022","Finance","Crown Commercial Service","SCS level","[c]","[c]","[c]","[c]"
"Leaver CS","2022","Finance","Crown Commercial Service","SEO/HEO","[c]","[c]","[c]","[c]"
"Leaver CS","2022","Finance","Crown Office and Procurator Fiscal Service","SCS level","[c]","[c]","[c]","[c]"
"Leaver CS","2022","Finance","Crown Prosecution Service","AA/AO","[c]","[c]","[c]","[c]"
"Leaver CS","2022","Finance","Crown Prosecution Service","EO","[c]","[c]","[c]","[c]"
"Leaver CS","2022","Finance","Crown Prosecution Service","SCS level","[c]","[c]","[c]","[c]"
"Leaver CS","2022","Finance","Defence Electronics and Components Agency","G6/G7","[c]","[c]","[c]","[c]"
"Leaver CS","2022","Finance","Defence Equipment and Support","EO","10","[c]","23180","25280"
"Leaver CS","2022","Finance","Defence Equipment and Support","G6/G7","[c]","[c]","[c]","[c]"
"Leaver CS","2022","Finance","Defence Equipment and Support","SEO/HEO","[c]","[c]","[c]","[c]"
"Leaver CS","2022","Finance","Defence Science and Technology Laboratory","G6/G7","[c]","[c]","[c]","[c]"
"Leaver CS","2022","Finance","Defence Science and Technology Laboratory","SEO/HEO","[c]","[c]","[c]","[c]"
"Leaver CS","2022","Finance","Department for Business, Energy and Industrial Strategy (excl. agencies)","EO","[c]","[c]","[c]","[c]"
"Leaver CS","2022","Finance","Department for Business, Energy and Industrial Strategy (excl. agencies)","G6/G7","[c]","[c]","[c]","[c]"
"Leaver CS","2022","Finance","Department for Business, Energy and Industrial Strategy (excl. agencies)","SCS level","[c]","[c]","[c]","[c]"
"Leaver CS","2022","Finance","Department for Business, Energy and Industrial Strategy (excl. agencies)","SEO/HEO","[c]","[c]","[c]","[c]"
"Leaver CS","2022","Finance","Department for Digital, Culture, Media and Sport","G6/G7","[c]","[c]","[c]","[c]"
"Leaver CS","2022","Finance","Department for Digital, Culture, Media and Sport","SEO/HEO","[c]","[c]","[c]","[c]"
"Leaver CS","2022","Finance","Department for Education (excl. agencies)","AA/AO","[c]","[c]","[c]","[c]"
"Leaver CS","2022","Finance","Department for Education (excl. agencies)","EO","[c]","[c]","[c]","[c]"
"Leaver CS","2022","Finance","Department for Education (excl. agencies)","G6/G7","10","[c]","[c]","[c]"
"Leaver CS","2022","Finance","Department for Education (excl. agencies)","SCS level","[c]","[c]","[c]","[c]"
"Leaver CS","2022","Finance","Department for Education (excl. agencies)","SEO/HEO","10","[c]","[c]","[c]"
"Leaver CS","2022","Finance","Department for Environment, Food and Rural Affairs (excl. agencies)","EO","[c]","[c]","[c]","[c]"
"Leaver CS","2022","Finance","Department for Environment, Food and Rural Affairs (excl. agencies)","G6/G7","[c]","[c]","[c]","[c]"
"Leaver CS","2022","Finance","Department for Environment, Food and Rural Affairs (excl. agencies)","SCS level","[c]","[c]","[c]","[c]"
"Leaver CS","2022","Finance","Department for Environment, Food and Rural Affairs (excl. agencies)","SEO/HEO","10","[c]","[c]","[c]"
"Leaver CS","2022","Finance","Department for International Trade","SEO/HEO","[c]","[c]","[c]","[c]"
"Leaver CS","2022","Finance","Department for Levelling Up, Housing and Communities (excl. agencies)","G6/G7","[c]","[c]","[c]","[c]"
"Leaver CS","2022","Finance","Department for Levelling Up, Housing and Communities (excl. agencies)","SCS level","[c]","[c]","[c]","[c]"
"Leaver CS","2022","Finance","Department for Levelling Up, Housing and Communities (excl. agencies)","SEO/HEO","[c]","[c]","[c]","[c]"
"Leaver CS","2022","Finance","Department for Work and Pensions (excl. agencies)","AA/AO","10","[c]","21880","21260"
"Leaver CS","2022","Finance","Department for Work and Pensions (excl. agencies)","EO","5","[c]","[c]","[c]"
"Leaver CS","2022","Finance","Department for Work and Pensions (excl. agencies)","G6/G7","15","[c]","54770","52750"
"Leaver CS","2022","Finance","Department for Work and Pensions (excl. agencies)","SCS level","[c]","[c]","[c]","[c]"
"Leaver CS","2022","Finance","Department for Work and Pensions (excl. agencies)","SEO/HEO","40","[c]","36720","35310"
"Leaver CS","2022","Finance","Department of Health and Social Care (excl. agencies)","AA/AO","[c]","[c]","[c]","[c]"
"Leaver CS","2022","Finance","Department of Health and Social Care (excl. agencies)","EO","20","[c]","[c]","[c]"
"Leaver CS","2022","Finance","Department of Health and Social Care (excl. agencies)","G6/G7","10","[c]","[c]","[c]"
"Leaver CS","2022","Finance","Department of Health and Social Care (excl. agencies)","SCS level","[c]","[c]","[c]","[c]"
"Leaver CS","2022","Finance","Department of Health and Social Care (excl. agencies)","SEO/HEO","35","[c]","[c]","[c]"
"Leaver CS","2022","Finance","Driver and Vehicle Licensing Agency","AA/AO","5","[c]","[c]","[c]"
"Leaver CS","2022","Finance","Driver and Vehicle Licensing Agency","SEO/HEO","[c]","[c]","[c]","[c]"
"Leaver CS","2022","Finance","Driver and Vehicle Standards Agency","SEO/HEO","[c]","[c]","[c]","[c]"
"Leaver CS","2022","Finance","Education and Skills Funding Agency","EO","5","[c]","[c]","[c]"
"Leaver CS","2022","Finance","Education and Skills Funding Agency","G6/G7","10","[c]","[c]","[c]"
"Leaver CS","2022","Finance","Education and Skills Funding Agency","SEO/HEO","10","[c]","[c]","[c]"
"Leaver CS","2022","Finance","FCDO Services","EO","[c]","[c]","[c]","[c]"
"Leaver CS","2022","Finance","FCDO Services","G6/G7","[c]","[c]","[c]","[c]"
"Leaver CS","2022","Finance","FCDO Services","SEO/HEO","[c]","[c]","[c]","[c]"
"Leaver CS","2022","Finance","FCDO Services","Unknown","[c]","[c]","[c]","[c]"
"Leaver CS","2022","Finance","Food Standards Agency","EO","[c]","[c]","[c]","[c]"
"Leaver CS","2022","Finance","Foreign, Commonwealth and Development Office (excl. agencies)","AA/AO","[c]","[c]","[c]","[c]"
"Leaver CS","2022","Finance","Foreign, Commonwealth and Development Office (excl. agencies)","EO","[c]","[c]","[c]","[c]"
"Leaver CS","2022","Finance","Foreign, Commonwealth and Development Office (excl. agencies)","G6/G7","[c]","[c]","[c]","[c]"
"Leaver CS","2022","Finance","Foreign, Commonwealth and Development Office (excl. agencies)","SEO/HEO","[c]","[c]","[c]","[c]"
"Leaver CS","2022","Finance","Government Actuary's Department","EO","[c]","[c]","[c]","[c]"
"Leaver CS","2022","Finance","Government Actuary's Department","G6/G7","[c]","[c]","[c]","[c]"
"Leaver CS","2022","Finance","Government Legal Department","AA/AO","[c]","[c]","[c]","[c]"
"Leaver CS","2022","Finance","Government Legal Department","EO","[c]","[c]","[c]","[c]"
"Leaver CS","2022","Finance","Government Legal Department","G6/G7","[c]","[c]","[c]","[c]"
"Leaver CS","2022","Finance","Government Legal Department","SEO/HEO","[c]","[c]","[c]","[c]"
"Leaver CS","2022","Finance","Health and Safety Executive","G6/G7","[c]","[c]","[c]","[c]"
"Leaver CS","2022","Finance","HM Land Registry","G6/G7","[c]","[c]","[c]","[c]"
"Leaver CS","2022","Finance","HM Land Registry","SEO/HEO","[c]","[c]","[c]","[c]"
"Leaver CS","2022","Finance","HM Revenue and Customs (excl. agencies)","AA/AO","[c]","[c]","[c]","[c]"
"Leaver CS","2022","Finance","HM Revenue and Customs (excl. agencies)","SEO/HEO","[c]","[c]","[c]","[c]"
"Leaver CS","2022","Finance","HM Treasury (excl. agencies)","G6/G7","[c]","[c]","[c]","[c]"
"Leaver CS","2022","Finance","HM Treasury (excl. agencies)","SEO/HEO","[c]","[c]","[c]","[c]"
"Leaver CS","2022","Finance","Intellectual Property Office","SEO/HEO","[c]","[c]","[c]","[c]"
"Leaver CS","2022","Finance","Maritime and Coastguard Agency","G6/G7","[c]","[c]","[c]","[c]"
"Leaver CS","2022","Finance","Maritime and Coastguard Agency","SEO/HEO","[c]","[c]","[c]","[c]"
"Leaver CS","2022","Finance","Medicines and Healthcare Products Regulatory Agency","AA/AO","[c]","[c]","[c]","[c]"
"Leaver CS","2022","Finance","Medicines and Healthcare Products Regulatory Agency","G6/G7","[c]","[c]","[c]","[c]"
"Leaver CS","2022","Finance","Medicines and Healthcare Products Regulatory Agency","SCS level","[c]","[c]","[c]","[c]"
"Leaver CS","2022","Finance","Medicines and Healthcare Products Regulatory Agency","SEO/HEO","5","[c]","[c]","[c]"
"Leaver CS","2022","Finance","Ministry of Defence (excl. agencies)","AA/AO","25","[c]","21660","21380"
"Leaver CS","2022","Finance","Ministry of Defence (excl. agencies)","EO","20","[c]","27430","26800"
"Leaver CS","2022","Finance","Ministry of Defence (excl. agencies)","G6/G7","5","[c]","[c]","[c]"
"Leaver CS","2022","Finance","Ministry of Defence (excl. agencies)","SCS level","[c]","[c]","[c]","[c]"
"Leaver CS","2022","Finance","Ministry of Defence (excl. agencies)","SEO/HEO","35","[c]","41230","40580"
"Leaver CS","2022","Finance","Ministry of Justice (excl. agencies)","EO","[c]","[c]","[c]","[c]"
"Leaver CS","2022","Finance","Ministry of Justice (excl. agencies)","G6/G7","[c]","[c]","[c]","[c]"
"Leaver CS","2022","Finance","Ministry of Justice (excl. agencies)","SCS level","[c]","[c]","[c]","[c]"
"Leaver CS","2022","Finance","Ministry of Justice (excl. agencies)","SEO/HEO","5","[c]","[c]","[c]"
"Leaver CS","2022","Finance","National Crime Agency","AA/AO","[c]","[c]","[c]","[c]"
"Leaver CS","2022","Finance","National Crime Agency","EO","[c]","[c]","[c]","[c]"
"Leaver CS","2022","Finance","National Crime Agency","SEO/HEO","[c]","[c]","[c]","[c]"
"Leaver CS","2022","Finance","National Savings and Investments","SCS level","[c]","[c]","[c]","[c]"
"Leaver CS","2022","Finance","Northern Ireland Office","G6/G7","[c]","[c]","[c]","[c]"
"Leaver CS","2022","Finance","Northern Ireland Office","SEO/HEO","[c]","[c]","[c]","[c]"
"Leaver CS","2022","Finance","Office for Standards in Education, Children's Services and Skills","AA/AO","[c]","[c]","[c]","[c]"
"Leaver CS","2022","Finance","Office for Standards in Education, Children's Services and Skills","SEO/HEO","[c]","[c]","[c]","[c]"
"Leaver CS","2022","Finance","Office of Gas and Electricity Markets","EO","[c]","[c]","[c]","[c]"
"Leaver CS","2022","Finance","Office of Gas and Electricity Markets","SCS level","[c]","[c]","[c]","[c]"
"Leaver CS","2022","Finance","Office of Gas and Electricity Markets","SEO/HEO","[c]","[c]","[c]","[c]"
"Leaver CS","2022","Finance","Office of Rail and Road","SEO/HEO","[c]","[c]","[c]","[c]"
"Leaver CS","2022","Finance","Public Health England","EO","[c]","[c]","[c]","[c]"
"Leaver CS","2022","Finance","Public Health England","G6/G7","[c]","[c]","[c]","[c]"
"Leaver CS","2022","Finance","Public Health England","SEO/HEO","10","[c]","[c]","[c]"
"Leaver CS","2022","Finance","Scottish Courts and Tribunals Service","AA/AO","[c]","[c]","[c]","[c]"
"Leaver CS","2022","Finance","Scottish Courts and Tribunals Service","EO","[c]","[c]","[c]","[c]"
"Leaver CS","2022","Finance","Scottish Prison Service","AA/AO","[c]","[c]","[c]","[c]"
"Leaver CS","2022","Finance","Scottish Prison Service","G6/G7","[c]","[c]","[c]","[c]"
"Leaver CS","2022","Finance","Serious Fraud Office","EO","[c]","[c]","[c]","[c]"
"Leaver CS","2022","Finance","Serious Fraud Office","G6/G7","[c]","[c]","[c]","[c]"
"Leaver CS","2022","Finance","Submarine Delivery Agency","Unknown","[c]","[c]","[c]","[c]"
"Leaver CS","2022","Finance","The Insolvency Service","SEO/HEO","[c]","[c]","[c]","[c]"
"Leaver CS","2022","Finance","The National Archives","G6/G7","[c]","[c]","[c]","[c]"
"Leaver CS","2022","Finance","The National Archives","SEO/HEO","[c]","[c]","[c]","[c]"
"Leaver CS","2022","Finance","UK Export Finance","EO","[c]","[c]","[c]","[c]"
"Leaver CS","2022","Finance","UK Export Finance","SCS level","[c]","[c]","[c]","[c]"
"Leaver CS","2022","Finance","UK Export Finance","SEO/HEO","[c]","[c]","[c]","[c]"
"Leaver CS","2022","Finance","UK Health Security Agency","AA/AO","[c]","[c]","[c]","[c]"
"Leaver CS","2022","Finance","UK Health Security Agency","G6/G7","5","[c]","[c]","[c]"
"Leaver CS","2022","Finance","UK Health Security Agency","SEO/HEO","[c]","[c]","[c]","[c]"
"Leaver CS","2022","Finance","UK Space Agency","EO","[c]","[c]","[c]","[c]"
"Leaver CS","2022","Finance","UK Space Agency","G6/G7","[c]","[c]","[c]","[c]"
"Leaver CS","2022","Finance","UK Space Agency","SEO/HEO","[c]","[c]","[c]","[c]"
"Leaver CS","2022","Finance","UK Statistics Authority","EO","[c]","[c]","[c]","[c]"
"Leaver CS","2022","Finance","UK Statistics Authority","G6/G7","[c]","[c]","[c]","[c]"
"Leaver CS","2022","Finance","UK Statistics Authority","SEO/HEO","[c]","[c]","[c]","[c]"
"Leaver CS","2022","Finance","Valuation Office Agency","EO","[c]","[c]","[c]","[c]"
"Leaver CS","2022","Finance","Valuation Office Agency","G6/G7","[c]","[c]","[c]","[c]"
"Leaver CS","2022","Finance","Valuation Office Agency","SEO/HEO","[c]","[c]","[c]","[c]"
"Leaver CS","2022","Finance","Veterinary Medicines Directorate","G6/G7","[c]","[c]","[c]","[c]"
"Leaver CS","2022","Finance","Water Services Regulation Authority","SEO/HEO","[c]","[c]","[c]","[c]"
"Leaver CS","2022","Finance","Wilton Park","AA/AO","[c]","[c]","[c]","[c]"
"Leaver CS","2022","Finance","Wilton Park","EO","[c]","[c]","[c]","[c]"
"Leaver CS","2022","Finance","Wilton Park","G6/G7","[c]","[c]","[c]","[c]"
"Leaver CS","2022","Grants Management","Rural Payments Agency","AA/AO","90","[c]","21180","21300"
"Leaver CS","2022","Grants Management","Rural Payments Agency","EO","45","[c]","25610","25830"
"Leaver CS","2022","Grants Management","Rural Payments Agency","G6/G7","[c]","[c]","[c]","[c]"
"Leaver CS","2022","Grants Management","Rural Payments Agency","SEO/HEO","20","[c]","32120","31900"
"Leaver CS","2022","Grants Management","The National Archives","SEO/HEO","[c]","[c]","[c]","[c]"
"Leaver CS","2022","Human Resources","Advisory, Conciliation and Arbitration Service","AA/AO","[c]","[c]","[c]","[c]"
"Leaver CS","2022","Human Resources","Advisory, Conciliation and Arbitration Service","EO","[c]","[c]","[c]","[c]"
"Leaver CS","2022","Human Resources","Advisory, Conciliation and Arbitration Service","SEO/HEO","[c]","[c]","[c]","[c]"
"Leaver CS","2022","Human Resources","Cabinet Office (excl. agencies)","AA/AO","15","[c]","21260","21050"
"Leaver CS","2022","Human Resources","Cabinet Office (excl. agencies)","EO","10","[c]","27140","27500"
"Leaver CS","2022","Human Resources","Cabinet Office (excl. agencies)","G6/G7","15","[c]","58790","56520"
"Leaver CS","2022","Human Resources","Cabinet Office (excl. agencies)","SCS level","[c]","[c]","[c]","[c]"
"Leaver CS","2022","Human Resources","Cabinet Office (excl. agencies)","SEO/HEO","25","[c]","36810","37300"
"Leaver CS","2022","Human Resources","Centre for Environment, Fisheries and Aquaculture Science","SEO/HEO","[c]","[c]","[c]","[c]"
"Leaver CS","2022","Human Resources","Charity Commission","SEO/HEO","[c]","[c]","[c]","[c]"
"Leaver CS","2022","Human Resources","Companies House","SEO/HEO","[c]","[c]","[c]","[c]"
"Leaver CS","2022","Human Resources","Competition and Markets Authority","EO","[c]","[c]","[c]","[c]"
"Leaver CS","2022","Human Resources","Competition and Markets Authority","G6/G7","[c]","[c]","[c]","[c]"
"Leaver CS","2022","Human Resources","Competition and Markets Authority","SEO/HEO","[c]","[c]","[c]","[c]"
"Leaver CS","2022","Human Resources","Crown Office and Procurator Fiscal Service","AA/AO","[c]","[c]","[c]","[c]"
"Leaver CS","2022","Human Resources","Crown Prosecution Service","AA/AO","[c]","[c]","[c]","[c]"
"Leaver CS","2022","Human Resources","Crown Prosecution Service","EO","[c]","[c]","[c]","[c]"
"Leaver CS","2022","Human Resources","Crown Prosecution Service","G6/G7","[c]","[c]","[c]","[c]"
"Leaver CS","2022","Human Resources","Crown Prosecution Service","SEO/HEO","[c]","[c]","[c]","[c]"
"Leaver CS","2022","Human Resources","Defence Electronics and Components Agency","AA/AO","[c]","[c]","[c]","[c]"
"Leaver CS","2022","Human Resources","Defence Equipment and Support","EO","[c]","[c]","[c]","[c]"
"Leaver CS","2022","Human Resources","Defence Equipment and Support","G6/G7","[c]","[c]","[c]","[c]"
"Leaver CS","2022","Human Resources","Defence Equipment and Support","SEO/HEO","[c]","[c]","[c]","[c]"
"Leaver CS","2022","Human Resources","Defence Science and Technology Laboratory","EO","[c]","[c]","[c]","[c]"
"Leaver CS","2022","Human Resources","Defence Science and Technology Laboratory","G6/G7","[c]","[c]","[c]","[c]"
"Leaver CS","2022","Human Resources","Defence Science and Technology Laboratory","SEO/HEO","[c]","[c]","[c]","[c]"
"Leaver CS","2022","Human Resources","Department for Business, Energy and Industrial Strategy (excl. agencies)","EO","[c]","[c]","[c]","[c]"
"Leaver CS","2022","Human Resources","Department for Business, Energy and Industrial Strategy (excl. agencies)","G6/G7","[c]","[c]","[c]","[c]"
"Leaver CS","2022","Human Resources","Department for Business, Energy and Industrial Strategy (excl. agencies)","SCS level","[c]","[c]","[c]","[c]"
"Leaver CS","2022","Human Resources","Department for Business, Energy and Industrial Strategy (excl. agencies)","SEO/HEO","[c]","[c]","[c]","[c]"
"Leaver CS","2022","Human Resources","Department for Digital, Culture, Media and Sport","SEO/HEO","[c]","[c]","[c]","[c]"
"Leaver CS","2022","Human Resources","Department for Education (excl. agencies)","AA/AO","[c]","[c]","[c]","[c]"
"Leaver CS","2022","Human Resources","Department for Education (excl. agencies)","EO","[c]","[c]","[c]","[c]"
"Leaver CS","2022","Human Resources","Department for Education (excl. agencies)","SCS level","[c]","[c]","[c]","[c]"
"Leaver CS","2022","Human Resources","Department for Education (excl. agencies)","SEO/HEO","5","[c]","[c]","[c]"
"Leaver CS","2022","Human Resources","Department for Environment, Food and Rural Affairs (excl. agencies)","EO","[c]","[c]","[c]","[c]"
"Leaver CS","2022","Human Resources","Department for Environment, Food and Rural Affairs (excl. agencies)","G6/G7","5","[c]","[c]","[c]"
"Leaver CS","2022","Human Resources","Department for Environment, Food and Rural Affairs (excl. agencies)","SEO/HEO","10","[c]","[c]","[c]"
"Leaver CS","2022","Human Resources","Department for International Trade","EO","10","[c]","[c]","[c]"
"Leaver CS","2022","Human Resources","Department for International Trade","SEO/HEO","[c]","[c]","[c]","[c]"
"Leaver CS","2022","Human Resources","Department for Levelling Up, Housing and Communities (excl. agencies)","AA/AO","[c]","[c]","[c]","[c]"
"Leaver CS","2022","Human Resources","Department for Levelling Up, Housing and Communities (excl. agencies)","SCS level","[c]","[c]","[c]","[c]"
"Leaver CS","2022","Human Resources","Department for Levelling Up, Housing and Communities (excl. agencies)","SEO/HEO","[c]","[c]","[c]","[c]"
"Leaver CS","2022","Human Resources","Department for Transport (excl. agencies)","SEO/HEO","[c]","[c]","[c]","[c]"
"Leaver CS","2022","Human Resources","Department for Work and Pensions (excl. agencies)","AA/AO","5","[c]","[c]","[c]"
"Leaver CS","2022","Human Resources","Department for Work and Pensions (excl. agencies)","EO","50","[c]","27920","27570"
"Leaver CS","2022","Human Resources","Department for Work and Pensions (excl. agencies)","G6/G7","10","[c]","55950","53170"
"Leaver CS","2022","Human Resources","Department for Work and Pensions (excl. agencies)","SCS level","[c]","[c]","[c]","[c]"
"Leaver CS","2022","Human Resources","Department for Work and Pensions (excl. agencies)","SEO/HEO","20","[c]","36010","34290"
"Leaver CS","2022","Human Resources","Department of Health and Social Care (excl. agencies)","EO","20","[c]","[c]","[c]"
"Leaver CS","2022","Human Resources","Department of Health and Social Care (excl. agencies)","G6/G7","[c]","[c]","[c]","[c]"
"Leaver CS","2022","Human Resources","Department of Health and Social Care (excl. agencies)","SEO/HEO","5","[c]","[c]","[c]"
"Leaver CS","2022","Human Resources","Driver and Vehicle Licensing Agency","G6/G7","[c]","[c]","[c]","[c]"
"Leaver CS","2022","Human Resources","Driver and Vehicle Licensing Agency","SEO/HEO","[c]","[c]","[c]","[c]"
"Leaver CS","2022","Human Resources","Driver and Vehicle Standards Agency","AA/AO","[c]","[c]","[c]","[c]"
"Leaver CS","2022","Human Resources","Driver and Vehicle Standards Agency","EO","5","[c]","[c]","[c]"
"Leaver CS","2022","Human Resources","Driver and Vehicle Standards Agency","G6/G7","[c]","[c]","[c]","[c]"
"Leaver CS","2022","Human Resources","Driver and Vehicle Standards Agency","SEO/HEO","5","[c]","[c]","[c]"
"Leaver CS","2022","Human Resources","FCDO Services","EO","[c]","[c]","[c]","[c]"
"Leaver CS","2022","Human Resources","FCDO Services","SEO/HEO","[c]","[c]","[c]","[c]"
"Leaver CS","2022","Human Resources","Foreign, Commonwealth and Development Office (excl. agencies)","AA/AO","[c]","[c]","[c]","[c]"
"Leaver CS","2022","Human Resources","Foreign, Commonwealth and Development Office (excl. agencies)","SEO/HEO","[c]","[c]","[c]","[c]"
"Leaver CS","2022","Human Resources","Government Actuary's Department","EO","[c]","[c]","[c]","[c]"
"Leaver CS","2022","Human Resources","Government Actuary's Department","SEO/HEO","[c]","[c]","[c]","[c]"
"Leaver CS","2022","Human Resources","Government Internal Audit Agency","SEO/HEO","[c]","[c]","[c]","[c]"
"Leaver CS","2022","Human Resources","Government Legal Department","AA/AO","[c]","[c]","[c]","[c]"
"Leaver CS","2022","Human Resources","Government Legal Department","G6/G7","[c]","[c]","[c]","[c]"
"Leaver CS","2022","Human Resources","Government Legal Department","SCS level","[c]","[c]","[c]","[c]"
"Leaver CS","2022","Human Resources","Government Legal Department","SEO/HEO","[c]","[c]","[c]","[c]"
"Leaver CS","2022","Human Resources","Health and Safety Executive","AA/AO","5","[c]","[c]","[c]"
"Leaver CS","2022","Human Resources","Health and Safety Executive","EO","[c]","[c]","[c]","[c]"
"Leaver CS","2022","Human Resources","Health and Safety Executive","SCS level","[c]","[c]","[c]","[c]"
"Leaver CS","2022","Human Resources","Health and Safety Executive","SEO/HEO","[c]","[c]","[c]","[c]"
"Leaver CS","2022","Human Resources","HM Land Registry","AA/AO","[c]","[c]","[c]","[c]"
"Leaver CS","2022","Human Resources","HM Land Registry","EO","[c]","[c]","[c]","[c]"
"Leaver CS","2022","Human Resources","HM Land Registry","G6/G7","[c]","[c]","[c]","[c]"
"Leaver CS","2022","Human Resources","HM Land Registry","SEO/HEO","5","[c]","[c]","[c]"
"Leaver CS","2022","Human Resources","HM Prison and Probation Service","SEO/HEO","[c]","[c]","[c]","[c]"
"Leaver CS","2022","Human Resources","HM Revenue and Customs (excl. agencies)","AA/AO","[c]","[c]","[c]","[c]"
"Leaver CS","2022","Human Resources","HM Revenue and Customs (excl. agencies)","SEO/HEO","[c]","[c]","[c]","[c]"
"Leaver CS","2022","Human Resources","HM Treasury (excl. agencies)","AA/AO","5","[c]","[c]","[c]"
"Leaver CS","2022","Human Resources","HM Treasury (excl. agencies)","EO","[c]","[c]","[c]","[c]"
"Leaver CS","2022","Human Resources","HM Treasury (excl. agencies)","G6/G7","[c]","[c]","[c]","[c]"
"Leaver CS","2022","Human Resources","HM Treasury (excl. agencies)","SCS level","[c]","[c]","[c]","[c]"
"Leaver CS","2022","Human Resources","HM Treasury (excl. agencies)","SEO/HEO","[c]","[c]","[c]","[c]"
"Leaver CS","2022","Human Resources","Institute for Apprenticeships and Technical Education","G6/G7","[c]","[c]","[c]","[c]"
"Leaver CS","2022","Human Resources","Institute for Apprenticeships and Technical Education","SEO/HEO","[c]","[c]","[c]","[c]"
"Leaver CS","2022","Human Resources","Intellectual Property Office","EO","[c]","[c]","[c]","[c]"
"Leaver CS","2022","Human Resources","Maritime and Coastguard Agency","EO","[c]","[c]","[c]","[c]"
"Leaver CS","2022","Human Resources","Maritime and Coastguard Agency","SEO/HEO","[c]","[c]","[c]","[c]"
"Leaver CS","2022","Human Resources","Medicines and Healthcare Products Regulatory Agency","AA/AO","[c]","[c]","[c]","[c]"
"Leaver CS","2022","Human Resources","Medicines and Healthcare Products Regulatory Agency","EO","[c]","[c]","[c]","[c]"
"Leaver CS","2022","Human Resources","Medicines and Healthcare Products Regulatory Agency","G6/G7","[c]","[c]","[c]","[c]"
"Leaver CS","2022","Human Resources","Medicines and Healthcare Products Regulatory Agency","SEO/HEO","5","[c]","[c]","[c]"
"Leaver CS","2022","Human Resources","Met Office","G6/G7","[c]","[c]","[c]","[c]"
"Leaver CS","2022","Human Resources","Met Office","SEO/HEO","[c]","[c]","[c]","[c]"
"Leaver CS","2022","Human Resources","Ministry of Defence (excl. agencies)","AA/AO","55","[c]","21210","21170"
"Leaver CS","2022","Human Resources","Ministry of Defence (excl. agencies)","EO","20","[c]","25760","26670"
"Leaver CS","2022","Human Resources","Ministry of Defence (excl. agencies)","G6/G7","5","[c]","[c]","[c]"
"Leaver CS","2022","Human Resources","Ministry of Defence (excl. agencies)","SCS level","[c]","[c]","[c]","[c]"
"Leaver CS","2022","Human Resources","Ministry of Defence (excl. agencies)","SEO/HEO","35","[c]","37480","36460"
"Leaver CS","2022","Human Resources","National Crime Agency","AA/AO","[c]","[c]","[c]","[c]"
"Leaver CS","2022","Human Resources","National Crime Agency","EO","[c]","[c]","[c]","[c]"
"Leaver CS","2022","Human Resources","National Crime Agency","G6/G7","[c]","[c]","[c]","[c]"
"Leaver CS","2022","Human Resources","National Crime Agency","SCS level","[c]","[c]","[c]","[c]"
"Leaver CS","2022","Human Resources","National Crime Agency","SEO/HEO","5","[c]","[c]","[c]"
"Leaver CS","2022","Human Resources","National Savings and Investments","SEO/HEO","[c]","[c]","[c]","[c]"
"Leaver CS","2022","Human Resources","Office for Standards in Education, Children's Services and Skills","AA/AO","[c]","[c]","[c]","[c]"
"Leaver CS","2022","Human Resources","Office for Standards in Education, Children's Services and Skills","EO","[c]","[c]","[c]","[c]"
"Leaver CS","2022","Human Resources","Office for Standards in Education, Children's Services and Skills","G6/G7","[c]","[c]","[c]","[c]"
"Leaver CS","2022","Human Resources","Office for Standards in Education, Children's Services and Skills","SEO/HEO","[c]","[c]","[c]","[c]"
"Leaver CS","2022","Human Resources","Office of Gas and Electricity Markets","AA/AO","5","[c]","[c]","[c]"
"Leaver CS","2022","Human Resources","Office of Gas and Electricity Markets","EO","[c]","[c]","[c]","[c]"
"Leaver CS","2022","Human Resources","Office of Gas and Electricity Markets","G6/G7","5","[c]","[c]","[c]"
"Leaver CS","2022","Human Resources","Office of Gas and Electricity Markets","SEO/HEO","[c]","[c]","[c]","[c]"
"Leaver CS","2022","Human Resources","Office of Qualifications and Examinations Regulation","EO","[c]","[c]","[c]","[c]"
"Leaver CS","2022","Human Resources","Office of Qualifications and Examinations Regulation","SEO/HEO","[c]","[c]","[c]","[c]"
"Leaver CS","2022","Human Resources","Office of Rail and Road","EO","[c]","[c]","[c]","[c]"
"Leaver CS","2022","Human Resources","Office of the Secretary of State for Wales","G6/G7","[c]","[c]","[c]","[c]"
"Leaver CS","2022","Human Resources","Public Health England","AA/AO","[c]","[c]","[c]","[c]"
"Leaver CS","2022","Human Resources","Public Health England","EO","[c]","[c]","[c]","[c]"
"Leaver CS","2022","Human Resources","Public Health England","G6/G7","[c]","[c]","[c]","[c]"
"Leaver CS","2022","Human Resources","Public Health England","SEO/HEO","5","[c]","[c]","[c]"
"Leaver CS","2022","Human Resources","Scottish Courts and Tribunals Service","AA/AO","[c]","[c]","[c]","[c]"
"Leaver CS","2022","Human Resources","Scottish Courts and Tribunals Service","G6/G7","[c]","[c]","[c]","[c]"
"Leaver CS","2022","Human Resources","Scottish Courts and Tribunals Service","SEO/HEO","[c]","[c]","[c]","[c]"
"Leaver CS","2022","Human Resources","Scottish Prison Service","AA/AO","5","[c]","[c]","[c]"
"Leaver CS","2022","Human Resources","Scottish Prison Service","G6/G7","[c]","[c]","[c]","[c]"
"Leaver CS","2022","Human Resources","Scottish Prison Service","SEO/HEO","[c]","[c]","[c]","[c]"
"Leaver CS","2022","Human Resources","The Insolvency Service","SEO/HEO","[c]","[c]","[c]","[c]"
"Leaver CS","2022","Human Resources","The National Archives","SEO/HEO","[c]","[c]","[c]","[c]"
"Leaver CS","2022","Human Resources","UK Export Finance","EO","[c]","[c]","[c]","[c]"
"Leaver CS","2022","Human Resources","UK Export Finance","SEO/HEO","[c]","[c]","[c]","[c]"
"Leaver CS","2022","Human Resources","UK Health Security Agency","AA/AO","[c]","[c]","[c]","[c]"
"Leaver CS","2022","Human Resources","UK Health Security Agency","EO","5","[c]","[c]","[c]"
"Leaver CS","2022","Human Resources","UK Health Security Agency","G6/G7","10","[c]","58280","59220"
"Leaver CS","2022","Human Resources","UK Health Security Agency","SCS level","[c]","[c]","[c]","[c]"
"Leaver CS","2022","Human Resources","UK Health Security Agency","SEO/HEO","10","[c]","35730","35140"
"Leaver CS","2022","Human Resources","UK Hydrographic Office","AA/AO","[c]","[c]","[c]","[c]"
"Leaver CS","2022","Human Resources","UK Hydrographic Office","G6/G7","[c]","[c]","[c]","[c]"
"Leaver CS","2022","Human Resources","UK Hydrographic Office","SEO/HEO","[c]","[c]","[c]","[c]"
"Leaver CS","2022","Human Resources","UK Space Agency","G6/G7","[c]","[c]","[c]","[c]"
"Leaver CS","2022","Human Resources","UK Space Agency","SEO/HEO","[c]","[c]","[c]","[c]"
"Leaver CS","2022","Human Resources","UK Statistics Authority","EO","[c]","[c]","[c]","[c]"
"Leaver CS","2022","Human Resources","UK Statistics Authority","G6/G7","[c]","[c]","[c]","[c]"
"Leaver CS","2022","Human Resources","UK Statistics Authority","SEO/HEO","15","[c]","31670","30400"
"Leaver CS","2022","Human Resources","Valuation Office Agency","AA/AO","[c]","[c]","[c]","[c]"
"Leaver CS","2022","Human Resources","Valuation Office Agency","G6/G7","[c]","[c]","[c]","[c]"
"Leaver CS","2022","Human Resources","Vehicle Certification Agency","EO","[c]","[c]","[c]","[c]"
"Leaver CS","2022","Human Resources","Water Services Regulation Authority","EO","[c]","[c]","[c]","[c]"
"Leaver CS","2022","Human Resources","Water Services Regulation Authority","SEO/HEO","[c]","[c]","[c]","[c]"
"Leaver CS","2022","Human Resources","Welsh Revenue Authority","AA/AO","[c]","[c]","[c]","[c]"
"Leaver CS","2022","Internal Audit","Foreign, Commonwealth and Development Office (excl. agencies)","G6/G7","[c]","[c]","[c]","[c]"
"Leaver CS","2022","Internal Audit","Foreign, Commonwealth and Development Office (excl. agencies)","SEO/HEO","[c]","[c]","[c]","[c]"
"Leaver CS","2022","Internal Audit","Government Internal Audit Agency","G6/G7","5","[c]","[c]","[c]"
"Leaver CS","2022","Internal Audit","Government Internal Audit Agency","SCS level","[c]","[c]","[c]","[c]"
"Leaver CS","2022","Internal Audit","Government Internal Audit Agency","SEO/HEO","25","[c]","[c]","[c]"
"Leaver CS","2022","Internal Audit","HM Prison and Probation Service","G6/G7","[c]","[c]","[c]","[c]"
"Leaver CS","2022","Internal Audit","HM Prison and Probation Service","SEO/HEO","[c]","[c]","[c]","[c]"
"Leaver CS","2022","Internal Audit","Maritime and Coastguard Agency","EO","[c]","[c]","[c]","[c]"
"Leaver CS","2022","Internal Audit","Ministry of Defence (excl. agencies)","AA/AO","[c]","[c]","[c]","[c]"
"Leaver CS","2022","Internal Audit","Ministry of Defence (excl. agencies)","EO","[c]","[c]","[c]","[c]"
"Leaver CS","2022","Internal Audit","Ministry of Defence (excl. agencies)","SEO/HEO","5","[c]","[c]","[c]"
"Leaver CS","2022","Internal Audit","Registers of Scotland","SEO/HEO","[c]","[c]","[c]","[c]"
"Leaver CS","2022","Internal Audit","Scottish Prison Service","SEO/HEO","[c]","[c]","[c]","[c]"
"Leaver CS","2022","Internal Audit","UK Export Finance","SEO/HEO","[c]","[c]","[c]","[c]"
"Leaver CS","2022","Internal Audit","UK Hydrographic Office","SEO/HEO","[c]","[c]","[c]","[c]"
"Leaver CS","2022","Internal Audit","UK Statistics Authority","AA/AO","[c]","[c]","[c]","[c]"
"Leaver CS","2022","Internal Audit","Vehicle Certification Agency","SEO/HEO","[c]","[c]","[c]","[c]"
"Leaver CS","2022","Legal","Attorney General's Office","SEO/HEO","[c]","[c]","[c]","[c]"
"Leaver CS","2022","Legal","Cabinet Office (excl. agencies)","SCS level","[c]","[c]","[c]","[c]"
"Leaver CS","2022","Legal","Charity Commission","G6/G7","[c]","[c]","[c]","[c]"
"Leaver CS","2022","Legal","Companies House","G6/G7","[c]","[c]","[c]","[c]"
"Leaver CS","2022","Legal","Competition and Markets Authority","AA/AO","[c]","[c]","[c]","[c]"
"Leaver CS","2022","Legal","Competition and Markets Authority","G6/G7","10","[c]","[c]","[c]"
"Leaver CS","2022","Legal","Competition and Markets Authority","SCS level","[c]","[c]","[c]","[c]"
"Leaver CS","2022","Legal","Competition and Markets Authority","SEO/HEO","[c]","[c]","[c]","[c]"
"Leaver CS","2022","Legal","Crown Office and Procurator Fiscal Service","EO","[c]","[c]","[c]","[c]"
"Leaver CS","2022","Legal","Crown Office and Procurator Fiscal Service","G6/G7","[c]","[c]","[c]","[c]"
"Leaver CS","2022","Legal","Crown Office and Procurator Fiscal Service","SCS level","[c]","[c]","[c]","[c]"
"Leaver CS","2022","Legal","Crown Office and Procurator Fiscal Service","SEO/HEO","20","[c]","52180","53490"
"Leaver CS","2022","Legal","Crown Prosecution Service","AA/AO","135","[c]","22130","22200"
"Leaver CS","2022","Legal","Crown Prosecution Service","EO","40","[c]","28200","28430"
"Leaver CS","2022","Legal","Crown Prosecution Service","G6/G7","160","[c]","57310","55610"
"Leaver CS","2022","Legal","Crown Prosecution Service","SCS level","5","[c]","[c]","[c]"
"Leaver CS","2022","Legal","Crown Prosecution Service","SEO/HEO","50","[c]","37070","38000"
"Leaver CS","2022","Legal","Department for Education (excl. agencies)","G6/G7","[c]","[c]","[c]","[c]"
"Leaver CS","2022","Legal","Department for Education (excl. agencies)","SEO/HEO","[c]","[c]","[c]","[c]"
"Leaver CS","2022","Legal","Department for Work and Pensions (excl. agencies)","EO","5","[c]","[c]","[c]"
"Leaver CS","2022","Legal","FCDO Services","G6/G7","[c]","[c]","[c]","[c]"
"Leaver CS","2022","Legal","FCDO Services","SEO/HEO","[c]","[c]","[c]","[c]"
"Leaver CS","2022","Legal","Food Standards Agency","SEO/HEO","[c]","[c]","[c]","[c]"
"Leaver CS","2022","Legal","Government Legal Department","AA/AO","[c]","[c]","[c]","[c]"
"Leaver CS","2022","Legal","Government Legal Department","EO","40","[c]","28200","27350"
"Leaver CS","2022","Legal","Government Legal Department","G6/G7","110","[c]","59410","57520"
"Leaver CS","2022","Legal","Government Legal Department","SCS level","15","[c]","89530","81420"
"Leaver CS","2022","Legal","Government Legal Department","SEO/HEO","10","[c]","40420","43920"
"Leaver CS","2022","Legal","Health and Safety Executive","EO","[c]","[c]","[c]","[c]"
"Leaver CS","2022","Legal","Health and Safety Executive","G6/G7","[c]","[c]","[c]","[c]"
"Leaver CS","2022","Legal","HM Land Registry","AA/AO","[c]","[c]","[c]","[c]"
"Leaver CS","2022","Legal","HM Land Registry","EO","[c]","[c]","[c]","[c]"
"Leaver CS","2022","Legal","HM Land Registry","G6/G7","15","[c]","65010","65970"
"Leaver CS","2022","Legal","HM Land Registry","SCS level","[c]","[c]","[c]","[c]"
"Leaver CS","2022","Legal","HM Land Registry","SEO/HEO","10","[c]","[c]","[c]"
"Leaver CS","2022","Legal","HM Revenue and Customs (excl. agencies)","AA/AO","[c]","[c]","[c]","[c]"
"Leaver CS","2022","Legal","HM Revenue and Customs (excl. agencies)","EO","[c]","[c]","[c]","[c]"
"Leaver CS","2022","Legal","HM Revenue and Customs (excl. agencies)","G6/G7","[c]","[c]","[c]","[c]"
"Leaver CS","2022","Legal","HM Revenue and Customs (excl. agencies)","SEO/HEO","[c]","[c]","[c]","[c]"
"Leaver CS","2022","Legal","Institute for Apprenticeships and Technical Education","G6/G7","[c]","[c]","[c]","[c]"
"Leaver CS","2022","Legal","Institute for Apprenticeships and Technical Education","SEO/HEO","[c]","[c]","[c]","[c]"
"Leaver CS","2022","Legal","Met Office","G6/G7","[c]","[c]","[c]","[c]"
"Leaver CS","2022","Legal","Ministry of Defence (excl. agencies)","G6/G7","[c]","[c]","[c]","[c]"
"Leaver CS","2022","Legal","Ministry of Defence (excl. agencies)","SCS level","[c]","[c]","[c]","[c]"
"Leaver CS","2022","Legal","Ministry of Defence (excl. agencies)","SEO/HEO","[c]","[c]","[c]","[c]"
"Leaver CS","2022","Legal","National Crime Agency","EO","[c]","[c]","[c]","[c]"
"Leaver CS","2022","Legal","National Crime Agency","G6/G7","[c]","[c]","[c]","[c]"
"Leaver CS","2022","Legal","National Crime Agency","SCS level","[c]","[c]","[c]","[c]"
"Leaver CS","2022","Legal","Office for Standards in Education, Children's Services and Skills","AA/AO","[c]","[c]","[c]","[c]"
"Leaver CS","2022","Legal","Office for Standards in Education, Children's Services and Skills","G6/G7","[c]","[c]","[c]","[c]"
"Leaver CS","2022","Legal","Office for Standards in Education, Children's Services and Skills","SEO/HEO","[c]","[c]","[c]","[c]"
"Leaver CS","2022","Legal","Office of Gas and Electricity Markets","AA/AO","[c]","[c]","[c]","[c]"
"Leaver CS","2022","Legal","Office of Gas and Electricity Markets","G6/G7","10","[c]","60140","54740"
"Leaver CS","2022","Legal","Office of Gas and Electricity Markets","SCS level","[c]","[c]","[c]","[c]"
"Leaver CS","2022","Legal","Office of Gas and Electricity Markets","SEO/HEO","[c]","[c]","[c]","[c]"
"Leaver CS","2022","Legal","Office of Rail and Road","G6/G7","[c]","[c]","[c]","[c]"
"Leaver CS","2022","Legal","Office of Rail and Road","SCS level","[c]","[c]","[c]","[c]"
"Leaver CS","2022","Legal","Public Health England","G6/G7","[c]","[c]","[c]","[c]"
"Leaver CS","2022","Legal","Scottish Courts and Tribunals Service","G6/G7","[c]","[c]","[c]","[c]"
"Leaver CS","2022","Legal","Scottish Courts and Tribunals Service","SEO/HEO","[c]","[c]","[c]","[c]"
"Leaver CS","2022","Legal","Scottish Prison Service","EO","[c]","[c]","[c]","[c]"
"Leaver CS","2022","Legal","Serious Fraud Office","G6/G7","10","[c]","[c]","[c]"
"Leaver CS","2022","Legal","The Insolvency Service","G6/G7","[c]","[c]","[c]","[c]"
"Leaver CS","2022","Legal","The Insolvency Service","SCS level","[c]","[c]","[c]","[c]"
"Leaver CS","2022","Legal","The National Archives","SEO/HEO","[c]","[c]","[c]","[c]"
"Leaver CS","2022","Legal","UK Export Finance","EO","[c]","[c]","[c]","[c]"
"Leaver CS","2022","Legal","UK Export Finance","G6/G7","[c]","[c]","[c]","[c]"
"Leaver CS","2022","Legal","UK Health Security Agency","G6/G7","[c]","[c]","[c]","[c]"
"Leaver CS","2022","Legal","UK Supreme Court","EO","[c]","[c]","[c]","[c]"
"Leaver CS","2022","Legal","UK Supreme Court","SEO/HEO","15","[c]","37150","37230"
"Leaver CS","2022","Legal","Water Services Regulation Authority","EO","[c]","[c]","[c]","[c]"
"Leaver CS","2022","Legal","Water Services Regulation Authority","SEO/HEO","[c]","[c]","[c]","[c]"
"Leaver CS","2022","No function","Advisory, Conciliation and Arbitration Service","AA/AO","[c]","[c]","[c]","[c]"
"Leaver CS","2022","No function","Advisory, Conciliation and Arbitration Service","EO","25","[c]","24590","24250"
"Leaver CS","2022","No function","Advisory, Conciliation and Arbitration Service","SEO/HEO","15","[c]","37080","35120"
"Leaver CS","2022","No function","Animal and Plant Health Agency","AA/AO","95","[c]","22220","21300"
"Leaver CS","2022","No function","Animal and Plant Health Agency","EO","70","[c]","25600","25100"
"Leaver CS","2022","No function","Animal and Plant Health Agency","G6/G7","10","[c]","58310","56680"
"Leaver CS","2022","No function","Animal and Plant Health Agency","SCS level","[c]","[c]","[c]","[c]"
"Leaver CS","2022","No function","Animal and Plant Health Agency","SEO/HEO","80","[c]","36830","36270"
"Leaver CS","2022","No function","Animal and Plant Health Agency","Unknown","5","[c]","[c]","[c]"
"Leaver CS","2022","No function","Cabinet Office (excl. agencies)","AA/AO","25","[c]","20580","18450"
"Leaver CS","2022","No function","Cabinet Office (excl. agencies)","EO","15","[c]","28070","27500"
"Leaver CS","2022","No function","Cabinet Office (excl. agencies)","G6/G7","40","[c]","59070","56340"
"Leaver CS","2022","No function","Cabinet Office (excl. agencies)","SCS level","20","[c]","87730","89000"
"Leaver CS","2022","No function","Cabinet Office (excl. agencies)","SEO/HEO","90","[c]","32590","32000"
"Leaver CS","2022","No function","Charity Commission","AA/AO","[c]","[c]","[c]","[c]"
"Leaver CS","2022","No function","Charity Commission","EO","15","[c]","24880","24440"
"Leaver CS","2022","No function","Charity Commission","G6/G7","10","[c]","[c]","[c]"
"Leaver CS","2022","No function","Charity Commission","SEO/HEO","10","[c]","32000","29380"
"Leaver CS","2022","No function","Companies House","AA/AO","25","[c]","21450","21960"
"Leaver CS","2022","No function","Companies House","EO","[c]","[c]","[c]","[c]"
"Leaver CS","2022","No function","Companies House","SEO/HEO","[c]","[c]","[c]","[c]"
"Leaver CS","2022","No function","Criminal Injuries Compensation Authority","AA/AO","5","[c]","[c]","[c]"
"Leaver CS","2022","No function","Criminal Injuries Compensation Authority","EO","[c]","[c]","[c]","[c]"
"Leaver CS","2022","No function","Criminal Injuries Compensation Authority","SEO/HEO","[c]","[c]","[c]","[c]"
"Leaver CS","2022","No function","Crown Commercial Service","AA/AO","10","[c]","[c]","[c]"
"Leaver CS","2022","No function","Crown Commercial Service","EO","[c]","[c]","[c]","[c]"
"Leaver CS","2022","No function","Crown Commercial Service","G6/G7","5","[c]","[c]","[c]"
"Leaver CS","2022","No function","Crown Commercial Service","SCS level","[c]","[c]","[c]","[c]"
"Leaver CS","2022","No function","Crown Commercial Service","SEO/HEO","5","[c]","[c]","[c]"
"Leaver CS","2022","No function","Crown Office and Procurator Fiscal Service","AA/AO","60","[c]","22480","23230"
"Leaver CS","2022","No function","Crown Office and Procurator Fiscal Service","EO","10","[c]","28670","28460"
"Leaver CS","2022","No function","Crown Office and Procurator Fiscal Service","G6/G7","[c]","[c]","[c]","[c]"
"Leaver CS","2022","No function","Crown Office and Procurator Fiscal Service","SEO/HEO","10","[c]","37130","36130"
"Leaver CS","2022","No function","Defence Equipment and Support","EO","110","[c]","20830","20200"
"Leaver CS","2022","No function","Defence Equipment and Support","G6/G7","40","[c]","57570","54840"
"Leaver CS","2022","No function","Defence Equipment and Support","SCS level","5","[c]","[c]","[c]"
"Leaver CS","2022","No function","Defence Equipment and Support","SEO/HEO","150","[c]","35740","35300"
"Leaver CS","2022","No function","Defence Science and Technology Laboratory","AA/AO","45","[c]","17760","17540"
"Leaver CS","2022","No function","Defence Science and Technology Laboratory","EO","10","[c]","[c]","[c]"
"Leaver CS","2022","No function","Defence Science and Technology Laboratory","G6/G7","55","[c]","52630","48660"
"Leaver CS","2022","No function","Defence Science and Technology Laboratory","SCS level","[c]","[c]","[c]","[c]"
"Leaver CS","2022","No function","Defence Science and Technology Laboratory","SEO/HEO","90","[c]","32660","29230"
"Leaver CS","2022","No function","Department for Business, Energy and Industrial Strategy (excl. agencies)","AA/AO","10","[c]","[c]","[c]"
"Leaver CS","2022","No function","Department for Business, Energy and Industrial Strategy (excl. agencies)","EO","25","[c]","27590","27680"
"Leaver CS","2022","No function","Department for Business, Energy and Industrial Strategy (excl. agencies)","G6/G7","110","[c]","56390","53600"
"Leaver CS","2022","No function","Department for Business, Energy and Industrial Strategy (excl. agencies)","SCS level","15","[c]","91090","84480"
"Leaver CS","2022","No function","Department for Business, Energy and Industrial Strategy (excl. agencies)","SEO/HEO","90","[c]","36700","34700"
"Leaver CS","2022","No function","Department for Business, Energy and Industrial Strategy (excl. agencies)","Unknown","[c]","[c]","[c]","[c]"
"Leaver CS","2022","No function","Department for Digital, Culture, Media and Sport","AA/AO","5","[c]","[c]","[c]"
"Leaver CS","2022","No function","Department for Digital, Culture, Media and Sport","EO","20","[c]","26070","26180"
"Leaver CS","2022","No function","Department for Digital, Culture, Media and Sport","G6/G7","35","[c]","54470","51730"
"Leaver CS","2022","No function","Department for Digital, Culture, Media and Sport","SCS level","[c]","[c]","[c]","[c]"
"Leaver CS","2022","No function","Department for Digital, Culture, Media and Sport","SEO/HEO","45","[c]","35000","34020"
"Leaver CS","2022","No function","Department for Education (excl. agencies)","AA/AO","5","[c]","[c]","[c]"
"Leaver CS","2022","No function","Department for Education (excl. agencies)","EO","35","[c]","26470","25000"
"Leaver CS","2022","No function","Department for Education (excl. agencies)","G6/G7","45","[c]","58150","56230"
"Leaver CS","2022","No function","Department for Education (excl. agencies)","SCS level","10","[c]","[c]","[c]"
"Leaver CS","2022","No function","Department for Education (excl. agencies)","SEO/HEO","60","[c]","35010","36500"
"Leaver CS","2022","No function","Department for Environment, Food and Rural Affairs (excl. agencies)","AA/AO","20","[c]","[c]","[c]"
"Leaver CS","2022","No function","Department for Environment, Food and Rural Affairs (excl. agencies)","EO","35","[c]","[c]","[c]"
"Leaver CS","2022","No function","Department for Environment, Food and Rural Affairs (excl. agencies)","G6/G7","45","[c]","[c]","[c]"
"Leaver CS","2022","No function","Department for Environment, Food and Rural Affairs (excl. agencies)","SCS level","15","[c]","[c]","[c]"
"Leaver CS","2022","No function","Department for Environment, Food and Rural Affairs (excl. agencies)","SEO/HEO","170","[c]","[c]","[c]"
"Leaver CS","2022","No function","Department for International Trade","AA/AO","[c]","[c]","[c]","[c]"
"Leaver CS","2022","No function","Department for International Trade","EO","45","[c]","[c]","[c]"
"Leaver CS","2022","No function","Department for International Trade","G6/G7","45","[c]","[c]","[c]"
"Leaver CS","2022","No function","Department for International Trade","SCS level","10","[c]","[c]","[c]"
"Leaver CS","2022","No function","Department for International Trade","SEO/HEO","45","[c]","[c]","[c]"
"Leaver CS","2022","No function","Department for Levelling Up, Housing and Communities (excl. agencies)","AA/AO","10","[c]","19330","18200"
"Leaver CS","2022","No function","Department for Levelling Up, Housing and Communities (excl. agencies)","EO","15","[c]","28640","27850"
"Leaver CS","2022","No function","Department for Levelling Up, Housing and Communities (excl. agencies)","G6/G7","30","[c]","58070","54710"
"Leaver CS","2022","No function","Department for Levelling Up, Housing and Communities (excl. agencies)","SCS level","5","[c]","[c]","[c]"
"Leaver CS","2022","No function","Department for Levelling Up, Housing and Communities (excl. agencies)","SEO/HEO","35","[c]","36280","35580"
"Leaver CS","2022","No function","Department for Transport (excl. agencies)","AA/AO","15","[c]","23200","21840"
"Leaver CS","2022","No function","Department for Transport (excl. agencies)","EO","35","[c]","29230","30270"
"Leaver CS","2022","No function","Department for Transport (excl. agencies)","G6/G7","70","[c]","61400","59480"
"Leaver CS","2022","No function","Department for Transport (excl. agencies)","SCS level","10","[c]","79090","75580"
"Leaver CS","2022","No function","Department for Transport (excl. agencies)","SEO/HEO","100","[c]","38860","36880"
"Leaver CS","2022","No function","Department for Transport (excl. agencies)","Unknown","[c]","[c]","[c]","[c]"
"Leaver CS","2022","No function","Department for Work and Pensions (excl. agencies)","AA/AO","2425","[c]","21390","21260"
"Leaver CS","2022","No function","Department for Work and Pensions (excl. agencies)","EO","3670","[c]","28320","27570"
"Leaver CS","2022","No function","Department for Work and Pensions (excl. agencies)","G6/G7","30","[c]","55420","54070"
"Leaver CS","2022","No function","Department for Work and Pensions (excl. agencies)","SCS level","10","[c]","[c]","[c]"
"Leaver CS","2022","No function","Department for Work and Pensions (excl. agencies)","SEO/HEO","260","[c]","35020","34290"
"Leaver CS","2022","No function","Department of Health and Social Care (excl. agencies)","AA/AO","5","[c]","[c]","[c]"
"Leaver CS","2022","No function","Department of Health and Social Care (excl. agencies)","EO","40","[c]","[c]","[c]"
"Leaver CS","2022","No function","Department of Health and Social Care (excl. agencies)","G6/G7","80","[c]","[c]","[c]"
"Leaver CS","2022","No function","Department of Health and Social Care (excl. agencies)","SCS level","20","[c]","[c]","[c]"
"Leaver CS","2022","No function","Department of Health and Social Care (excl. agencies)","SEO/HEO","100","[c]","[c]","[c]"
"Leaver CS","2022","No function","Department of Health and Social Care (excl. agencies)","Unknown","[c]","[c]","[c]","[c]"
"Leaver CS","2022","No function","Driver and Vehicle Licensing Agency","AA/AO","305","[c]","20640","21590"
"Leaver CS","2022","No function","Driver and Vehicle Licensing Agency","EO","15","[c]","26550","26780"
"Leaver CS","2022","No function","Driver and Vehicle Licensing Agency","G6/G7","[c]","[c]","[c]","[c]"
"Leaver CS","2022","No function","Driver and Vehicle Licensing Agency","SEO/HEO","5","[c]","[c]","[c]"
"Leaver CS","2022","No function","Driver and Vehicle Standards Agency","AA/AO","95","[c]","24570","21840"
"Leaver CS","2022","No function","Driver and Vehicle Standards Agency","EO","265","[c]","27580","26780"
"Leaver CS","2022","No function","Driver and Vehicle Standards Agency","G6/G7","[c]","[c]","[c]","[c]"
"Leaver CS","2022","No function","Driver and Vehicle Standards Agency","SEO/HEO","25","[c]","33390","32830"
"Leaver CS","2022","No function","Education and Skills Funding Agency","AA/AO","[c]","[c]","[c]","[c]"
"Leaver CS","2022","No function","Education and Skills Funding Agency","EO","10","[c]","[c]","[c]"
"Leaver CS","2022","No function","Education and Skills Funding Agency","G6/G7","15","[c]","57000","54260"
"Leaver CS","2022","No function","Education and Skills Funding Agency","SCS level","[c]","[c]","[c]","[c]"
"Leaver CS","2022","No function","Education and Skills Funding Agency","SEO/HEO","10","[c]","35380","36400"
"Leaver CS","2022","No function","Food Standards Agency","AA/AO","[c]","[c]","[c]","[c]"
"Leaver CS","2022","No function","Food Standards Agency","EO","25","[c]","26690","26750"
"Leaver CS","2022","No function","Food Standards Agency","G6/G7","[c]","[c]","[c]","[c]"
"Leaver CS","2022","No function","Food Standards Agency","SCS level","[c]","[c]","[c]","[c]"
"Leaver CS","2022","No function","Food Standards Agency","SEO/HEO","25","[c]","34350","32830"
"Leaver CS","2022","No function","Foreign, Commonwealth and Development Office (excl. agencies)","AA/AO","[c]","[c]","[c]","[c]"
"Leaver CS","2022","No function","Foreign, Commonwealth and Development Office (excl. agencies)","EO","[c]","[c]","[c]","[c]"
"Leaver CS","2022","No function","Foreign, Commonwealth and Development Office (excl. agencies)","G6/G7","[c]","[c]","[c]","[c]"
"Leaver CS","2022","No function","Government Internal Audit Agency","G6/G7","[c]","[c]","[c]","[c]"
"Leaver CS","2022","No function","Government Legal Department","EO","[c]","[c]","[c]","[c]"
"Leaver CS","2022","No function","Government Legal Department","G6/G7","[c]","[c]","[c]","[c]"
"Leaver CS","2022","No function","Government Legal Department","SCS level","[c]","[c]","[c]","[c]"
"Leaver CS","2022","No function","Government Legal Department","SEO/HEO","[c]","[c]","[c]","[c]"
"Leaver CS","2022","No function","Health and Safety Executive","AA/AO","25","[c]","21460","22160"
"Leaver CS","2022","No function","Health and Safety Executive","EO","30","[c]","27930","28210"
"Leaver CS","2022","No function","Health and Safety Executive","G6/G7","25","[c]","62150","59630"
"Leaver CS","2022","No function","Health and Safety Executive","SEO/HEO","85","[c]","44750","43830"
"Leaver CS","2022","No function","HM Courts and Tribunals Service","AA/AO","1555","[c]","20560","20970"
"Leaver CS","2022","No function","HM Courts and Tribunals Service","EO","215","[c]","25200","25120"
"Leaver CS","2022","No function","HM Courts and Tribunals Service","G6/G7","55","[c]","58100","57190"
"Leaver CS","2022","No function","HM Courts and Tribunals Service","SCS level","5","[c]","[c]","[c]"
"Leaver CS","2022","No function","HM Courts and Tribunals Service","SEO/HEO","215","[c]","36910","36050"
"Leaver CS","2022","No function","HM Land Registry","AA/AO","95","[c]","22960","22600"
"Leaver CS","2022","No function","HM Land Registry","EO","90","[c]","27550","27130"
"Leaver CS","2022","No function","HM Land Registry","G6/G7","[c]","[c]","[c]","[c]"
"Leaver CS","2022","No function","HM Land Registry","SEO/HEO","70","[c]","35900","33840"
"Leaver CS","2022","No function","HM Prison and Probation Service","AA/AO","4550","[c]","25040","23960"
"Leaver CS","2022","No function","HM Prison and Probation Service","EO","470","[c]","30920","31890"
"Leaver CS","2022","No function","HM Prison and Probation Service","G6/G7","35","[c]","[c]","[c]"
"Leaver CS","2022","No function","HM Prison and Probation Service","SCS level","5","[c]","[c]","[c]"
"Leaver CS","2022","No function","HM Prison and Probation Service","SEO/HEO","330","[c]","41650","38160"
"Leaver CS","2022","No function","HM Prison and Probation Service","Unknown","1780","[c]","29940","28200"
"Leaver CS","2022","No function","HM Revenue and Customs (excl. agencies)","AA/AO","45","[c]","21930","22080"
"Leaver CS","2022","No function","HM Revenue and Customs (excl. agencies)","EO","20","[c]","28440","28920"
"Leaver CS","2022","No function","HM Revenue and Customs (excl. agencies)","G6/G7","10","[c]","[c]","[c]"
"Leaver CS","2022","No function","HM Revenue and Customs (excl. agencies)","SEO/HEO","15","[c]","37900","35980"
"Leaver CS","2022","No function","HM Treasury (excl. agencies)","AA/AO","20","[c]","[c]","[c]"
"Leaver CS","2022","No function","HM Treasury (excl. agencies)","EO","20","[c]","[c]","[c]"
"Leaver CS","2022","No function","HM Treasury (excl. agencies)","G6/G7","45","[c]","[c]","[c]"
"Leaver CS","2022","No function","HM Treasury (excl. agencies)","SCS level","[c]","[c]","[c]","[c]"
"Leaver CS","2022","No function","HM Treasury (excl. agencies)","SEO/HEO","40","[c]","[c]","[c]"
"Leaver CS","2022","No function","Institute for Apprenticeships and Technical Education","EO","[c]","[c]","[c]","[c]"
"Leaver CS","2022","No function","Institute for Apprenticeships and Technical Education","G6/G7","[c]","[c]","[c]","[c]"
"Leaver CS","2022","No function","Institute for Apprenticeships and Technical Education","SEO/HEO","[c]","[c]","[c]","[c]"
"Leaver CS","2022","No function","Intellectual Property Office","AA/AO","5","[c]","[c]","[c]"
"Leaver CS","2022","No function","Intellectual Property Office","EO","15","[c]","25900","24030"
"Leaver CS","2022","No function","Intellectual Property Office","G6/G7","5","[c]","[c]","[c]"
"Leaver CS","2022","No function","Intellectual Property Office","SCS level","[c]","[c]","[c]","[c]"
"Leaver CS","2022","No function","Intellectual Property Office","SEO/HEO","[c]","[c]","[c]","[c]"
"Leaver CS","2022","No function","Legal Aid Agency","AA/AO","35","[c]","20220","20370"
"Leaver CS","2022","No function","Legal Aid Agency","EO","10","[c]","[c]","[c]"
"Leaver CS","2022","No function","Legal Aid Agency","G6/G7","[c]","[c]","[c]","[c]"
"Leaver CS","2022","No function","Legal Aid Agency","SEO/HEO","5","[c]","[c]","[c]"
"Leaver CS","2022","No function","Maritime and Coastguard Agency","AA/AO","55","[c]","23270","21840"
"Leaver CS","2022","No function","Maritime and Coastguard Agency","EO","15","[c]","28680","26620"
"Leaver CS","2022","No function","Maritime and Coastguard Agency","G6/G7","10","[c]","[c]","[c]"
"Leaver CS","2022","No function","Maritime and Coastguard Agency","SCS level","[c]","[c]","[c]","[c]"
"Leaver CS","2022","No function","Maritime and Coastguard Agency","SEO/HEO","45","[c]","40650","36180"
"Leaver CS","2022","No function","Medicines and Healthcare Products Regulatory Agency","AA/AO","5","[c]","[c]","[c]"
"Leaver CS","2022","No function","Medicines and Healthcare Products Regulatory Agency","EO","45","[c]","27820","27400"
"Leaver CS","2022","No function","Medicines and Healthcare Products Regulatory Agency","G6/G7","55","[c]","60950","57770"
"Leaver CS","2022","No function","Medicines and Healthcare Products Regulatory Agency","SCS level","35","[c]","89320","85900"
"Leaver CS","2022","No function","Medicines and Healthcare Products Regulatory Agency","SEO/HEO","85","[c]","36960","33480"
"Leaver CS","2022","No function","Ministry of Justice (excl. agencies)","AA/AO","50","[c]","20280","20370"
"Leaver CS","2022","No function","Ministry of Justice (excl. agencies)","EO","65","[c]","26140","26410"
"Leaver CS","2022","No function","Ministry of Justice (excl. agencies)","G6/G7","105","[c]","60670","59310"
"Leaver CS","2022","No function","Ministry of Justice (excl. agencies)","SCS level","10","[c]","[c]","[c]"
"Leaver CS","2022","No function","Ministry of Justice (excl. agencies)","SEO/HEO","155","[c]","37610","36230"
"Leaver CS","2022","No function","Ministry of Justice (excl. agencies)","Unknown","25","[c]","53430","53920"
"Leaver CS","2022","No function","National Crime Agency","AA/AO","20","[c]","24180","23850"
"Leaver CS","2022","No function","National Crime Agency","EO","115","[c]","34280","34140"
"Leaver CS","2022","No function","National Crime Agency","G6/G7","15","[c]","67630","64410"
"Leaver CS","2022","No function","National Crime Agency","SCS level","[c]","[c]","[c]","[c]"
"Leaver CS","2022","No function","National Crime Agency","SEO/HEO","105","[c]","44450","44910"
"Leaver CS","2022","No function","National Infrastructure Commission","AA/AO","[c]","[c]","[c]","[c]"
"Leaver CS","2022","No function","National Infrastructure Commission","EO","[c]","[c]","[c]","[c]"
"Leaver CS","2022","No function","National Infrastructure Commission","G6/G7","[c]","[c]","[c]","[c]"
"Leaver CS","2022","No function","National Infrastructure Commission","SEO/HEO","[c]","[c]","[c]","[c]"
"Leaver CS","2022","No function","National Savings and Investments","G6/G7","5","[c]","[c]","[c]"
"Leaver CS","2022","No function","National Savings and Investments","SEO/HEO","5","[c]","[c]","[c]"
"Leaver CS","2022","No function","Northern Ireland Office","EO","[c]","[c]","[c]","[c]"
"Leaver CS","2022","No function","Northern Ireland Office","G6/G7","[c]","[c]","[c]","[c]"
"Leaver CS","2022","No function","Northern Ireland Office","SEO/HEO","[c]","[c]","[c]","[c]"
"Leaver CS","2022","No function","Office for Standards in Education, Children's Services and Skills","AA/AO","20","[c]","21070","21410"
"Leaver CS","2022","No function","Office for Standards in Education, Children's Services and Skills","EO","5","[c]","[c]","[c]"
"Leaver CS","2022","No function","Office for Standards in Education, Children's Services and Skills","G6/G7","65","[c]","75940","75500"
"Leaver CS","2022","No function","Office for Standards in Education, Children's Services and Skills","SCS level","[c]","[c]","[c]","[c]"
"Leaver CS","2022","No function","Office for Standards in Education, Children's Services and Skills","SEO/HEO","60","[c]","48610","51360"
"Leaver CS","2022","No function","Office of Gas and Electricity Markets","AA/AO","15","[c]","19580","19630"
"Leaver CS","2022","No function","Office of Gas and Electricity Markets","EO","30","[c]","25090","24250"
"Leaver CS","2022","No function","Office of Gas and Electricity Markets","G6/G7","35","[c]","63090","62710"
"Leaver CS","2022","No function","Office of Gas and Electricity Markets","SCS level","5","[c]","[c]","[c]"
"Leaver CS","2022","No function","Office of Gas and Electricity Markets","SEO/HEO","40","[c]","36510","35720"
"Leaver CS","2022","No function","Office of Qualifications and Examinations Regulation","EO","[c]","[c]","[c]","[c]"
"Leaver CS","2022","No function","Office of Qualifications and Examinations Regulation","G6/G7","5","[c]","[c]","[c]"
"Leaver CS","2022","No function","Office of Qualifications and Examinations Regulation","SCS level","[c]","[c]","[c]","[c]"
"Leaver CS","2022","No function","Office of Qualifications and Examinations Regulation","SEO/HEO","5","[c]","[c]","[c]"
"Leaver CS","2022","No function","Office of Rail and Road","EO","[c]","[c]","[c]","[c]"
"Leaver CS","2022","No function","Office of Rail and Road","G6/G7","15","[c]","59370","59320"
"Leaver CS","2022","No function","Office of Rail and Road","SEO/HEO","[c]","[c]","[c]","[c]"
"Leaver CS","2022","No function","Office of the Public Guardian","AA/AO","45","[c]","20400","20970"
"Leaver CS","2022","No function","Office of the Public Guardian","EO","10","[c]","23950","23700"
"Leaver CS","2022","No function","Office of the Public Guardian","G6/G7","[c]","[c]","[c]","[c]"
"Leaver CS","2022","No function","Office of the Public Guardian","SEO/HEO","10","[c]","[c]","[c]"
"Leaver CS","2022","No function","Office of the Secretary of State for Scotland (incl. Office of the Advocate General for Scotland)","AA/AO","[c]","[c]","[c]","[c]"
"Leaver CS","2022","No function","Office of the Secretary of State for Scotland (incl. Office of the Advocate General for Scotland)","EO","[c]","[c]","[c]","[c]"
"Leaver CS","2022","No function","Office of the Secretary of State for Scotland (incl. Office of the Advocate General for Scotland)","SEO/HEO","[c]","[c]","[c]","[c]"
"Leaver CS","2022","No function","Office of the Secretary of State for Wales","AA/AO","[c]","[c]","[c]","[c]"
"Leaver CS","2022","No function","Office of the Secretary of State for Wales","SEO/HEO","[c]","[c]","[c]","[c]"
"Leaver CS","2022","No function","Planning Inspectorate","AA/AO","5","[c]","[c]","[c]"
"Leaver CS","2022","No function","Planning Inspectorate","EO","[c]","[c]","[c]","[c]"
"Leaver CS","2022","No function","Planning Inspectorate","G6/G7","15","[c]","60670","58810"
"Leaver CS","2022","No function","Planning Inspectorate","SEO/HEO","5","[c]","[c]","[c]"
"Leaver CS","2022","No function","Public Health England","AA/AO","160","[c]","20650","19880"
"Leaver CS","2022","No function","Public Health England","EO","245","[c]","25360","25080"
"Leaver CS","2022","No function","Public Health England","G6/G7","390","[c]","57620","54020"
"Leaver CS","2022","No function","Public Health England","SCS level","110","[c]","101840","101430"
"Leaver CS","2022","No function","Public Health England","SEO/HEO","550","[c]","36730","37190"
"Leaver CS","2022","No function","Registers of Scotland","AA/AO","10","[c]","[c]","[c]"
"Leaver CS","2022","No function","Registers of Scotland","EO","10","[c]","[c]","[c]"
"Leaver CS","2022","No function","Registers of Scotland","SEO/HEO","10","[c]","40630","37610"
"Leaver CS","2022","No function","Scottish Courts and Tribunals Service","AA/AO","95","[c]","22390","22000"
"Leaver CS","2022","No function","Scottish Courts and Tribunals Service","EO","25","[c]","30300","30450"
"Leaver CS","2022","No function","Scottish Courts and Tribunals Service","G6/G7","[c]","[c]","[c]","[c]"
"Leaver CS","2022","No function","Scottish Courts and Tribunals Service","SEO/HEO","10","[c]","40070","36360"
"Leaver CS","2022","No function","Scottish Prison Service","AA/AO","120","[c]","24280","24380"
"Leaver CS","2022","No function","Scottish Prison Service","EO","125","[c]","34350","35000"
"Leaver CS","2022","No function","Scottish Prison Service","G6/G7","10","[c]","[c]","[c]"
"Leaver CS","2022","No function","Scottish Prison Service","SEO/HEO","40","[c]","43000","41100"
"Leaver CS","2022","No function","Serious Fraud Office","EO","[c]","[c]","[c]","[c]"
"Leaver CS","2022","No function","Serious Fraud Office","SEO/HEO","[c]","[c]","[c]","[c]"
"Leaver CS","2022","No function","Standards and Testing Agency","G6/G7","[c]","[c]","[c]","[c]"
"Leaver CS","2022","No function","Standards and Testing Agency","SEO/HEO","[c]","[c]","[c]","[c]"
"Leaver CS","2022","No function","Teaching Regulation Agency","AA/AO","[c]","[c]","[c]","[c]"
"Leaver CS","2022","No function","Teaching Regulation Agency","EO","[c]","[c]","[c]","[c]"
"Leaver CS","2022","No function","The Insolvency Service","AA/AO","40","[c]","21060","21130"
"Leaver CS","2022","No function","The Insolvency Service","EO","5","[c]","[c]","[c]"
"Leaver CS","2022","No function","The Insolvency Service","G6/G7","5","[c]","[c]","[c]"
"Leaver CS","2022","No function","The Insolvency Service","SCS level","[c]","[c]","[c]","[c]"
"Leaver CS","2022","No function","The Insolvency Service","SEO/HEO","25","[c]","32820","31000"
"Leaver CS","2022","No function","The National Archives","AA/AO","20","[c]","19810","20340"
"Leaver CS","2022","No function","The National Archives","EO","[c]","[c]","[c]","[c]"
"Leaver CS","2022","No function","The National Archives","G6/G7","[c]","[c]","[c]","[c]"
"Leaver CS","2022","No function","The National Archives","SCS level","[c]","[c]","[c]","[c]"
"Leaver CS","2022","No function","The National Archives","SEO/HEO","15","[c]","30880","28460"
"Leaver CS","2022","No function","UK Health Security Agency","AA/AO","100","[c]","21310","20990"
"Leaver CS","2022","No function","UK Health Security Agency","EO","100","[c]","25370","25010"
"Leaver CS","2022","No function","UK Health Security Agency","G6/G7","155","[c]","55790","53360"
"Leaver CS","2022","No function","UK Health Security Agency","SCS level","40","[c]","97770","87210"
"Leaver CS","2022","No function","UK Health Security Agency","SEO/HEO","315","[c]","35090","35150"
"Leaver CS","2022","No function","UK Health Security Agency","Unknown","[c]","[c]","[c]","[c]"
"Leaver CS","2022","No function","UK Hydrographic Office","AA/AO","5","[c]","[c]","[c]"
"Leaver CS","2022","No function","UK Hydrographic Office","EO","5","[c]","[c]","[c]"
"Leaver CS","2022","No function","UK Hydrographic Office","SEO/HEO","15","[c]","37320","34960"
"Leaver CS","2022","No function","UK Statistics Authority","AA/AO","205","[c]","19830","19610"
"Leaver CS","2022","No function","UK Statistics Authority","EO","35","[c]","23880","23630"
"Leaver CS","2022","No function","UK Statistics Authority","G6/G7","5","[c]","[c]","[c]"
"Leaver CS","2022","No function","UK Statistics Authority","SCS level","[c]","[c]","[c]","[c]"
"Leaver CS","2022","No function","UK Statistics Authority","SEO/HEO","50","[c]","33400","32540"
"Leaver CS","2022","No function","Vehicle Certification Agency","AA/AO","[c]","[c]","[c]","[c]"
"Leaver CS","2022","No function","Vehicle Certification Agency","EO","[c]","[c]","[c]","[c]"
"Leaver CS","2022","No function","Vehicle Certification Agency","G6/G7","[c]","[c]","[c]","[c]"
"Leaver CS","2022","No function","Vehicle Certification Agency","SEO/HEO","[c]","[c]","[c]","[c]"
"Leaver CS","2022","No function","Water Services Regulation Authority","AA/AO","[c]","[c]","[c]","[c]"
"Leaver CS","2022","No function","Water Services Regulation Authority","EO","[c]","[c]","[c]","[c]"
"Leaver CS","2022","No function","Water Services Regulation Authority","G6/G7","[c]","[c]","[c]","[c]"
"Leaver CS","2022","No function","Water Services Regulation Authority","SCS level","[c]","[c]","[c]","[c]"
"Leaver CS","2022","No function","Water Services Regulation Authority","SEO/HEO","5","[c]","[c]","[c]"
"Leaver CS","2022","No function","Welsh Revenue Authority","G6/G7","[c]","[c]","[c]","[c]"
"Leaver CS","2022","Project Delivery","Advisory, Conciliation and Arbitration Service","AA/AO","[c]","[c]","[c]","[c]"
"Leaver CS","2022","Project Delivery","Advisory, Conciliation and Arbitration Service","EO","[c]","[c]","[c]","[c]"
"Leaver CS","2022","Project Delivery","Advisory, Conciliation and Arbitration Service","G6/G7","[c]","[c]","[c]","[c]"
"Leaver CS","2022","Project Delivery","Advisory, Conciliation and Arbitration Service","SCS level","[c]","[c]","[c]","[c]"
"Leaver CS","2022","Project Delivery","Advisory, Conciliation and Arbitration Service","SEO/HEO","[c]","[c]","[c]","[c]"
"Leaver CS","2022","Project Delivery","Animal and Plant Health Agency","SEO/HEO","[c]","[c]","[c]","[c]"
"Leaver CS","2022","Project Delivery","Cabinet Office (excl. agencies)","AA/AO","[c]","[c]","[c]","[c]"
"Leaver CS","2022","Project Delivery","Cabinet Office (excl. agencies)","G6/G7","10","[c]","60060","59790"
"Leaver CS","2022","Project Delivery","Cabinet Office (excl. agencies)","SCS level","5","[c]","[c]","[c]"
"Leaver CS","2022","Project Delivery","Cabinet Office (excl. agencies)","SEO/HEO","[c]","[c]","[c]","[c]"
"Leaver CS","2022","Project Delivery","Centre for Environment, Fisheries and Aquaculture Science","AA/AO","[c]","[c]","[c]","[c]"
"Leaver CS","2022","Project Delivery","Centre for Environment, Fisheries and Aquaculture Science","G6/G7","[c]","[c]","[c]","[c]"
"Leaver CS","2022","Project Delivery","Charity Commission","G6/G7","[c]","[c]","[c]","[c]"
"Leaver CS","2022","Project Delivery","Companies House","G6/G7","[c]","[c]","[c]","[c]"
"Leaver CS","2022","Project Delivery","Companies House","SEO/HEO","[c]","[c]","[c]","[c]"
"Leaver CS","2022","Project Delivery","Competition and Markets Authority","AA/AO","[c]","[c]","[c]","[c]"
"Leaver CS","2022","Project Delivery","Competition and Markets Authority","G6/G7","15","[c]","63630","59940"
"Leaver CS","2022","Project Delivery","Competition and Markets Authority","SCS level","[c]","[c]","[c]","[c]"
"Leaver CS","2022","Project Delivery","Competition and Markets Authority","SEO/HEO","15","[c]","35200","34870"
"Leaver CS","2022","Project Delivery","Crown Commercial Service","G6/G7","[c]","[c]","[c]","[c]"
"Leaver CS","2022","Project Delivery","Crown Commercial Service","SEO/HEO","[c]","[c]","[c]","[c]"
"Leaver CS","2022","Project Delivery","Defence Equipment and Support","EO","180","[c]","22190","21620"
"Leaver CS","2022","Project Delivery","Defence Equipment and Support","G6/G7","40","[c]","57700","56240"
"Leaver CS","2022","Project Delivery","Defence Equipment and Support","SCS level","[c]","[c]","[c]","[c]"
"Leaver CS","2022","Project Delivery","Defence Equipment and Support","SEO/HEO","295","[c]","35140","34000"
"Leaver CS","2022","Project Delivery","Defence Science and Technology Laboratory","AA/AO","10","[c]","[c]","[c]"
"Leaver CS","2022","Project Delivery","Defence Science and Technology Laboratory","EO","[c]","[c]","[c]","[c]"
"Leaver CS","2022","Project Delivery","Defence Science and Technology Laboratory","G6/G7","25","[c]","54890","56410"
"Leaver CS","2022","Project Delivery","Defence Science and Technology Laboratory","SEO/HEO","25","[c]","35300","38070"
"Leaver CS","2022","Project Delivery","Department for Business, Energy and Industrial Strategy (excl. agencies)","G6/G7","[c]","[c]","[c]","[c]"
"Leaver CS","2022","Project Delivery","Department for Business, Energy and Industrial Strategy (excl. agencies)","SEO/HEO","[c]","[c]","[c]","[c]"
"Leaver CS","2022","Project Delivery","Department for Digital, Culture, Media and Sport","EO","5","[c]","[c]","[c]"
"Leaver CS","2022","Project Delivery","Department for Digital, Culture, Media and Sport","G6/G7","5","[c]","[c]","[c]"
"Leaver CS","2022","Project Delivery","Department for Digital, Culture, Media and Sport","SCS level","[c]","[c]","[c]","[c]"
"Leaver CS","2022","Project Delivery","Department for Digital, Culture, Media and Sport","SEO/HEO","[c]","[c]","[c]","[c]"
"Leaver CS","2022","Project Delivery","Department for Education (excl. agencies)","G6/G7","[c]","[c]","[c]","[c]"
"Leaver CS","2022","Project Delivery","Department for Education (excl. agencies)","SEO/HEO","[c]","[c]","[c]","[c]"
"Leaver CS","2022","Project Delivery","Department for International Trade","EO","[c]","[c]","[c]","[c]"
"Leaver CS","2022","Project Delivery","Department for Levelling Up, Housing and Communities (excl. agencies)","G6/G7","[c]","[c]","[c]","[c]"
"Leaver CS","2022","Project Delivery","Department for Levelling Up, Housing and Communities (excl. agencies)","SEO/HEO","[c]","[c]","[c]","[c]"
"Leaver CS","2022","Project Delivery","Department for Work and Pensions (excl. agencies)","AA/AO","15","[c]","20820","21010"
"Leaver CS","2022","Project Delivery","Department for Work and Pensions (excl. agencies)","EO","5","[c]","[c]","[c]"
"Leaver CS","2022","Project Delivery","Department for Work and Pensions (excl. agencies)","G6/G7","10","[c]","59140","59590"
"Leaver CS","2022","Project Delivery","Department for Work and Pensions (excl. agencies)","SCS level","[c]","[c]","[c]","[c]"
"Leaver CS","2022","Project Delivery","Department for Work and Pensions (excl. agencies)","SEO/HEO","25","[c]","36260","35310"
"Leaver CS","2022","Project Delivery","Department of Health and Social Care (excl. agencies)","G6/G7","[c]","[c]","[c]","[c]"
"Leaver CS","2022","Project Delivery","Department of Health and Social Care (excl. agencies)","SEO/HEO","[c]","[c]","[c]","[c]"
"Leaver CS","2022","Project Delivery","Driver and Vehicle Licensing Agency","G6/G7","[c]","[c]","[c]","[c]"
"Leaver CS","2022","Project Delivery","Driver and Vehicle Licensing Agency","SEO/HEO","5","[c]","[c]","[c]"
"Leaver CS","2022","Project Delivery","Driver and Vehicle Standards Agency","SEO/HEO","[c]","[c]","[c]","[c]"
"Leaver CS","2022","Project Delivery","Estyn","EO","[c]","[c]","[c]","[c]"
"Leaver CS","2022","Project Delivery","Estyn","G6/G7","5","[c]","[c]","[c]"
"Leaver CS","2022","Project Delivery","Estyn","SCS level","[c]","[c]","[c]","[c]"
"Leaver CS","2022","Project Delivery","FCDO Services","EO","[c]","[c]","[c]","[c]"
"Leaver CS","2022","Project Delivery","FCDO Services","G6/G7","[c]","[c]","[c]","[c]"
"Leaver CS","2022","Project Delivery","FCDO Services","SEO/HEO","[c]","[c]","[c]","[c]"
"Leaver CS","2022","Project Delivery","Foreign, Commonwealth and Development Office (excl. agencies)","AA/AO","5","[c]","[c]","[c]"
"Leaver CS","2022","Project Delivery","Foreign, Commonwealth and Development Office (excl. agencies)","EO","[c]","[c]","[c]","[c]"
"Leaver CS","2022","Project Delivery","Foreign, Commonwealth and Development Office (excl. agencies)","G6/G7","50","[c]","62460","62120"
"Leaver CS","2022","Project Delivery","Foreign, Commonwealth and Development Office (excl. agencies)","SCS level","5","[c]","[c]","[c]"
"Leaver CS","2022","Project Delivery","Foreign, Commonwealth and Development Office (excl. agencies)","SEO/HEO","10","[c]","37430","38600"
"Leaver CS","2022","Project Delivery","Government Actuary's Department","SEO/HEO","[c]","[c]","[c]","[c]"
"Leaver CS","2022","Project Delivery","Government Legal Department","SEO/HEO","[c]","[c]","[c]","[c]"
"Leaver CS","2022","Project Delivery","Health and Safety Executive","AA/AO","[c]","[c]","[c]","[c]"
"Leaver CS","2022","Project Delivery","Health and Safety Executive","EO","[c]","[c]","[c]","[c]"
"Leaver CS","2022","Project Delivery","Health and Safety Executive","SEO/HEO","[c]","[c]","[c]","[c]"
"Leaver CS","2022","Project Delivery","HM Land Registry","AA/AO","[c]","[c]","[c]","[c]"
"Leaver CS","2022","Project Delivery","HM Land Registry","EO","[c]","[c]","[c]","[c]"
"Leaver CS","2022","Project Delivery","HM Land Registry","G6/G7","[c]","[c]","[c]","[c]"
"Leaver CS","2022","Project Delivery","HM Land Registry","SEO/HEO","5","[c]","[c]","[c]"
"Leaver CS","2022","Project Delivery","HM Revenue and Customs (excl. agencies)","G6/G7","[c]","[c]","[c]","[c]"
"Leaver CS","2022","Project Delivery","HM Revenue and Customs (excl. agencies)","SEO/HEO","5","[c]","[c]","[c]"
"Leaver CS","2022","Project Delivery","Intellectual Property Office","G6/G7","[c]","[c]","[c]","[c]"
"Leaver CS","2022","Project Delivery","Medicines and Healthcare Products Regulatory Agency","SEO/HEO","[c]","[c]","[c]","[c]"
"Leaver CS","2022","Project Delivery","Met Office","AA/AO","[c]","[c]","[c]","[c]"
"Leaver CS","2022","Project Delivery","Met Office","EO","[c]","[c]","[c]","[c]"
"Leaver CS","2022","Project Delivery","Met Office","G6/G7","5","[c]","[c]","[c]"
"Leaver CS","2022","Project Delivery","Met Office","SEO/HEO","20","[c]","38450","39650"
"Leaver CS","2022","Project Delivery","Ministry of Defence (excl. agencies)","AA/AO","5","[c]","[c]","[c]"
"Leaver CS","2022","Project Delivery","Ministry of Defence (excl. agencies)","EO","10","[c]","27130","26670"
"Leaver CS","2022","Project Delivery","Ministry of Defence (excl. agencies)","G6/G7","30","[c]","59710","57730"
"Leaver CS","2022","Project Delivery","Ministry of Defence (excl. agencies)","SCS level","[c]","[c]","[c]","[c]"
"Leaver CS","2022","Project Delivery","Ministry of Defence (excl. agencies)","SEO/HEO","105","[c]","38620","40000"
"Leaver CS","2022","Project Delivery","Ministry of Defence (excl. agencies)","Unknown","[c]","[c]","[c]","[c]"
"Leaver CS","2022","Project Delivery","National Crime Agency","EO","[c]","[c]","[c]","[c]"
"Leaver CS","2022","Project Delivery","National Crime Agency","G6/G7","[c]","[c]","[c]","[c]"
"Leaver CS","2022","Project Delivery","National Crime Agency","SEO/HEO","[c]","[c]","[c]","[c]"
"Leaver CS","2022","Project Delivery","National Savings and Investments","SCS level","[c]","[c]","[c]","[c]"
"Leaver CS","2022","Project Delivery","Office for Standards in Education, Children's Services and Skills","AA/AO","[c]","[c]","[c]","[c]"
"Leaver CS","2022","Project Delivery","Office for Standards in Education, Children's Services and Skills","SEO/HEO","[c]","[c]","[c]","[c]"
"Leaver CS","2022","Project Delivery","Office of Gas and Electricity Markets","G6/G7","[c]","[c]","[c]","[c]"
"Leaver CS","2022","Project Delivery","Office of Gas and Electricity Markets","SEO/HEO","10","[c]","[c]","[c]"
"Leaver CS","2022","Project Delivery","Rural Payments Agency","G6/G7","[c]","[c]","[c]","[c]"
"Leaver CS","2022","Project Delivery","Rural Payments Agency","SEO/HEO","[c]","[c]","[c]","[c]"
"Leaver CS","2022","Project Delivery","Scottish Prison Service","SEO/HEO","[c]","[c]","[c]","[c]"
"Leaver CS","2022","Project Delivery","Submarine Delivery Agency","Unknown","120","[c]","37270","35810"
"Leaver CS","2022","Project Delivery","The Insolvency Service","G6/G7","[c]","[c]","[c]","[c]"
"Leaver CS","2022","Project Delivery","UK Debt Management Office","EO","[c]","[c]","[c]","[c]"
"Leaver CS","2022","Project Delivery","UK Export Finance","EO","[c]","[c]","[c]","[c]"
"Leaver CS","2022","Project Delivery","UK Export Finance","SCS level","[c]","[c]","[c]","[c]"
"Leaver CS","2022","Project Delivery","UK Export Finance","SEO/HEO","[c]","[c]","[c]","[c]"
"Leaver CS","2022","Project Delivery","UK Space Agency","EO","[c]","[c]","[c]","[c]"
"Leaver CS","2022","Project Delivery","UK Space Agency","G6/G7","20","[c]","[c]","[c]"
"Leaver CS","2022","Project Delivery","UK Space Agency","SCS level","[c]","[c]","[c]","[c]"
"Leaver CS","2022","Project Delivery","UK Space Agency","SEO/HEO","25","[c]","[c]","[c]"
"Leaver CS","2022","Project Delivery","UK Statistics Authority","AA/AO","[c]","[c]","[c]","[c]"
"Leaver CS","2022","Project Delivery","UK Statistics Authority","EO","[c]","[c]","[c]","[c]"
"Leaver CS","2022","Project Delivery","UK Statistics Authority","G6/G7","10","[c]","[c]","[c]"
"Leaver CS","2022","Project Delivery","UK Statistics Authority","SEO/HEO","10","[c]","34320","34690"
"Leaver CS","2022","Project Delivery","Valuation Office Agency","AA/AO","[c]","[c]","[c]","[c]"
"Leaver CS","2022","Project Delivery","Valuation Office Agency","G6/G7","[c]","[c]","[c]","[c]"
"Leaver CS","2022","Project Delivery","Valuation Office Agency","SEO/HEO","[c]","[c]","[c]","[c]"
"Leaver CS","2022","Project Delivery","Water Services Regulation Authority","SEO/HEO","[c]","[c]","[c]","[c]"
"Leaver CS","2022","Project Delivery","Wilton Park","G6/G7","[c]","[c]","[c]","[c]"
"Leaver CS","2022","Property","Cabinet Office (excl. agencies)","AA/AO","[c]","[c]","[c]","[c]"
"Leaver CS","2022","Property","Cabinet Office (excl. agencies)","G6/G7","[c]","[c]","[c]","[c]"
"Leaver CS","2022","Property","Cabinet Office (excl. agencies)","SCS level","[c]","[c]","[c]","[c]"
"Leaver CS","2022","Property","Cabinet Office (excl. agencies)","SEO/HEO","[c]","[c]","[c]","[c]"
"Leaver CS","2022","Property","Companies House","AA/AO","[c]","[c]","[c]","[c]"
"Leaver CS","2022","Property","Companies House","SEO/HEO","[c]","[c]","[c]","[c]"
"Leaver CS","2022","Property","Competition and Markets Authority","G6/G7","[c]","[c]","[c]","[c]"
"Leaver CS","2022","Property","Crown Prosecution Service","SEO/HEO","[c]","[c]","[c]","[c]"
"Leaver CS","2022","Property","Defence Equipment and Support","EO","10","[c]","[c]","[c]"
"Leaver CS","2022","Property","Defence Equipment and Support","G6/G7","[c]","[c]","[c]","[c]"
"Leaver CS","2022","Property","Defence Equipment and Support","SCS level","[c]","[c]","[c]","[c]"
"Leaver CS","2022","Property","Defence Equipment and Support","SEO/HEO","5","[c]","[c]","[c]"
"Leaver CS","2022","Property","Defence Science and Technology Laboratory","SEO/HEO","[c]","[c]","[c]","[c]"
"Leaver CS","2022","Property","Department for Education (excl. agencies)","EO","5","[c]","[c]","[c]"
"Leaver CS","2022","Property","Department for Education (excl. agencies)","G6/G7","10","[c]","60060","61340"
"Leaver CS","2022","Property","Department for Education (excl. agencies)","SEO/HEO","[c]","[c]","[c]","[c]"
"Leaver CS","2022","Property","Department for Environment, Food and Rural Affairs (excl. agencies)","AA/AO","10","[c]","[c]","[c]"
"Leaver CS","2022","Property","Department for Environment, Food and Rural Affairs (excl. agencies)","EO","5","[c]","[c]","[c]"
"Leaver CS","2022","Property","Department for Environment, Food and Rural Affairs (excl. agencies)","G6/G7","[c]","[c]","[c]","[c]"
"Leaver CS","2022","Property","Department for Environment, Food and Rural Affairs (excl. agencies)","SCS level","[c]","[c]","[c]","[c]"
"Leaver CS","2022","Property","Department for Environment, Food and Rural Affairs (excl. agencies)","SEO/HEO","10","[c]","[c]","[c]"
"Leaver CS","2022","Property","Department for Work and Pensions (excl. agencies)","AA/AO","[c]","[c]","[c]","[c]"
"Leaver CS","2022","Property","Department for Work and Pensions (excl. agencies)","G6/G7","[c]","[c]","[c]","[c]"
"Leaver CS","2022","Property","Department for Work and Pensions (excl. agencies)","SEO/HEO","5","[c]","[c]","[c]"
"Leaver CS","2022","Property","Department of Health and Social Care (excl. agencies)","G6/G7","[c]","[c]","[c]","[c]"
"Leaver CS","2022","Property","Department of Health and Social Care (excl. agencies)","SEO/HEO","5","[c]","[c]","[c]"
"Leaver CS","2022","Property","Driver and Vehicle Licensing Agency","G6/G7","[c]","[c]","[c]","[c]"
"Leaver CS","2022","Property","Driver and Vehicle Licensing Agency","SEO/HEO","[c]","[c]","[c]","[c]"
"Leaver CS","2022","Property","Driver and Vehicle Standards Agency","EO","[c]","[c]","[c]","[c]"
"Leaver CS","2022","Property","FCDO Services","G6/G7","[c]","[c]","[c]","[c]"
"Leaver CS","2022","Property","FCDO Services","SEO/HEO","10","[c]","44900","45330"
"Leaver CS","2022","Property","Foreign, Commonwealth and Development Office (excl. agencies)","SEO/HEO","[c]","[c]","[c]","[c]"
"Leaver CS","2022","Property","Government Property Agency","EO","[c]","[c]","[c]","[c]"
"Leaver CS","2022","Property","Government Property Agency","G6/G7","10","[c]","57440","57130"
"Leaver CS","2022","Property","Government Property Agency","SEO/HEO","[c]","[c]","[c]","[c]"
"Leaver CS","2022","Property","HM Land Registry","SEO/HEO","[c]","[c]","[c]","[c]"
"Leaver CS","2022","Property","HM Revenue and Customs (excl. agencies)","SEO/HEO","[c]","[c]","[c]","[c]"
"Leaver CS","2022","Property","Intellectual Property Office","AA/AO","[c]","[c]","[c]","[c]"
"Leaver CS","2022","Property","Intellectual Property Office","EO","[c]","[c]","[c]","[c]"
"Leaver CS","2022","Property","Maritime and Coastguard Agency","AA/AO","[c]","[c]","[c]","[c]"
"Leaver CS","2022","Property","Maritime and Coastguard Agency","EO","[c]","[c]","[c]","[c]"
"Leaver CS","2022","Property","Maritime and Coastguard Agency","G6/G7","[c]","[c]","[c]","[c]"
"Leaver CS","2022","Property","Ministry of Defence (excl. agencies)","AA/AO","75","[c]","18810","18890"
"Leaver CS","2022","Property","Ministry of Defence (excl. agencies)","EO","15","[c]","26850","26670"
"Leaver CS","2022","Property","Ministry of Defence (excl. agencies)","G6/G7","10","[c]","56710","54540"
"Leaver CS","2022","Property","Ministry of Defence (excl. agencies)","SCS level","[c]","[c]","[c]","[c]"
"Leaver CS","2022","Property","Ministry of Defence (excl. agencies)","SEO/HEO","80","[c]","37960","36460"
"Leaver CS","2022","Property","Ministry of Justice (excl. agencies)","AA/AO","[c]","[c]","[c]","[c]"
"Leaver CS","2022","Property","Ministry of Justice (excl. agencies)","SEO/HEO","[c]","[c]","[c]","[c]"
"Leaver CS","2022","Property","National Crime Agency","EO","[c]","[c]","[c]","[c]"
"Leaver CS","2022","Property","National Crime Agency","G6/G7","[c]","[c]","[c]","[c]"
"Leaver CS","2022","Property","Office for Standards in Education, Children's Services and Skills","SEO/HEO","[c]","[c]","[c]","[c]"
"Leaver CS","2022","Property","Queen Elizabeth II Centre","SEO/HEO","[c]","[c]","[c]","[c]"
"Leaver CS","2022","Property","Scottish Courts and Tribunals Service","AA/AO","[c]","[c]","[c]","[c]"
"Leaver CS","2022","Property","Scottish Courts and Tribunals Service","G6/G7","[c]","[c]","[c]","[c]"
"Leaver CS","2022","Property","Scottish Prison Service","AA/AO","15","[c]","24660","25420"
"Leaver CS","2022","Property","Scottish Prison Service","EO","[c]","[c]","[c]","[c]"
"Leaver CS","2022","Property","Scottish Prison Service","G6/G7","[c]","[c]","[c]","[c]"
"Leaver CS","2022","Property","Scottish Prison Service","SEO/HEO","[c]","[c]","[c]","[c]"
"Leaver CS","2022","Property","Serious Fraud Office","AA/AO","[c]","[c]","[c]","[c]"
"Leaver CS","2022","Property","The National Archives","G6/G7","[c]","[c]","[c]","[c]"
"Leaver CS","2022","Property","UK Health Security Agency","EO","[c]","[c]","[c]","[c]"
"Leaver CS","2022","Property","UK Health Security Agency","G6/G7","[c]","[c]","[c]","[c]"
"Leaver CS","2022","Property","UK Statistics Authority","SEO/HEO","[c]","[c]","[c]","[c]"
"Leaver CS","2022","Property","Valuation Office Agency","AA/AO","135","[c]","21640","22010"
"Leaver CS","2022","Property","Valuation Office Agency","EO","55","[c]","26210","26030"
"Leaver CS","2022","Property","Valuation Office Agency","G6/G7","15","[c]","62080","61620"
"Leaver CS","2022","Property","Valuation Office Agency","SEO/HEO","45","[c]","41060","44530"
"Leaver CS","2022","Security","Cabinet Office (excl. agencies)","AA/AO","15","[c]","21060","21150"
"Leaver CS","2022","Security","Cabinet Office (excl. agencies)","EO","20","[c]","26380","26670"
"Leaver CS","2022","Security","Cabinet Office (excl. agencies)","G6/G7","5","[c]","[c]","[c]"
"Leaver CS","2022","Security","Cabinet Office (excl. agencies)","SCS level","[c]","[c]","[c]","[c]"
"Leaver CS","2022","Security","Cabinet Office (excl. agencies)","SEO/HEO","30","[c]","35380","33300"
"Leaver CS","2022","Security","Companies House","SEO/HEO","[c]","[c]","[c]","[c]"
"Leaver CS","2022","Security","Crown Prosecution Service","G6/G7","[c]","[c]","[c]","[c]"
"Leaver CS","2022","Security","Defence Equipment and Support","EO","[c]","[c]","[c]","[c]"
"Leaver CS","2022","Security","Defence Equipment and Support","SEO/HEO","[c]","[c]","[c]","[c]"
"Leaver CS","2022","Security","Defence Science and Technology Laboratory","G6/G7","[c]","[c]","[c]","[c]"
"Leaver CS","2022","Security","Defence Science and Technology Laboratory","SEO/HEO","[c]","[c]","[c]","[c]"
"Leaver CS","2022","Security","Department for Digital, Culture, Media and Sport","SEO/HEO","[c]","[c]","[c]","[c]"
"Leaver CS","2022","Security","Department for Education (excl. agencies)","EO","[c]","[c]","[c]","[c]"
"Leaver CS","2022","Security","Department for International Trade","AA/AO","[c]","[c]","[c]","[c]"
"Leaver CS","2022","Security","Department for International Trade","EO","[c]","[c]","[c]","[c]"
"Leaver CS","2022","Security","Department for International Trade","G6/G7","[c]","[c]","[c]","[c]"
"Leaver CS","2022","Security","Department for International Trade","SEO/HEO","[c]","[c]","[c]","[c]"
"Leaver CS","2022","Security","Department for Work and Pensions (excl. agencies)","AA/AO","[c]","[c]","[c]","[c]"
"Leaver CS","2022","Security","Department for Work and Pensions (excl. agencies)","SEO/HEO","5","[c]","[c]","[c]"
"Leaver CS","2022","Security","Driver and Vehicle Licensing Agency","AA/AO","[c]","[c]","[c]","[c]"
"Leaver CS","2022","Security","Driver and Vehicle Licensing Agency","EO","[c]","[c]","[c]","[c]"
"Leaver CS","2022","Security","Driver and Vehicle Licensing Agency","SEO/HEO","[c]","[c]","[c]","[c]"
"Leaver CS","2022","Security","Driver and Vehicle Standards Agency","AA/AO","[c]","[c]","[c]","[c]"
"Leaver CS","2022","Security","Driver and Vehicle Standards Agency","SEO/HEO","5","[c]","[c]","[c]"
"Leaver CS","2022","Security","FCDO Services","AA/AO","5","[c]","[c]","[c]"
"Leaver CS","2022","Security","FCDO Services","EO","[c]","[c]","[c]","[c]"
"Leaver CS","2022","Security","FCDO Services","G6/G7","[c]","[c]","[c]","[c]"
"Leaver CS","2022","Security","FCDO Services","SEO/HEO","10","[c]","[c]","[c]"
"Leaver CS","2022","Security","Foreign, Commonwealth and Development Office (excl. agencies)","SEO/HEO","[c]","[c]","[c]","[c]"
"Leaver CS","2022","Security","Government Actuary's Department","SEO/HEO","[c]","[c]","[c]","[c]"
"Leaver CS","2022","Security","HM Prison and Probation Service","AA/AO","[c]","[c]","[c]","[c]"
"Leaver CS","2022","Security","HM Prison and Probation Service","EO","[c]","[c]","[c]","[c]"
"Leaver CS","2022","Security","HM Prison and Probation Service","G6/G7","[c]","[c]","[c]","[c]"
"Leaver CS","2022","Security","HM Prison and Probation Service","SEO/HEO","5","[c]","[c]","[c]"
"Leaver CS","2022","Security","HM Prison and Probation Service","Unknown","[c]","[c]","[c]","[c]"
"Leaver CS","2022","Security","HM Revenue and Customs (excl. agencies)","G6/G7","[c]","[c]","[c]","[c]"
"Leaver CS","2022","Security","Ministry of Defence (excl. agencies)","AA/AO","495","[c]","28820","25540"
"Leaver CS","2022","Security","Ministry of Defence (excl. agencies)","EO","85","[c]","34920","31870"
"Leaver CS","2022","Security","Ministry of Defence (excl. agencies)","G6/G7","5","[c]","[c]","[c]"
"Leaver CS","2022","Security","Ministry of Defence (excl. agencies)","SEO/HEO","60","[c]","43490","40580"
"Leaver CS","2022","Security","National Crime Agency","AA/AO","[c]","[c]","[c]","[c]"
"Leaver CS","2022","Security","National Crime Agency","EO","[c]","[c]","[c]","[c]"
"Leaver CS","2022","Security","National Crime Agency","SEO/HEO","[c]","[c]","[c]","[c]"
"Leaver CS","2022","Security","Queen Elizabeth II Centre","SEO/HEO","[c]","[c]","[c]","[c]"
"Leaver CS","2022","Security","Registers of Scotland","SEO/HEO","[c]","[c]","[c]","[c]"
"Leaver CS","2022","Security","Submarine Delivery Agency","Unknown","5","[c]","[c]","[c]"
"Leaver CS","2022","Security","UK Debt Management Office","EO","[c]","[c]","[c]","[c]"
"Leaver CS","2022","Security","UK Statistics Authority","SEO/HEO","[c]","[c]","[c]","[c]"
"Leaver CS","2022","Unknown","Accountant in Bankruptcy","AA/AO","[c]","[c]","[c]","[c]"
"Leaver CS","2022","Unknown","Accountant in Bankruptcy","EO","[c]","[c]","[c]","[c]"
"Leaver CS","2022","Unknown","Animal and Plant Health Agency","AA/AO","5","[c]","[c]","[c]"
"Leaver CS","2022","Unknown","Animal and Plant Health Agency","EO","[c]","[c]","[c]","[c]"
"Leaver CS","2022","Unknown","Animal and Plant Health Agency","SEO/HEO","[c]","[c]","[c]","[c]"
"Leaver CS","2022","Unknown","Crown Commercial Service","SEO/HEO","[c]","[c]","[c]","[c]"
"Leaver CS","2022","Unknown","Crown Prosecution Service","AA/AO","[c]","[c]","[c]","[c]"
"Leaver CS","2022","Unknown","Crown Prosecution Service","G6/G7","[c]","[c]","[c]","[c]"
"Leaver CS","2022","Unknown","Defence Electronics and Components Agency","AA/AO","[c]","[c]","[c]","[c]"
"Leaver CS","2022","Unknown","Defence Electronics and Components Agency","EO","15","[c]","[c]","[c]"
"Leaver CS","2022","Unknown","Department for Work and Pensions (excl. agencies)","AA/AO","615","[c]","21470","21260"
"Leaver CS","2022","Unknown","Department for Work and Pensions (excl. agencies)","EO","560","[c]","27840","27570"
"Leaver CS","2022","Unknown","Department for Work and Pensions (excl. agencies)","G6/G7","40","[c]","60220","59590"
"Leaver CS","2022","Unknown","Department for Work and Pensions (excl. agencies)","SCS level","[c]","[c]","[c]","[c]"
"Leaver CS","2022","Unknown","Department for Work and Pensions (excl. agencies)","SEO/HEO","90","[c]","36330","35500"
"Leaver CS","2022","Unknown","Department of Health and Social Care (excl. agencies)","EO","[c]","[c]","[c]","[c]"
"Leaver CS","2022","Unknown","Department of Health and Social Care (excl. agencies)","G6/G7","[c]","[c]","[c]","[c]"
"Leaver CS","2022","Unknown","Department of Health and Social Care (excl. agencies)","SCS level","[c]","[c]","[c]","[c]"
"Leaver CS","2022","Unknown","Department of Health and Social Care (excl. agencies)","SEO/HEO","[c]","[c]","[c]","[c]"
"Leaver CS","2022","Unknown","Department of Health and Social Care (excl. agencies)","Unknown","60","[c]","[c]","[c]"
"Leaver CS","2022","Unknown","Disclosure Scotland","AA/AO","5","[c]","[c]","[c]"
"Leaver CS","2022","Unknown","Disclosure Scotland","EO","[c]","[c]","[c]","[c]"
"Leaver CS","2022","Unknown","Disclosure Scotland","G6/G7","[c]","[c]","[c]","[c]"
"Leaver CS","2022","Unknown","Driver and Vehicle Licensing Agency","AA/AO","[c]","[c]","[c]","[c]"
"Leaver CS","2022","Unknown","Driver and Vehicle Licensing Agency","EO","[c]","[c]","[c]","[c]"
"Leaver CS","2022","Unknown","Driver and Vehicle Licensing Agency","SEO/HEO","[c]","[c]","[c]","[c]"
"Leaver CS","2022","Unknown","Education Scotland","AA/AO","[c]","[c]","[c]","[c]"
"Leaver CS","2022","Unknown","Education Scotland","EO","[c]","[c]","[c]","[c]"
"Leaver CS","2022","Unknown","Education Scotland","G6/G7","20","[c]","70480","75340"
"Leaver CS","2022","Unknown","Education Scotland","SCS level","[c]","[c]","[c]","[c]"
"Leaver CS","2022","Unknown","Education Scotland","SEO/HEO","10","[c]","[c]","[c]"
"Leaver CS","2022","Unknown","FCDO Services","SCS level","[c]","[c]","[c]","[c]"
"Leaver CS","2022","Unknown","Food Standards Scotland","AA/AO","[c]","[c]","[c]","[c]"
"Leaver CS","2022","Unknown","Food Standards Scotland","EO","10","[c]","[c]","[c]"
"Leaver CS","2022","Unknown","Food Standards Scotland","SEO/HEO","10","[c]","40250","41810"
"Leaver CS","2022","Unknown","Foreign, Commonwealth and Development Office (excl. agencies)","AA/AO","55","[c]","[c]","[c]"
"Leaver CS","2022","Unknown","Foreign, Commonwealth and Development Office (excl. agencies)","EO","20","[c]","[c]","[c]"
"Leaver CS","2022","Unknown","Foreign, Commonwealth and Development Office (excl. agencies)","G6/G7","35","[c]","[c]","[c]"
"Leaver CS","2022","Unknown","Foreign, Commonwealth and Development Office (excl. agencies)","SCS level","20","[c]","[c]","[c]"
"Leaver CS","2022","Unknown","Foreign, Commonwealth and Development Office (excl. agencies)","SEO/HEO","70","[c]","[c]","[c]"
"Leaver CS","2022","Unknown","Forestry and Land Scotland","AA/AO","70","[c]","25660","25940"
"Leaver CS","2022","Unknown","Forestry and Land Scotland","EO","30","[c]","32080","31060"
"Leaver CS","2022","Unknown","Forestry and Land Scotland","G6/G7","[c]","[c]","[c]","[c]"
"Leaver CS","2022","Unknown","Forestry and Land Scotland","SEO/HEO","15","[c]","41920","39520"
"Leaver CS","2022","Unknown","Government Legal Department","G6/G7","[c]","[c]","[c]","[c]"
"Leaver CS","2022","Unknown","HM Revenue and Customs (excl. agencies)","AA/AO","2570","[c]","[c]","[c]"
"Leaver CS","2022","Unknown","HM Revenue and Customs (excl. agencies)","EO","855","[c]","[c]","[c]"
"Leaver CS","2022","Unknown","HM Revenue and Customs (excl. agencies)","G6/G7","290","[c]","[c]","[c]"
"Leaver CS","2022","Unknown","HM Revenue and Customs (excl. agencies)","SCS level","40","[c]","[c]","[c]"
"Leaver CS","2022","Unknown","HM Revenue and Customs (excl. agencies)","SEO/HEO","775","[c]","[c]","[c]"
"Leaver CS","2022","Unknown","HM Revenue and Customs (excl. agencies)","Unknown","5","[c]","[c]","[c]"
"Leaver CS","2022","Unknown","Home Office","AA/AO","570","[c]","21990","21680"
"Leaver CS","2022","Unknown","Home Office","EO","850","[c]","27470","27240"
"Leaver CS","2022","Unknown","Home Office","G6/G7","185","[c]","62130","60670"
"Leaver CS","2022","Unknown","Home Office","SCS level","25","[c]","98590","94380"
"Leaver CS","2022","Unknown","Home Office","SEO/HEO","450","[c]","37520","37190"
"Leaver CS","2022","Unknown","Home Office","Unknown","15","[c]","[c]","[c]"
"Leaver CS","2022","Unknown","Intellectual Property Office","AA/AO","[c]","[c]","[c]","[c]"
"Leaver CS","2022","Unknown","Intellectual Property Office","EO","5","[c]","[c]","[c]"
"Leaver CS","2022","Unknown","Intellectual Property Office","G6/G7","[c]","[c]","[c]","[c]"
"Leaver CS","2022","Unknown","Intellectual Property Office","SEO/HEO","[c]","[c]","[c]","[c]"
"Leaver CS","2022","Unknown","Ministry of Defence (excl. agencies)","AA/AO","895","[c]","21040","21130"
"Leaver CS","2022","Unknown","Ministry of Defence (excl. agencies)","EO","385","[c]","28330","27740"
"Leaver CS","2022","Unknown","Ministry of Defence (excl. agencies)","G6/G7","105","[c]","66810","64220"
"Leaver CS","2022","Unknown","Ministry of Defence (excl. agencies)","SCS level","10","[c]","92630","80160"
"Leaver CS","2022","Unknown","Ministry of Defence (excl. agencies)","SEO/HEO","450","[c]","38700","39030"
"Leaver CS","2022","Unknown","Ministry of Defence (excl. agencies)","Unknown","10","[c]","37600","32760"
"Leaver CS","2022","Unknown","National Records of Scotland","AA/AO","10","[c]","23090","23230"
"Leaver CS","2022","Unknown","National Records of Scotland","EO","10","[c]","27060","27230"
"Leaver CS","2022","Unknown","National Records of Scotland","G6/G7","5","[c]","[c]","[c]"
"Leaver CS","2022","Unknown","National Records of Scotland","SEO/HEO","10","[c]","39190","37890"
"Leaver CS","2022","Unknown","Office of the Scottish Charity Regulator","G6/G7","[c]","[c]","[c]","[c]"
"Leaver CS","2022","Unknown","Office of the Scottish Charity Regulator","SEO/HEO","[c]","[c]","[c]","[c]"
"Leaver CS","2022","Unknown","Office of the Secretary of State for Scotland (incl. Office of the Advocate General for Scotland)","G6/G7","[c]","[c]","[c]","[c]"
"Leaver CS","2022","Unknown","Office of the Secretary of State for Scotland (incl. Office of the Advocate General for Scotland)","SCS level","[c]","[c]","[c]","[c]"
"Leaver CS","2022","Unknown","Office of the Secretary of State for Scotland (incl. Office of the Advocate General for Scotland)","SEO/HEO","[c]","[c]","[c]","[c]"
"Leaver CS","2022","Unknown","Planning Inspectorate","AA/AO","15","[c]","19500","18290"
"Leaver CS","2022","Unknown","Planning Inspectorate","EO","[c]","[c]","[c]","[c]"
"Leaver CS","2022","Unknown","Planning Inspectorate","G6/G7","10","[c]","[c]","[c]"
"Leaver CS","2022","Unknown","Planning Inspectorate","SEO/HEO","[c]","[c]","[c]","[c]"
"Leaver CS","2022","Unknown","Revenue Scotland","AA/AO","[c]","[c]","[c]","[c]"
"Leaver CS","2022","Unknown","Revenue Scotland","G6/G7","[c]","[c]","[c]","[c]"
"Leaver CS","2022","Unknown","Revenue Scotland","SEO/HEO","[c]","[c]","[c]","[c]"
"Leaver CS","2022","Unknown","Royal Fleet Auxiliary","Unknown","235","[c]","36010","33270"
"Leaver CS","2022","Unknown","Scottish Forestry","AA/AO","[c]","[c]","[c]","[c]"
"Leaver CS","2022","Unknown","Scottish Forestry","EO","5","[c]","[c]","[c]"
"Leaver CS","2022","Unknown","Scottish Forestry","G6/G7","[c]","[c]","[c]","[c]"
"Leaver CS","2022","Unknown","Scottish Forestry","SEO/HEO","10","[c]","44580","47250"
"Leaver CS","2022","Unknown","Scottish Government (excl. agencies)","AA/AO","90","[c]","24750","23230"
"Leaver CS","2022","Unknown","Scottish Government (excl. agencies)","EO","65","[c]","28570","27940"
"Leaver CS","2022","Unknown","Scottish Government (excl. agencies)","G6/G7","75","[c]","65710","62170"
"Leaver CS","2022","Unknown","Scottish Government (excl. agencies)","SCS level","20","[c]","95150","88280"
"Leaver CS","2022","Unknown","Scottish Government (excl. agencies)","SEO/HEO","170","[c]","39510","39660"
"Leaver CS","2022","Unknown","Scottish Housing Regulator","EO","[c]","[c]","[c]","[c]"
"Leaver CS","2022","Unknown","Scottish Housing Regulator","G6/G7","[c]","[c]","[c]","[c]"
"Leaver CS","2022","Unknown","Scottish Housing Regulator","SEO/HEO","[c]","[c]","[c]","[c]"
"Leaver CS","2022","Unknown","Scottish Prison Service","AA/AO","[c]","[c]","[c]","[c]"
"Leaver CS","2022","Unknown","Scottish Prison Service","G6/G7","[c]","[c]","[c]","[c]"
"Leaver CS","2022","Unknown","Scottish Prison Service","SEO/HEO","[c]","[c]","[c]","[c]"
"Leaver CS","2022","Unknown","Scottish Public Pensions Agency","AA/AO","5","[c]","[c]","[c]"
"Leaver CS","2022","Unknown","Scottish Public Pensions Agency","EO","5","[c]","[c]","[c]"
"Leaver CS","2022","Unknown","Scottish Public Pensions Agency","G6/G7","[c]","[c]","[c]","[c]"
"Leaver CS","2022","Unknown","Scottish Public Pensions Agency","SEO/HEO","[c]","[c]","[c]","[c]"
"Leaver CS","2022","Unknown","Social Security Scotland","AA/AO","20","[c]","22030","22140"
"Leaver CS","2022","Unknown","Social Security Scotland","EO","15","[c]","28230","27940"
"Leaver CS","2022","Unknown","Social Security Scotland","G6/G7","[c]","[c]","[c]","[c]"
"Leaver CS","2022","Unknown","Social Security Scotland","SEO/HEO","[c]","[c]","[c]","[c]"
"Leaver CS","2022","Unknown","Student Awards Agency for Scotland","AA/AO","20","[c]","21510","21050"
"Leaver CS","2022","Unknown","Student Awards Agency for Scotland","EO","[c]","[c]","[c]","[c]"
"Leaver CS","2022","Unknown","Student Awards Agency for Scotland","G6/G7","[c]","[c]","[c]","[c]"
"Leaver CS","2022","Unknown","Student Awards Agency for Scotland","SEO/HEO","5","[c]","[c]","[c]"
"Leaver CS","2022","Unknown","Transport Scotland","AA/AO","[c]","[c]","[c]","[c]"
"Leaver CS","2022","Unknown","Transport Scotland","G6/G7","[c]","[c]","[c]","[c]"
"Leaver CS","2022","Unknown","Transport Scotland","SEO/HEO","10","[c]","40800","39660"
"Leaver CS","2022","Unknown","UK Space Agency","Unknown","30","[c]","[c]","[c]"
"Leaver CS","2022","Unknown","Veterinary Medicines Directorate","AA/AO","[c]","[c]","[c]","[c]"
"Leaver CS","2022","Unknown","Veterinary Medicines Directorate","EO","[c]","[c]","[c]","[c]"
"Leaver CS","2022","Unknown","Veterinary Medicines Directorate","G6/G7","5","[c]","[c]","[c]"
"Leaver CS","2022","Unknown","Veterinary Medicines Directorate","SCS level","[c]","[c]","[c]","[c]"
"Leaver CS","2022","Unknown","Veterinary Medicines Directorate","SEO/HEO","5","[c]","[c]","[c]"
"Leaver CS","2022","Unknown","Welsh Government (excl. agencies)","AA/AO","60","[c]","23140","23830"
"Leaver CS","2022","Unknown","Welsh Government (excl. agencies)","EO","35","[c]","28410","28850"
"Leaver CS","2022","Unknown","Welsh Government (excl. agencies)","G6/G7","40","[c]","63850","61070"
"Leaver CS","2022","Unknown","Welsh Government (excl. agencies)","SCS level","20","[c]","101050","101020"
"Leaver CS","2022","Unknown","Welsh Government (excl. agencies)","SEO/HEO","95","[c]","39600","38160"
"Leaver CS","2022","Unknown","Welsh Revenue Authority","AA/AO","[c]","[c]","[c]","[c]"
"Leaver Dept.","2022","Analysis","Advisory, Conciliation and Arbitration Service","G6/G7","[c]","[c]","[c]","[c]"
"Leaver Dept.","2022","Analysis","Advisory, Conciliation and Arbitration Service","SEO/HEO","[c]","[c]","[c]","[c]"
"Leaver Dept.","2022","Analysis","Cabinet Office (excl. agencies)","EO","[c]","[c]","[c]","[c]"
"Leaver Dept.","2022","Analysis","Cabinet Office (excl. agencies)","G6/G7","[c]","[c]","[c]","[c]"
"Leaver Dept.","2022","Analysis","Cabinet Office (excl. agencies)","SCS level","[c]","[c]","[c]","[c]"
"Leaver Dept.","2022","Analysis","Cabinet Office (excl. agencies)","SEO/HEO","[c]","[c]","[c]","[c]"
"Leaver Dept.","2022","Analysis","Centre for Environment, Fisheries and Aquaculture Science","AA/AO","[c]","[c]","[c]","[c]"
"Leaver Dept.","2022","Analysis","Centre for Environment, Fisheries and Aquaculture Science","G6/G7","[c]","[c]","[c]","[c]"
"Leaver Dept.","2022","Analysis","Centre for Environment, Fisheries and Aquaculture Science","SEO/HEO","[c]","[c]","[c]","[c]"
"Leaver Dept.","2022","Analysis","Companies House","SEO/HEO","[c]","[c]","[c]","[c]"
"Leaver Dept.","2022","Analysis","Competition and Markets Authority","EO","[c]","[c]","[c]","[c]"
"Leaver Dept.","2022","Analysis","Competition and Markets Authority","G6/G7","[c]","[c]","[c]","[c]"
"Leaver Dept.","2022","Analysis","Competition and Markets Authority","SEO/HEO","[c]","[c]","[c]","[c]"
"Leaver Dept.","2022","Analysis","Defence Science and Technology Laboratory","G6/G7","5","[c]","[c]","[c]"
"Leaver Dept.","2022","Analysis","Defence Science and Technology Laboratory","SEO/HEO","10","[c]","[c]","[c]"
"Leaver Dept.","2022","Analysis","Department for Business, Energy and Industrial Strategy (excl. agencies)","EO","[c]","[c]","[c]","[c]"
"Leaver Dept.","2022","Analysis","Department for Business, Energy and Industrial Strategy (excl. agencies)","G6/G7","10","[c]","54780","53600"
"Leaver Dept.","2022","Analysis","Department for Business, Energy and Industrial Strategy (excl. agencies)","SCS level","[c]","[c]","[c]","[c]"
"Leaver Dept.","2022","Analysis","Department for Business, Energy and Industrial Strategy (excl. agencies)","SEO/HEO","20","[c]","31960","29840"
"Leaver Dept.","2022","Analysis","Department for Digital, Culture, Media and Sport","G6/G7","5","[c]","[c]","[c]"
"Leaver Dept.","2022","Analysis","Department for Digital, Culture, Media and Sport","SCS level","[c]","[c]","[c]","[c]"
"Leaver Dept.","2022","Analysis","Department for Digital, Culture, Media and Sport","SEO/HEO","10","[c]","38210","38150"
"Leaver Dept.","2022","Analysis","Department for Digital, Culture, Media and Sport","Unknown","[c]","[c]","[c]","[c]"
"Leaver Dept.","2022","Analysis","Department for Education (excl. agencies)","G6/G7","5","[c]","[c]","[c]"
"Leaver Dept.","2022","Analysis","Department for Education (excl. agencies)","SCS level","[c]","[c]","[c]","[c]"
"Leaver Dept.","2022","Analysis","Department for Education (excl. agencies)","SEO/HEO","25","[c]","41510","42220"
"Leaver Dept.","2022","Analysis","Department for International Trade","G6/G7","10","[c]","[c]","[c]"
"Leaver Dept.","2022","Analysis","Department for International Trade","SEO/HEO","15","[c]","[c]","[c]"
"Leaver Dept.","2022","Analysis","Department for Levelling Up, Housing and Communities (excl. agencies)","AA/AO","[c]","[c]","[c]","[c]"
"Leaver Dept.","2022","Analysis","Department for Levelling Up, Housing and Communities (excl. agencies)","G6/G7","15","[c]","56830","53130"
"Leaver Dept.","2022","Analysis","Department for Levelling Up, Housing and Communities (excl. agencies)","SCS level","[c]","[c]","[c]","[c]"
"Leaver Dept.","2022","Analysis","Department for Levelling Up, Housing and Communities (excl. agencies)","SEO/HEO","30","[c]","35760","34680"
"Leaver Dept.","2022","Analysis","Department for Transport (excl. agencies)","SEO/HEO","[c]","[c]","[c]","[c]"
"Leaver Dept.","2022","Analysis","Department for Work and Pensions (excl. agencies)","G6/G7","10","[c]","55860","52150"
"Leaver Dept.","2022","Analysis","Department for Work and Pensions (excl. agencies)","SEO/HEO","20","[c]","37560","37380"
"Leaver Dept.","2022","Analysis","Department of Health and Social Care (excl. agencies)","AA/AO","[c]","[c]","[c]","[c]"
"Leaver Dept.","2022","Analysis","Department of Health and Social Care (excl. agencies)","EO","[c]","[c]","[c]","[c]"
"Leaver Dept.","2022","Analysis","Department of Health and Social Care (excl. agencies)","G6/G7","100","[c]","[c]","[c]"
"Leaver Dept.","2022","Analysis","Department of Health and Social Care (excl. agencies)","SCS level","[c]","[c]","[c]","[c]"
"Leaver Dept.","2022","Analysis","Department of Health and Social Care (excl. agencies)","SEO/HEO","30","[c]","[c]","[c]"
"Leaver Dept.","2022","Analysis","Driver and Vehicle Licensing Agency","SEO/HEO","[c]","[c]","[c]","[c]"
"Leaver Dept.","2022","Analysis","Driver and Vehicle Standards Agency","EO","[c]","[c]","[c]","[c]"
"Leaver Dept.","2022","Analysis","Estyn","SEO/HEO","[c]","[c]","[c]","[c]"
"Leaver Dept.","2022","Analysis","Food Standards Agency","G6/G7","[c]","[c]","[c]","[c]"
"Leaver Dept.","2022","Analysis","Food Standards Agency","SEO/HEO","5","[c]","[c]","[c]"
"Leaver Dept.","2022","Analysis","Government Actuary's Department","AA/AO","[c]","[c]","[c]","[c]"
"Leaver Dept.","2022","Analysis","Government Actuary's Department","EO","[c]","[c]","[c]","[c]"
"Leaver Dept.","2022","Analysis","Health and Safety Executive","SEO/HEO","[c]","[c]","[c]","[c]"
"Leaver Dept.","2022","Analysis","HM Revenue and Customs (excl. agencies)","SEO/HEO","[c]","[c]","[c]","[c]"
"Leaver Dept.","2022","Analysis","HM Treasury (excl. agencies)","EO","[c]","[c]","[c]","[c]"
"Leaver Dept.","2022","Analysis","HM Treasury (excl. agencies)","G6/G7","5","[c]","[c]","[c]"
"Leaver Dept.","2022","Analysis","HM Treasury (excl. agencies)","SEO/HEO","10","[c]","[c]","[c]"
"Leaver Dept.","2022","Analysis","Intellectual Property Office","G6/G7","[c]","[c]","[c]","[c]"
"Leaver Dept.","2022","Analysis","Intellectual Property Office","SEO/HEO","[c]","[c]","[c]","[c]"
"Leaver Dept.","2022","Analysis","Ministry of Defence (excl. agencies)","EO","5","[c]","[c]","[c]"
"Leaver Dept.","2022","Analysis","Ministry of Defence (excl. agencies)","G6/G7","[c]","[c]","[c]","[c]"
"Leaver Dept.","2022","Analysis","Ministry of Defence (excl. agencies)","SEO/HEO","15","[c]","42850","43290"
"Leaver Dept.","2022","Analysis","National Infrastructure Commission","EO","[c]","[c]","[c]","[c]"
"Leaver Dept.","2022","Analysis","National Infrastructure Commission","G6/G7","[c]","[c]","[c]","[c]"
"Leaver Dept.","2022","Analysis","National Infrastructure Commission","SEO/HEO","[c]","[c]","[c]","[c]"
"Leaver Dept.","2022","Analysis","Office for Budget Responsibility","G6/G7","[c]","[c]","[c]","[c]"
"Leaver Dept.","2022","Analysis","Office for Budget Responsibility","SEO/HEO","[c]","[c]","[c]","[c]"
"Leaver Dept.","2022","Analysis","Office for Standards in Education, Children's Services and Skills","EO","[c]","[c]","[c]","[c]"
"Leaver Dept.","2022","Analysis","Office for Standards in Education, Children's Services and Skills","G6/G7","[c]","[c]","[c]","[c]"
"Leaver Dept.","2022","Analysis","Office for Standards in Education, Children's Services and Skills","SEO/HEO","10","[c]","[c]","[c]"
"Leaver Dept.","2022","Analysis","Office of Gas and Electricity Markets","EO","[c]","[c]","[c]","[c]"
"Leaver Dept.","2022","Analysis","Office of Gas and Electricity Markets","G6/G7","[c]","[c]","[c]","[c]"
"Leaver Dept.","2022","Analysis","Office of Gas and Electricity Markets","SEO/HEO","[c]","[c]","[c]","[c]"
"Leaver Dept.","2022","Analysis","Office of Rail and Road","G6/G7","[c]","[c]","[c]","[c]"
"Leaver Dept.","2022","Analysis","Office of Rail and Road","SEO/HEO","[c]","[c]","[c]","[c]"
"Leaver Dept.","2022","Analysis","Planning Inspectorate","G6/G7","[c]","[c]","[c]","[c]"
"Leaver Dept.","2022","Analysis","Rural Payments Agency","EO","[c]","[c]","[c]","[c]"
"Leaver Dept.","2022","Analysis","Rural Payments Agency","SEO/HEO","[c]","[c]","[c]","[c]"
"Leaver Dept.","2022","Analysis","The Insolvency Service","G6/G7","[c]","[c]","[c]","[c]"
"Leaver Dept.","2022","Analysis","The Insolvency Service","SEO/HEO","[c]","[c]","[c]","[c]"
"Leaver Dept.","2022","Analysis","UK Export Finance","SEO/HEO","[c]","[c]","[c]","[c]"
"Leaver Dept.","2022","Analysis","UK Statistics Authority","EO","10","[c]","[c]","[c]"
"Leaver Dept.","2022","Analysis","UK Statistics Authority","G6/G7","10","[c]","52080","50710"
"Leaver Dept.","2022","Analysis","UK Statistics Authority","SCS level","[c]","[c]","[c]","[c]"
"Leaver Dept.","2022","Analysis","UK Statistics Authority","SEO/HEO","65","[c]","32650","30710"
"Leaver Dept.","2022","Analysis","Valuation Office Agency","SCS level","[c]","[c]","[c]","[c]"
"Leaver Dept.","2022","Analysis","Valuation Office Agency","SEO/HEO","[c]","[c]","[c]","[c]"
"Leaver Dept.","2022","Analysis","Water Services Regulation Authority","SEO/HEO","[c]","[c]","[c]","[c]"
"Leaver Dept.","2022","Commercial","Animal and Plant Health Agency","AA/AO","[c]","[c]","[c]","[c]"
"Leaver Dept.","2022","Commercial","Cabinet Office (excl. agencies)","AA/AO","[c]","[c]","[c]","[c]"
"Leaver Dept.","2022","Commercial","Cabinet Office (excl. agencies)","EO","[c]","[c]","[c]","[c]"
"Leaver Dept.","2022","Commercial","Cabinet Office (excl. agencies)","G6/G7","25","[c]","60400","55300"
"Leaver Dept.","2022","Commercial","Cabinet Office (excl. agencies)","SCS level","[c]","[c]","[c]","[c]"
"Leaver Dept.","2022","Commercial","Cabinet Office (excl. agencies)","SEO/HEO","10","[c]","36320","35280"
"Leaver Dept.","2022","Commercial","Centre for Environment, Fisheries and Aquaculture Science","SEO/HEO","[c]","[c]","[c]","[c]"
"Leaver Dept.","2022","Commercial","Companies House","SEO/HEO","[c]","[c]","[c]","[c]"
"Leaver Dept.","2022","Commercial","Crown Commercial Service","G6/G7","10","[c]","[c]","[c]"
"Leaver Dept.","2022","Commercial","Crown Commercial Service","SCS level","[c]","[c]","[c]","[c]"
"Leaver Dept.","2022","Commercial","Crown Commercial Service","SEO/HEO","10","[c]","36520","38980"
"Leaver Dept.","2022","Commercial","Crown Prosecution Service","SEO/HEO","[c]","[c]","[c]","[c]"
"Leaver Dept.","2022","Commercial","Defence Equipment and Support","EO","[c]","[c]","[c]","[c]"
"Leaver Dept.","2022","Commercial","Defence Equipment and Support","G6/G7","[c]","[c]","[c]","[c]"
"Leaver Dept.","2022","Commercial","Defence Equipment and Support","SCS level","[c]","[c]","[c]","[c]"
"Leaver Dept.","2022","Commercial","Defence Equipment and Support","SEO/HEO","10","[c]","34500","33080"
"Leaver Dept.","2022","Commercial","Defence Science and Technology Laboratory","EO","[c]","[c]","[c]","[c]"
"Leaver Dept.","2022","Commercial","Defence Science and Technology Laboratory","SEO/HEO","[c]","[c]","[c]","[c]"
"Leaver Dept.","2022","Commercial","Department for Business, Energy and Industrial Strategy (excl. agencies)","G6/G7","[c]","[c]","[c]","[c]"
"Leaver Dept.","2022","Commercial","Department for Business, Energy and Industrial Strategy (excl. agencies)","SEO/HEO","[c]","[c]","[c]","[c]"
"Leaver Dept.","2022","Commercial","Department for Digital, Culture, Media and Sport","G6/G7","[c]","[c]","[c]","[c]"
"Leaver Dept.","2022","Commercial","Department for Education (excl. agencies)","EO","[c]","[c]","[c]","[c]"
"Leaver Dept.","2022","Commercial","Department for Education (excl. agencies)","G6/G7","[c]","[c]","[c]","[c]"
"Leaver Dept.","2022","Commercial","Department for Education (excl. agencies)","SEO/HEO","10","[c]","37190","36780"
"Leaver Dept.","2022","Commercial","Department for Environment, Food and Rural Affairs (excl. agencies)","G6/G7","[c]","[c]","[c]","[c]"
"Leaver Dept.","2022","Commercial","Department for Environment, Food and Rural Affairs (excl. agencies)","SCS level","[c]","[c]","[c]","[c]"
"Leaver Dept.","2022","Commercial","Department for Environment, Food and Rural Affairs (excl. agencies)","SEO/HEO","[c]","[c]","[c]","[c]"
"Leaver Dept.","2022","Commercial","Department for International Trade","SEO/HEO","[c]","[c]","[c]","[c]"
"Leaver Dept.","2022","Commercial","Department for Levelling Up, Housing and Communities (excl. agencies)","SEO/HEO","[c]","[c]","[c]","[c]"
"Leaver Dept.","2022","Commercial","Department of Health and Social Care (excl. agencies)","EO","[c]","[c]","[c]","[c]"
"Leaver Dept.","2022","Commercial","Department of Health and Social Care (excl. agencies)","G6/G7","20","[c]","[c]","[c]"
"Leaver Dept.","2022","Commercial","Department of Health and Social Care (excl. agencies)","SCS level","25","[c]","[c]","[c]"
"Leaver Dept.","2022","Commercial","Department of Health and Social Care (excl. agencies)","SEO/HEO","115","[c]","[c]","[c]"
"Leaver Dept.","2022","Commercial","Driver and Vehicle Licensing Agency","EO","[c]","[c]","[c]","[c]"
"Leaver Dept.","2022","Commercial","Driver and Vehicle Licensing Agency","SEO/HEO","5","[c]","[c]","[c]"
"Leaver Dept.","2022","Commercial","Driver and Vehicle Standards Agency","G6/G7","[c]","[c]","[c]","[c]"
"Leaver Dept.","2022","Commercial","Foreign, Commonwealth and Development Office (excl. agencies)","EO","[c]","[c]","[c]","[c]"
"Leaver Dept.","2022","Commercial","Foreign, Commonwealth and Development Office (excl. agencies)","G6/G7","[c]","[c]","[c]","[c]"
"Leaver Dept.","2022","Commercial","Foreign, Commonwealth and Development Office (excl. agencies)","SEO/HEO","10","[c]","[c]","[c]"
"Leaver Dept.","2022","Commercial","HM Treasury (excl. agencies)","G6/G7","[c]","[c]","[c]","[c]"
"Leaver Dept.","2022","Commercial","HM Treasury (excl. agencies)","SEO/HEO","[c]","[c]","[c]","[c]"
"Leaver Dept.","2022","Commercial","Institute for Apprenticeships and Technical Education","SEO/HEO","[c]","[c]","[c]","[c]"
"Leaver Dept.","2022","Commercial","Met Office","SEO/HEO","[c]","[c]","[c]","[c]"
"Leaver Dept.","2022","Commercial","Ministry of Defence (excl. agencies)","AA/AO","[c]","[c]","[c]","[c]"
"Leaver Dept.","2022","Commercial","Ministry of Defence (excl. agencies)","EO","10","[c]","[c]","[c]"
"Leaver Dept.","2022","Commercial","Ministry of Defence (excl. agencies)","G6/G7","[c]","[c]","[c]","[c]"
"Leaver Dept.","2022","Commercial","Ministry of Defence (excl. agencies)","SEO/HEO","25","[c]","39480","40580"
"Leaver Dept.","2022","Commercial","National Crime Agency","G6/G7","[c]","[c]","[c]","[c]"
"Leaver Dept.","2022","Commercial","Planning Inspectorate","SEO/HEO","[c]","[c]","[c]","[c]"
"Leaver Dept.","2022","Commercial","Public Health England","AA/AO","[c]","[c]","[c]","[c]"
"Leaver Dept.","2022","Commercial","Public Health England","EO","15","[c]","26590","27520"
"Leaver Dept.","2022","Commercial","Public Health England","G6/G7","40","[c]","60530","55910"
"Leaver Dept.","2022","Commercial","Public Health England","SCS level","[c]","[c]","[c]","[c]"
"Leaver Dept.","2022","Commercial","Public Health England","SEO/HEO","25","[c]","38390","39740"
"Leaver Dept.","2022","Commercial","Queen Elizabeth II Centre","EO","[c]","[c]","[c]","[c]"
"Leaver Dept.","2022","Commercial","Registers of Scotland","SEO/HEO","[c]","[c]","[c]","[c]"
"Leaver Dept.","2022","Commercial","Scottish Courts and Tribunals Service","G6/G7","[c]","[c]","[c]","[c]"
"Leaver Dept.","2022","Commercial","Submarine Delivery Agency","Unknown","[c]","[c]","[c]","[c]"
"Leaver Dept.","2022","Commercial","The Insolvency Service","EO","[c]","[c]","[c]","[c]"
"Leaver Dept.","2022","Commercial","The Insolvency Service","G6/G7","[c]","[c]","[c]","[c]"
"Leaver Dept.","2022","Commercial","The Insolvency Service","SEO/HEO","[c]","[c]","[c]","[c]"
"Leaver Dept.","2022","Commercial","UK Export Finance","G6/G7","[c]","[c]","[c]","[c]"
"Leaver Dept.","2022","Commercial","UK Export Finance","SEO/HEO","[c]","[c]","[c]","[c]"
"Leaver Dept.","2022","Commercial","UK Health Security Agency","G6/G7","[c]","[c]","[c]","[c]"
"Leaver Dept.","2022","Commercial","UK Hydrographic Office","SEO/HEO","[c]","[c]","[c]","[c]"
"Leaver Dept.","2022","Commercial","UK Statistics Authority","SEO/HEO","[c]","[c]","[c]","[c]"
"Leaver Dept.","2022","Communications","Attorney General's Office","EO","[c]","[c]","[c]","[c]"
"Leaver Dept.","2022","Communications","Attorney General's Office","SEO/HEO","[c]","[c]","[c]","[c]"
"Leaver Dept.","2022","Communications","Cabinet Office (excl. agencies)","AA/AO","[c]","[c]","[c]","[c]"
"Leaver Dept.","2022","Communications","Cabinet Office (excl. agencies)","EO","10","[c]","[c]","[c]"
"Leaver Dept.","2022","Communications","Cabinet Office (excl. agencies)","G6/G7","20","[c]","59930","57070"
"Leaver Dept.","2022","Communications","Cabinet Office (excl. agencies)","SCS level","[c]","[c]","[c]","[c]"
"Leaver Dept.","2022","Communications","Cabinet Office (excl. agencies)","SEO/HEO","35","[c]","37640","37300"
"Leaver Dept.","2022","Communications","Centre for Environment, Fisheries and Aquaculture Science","SEO/HEO","[c]","[c]","[c]","[c]"
"Leaver Dept.","2022","Communications","Charity Commission","SEO/HEO","[c]","[c]","[c]","[c]"
"Leaver Dept.","2022","Communications","Companies House","SEO/HEO","[c]","[c]","[c]","[c]"
"Leaver Dept.","2022","Communications","Competition and Markets Authority","AA/AO","[c]","[c]","[c]","[c]"
"Leaver Dept.","2022","Communications","Competition and Markets Authority","EO","[c]","[c]","[c]","[c]"
"Leaver Dept.","2022","Communications","Competition and Markets Authority","SEO/HEO","[c]","[c]","[c]","[c]"
"Leaver Dept.","2022","Communications","Crown Commercial Service","SCS level","[c]","[c]","[c]","[c]"
"Leaver Dept.","2022","Communications","Crown Commercial Service","SEO/HEO","[c]","[c]","[c]","[c]"
"Leaver Dept.","2022","Communications","Crown Prosecution Service","SEO/HEO","[c]","[c]","[c]","[c]"
"Leaver Dept.","2022","Communications","Defence Science and Technology Laboratory","SEO/HEO","[c]","[c]","[c]","[c]"
"Leaver Dept.","2022","Communications","Department for Business, Energy and Industrial Strategy (excl. agencies)","AA/AO","[c]","[c]","[c]","[c]"
"Leaver Dept.","2022","Communications","Department for Business, Energy and Industrial Strategy (excl. agencies)","G6/G7","5","[c]","[c]","[c]"
"Leaver Dept.","2022","Communications","Department for Business, Energy and Industrial Strategy (excl. agencies)","SCS level","[c]","[c]","[c]","[c]"
"Leaver Dept.","2022","Communications","Department for Business, Energy and Industrial Strategy (excl. agencies)","SEO/HEO","10","[c]","[c]","[c]"
"Leaver Dept.","2022","Communications","Department for Digital, Culture, Media and Sport","G6/G7","[c]","[c]","[c]","[c]"
"Leaver Dept.","2022","Communications","Department for Digital, Culture, Media and Sport","SEO/HEO","[c]","[c]","[c]","[c]"
"Leaver Dept.","2022","Communications","Department for Education (excl. agencies)","AA/AO","[c]","[c]","[c]","[c]"
"Leaver Dept.","2022","Communications","Department for Education (excl. agencies)","EO","10","[c]","[c]","[c]"
"Leaver Dept.","2022","Communications","Department for Education (excl. agencies)","SEO/HEO","5","[c]","[c]","[c]"
"Leaver Dept.","2022","Communications","Department for Environment, Food and Rural Affairs (excl. agencies)","AA/AO","[c]","[c]","[c]","[c]"
"Leaver Dept.","2022","Communications","Department for Environment, Food and Rural Affairs (excl. agencies)","EO","[c]","[c]","[c]","[c]"
"Leaver Dept.","2022","Communications","Department for Environment, Food and Rural Affairs (excl. agencies)","G6/G7","[c]","[c]","[c]","[c]"
"Leaver Dept.","2022","Communications","Department for Environment, Food and Rural Affairs (excl. agencies)","SEO/HEO","15","[c]","[c]","[c]"
"Leaver Dept.","2022","Communications","Department for International Trade","G6/G7","5","[c]","[c]","[c]"
"Leaver Dept.","2022","Communications","Department for International Trade","SCS level","[c]","[c]","[c]","[c]"
"Leaver Dept.","2022","Communications","Department for International Trade","SEO/HEO","15","[c]","[c]","[c]"
"Leaver Dept.","2022","Communications","Department for Levelling Up, Housing and Communities (excl. agencies)","EO","[c]","[c]","[c]","[c]"
"Leaver Dept.","2022","Communications","Department for Levelling Up, Housing and Communities (excl. agencies)","G6/G7","[c]","[c]","[c]","[c]"
"Leaver Dept.","2022","Communications","Department for Levelling Up, Housing and Communities (excl. agencies)","SEO/HEO","[c]","[c]","[c]","[c]"
"Leaver Dept.","2022","Communications","Department for Transport (excl. agencies)","SEO/HEO","[c]","[c]","[c]","[c]"
"Leaver Dept.","2022","Communications","Department for Work and Pensions (excl. agencies)","EO","[c]","[c]","[c]","[c]"
"Leaver Dept.","2022","Communications","Department for Work and Pensions (excl. agencies)","G6/G7","[c]","[c]","[c]","[c]"
"Leaver Dept.","2022","Communications","Department for Work and Pensions (excl. agencies)","SCS level","[c]","[c]","[c]","[c]"
"Leaver Dept.","2022","Communications","Department for Work and Pensions (excl. agencies)","SEO/HEO","10","[c]","41670","40840"
"Leaver Dept.","2022","Communications","Department of Health and Social Care (excl. agencies)","AA/AO","[c]","[c]","[c]","[c]"
"Leaver Dept.","2022","Communications","Department of Health and Social Care (excl. agencies)","EO","30","[c]","[c]","[c]"
"Leaver Dept.","2022","Communications","Department of Health and Social Care (excl. agencies)","G6/G7","70","[c]","[c]","[c]"
"Leaver Dept.","2022","Communications","Department of Health and Social Care (excl. agencies)","SCS level","5","[c]","[c]","[c]"
"Leaver Dept.","2022","Communications","Department of Health and Social Care (excl. agencies)","SEO/HEO","10","[c]","[c]","[c]"
"Leaver Dept.","2022","Communications","Driver and Vehicle Licensing Agency","SEO/HEO","[c]","[c]","[c]","[c]"
"Leaver Dept.","2022","Communications","Driver and Vehicle Standards Agency","EO","[c]","[c]","[c]","[c]"
"Leaver Dept.","2022","Communications","Driver and Vehicle Standards Agency","SEO/HEO","[c]","[c]","[c]","[c]"
"Leaver Dept.","2022","Communications","Food Standards Agency","SEO/HEO","[c]","[c]","[c]","[c]"
"Leaver Dept.","2022","Communications","Foreign, Commonwealth and Development Office (excl. agencies)","AA/AO","[c]","[c]","[c]","[c]"
"Leaver Dept.","2022","Communications","Foreign, Commonwealth and Development Office (excl. agencies)","SEO/HEO","[c]","[c]","[c]","[c]"
"Leaver Dept.","2022","Communications","Government Internal Audit Agency","AA/AO","[c]","[c]","[c]","[c]"
"Leaver Dept.","2022","Communications","Government Internal Audit Agency","G6/G7","[c]","[c]","[c]","[c]"
"Leaver Dept.","2022","Communications","Government Legal Department","SCS level","[c]","[c]","[c]","[c]"
"Leaver Dept.","2022","Communications","Government Legal Department","SEO/HEO","[c]","[c]","[c]","[c]"
"Leaver Dept.","2022","Communications","Health and Safety Executive","SEO/HEO","[c]","[c]","[c]","[c]"
"Leaver Dept.","2022","Communications","HM Revenue and Customs (excl. agencies)","EO","[c]","[c]","[c]","[c]"
"Leaver Dept.","2022","Communications","HM Revenue and Customs (excl. agencies)","SEO/HEO","[c]","[c]","[c]","[c]"
"Leaver Dept.","2022","Communications","HM Treasury (excl. agencies)","EO","[c]","[c]","[c]","[c]"
"Leaver Dept.","2022","Communications","HM Treasury (excl. agencies)","G6/G7","[c]","[c]","[c]","[c]"
"Leaver Dept.","2022","Communications","HM Treasury (excl. agencies)","SCS level","[c]","[c]","[c]","[c]"
"Leaver Dept.","2022","Communications","HM Treasury (excl. agencies)","SEO/HEO","[c]","[c]","[c]","[c]"
"Leaver Dept.","2022","Communications","Medicines and Healthcare Products Regulatory Agency","SEO/HEO","[c]","[c]","[c]","[c]"
"Leaver Dept.","2022","Communications","Ministry of Defence (excl. agencies)","EO","[c]","[c]","[c]","[c]"
"Leaver Dept.","2022","Communications","Ministry of Defence (excl. agencies)","G6/G7","[c]","[c]","[c]","[c]"
"Leaver Dept.","2022","Communications","Ministry of Defence (excl. agencies)","SEO/HEO","10","[c]","[c]","[c]"
"Leaver Dept.","2022","Communications","National Crime Agency","EO","[c]","[c]","[c]","[c]"
"Leaver Dept.","2022","Communications","National Crime Agency","SEO/HEO","[c]","[c]","[c]","[c]"
"Leaver Dept.","2022","Communications","Northern Ireland Office","G6/G7","[c]","[c]","[c]","[c]"
"Leaver Dept.","2022","Communications","Northern Ireland Office","SCS level","[c]","[c]","[c]","[c]"
"Leaver Dept.","2022","Communications","Office for Standards in Education, Children's Services and Skills","SEO/HEO","[c]","[c]","[c]","[c]"
"Leaver Dept.","2022","Communications","Office of Gas and Electricity Markets","EO","[c]","[c]","[c]","[c]"
"Leaver Dept.","2022","Communications","Office of Gas and Electricity Markets","SEO/HEO","[c]","[c]","[c]","[c]"
"Leaver Dept.","2022","Communications","Office of Qualifications and Examinations Regulation","G6/G7","[c]","[c]","[c]","[c]"
"Leaver Dept.","2022","Communications","Office of Qualifications and Examinations Regulation","SEO/HEO","[c]","[c]","[c]","[c]"
"Leaver Dept.","2022","Communications","Office of the Secretary of State for Wales","SEO/HEO","[c]","[c]","[c]","[c]"
"Leaver Dept.","2022","Communications","Planning Inspectorate","EO","[c]","[c]","[c]","[c]"
"Leaver Dept.","2022","Communications","Public Health England","AA/AO","10","[c]","[c]","[c]"
"Leaver Dept.","2022","Communications","Public Health England","EO","[c]","[c]","[c]","[c]"
"Leaver Dept.","2022","Communications","Public Health England","G6/G7","25","[c]","58840","57340"
"Leaver Dept.","2022","Communications","Public Health England","SCS level","[c]","[c]","[c]","[c]"
"Leaver Dept.","2022","Communications","Public Health England","SEO/HEO","55","[c]","36400","35750"
"Leaver Dept.","2022","Communications","Registers of Scotland","SEO/HEO","[c]","[c]","[c]","[c]"
"Leaver Dept.","2022","Communications","Rural Payments Agency","AA/AO","[c]","[c]","[c]","[c]"
"Leaver Dept.","2022","Communications","Rural Payments Agency","SEO/HEO","[c]","[c]","[c]","[c]"
"Leaver Dept.","2022","Communications","Serious Fraud Office","G6/G7","[c]","[c]","[c]","[c]"
"Leaver Dept.","2022","Communications","Serious Fraud Office","SEO/HEO","[c]","[c]","[c]","[c]"
"Leaver Dept.","2022","Communications","The Insolvency Service","G6/G7","[c]","[c]","[c]","[c]"
"Leaver Dept.","2022","Communications","The National Archives","SEO/HEO","[c]","[c]","[c]","[c]"
"Leaver Dept.","2022","Communications","UK Export Finance","EO","[c]","[c]","[c]","[c]"
"Leaver Dept.","2022","Communications","UK Export Finance","SEO/HEO","[c]","[c]","[c]","[c]"
"Leaver Dept.","2022","Communications","UK Statistics Authority","G6/G7","[c]","[c]","[c]","[c]"
"Leaver Dept.","2022","Communications","UK Statistics Authority","SEO/HEO","5","[c]","[c]","[c]"
"Leaver Dept.","2022","Communications","Valuation Office Agency","EO","[c]","[c]","[c]","[c]"
"Leaver Dept.","2022","Communications","Vehicle Certification Agency","SEO/HEO","[c]","[c]","[c]","[c]"
"Leaver Dept.","2022","Counter Fraud","Cabinet Office (excl. agencies)","EO","5","[c]","[c]","[c]"
"Leaver Dept.","2022","Counter Fraud","Cabinet Office (excl. agencies)","G6/G7","5","[c]","[c]","[c]"
"Leaver Dept.","2022","Counter Fraud","Cabinet Office (excl. agencies)","SEO/HEO","[c]","[c]","[c]","[c]"
"Leaver Dept.","2022","Counter Fraud","Companies House","AA/AO","[c]","[c]","[c]","[c]"
"Leaver Dept.","2022","Counter Fraud","Companies House","EO","[c]","[c]","[c]","[c]"
"Leaver Dept.","2022","Counter Fraud","Companies House","SEO/HEO","[c]","[c]","[c]","[c]"
"Leaver Dept.","2022","Counter Fraud","Department for Work and Pensions (excl. agencies)","AA/AO","20","[c]","22260","21260"
"Leaver Dept.","2022","Counter Fraud","Department for Work and Pensions (excl. agencies)","EO","55","[c]","28060","27570"
"Leaver Dept.","2022","Counter Fraud","Department for Work and Pensions (excl. agencies)","G6/G7","[c]","[c]","[c]","[c]"
"Leaver Dept.","2022","Counter Fraud","Department for Work and Pensions (excl. agencies)","SEO/HEO","20","[c]","33240","32140"
"Leaver Dept.","2022","Counter Fraud","Driver and Vehicle Standards Agency","EO","[c]","[c]","[c]","[c]"
"Leaver Dept.","2022","Counter Fraud","Driver and Vehicle Standards Agency","SEO/HEO","5","[c]","[c]","[c]"
"Leaver Dept.","2022","Counter Fraud","Food Standards Agency","G6/G7","[c]","[c]","[c]","[c]"
"Leaver Dept.","2022","Counter Fraud","Food Standards Agency","SEO/HEO","[c]","[c]","[c]","[c]"
"Leaver Dept.","2022","Counter Fraud","Government Internal Audit Agency","SEO/HEO","[c]","[c]","[c]","[c]"
"Leaver Dept.","2022","Counter Fraud","HM Revenue and Customs (excl. agencies)","SEO/HEO","[c]","[c]","[c]","[c]"
"Leaver Dept.","2022","Counter Fraud","Intellectual Property Office","G6/G7","[c]","[c]","[c]","[c]"
"Leaver Dept.","2022","Counter Fraud","Serious Fraud Office","EO","[c]","[c]","[c]","[c]"
"Leaver Dept.","2022","Counter Fraud","Serious Fraud Office","G6/G7","[c]","[c]","[c]","[c]"
"Leaver Dept.","2022","Counter Fraud","Serious Fraud Office","SEO/HEO","15","[c]","38050","40270"
"Leaver Dept.","2022","Counter Fraud","The Insolvency Service","EO","[c]","[c]","[c]","[c]"
"Leaver Dept.","2022","Counter Fraud","The Insolvency Service","SEO/HEO","[c]","[c]","[c]","[c]"
"Leaver Dept.","2022","Debt","Department for Work and Pensions (excl. agencies)","AA/AO","45","[c]","21180","21260"
"Leaver Dept.","2022","Debt","Department for Work and Pensions (excl. agencies)","EO","10","[c]","[c]","[c]"
"Leaver Dept.","2022","Debt","Department for Work and Pensions (excl. agencies)","SEO/HEO","5","[c]","[c]","[c]"
"Leaver Dept.","2022","Debt","HM Revenue and Customs (excl. agencies)","AA/AO","[c]","[c]","[c]","[c]"
"Leaver Dept.","2022","Digital, Data & Technology","Advisory, Conciliation and Arbitration Service","EO","[c]","[c]","[c]","[c]"
"Leaver Dept.","2022","Digital, Data & Technology","Advisory, Conciliation and Arbitration Service","G6/G7","[c]","[c]","[c]","[c]"
"Leaver Dept.","2022","Digital, Data & Technology","Advisory, Conciliation and Arbitration Service","SEO/HEO","[c]","[c]","[c]","[c]"
"Leaver Dept.","2022","Digital, Data & Technology","Cabinet Office (excl. agencies)","AA/AO","[c]","[c]","[c]","[c]"
"Leaver Dept.","2022","Digital, Data & Technology","Cabinet Office (excl. agencies)","EO","[c]","[c]","[c]","[c]"
"Leaver Dept.","2022","Digital, Data & Technology","Cabinet Office (excl. agencies)","G6/G7","30","[c]","58970","56560"
"Leaver Dept.","2022","Digital, Data & Technology","Cabinet Office (excl. agencies)","SCS level","[c]","[c]","[c]","[c]"
"Leaver Dept.","2022","Digital, Data & Technology","Cabinet Office (excl. agencies)","SEO/HEO","25","[c]","34300","34550"
"Leaver Dept.","2022","Digital, Data & Technology","Centre for Environment, Fisheries and Aquaculture Science","EO","[c]","[c]","[c]","[c]"
"Leaver Dept.","2022","Digital, Data & Technology","Centre for Environment, Fisheries and Aquaculture Science","SEO/HEO","[c]","[c]","[c]","[c]"
"Leaver Dept.","2022","Digital, Data & Technology","Charity Commission","G6/G7","[c]","[c]","[c]","[c]"
"Leaver Dept.","2022","Digital, Data & Technology","Charity Commission","SEO/HEO","5","[c]","[c]","[c]"
"Leaver Dept.","2022","Digital, Data & Technology","Companies House","EO","[c]","[c]","[c]","[c]"
"Leaver Dept.","2022","Digital, Data & Technology","Companies House","SEO/HEO","10","[c]","36140","37560"
"Leaver Dept.","2022","Digital, Data & Technology","Competition and Markets Authority","EO","[c]","[c]","[c]","[c]"
"Leaver Dept.","2022","Digital, Data & Technology","Competition and Markets Authority","SEO/HEO","[c]","[c]","[c]","[c]"
"Leaver Dept.","2022","Digital, Data & Technology","Crown Commercial Service","EO","[c]","[c]","[c]","[c]"
"Leaver Dept.","2022","Digital, Data & Technology","Crown Commercial Service","SEO/HEO","[c]","[c]","[c]","[c]"
"Leaver Dept.","2022","Digital, Data & Technology","Crown Prosecution Service","G6/G7","[c]","[c]","[c]","[c]"
"Leaver Dept.","2022","Digital, Data & Technology","Crown Prosecution Service","SCS level","[c]","[c]","[c]","[c]"
"Leaver Dept.","2022","Digital, Data & Technology","Department for Business, Energy and Industrial Strategy (excl. agencies)","EO","[c]","[c]","[c]","[c]"
"Leaver Dept.","2022","Digital, Data & Technology","Department for Business, Energy and Industrial Strategy (excl. agencies)","G6/G7","[c]","[c]","[c]","[c]"
"Leaver Dept.","2022","Digital, Data & Technology","Department for Business, Energy and Industrial Strategy (excl. agencies)","SCS level","[c]","[c]","[c]","[c]"
"Leaver Dept.","2022","Digital, Data & Technology","Department for Business, Energy and Industrial Strategy (excl. agencies)","SEO/HEO","5","[c]","[c]","[c]"
"Leaver Dept.","2022","Digital, Data & Technology","Department for Education (excl. agencies)","EO","[c]","[c]","[c]","[c]"
"Leaver Dept.","2022","Digital, Data & Technology","Department for Education (excl. agencies)","G6/G7","25","[c]","54100","50630"
"Leaver Dept.","2022","Digital, Data & Technology","Department for Education (excl. agencies)","SCS level","[c]","[c]","[c]","[c]"
"Leaver Dept.","2022","Digital, Data & Technology","Department for Education (excl. agencies)","SEO/HEO","25","[c]","35390","36500"
"Leaver Dept.","2022","Digital, Data & Technology","Department for Environment, Food and Rural Affairs (excl. agencies)","EO","[c]","[c]","[c]","[c]"
"Leaver Dept.","2022","Digital, Data & Technology","Department for Environment, Food and Rural Affairs (excl. agencies)","G6/G7","5","[c]","[c]","[c]"
"Leaver Dept.","2022","Digital, Data & Technology","Department for Environment, Food and Rural Affairs (excl. agencies)","SEO/HEO","10","[c]","[c]","[c]"
"Leaver Dept.","2022","Digital, Data & Technology","Department for International Trade","EO","[c]","[c]","[c]","[c]"
"Leaver Dept.","2022","Digital, Data & Technology","Department for International Trade","G6/G7","[c]","[c]","[c]","[c]"
"Leaver Dept.","2022","Digital, Data & Technology","Department for International Trade","SEO/HEO","5","[c]","[c]","[c]"
"Leaver Dept.","2022","Digital, Data & Technology","Department for Levelling Up, Housing and Communities (excl. agencies)","SEO/HEO","[c]","[c]","[c]","[c]"
"Leaver Dept.","2022","Digital, Data & Technology","Department for Transport (excl. agencies)","G6/G7","[c]","[c]","[c]","[c]"
"Leaver Dept.","2022","Digital, Data & Technology","Department for Work and Pensions (excl. agencies)","AA/AO","[c]","[c]","[c]","[c]"
"Leaver Dept.","2022","Digital, Data & Technology","Department for Work and Pensions (excl. agencies)","EO","20","[c]","28580","27570"
"Leaver Dept.","2022","Digital, Data & Technology","Department for Work and Pensions (excl. agencies)","G6/G7","25","[c]","55520","55140"
"Leaver Dept.","2022","Digital, Data & Technology","Department for Work and Pensions (excl. agencies)","SCS level","[c]","[c]","[c]","[c]"
"Leaver Dept.","2022","Digital, Data & Technology","Department for Work and Pensions (excl. agencies)","SEO/HEO","65","[c]","36980","36180"
"Leaver Dept.","2022","Digital, Data & Technology","Department of Health and Social Care (excl. agencies)","EO","[c]","[c]","[c]","[c]"
"Leaver Dept.","2022","Digital, Data & Technology","Department of Health and Social Care (excl. agencies)","G6/G7","15","[c]","[c]","[c]"
"Leaver Dept.","2022","Digital, Data & Technology","Department of Health and Social Care (excl. agencies)","SCS level","[c]","[c]","[c]","[c]"
"Leaver Dept.","2022","Digital, Data & Technology","Department of Health and Social Care (excl. agencies)","SEO/HEO","80","[c]","[c]","[c]"
"Leaver Dept.","2022","Digital, Data & Technology","Driver and Vehicle Licensing Agency","AA/AO","[c]","[c]","[c]","[c]"
"Leaver Dept.","2022","Digital, Data & Technology","Driver and Vehicle Licensing Agency","EO","10","[c]","[c]","[c]"
"Leaver Dept.","2022","Digital, Data & Technology","Driver and Vehicle Licensing Agency","G6/G7","[c]","[c]","[c]","[c]"
"Leaver Dept.","2022","Digital, Data & Technology","Driver and Vehicle Licensing Agency","SEO/HEO","10","[c]","34410","31040"
"Leaver Dept.","2022","Digital, Data & Technology","Driver and Vehicle Standards Agency","EO","[c]","[c]","[c]","[c]"
"Leaver Dept.","2022","Digital, Data & Technology","Driver and Vehicle Standards Agency","G6/G7","[c]","[c]","[c]","[c]"
"Leaver Dept.","2022","Digital, Data & Technology","Driver and Vehicle Standards Agency","SEO/HEO","10","[c]","35540","32180"
"Leaver Dept.","2022","Digital, Data & Technology","Education and Skills Funding Agency","EO","[c]","[c]","[c]","[c]"
"Leaver Dept.","2022","Digital, Data & Technology","Education and Skills Funding Agency","G6/G7","[c]","[c]","[c]","[c]"
"Leaver Dept.","2022","Digital, Data & Technology","Education and Skills Funding Agency","SEO/HEO","10","[c]","37530","36870"
"Leaver Dept.","2022","Digital, Data & Technology","Food Standards Agency","G6/G7","[c]","[c]","[c]","[c]"
"Leaver Dept.","2022","Digital, Data & Technology","Food Standards Agency","SEO/HEO","[c]","[c]","[c]","[c]"
"Leaver Dept.","2022","Digital, Data & Technology","Foreign, Commonwealth and Development Office (excl. agencies)","EO","[c]","[c]","[c]","[c]"
"Leaver Dept.","2022","Digital, Data & Technology","Foreign, Commonwealth and Development Office (excl. agencies)","SEO/HEO","10","[c]","39090","39630"
"Leaver Dept.","2022","Digital, Data & Technology","Health and Safety Executive","G6/G7","[c]","[c]","[c]","[c]"
"Leaver Dept.","2022","Digital, Data & Technology","Health and Safety Executive","SEO/HEO","[c]","[c]","[c]","[c]"
"Leaver Dept.","2022","Digital, Data & Technology","HM Revenue and Customs (excl. agencies)","SEO/HEO","[c]","[c]","[c]","[c]"
"Leaver Dept.","2022","Digital, Data & Technology","HM Treasury (excl. agencies)","SEO/HEO","[c]","[c]","[c]","[c]"
"Leaver Dept.","2022","Digital, Data & Technology","Institute for Apprenticeships and Technical Education","G6/G7","[c]","[c]","[c]","[c]"
"Leaver Dept.","2022","Digital, Data & Technology","Intellectual Property Office","G6/G7","5","[c]","[c]","[c]"
"Leaver Dept.","2022","Digital, Data & Technology","Intellectual Property Office","SEO/HEO","[c]","[c]","[c]","[c]"
"Leaver Dept.","2022","Digital, Data & Technology","Maritime and Coastguard Agency","G6/G7","[c]","[c]","[c]","[c]"
"Leaver Dept.","2022","Digital, Data & Technology","Medicines and Healthcare Products Regulatory Agency","G6/G7","[c]","[c]","[c]","[c]"
"Leaver Dept.","2022","Digital, Data & Technology","Medicines and Healthcare Products Regulatory Agency","SEO/HEO","[c]","[c]","[c]","[c]"
"Leaver Dept.","2022","Digital, Data & Technology","Met Office","EO","[c]","[c]","[c]","[c]"
"Leaver Dept.","2022","Digital, Data & Technology","Met Office","G6/G7","[c]","[c]","[c]","[c]"
"Leaver Dept.","2022","Digital, Data & Technology","Met Office","SEO/HEO","[c]","[c]","[c]","[c]"
"Leaver Dept.","2022","Digital, Data & Technology","Ministry of Defence (excl. agencies)","AA/AO","5","[c]","[c]","[c]"
"Leaver Dept.","2022","Digital, Data & Technology","Ministry of Defence (excl. agencies)","EO","15","[c]","27540","26670"
"Leaver Dept.","2022","Digital, Data & Technology","Ministry of Defence (excl. agencies)","G6/G7","[c]","[c]","[c]","[c]"
"Leaver Dept.","2022","Digital, Data & Technology","Ministry of Defence (excl. agencies)","SEO/HEO","15","[c]","37820","33300"
"Leaver Dept.","2022","Digital, Data & Technology","National Crime Agency","AA/AO","[c]","[c]","[c]","[c]"
"Leaver Dept.","2022","Digital, Data & Technology","National Crime Agency","EO","[c]","[c]","[c]","[c]"
"Leaver Dept.","2022","Digital, Data & Technology","National Crime Agency","G6/G7","[c]","[c]","[c]","[c]"
"Leaver Dept.","2022","Digital, Data & Technology","National Crime Agency","SEO/HEO","5","[c]","[c]","[c]"
"Leaver Dept.","2022","Digital, Data & Technology","Northern Ireland Office","EO","[c]","[c]","[c]","[c]"
"Leaver Dept.","2022","Digital, Data & Technology","Northern Ireland Office","G6/G7","[c]","[c]","[c]","[c]"
"Leaver Dept.","2022","Digital, Data & Technology","Office for Standards in Education, Children's Services and Skills","G6/G7","[c]","[c]","[c]","[c]"
"Leaver Dept.","2022","Digital, Data & Technology","Office for Standards in Education, Children's Services and Skills","SEO/HEO","[c]","[c]","[c]","[c]"
"Leaver Dept.","2022","Digital, Data & Technology","Office of Qualifications and Examinations Regulation","SEO/HEO","[c]","[c]","[c]","[c]"
"Leaver Dept.","2022","Digital, Data & Technology","Planning Inspectorate","SEO/HEO","[c]","[c]","[c]","[c]"
"Leaver Dept.","2022","Digital, Data & Technology","Public Health England","AA/AO","[c]","[c]","[c]","[c]"
"Leaver Dept.","2022","Digital, Data & Technology","Public Health England","EO","15","[c]","26540","26880"
"Leaver Dept.","2022","Digital, Data & Technology","Public Health England","G6/G7","45","[c]","60030","57600"
"Leaver Dept.","2022","Digital, Data & Technology","Public Health England","SCS level","10","[c]","[c]","[c]"
"Leaver Dept.","2022","Digital, Data & Technology","Public Health England","SEO/HEO","90","[c]","36160","36330"
"Leaver Dept.","2022","Digital, Data & Technology","Queen Elizabeth II Centre","EO","[c]","[c]","[c]","[c]"
"Leaver Dept.","2022","Digital, Data & Technology","Scottish Courts and Tribunals Service","EO","[c]","[c]","[c]","[c]"
"Leaver Dept.","2022","Digital, Data & Technology","Serious Fraud Office","EO","5","[c]","[c]","[c]"
"Leaver Dept.","2022","Digital, Data & Technology","Serious Fraud Office","SEO/HEO","[c]","[c]","[c]","[c]"
"Leaver Dept.","2022","Digital, Data & Technology","Submarine Delivery Agency","Unknown","[c]","[c]","[c]","[c]"
"Leaver Dept.","2022","Digital, Data & Technology","The Insolvency Service","EO","[c]","[c]","[c]","[c]"
"Leaver Dept.","2022","Digital, Data & Technology","The Insolvency Service","SEO/HEO","[c]","[c]","[c]","[c]"
"Leaver Dept.","2022","Digital, Data & Technology","The National Archives","EO","[c]","[c]","[c]","[c]"
"Leaver Dept.","2022","Digital, Data & Technology","The National Archives","SEO/HEO","[c]","[c]","[c]","[c]"
"Leaver Dept.","2022","Digital, Data & Technology","UK Export Finance","G6/G7","[c]","[c]","[c]","[c]"
"Leaver Dept.","2022","Digital, Data & Technology","UK Export Finance","SEO/HEO","[c]","[c]","[c]","[c]"
"Leaver Dept.","2022","Digital, Data & Technology","UK Hydrographic Office","SEO/HEO","[c]","[c]","[c]","[c]"
"Leaver Dept.","2022","Digital, Data & Technology","UK Statistics Authority","EO","[c]","[c]","[c]","[c]"
"Leaver Dept.","2022","Digital, Data & Technology","UK Statistics Authority","G6/G7","10","[c]","[c]","[c]"
"Leaver Dept.","2022","Digital, Data & Technology","UK Statistics Authority","SCS level","[c]","[c]","[c]","[c]"
"Leaver Dept.","2022","Digital, Data & Technology","UK Statistics Authority","SEO/HEO","20","[c]","34430","35020"
"Leaver Dept.","2022","Digital, Data & Technology","Water Services Regulation Authority","SEO/HEO","[c]","[c]","[c]","[c]"
"Leaver Dept.","2022","Finance","Advisory, Conciliation and Arbitration Service","EO","[c]","[c]","[c]","[c]"
"Leaver Dept.","2022","Finance","Cabinet Office (excl. agencies)","EO","[c]","[c]","[c]","[c]"
"Leaver Dept.","2022","Finance","Cabinet Office (excl. agencies)","G6/G7","5","[c]","[c]","[c]"
"Leaver Dept.","2022","Finance","Cabinet Office (excl. agencies)","SCS level","[c]","[c]","[c]","[c]"
"Leaver Dept.","2022","Finance","Cabinet Office (excl. agencies)","SEO/HEO","10","[c]","[c]","[c]"
"Leaver Dept.","2022","Finance","Charity Commission","SEO/HEO","[c]","[c]","[c]","[c]"
"Leaver Dept.","2022","Finance","Companies House","AA/AO","[c]","[c]","[c]","[c]"
"Leaver Dept.","2022","Finance","Companies House","EO","[c]","[c]","[c]","[c]"
"Leaver Dept.","2022","Finance","Competition and Markets Authority","EO","[c]","[c]","[c]","[c]"
"Leaver Dept.","2022","Finance","Crown Prosecution Service","AA/AO","[c]","[c]","[c]","[c]"
"Leaver Dept.","2022","Finance","Crown Prosecution Service","SEO/HEO","[c]","[c]","[c]","[c]"
"Leaver Dept.","2022","Finance","Defence Equipment and Support","EO","[c]","[c]","[c]","[c]"
"Leaver Dept.","2022","Finance","Defence Equipment and Support","SEO/HEO","[c]","[c]","[c]","[c]"
"Leaver Dept.","2022","Finance","Department for Business, Energy and Industrial Strategy (excl. agencies)","G6/G7","[c]","[c]","[c]","[c]"
"Leaver Dept.","2022","Finance","Department for Business, Energy and Industrial Strategy (excl. agencies)","SCS level","[c]","[c]","[c]","[c]"
"Leaver Dept.","2022","Finance","Department for Business, Energy and Industrial Strategy (excl. agencies)","SEO/HEO","[c]","[c]","[c]","[c]"
"Leaver Dept.","2022","Finance","Department for Digital, Culture, Media and Sport","G6/G7","[c]","[c]","[c]","[c]"
"Leaver Dept.","2022","Finance","Department for Digital, Culture, Media and Sport","SEO/HEO","[c]","[c]","[c]","[c]"
"Leaver Dept.","2022","Finance","Department for Education (excl. agencies)","EO","5","[c]","[c]","[c]"
"Leaver Dept.","2022","Finance","Department for Education (excl. agencies)","G6/G7","15","[c]","56140","53760"
"Leaver Dept.","2022","Finance","Department for Education (excl. agencies)","SCS level","[c]","[c]","[c]","[c]"
"Leaver Dept.","2022","Finance","Department for Education (excl. agencies)","SEO/HEO","10","[c]","34370","33120"
"Leaver Dept.","2022","Finance","Department for Environment, Food and Rural Affairs (excl. agencies)","EO","[c]","[c]","[c]","[c]"
"Leaver Dept.","2022","Finance","Department for Environment, Food and Rural Affairs (excl. agencies)","G6/G7","[c]","[c]","[c]","[c]"
"Leaver Dept.","2022","Finance","Department for Environment, Food and Rural Affairs (excl. agencies)","SEO/HEO","5","[c]","[c]","[c]"
"Leaver Dept.","2022","Finance","Department for International Trade","EO","[c]","[c]","[c]","[c]"
"Leaver Dept.","2022","Finance","Department for International Trade","G6/G7","[c]","[c]","[c]","[c]"
"Leaver Dept.","2022","Finance","Department for International Trade","SEO/HEO","[c]","[c]","[c]","[c]"
"Leaver Dept.","2022","Finance","Department for Levelling Up, Housing and Communities (excl. agencies)","G6/G7","5","[c]","[c]","[c]"
"Leaver Dept.","2022","Finance","Department for Levelling Up, Housing and Communities (excl. agencies)","SCS level","[c]","[c]","[c]","[c]"
"Leaver Dept.","2022","Finance","Department for Levelling Up, Housing and Communities (excl. agencies)","SEO/HEO","5","[c]","[c]","[c]"
"Leaver Dept.","2022","Finance","Department for Work and Pensions (excl. agencies)","AA/AO","5","[c]","[c]","[c]"
"Leaver Dept.","2022","Finance","Department for Work and Pensions (excl. agencies)","EO","5","[c]","[c]","[c]"
"Leaver Dept.","2022","Finance","Department for Work and Pensions (excl. agencies)","G6/G7","20","[c]","55580","53450"
"Leaver Dept.","2022","Finance","Department for Work and Pensions (excl. agencies)","SEO/HEO","65","[c]","35600","35310"
"Leaver Dept.","2022","Finance","Department of Health and Social Care (excl. agencies)","EO","35","[c]","[c]","[c]"
"Leaver Dept.","2022","Finance","Department of Health and Social Care (excl. agencies)","G6/G7","30","[c]","[c]","[c]"
"Leaver Dept.","2022","Finance","Department of Health and Social Care (excl. agencies)","SCS level","5","[c]","[c]","[c]"
"Leaver Dept.","2022","Finance","Department of Health and Social Care (excl. agencies)","SEO/HEO","80","[c]","[c]","[c]"
"Leaver Dept.","2022","Finance","Driver and Vehicle Licensing Agency","G6/G7","[c]","[c]","[c]","[c]"
"Leaver Dept.","2022","Finance","Driver and Vehicle Licensing Agency","SEO/HEO","5","[c]","[c]","[c]"
"Leaver Dept.","2022","Finance","Driver and Vehicle Standards Agency","EO","[c]","[c]","[c]","[c]"
"Leaver Dept.","2022","Finance","Driver and Vehicle Standards Agency","SEO/HEO","5","[c]","[c]","[c]"
"Leaver Dept.","2022","Finance","Education and Skills Funding Agency","EO","[c]","[c]","[c]","[c]"
"Leaver Dept.","2022","Finance","Education and Skills Funding Agency","SCS level","[c]","[c]","[c]","[c]"
"Leaver Dept.","2022","Finance","Education and Skills Funding Agency","SEO/HEO","[c]","[c]","[c]","[c]"
"Leaver Dept.","2022","Finance","Food Standards Agency","G6/G7","[c]","[c]","[c]","[c]"
"Leaver Dept.","2022","Finance","Foreign, Commonwealth and Development Office (excl. agencies)","EO","[c]","[c]","[c]","[c]"
"Leaver Dept.","2022","Finance","Foreign, Commonwealth and Development Office (excl. agencies)","G6/G7","[c]","[c]","[c]","[c]"
"Leaver Dept.","2022","Finance","Foreign, Commonwealth and Development Office (excl. agencies)","SEO/HEO","10","[c]","[c]","[c]"
"Leaver Dept.","2022","Finance","Government Internal Audit Agency","SEO/HEO","[c]","[c]","[c]","[c]"
"Leaver Dept.","2022","Finance","Government Legal Department","SCS level","[c]","[c]","[c]","[c]"
"Leaver Dept.","2022","Finance","Government Legal Department","SEO/HEO","[c]","[c]","[c]","[c]"
"Leaver Dept.","2022","Finance","HM Revenue and Customs (excl. agencies)","G6/G7","[c]","[c]","[c]","[c]"
"Leaver Dept.","2022","Finance","HM Treasury (excl. agencies)","EO","[c]","[c]","[c]","[c]"
"Leaver Dept.","2022","Finance","HM Treasury (excl. agencies)","G6/G7","[c]","[c]","[c]","[c]"
"Leaver Dept.","2022","Finance","HM Treasury (excl. agencies)","SEO/HEO","[c]","[c]","[c]","[c]"
"Leaver Dept.","2022","Finance","Maritime and Coastguard Agency","EO","[c]","[c]","[c]","[c]"
"Leaver Dept.","2022","Finance","Maritime and Coastguard Agency","G6/G7","[c]","[c]","[c]","[c]"
"Leaver Dept.","2022","Finance","Maritime and Coastguard Agency","SEO/HEO","[c]","[c]","[c]","[c]"
"Leaver Dept.","2022","Finance","Medicines and Healthcare Products Regulatory Agency","SEO/HEO","[c]","[c]","[c]","[c]"
"Leaver Dept.","2022","Finance","Ministry of Defence (excl. agencies)","AA/AO","[c]","[c]","[c]","[c]"
"Leaver Dept.","2022","Finance","Ministry of Defence (excl. agencies)","EO","5","[c]","[c]","[c]"
"Leaver Dept.","2022","Finance","Ministry of Defence (excl. agencies)","G6/G7","5","[c]","[c]","[c]"
"Leaver Dept.","2022","Finance","Ministry of Defence (excl. agencies)","SCS level","5","[c]","[c]","[c]"
"Leaver Dept.","2022","Finance","Ministry of Defence (excl. agencies)","SEO/HEO","15","[c]","42790","44500"
"Leaver Dept.","2022","Finance","Ministry of Justice (excl. agencies)","EO","5","[c]","[c]","[c]"
"Leaver Dept.","2022","Finance","Ministry of Justice (excl. agencies)","G6/G7","[c]","[c]","[c]","[c]"
"Leaver Dept.","2022","Finance","Ministry of Justice (excl. agencies)","SEO/HEO","5","[c]","[c]","[c]"
"Leaver Dept.","2022","Finance","National Crime Agency","G6/G7","[c]","[c]","[c]","[c]"
"Leaver Dept.","2022","Finance","Northern Ireland Office","G6/G7","[c]","[c]","[c]","[c]"
"Leaver Dept.","2022","Finance","Northern Ireland Office","SEO/HEO","[c]","[c]","[c]","[c]"
"Leaver Dept.","2022","Finance","Office for Standards in Education, Children's Services and Skills","SEO/HEO","[c]","[c]","[c]","[c]"
"Leaver Dept.","2022","Finance","Office of Gas and Electricity Markets","G6/G7","[c]","[c]","[c]","[c]"
"Leaver Dept.","2022","Finance","Office of Qualifications and Examinations Regulation","SEO/HEO","[c]","[c]","[c]","[c]"
"Leaver Dept.","2022","Finance","Office of Rail and Road","AA/AO","[c]","[c]","[c]","[c]"
"Leaver Dept.","2022","Finance","Planning Inspectorate","AA/AO","[c]","[c]","[c]","[c]"
"Leaver Dept.","2022","Finance","Public Health England","AA/AO","10","[c]","21310","20010"
"Leaver Dept.","2022","Finance","Public Health England","EO","20","[c]","25060","24120"
"Leaver Dept.","2022","Finance","Public Health England","G6/G7","35","[c]","59700","57930"
"Leaver Dept.","2022","Finance","Public Health England","SCS level","[c]","[c]","[c]","[c]"
"Leaver Dept.","2022","Finance","Public Health England","SEO/HEO","45","[c]","37010","37330"
"Leaver Dept.","2022","Finance","Scottish Courts and Tribunals Service","AA/AO","[c]","[c]","[c]","[c]"
"Leaver Dept.","2022","Finance","Serious Fraud Office","G6/G7","[c]","[c]","[c]","[c]"
"Leaver Dept.","2022","Finance","Submarine Delivery Agency","Unknown","[c]","[c]","[c]","[c]"
"Leaver Dept.","2022","Finance","The Insolvency Service","EO","[c]","[c]","[c]","[c]"
"Leaver Dept.","2022","Finance","The Insolvency Service","G6/G7","[c]","[c]","[c]","[c]"
"Leaver Dept.","2022","Finance","The Insolvency Service","SEO/HEO","[c]","[c]","[c]","[c]"
"Leaver Dept.","2022","Finance","UK Export Finance","SEO/HEO","[c]","[c]","[c]","[c]"
"Leaver Dept.","2022","Finance","UK Health Security Agency","SEO/HEO","[c]","[c]","[c]","[c]"
"Leaver Dept.","2022","Finance","UK Hydrographic Office","SEO/HEO","[c]","[c]","[c]","[c]"
"Leaver Dept.","2022","Finance","UK Statistics Authority","G6/G7","[c]","[c]","[c]","[c]"
"Leaver Dept.","2022","Finance","UK Statistics Authority","SCS level","[c]","[c]","[c]","[c]"
"Leaver Dept.","2022","Finance","UK Statistics Authority","SEO/HEO","[c]","[c]","[c]","[c]"
"Leaver Dept.","2022","Finance","Valuation Office Agency","G6/G7","[c]","[c]","[c]","[c]"
"Leaver Dept.","2022","Finance","Vehicle Certification Agency","AA/AO","[c]","[c]","[c]","[c]"
"Leaver Dept.","2022","Finance","Vehicle Certification Agency","EO","[c]","[c]","[c]","[c]"
"Leaver Dept.","2022","Grants Management","Rural Payments Agency","AA/AO","35","[c]","21120","21300"
"Leaver Dept.","2022","Grants Management","Rural Payments Agency","EO","15","[c]","25300","25150"
"Leaver Dept.","2022","Grants Management","Rural Payments Agency","G6/G7","[c]","[c]","[c]","[c]"
"Leaver Dept.","2022","Grants Management","Rural Payments Agency","SEO/HEO","10","[c]","32740","30250"
"Leaver Dept.","2022","Human Resources","Advisory, Conciliation and Arbitration Service","EO","[c]","[c]","[c]","[c]"
"Leaver Dept.","2022","Human Resources","Advisory, Conciliation and Arbitration Service","SEO/HEO","[c]","[c]","[c]","[c]"
"Leaver Dept.","2022","Human Resources","Cabinet Office (excl. agencies)","AA/AO","20","[c]","21080","20800"
"Leaver Dept.","2022","Human Resources","Cabinet Office (excl. agencies)","EO","30","[c]","26520","27500"
"Leaver Dept.","2022","Human Resources","Cabinet Office (excl. agencies)","G6/G7","30","[c]","59590","59250"
"Leaver Dept.","2022","Human Resources","Cabinet Office (excl. agencies)","SCS level","10","[c]","[c]","[c]"
"Leaver Dept.","2022","Human Resources","Cabinet Office (excl. agencies)","SEO/HEO","60","[c]","34960","34550"
"Leaver Dept.","2022","Human Resources","Charity Commission","EO","[c]","[c]","[c]","[c]"
"Leaver Dept.","2022","Human Resources","Charity Commission","SEO/HEO","[c]","[c]","[c]","[c]"
"Leaver Dept.","2022","Human Resources","Competition and Markets Authority","SEO/HEO","[c]","[c]","[c]","[c]"
"Leaver Dept.","2022","Human Resources","Crown Commercial Service","EO","[c]","[c]","[c]","[c]"
"Leaver Dept.","2022","Human Resources","Crown Prosecution Service","AA/AO","[c]","[c]","[c]","[c]"
"Leaver Dept.","2022","Human Resources","Crown Prosecution Service","EO","[c]","[c]","[c]","[c]"
"Leaver Dept.","2022","Human Resources","Crown Prosecution Service","G6/G7","[c]","[c]","[c]","[c]"
"Leaver Dept.","2022","Human Resources","Crown Prosecution Service","SEO/HEO","[c]","[c]","[c]","[c]"
"Leaver Dept.","2022","Human Resources","Defence Equipment and Support","SEO/HEO","[c]","[c]","[c]","[c]"
"Leaver Dept.","2022","Human Resources","Defence Science and Technology Laboratory","EO","[c]","[c]","[c]","[c]"
"Leaver Dept.","2022","Human Resources","Defence Science and Technology Laboratory","G6/G7","[c]","[c]","[c]","[c]"
"Leaver Dept.","2022","Human Resources","Department for Business, Energy and Industrial Strategy (excl. agencies)","EO","[c]","[c]","[c]","[c]"
"Leaver Dept.","2022","Human Resources","Department for Business, Energy and Industrial Strategy (excl. agencies)","G6/G7","[c]","[c]","[c]","[c]"
"Leaver Dept.","2022","Human Resources","Department for Business, Energy and Industrial Strategy (excl. agencies)","SEO/HEO","[c]","[c]","[c]","[c]"
"Leaver Dept.","2022","Human Resources","Department for Digital, Culture, Media and Sport","G6/G7","[c]","[c]","[c]","[c]"
"Leaver Dept.","2022","Human Resources","Department for Digital, Culture, Media and Sport","SEO/HEO","10","[c]","[c]","[c]"
"Leaver Dept.","2022","Human Resources","Department for Education (excl. agencies)","AA/AO","[c]","[c]","[c]","[c]"
"Leaver Dept.","2022","Human Resources","Department for Education (excl. agencies)","EO","[c]","[c]","[c]","[c]"
"Leaver Dept.","2022","Human Resources","Department for Education (excl. agencies)","G6/G7","[c]","[c]","[c]","[c]"
"Leaver Dept.","2022","Human Resources","Department for Education (excl. agencies)","SEO/HEO","5","[c]","[c]","[c]"
"Leaver Dept.","2022","Human Resources","Department for Environment, Food and Rural Affairs (excl. agencies)","G6/G7","5","[c]","[c]","[c]"
"Leaver Dept.","2022","Human Resources","Department for Environment, Food and Rural Affairs (excl. agencies)","SCS level","[c]","[c]","[c]","[c]"
"Leaver Dept.","2022","Human Resources","Department for Environment, Food and Rural Affairs (excl. agencies)","SEO/HEO","10","[c]","[c]","[c]"
"Leaver Dept.","2022","Human Resources","Department for International Trade","EO","[c]","[c]","[c]","[c]"
"Leaver Dept.","2022","Human Resources","Department for International Trade","G6/G7","5","[c]","[c]","[c]"
"Leaver Dept.","2022","Human Resources","Department for International Trade","SCS level","[c]","[c]","[c]","[c]"
"Leaver Dept.","2022","Human Resources","Department for International Trade","SEO/HEO","5","[c]","[c]","[c]"
"Leaver Dept.","2022","Human Resources","Department for Levelling Up, Housing and Communities (excl. agencies)","AA/AO","[c]","[c]","[c]","[c]"
"Leaver Dept.","2022","Human Resources","Department for Levelling Up, Housing and Communities (excl. agencies)","EO","[c]","[c]","[c]","[c]"
"Leaver Dept.","2022","Human Resources","Department for Levelling Up, Housing and Communities (excl. agencies)","G6/G7","[c]","[c]","[c]","[c]"
"Leaver Dept.","2022","Human Resources","Department for Levelling Up, Housing and Communities (excl. agencies)","SEO/HEO","5","[c]","[c]","[c]"
"Leaver Dept.","2022","Human Resources","Department for Transport (excl. agencies)","SEO/HEO","[c]","[c]","[c]","[c]"
"Leaver Dept.","2022","Human Resources","Department for Work and Pensions (excl. agencies)","AA/AO","5","[c]","[c]","[c]"
"Leaver Dept.","2022","Human Resources","Department for Work and Pensions (excl. agencies)","EO","55","[c]","27980","27570"
"Leaver Dept.","2022","Human Resources","Department for Work and Pensions (excl. agencies)","G6/G7","10","[c]","54900","54070"
"Leaver Dept.","2022","Human Resources","Department for Work and Pensions (excl. agencies)","SEO/HEO","25","[c]","32050","31990"
"Leaver Dept.","2022","Human Resources","Department of Health and Social Care (excl. agencies)","EO","30","[c]","[c]","[c]"
"Leaver Dept.","2022","Human Resources","Department of Health and Social Care (excl. agencies)","G6/G7","5","[c]","[c]","[c]"
"Leaver Dept.","2022","Human Resources","Department of Health and Social Care (excl. agencies)","SCS level","[c]","[c]","[c]","[c]"
"Leaver Dept.","2022","Human Resources","Department of Health and Social Care (excl. agencies)","SEO/HEO","10","[c]","[c]","[c]"
"Leaver Dept.","2022","Human Resources","Driver and Vehicle Licensing Agency","AA/AO","[c]","[c]","[c]","[c]"
"Leaver Dept.","2022","Human Resources","Driver and Vehicle Licensing Agency","SEO/HEO","10","[c]","35370","31850"
"Leaver Dept.","2022","Human Resources","Driver and Vehicle Standards Agency","EO","[c]","[c]","[c]","[c]"
"Leaver Dept.","2022","Human Resources","Driver and Vehicle Standards Agency","G6/G7","[c]","[c]","[c]","[c]"
"Leaver Dept.","2022","Human Resources","Driver and Vehicle Standards Agency","SEO/HEO","15","[c]","36650","38650"
"Leaver Dept.","2022","Human Resources","Education and Skills Funding Agency","EO","[c]","[c]","[c]","[c]"
"Leaver Dept.","2022","Human Resources","Food Standards Agency","SEO/HEO","[c]","[c]","[c]","[c]"
"Leaver Dept.","2022","Human Resources","Foreign, Commonwealth and Development Office (excl. agencies)","AA/AO","[c]","[c]","[c]","[c]"
"Leaver Dept.","2022","Human Resources","Foreign, Commonwealth and Development Office (excl. agencies)","G6/G7","[c]","[c]","[c]","[c]"
"Leaver Dept.","2022","Human Resources","Foreign, Commonwealth and Development Office (excl. agencies)","SCS level","[c]","[c]","[c]","[c]"
"Leaver Dept.","2022","Human Resources","Foreign, Commonwealth and Development Office (excl. agencies)","SEO/HEO","[c]","[c]","[c]","[c]"
"Leaver Dept.","2022","Human Resources","Government Internal Audit Agency","SEO/HEO","[c]","[c]","[c]","[c]"
"Leaver Dept.","2022","Human Resources","Government Legal Department","AA/AO","[c]","[c]","[c]","[c]"
"Leaver Dept.","2022","Human Resources","Government Legal Department","EO","[c]","[c]","[c]","[c]"
"Leaver Dept.","2022","Human Resources","Government Legal Department","SEO/HEO","[c]","[c]","[c]","[c]"
"Leaver Dept.","2022","Human Resources","Health and Safety Executive","AA/AO","[c]","[c]","[c]","[c]"
"Leaver Dept.","2022","Human Resources","Health and Safety Executive","SEO/HEO","[c]","[c]","[c]","[c]"
"Leaver Dept.","2022","Human Resources","HM Prison and Probation Service","G6/G7","[c]","[c]","[c]","[c]"
"Leaver Dept.","2022","Human Resources","HM Prison and Probation Service","SEO/HEO","[c]","[c]","[c]","[c]"
"Leaver Dept.","2022","Human Resources","HM Revenue and Customs (excl. agencies)","SEO/HEO","[c]","[c]","[c]","[c]"
"Leaver Dept.","2022","Human Resources","HM Treasury (excl. agencies)","EO","[c]","[c]","[c]","[c]"
"Leaver Dept.","2022","Human Resources","HM Treasury (excl. agencies)","G6/G7","[c]","[c]","[c]","[c]"
"Leaver Dept.","2022","Human Resources","HM Treasury (excl. agencies)","SEO/HEO","[c]","[c]","[c]","[c]"
"Leaver Dept.","2022","Human Resources","Intellectual Property Office","EO","[c]","[c]","[c]","[c]"
"Leaver Dept.","2022","Human Resources","Intellectual Property Office","G6/G7","[c]","[c]","[c]","[c]"
"Leaver Dept.","2022","Human Resources","Intellectual Property Office","SEO/HEO","[c]","[c]","[c]","[c]"
"Leaver Dept.","2022","Human Resources","Maritime and Coastguard Agency","EO","[c]","[c]","[c]","[c]"
"Leaver Dept.","2022","Human Resources","Maritime and Coastguard Agency","SEO/HEO","[c]","[c]","[c]","[c]"
"Leaver Dept.","2022","Human Resources","Medicines and Healthcare Products Regulatory Agency","SEO/HEO","[c]","[c]","[c]","[c]"
"Leaver Dept.","2022","Human Resources","Ministry of Defence (excl. agencies)","AA/AO","20","[c]","21140","21170"
"Leaver Dept.","2022","Human Resources","Ministry of Defence (excl. agencies)","EO","5","[c]","[c]","[c]"
"Leaver Dept.","2022","Human Resources","Ministry of Defence (excl. agencies)","G6/G7","5","[c]","[c]","[c]"
"Leaver Dept.","2022","Human Resources","Ministry of Defence (excl. agencies)","SCS level","[c]","[c]","[c]","[c]"
"Leaver Dept.","2022","Human Resources","Ministry of Defence (excl. agencies)","SEO/HEO","20","[c]","36690","35150"
"Leaver Dept.","2022","Human Resources","National Crime Agency","AA/AO","[c]","[c]","[c]","[c]"
"Leaver Dept.","2022","Human Resources","National Crime Agency","EO","[c]","[c]","[c]","[c]"
"Leaver Dept.","2022","Human Resources","National Crime Agency","G6/G7","[c]","[c]","[c]","[c]"
"Leaver Dept.","2022","Human Resources","National Crime Agency","SEO/HEO","5","[c]","[c]","[c]"
"Leaver Dept.","2022","Human Resources","Northern Ireland Office","SEO/HEO","[c]","[c]","[c]","[c]"
"Leaver Dept.","2022","Human Resources","Office for Standards in Education, Children's Services and Skills","AA/AO","[c]","[c]","[c]","[c]"
"Leaver Dept.","2022","Human Resources","Office for Standards in Education, Children's Services and Skills","SEO/HEO","[c]","[c]","[c]","[c]"
"Leaver Dept.","2022","Human Resources","Office of Gas and Electricity Markets","EO","[c]","[c]","[c]","[c]"
"Leaver Dept.","2022","Human Resources","Office of Gas and Electricity Markets","G6/G7","[c]","[c]","[c]","[c]"
"Leaver Dept.","2022","Human Resources","Office of Gas and Electricity Markets","SEO/HEO","[c]","[c]","[c]","[c]"
"Leaver Dept.","2022","Human Resources","Office of Qualifications and Examinations Regulation","SEO/HEO","[c]","[c]","[c]","[c]"
"Leaver Dept.","2022","Human Resources","Office of Rail and Road","G6/G7","[c]","[c]","[c]","[c]"
"Leaver Dept.","2022","Human Resources","Office of Rail and Road","SEO/HEO","[c]","[c]","[c]","[c]"
"Leaver Dept.","2022","Human Resources","Office of the Secretary of State for Wales","EO","[c]","[c]","[c]","[c]"
"Leaver Dept.","2022","Human Resources","Office of the Secretary of State for Wales","G6/G7","[c]","[c]","[c]","[c]"
"Leaver Dept.","2022","Human Resources","Public Health England","AA/AO","15","[c]","22690","22350"
"Leaver Dept.","2022","Human Resources","Public Health England","EO","40","[c]","26850","26880"
"Leaver Dept.","2022","Human Resources","Public Health England","G6/G7","55","[c]","58460","59140"
"Leaver Dept.","2022","Human Resources","Public Health England","SCS level","10","[c]","91880","87100"
"Leaver Dept.","2022","Human Resources","Public Health England","SEO/HEO","70","[c]","35860","36110"
"Leaver Dept.","2022","Human Resources","Registers of Scotland","EO","[c]","[c]","[c]","[c]"
"Leaver Dept.","2022","Human Resources","Registers of Scotland","SEO/HEO","[c]","[c]","[c]","[c]"
"Leaver Dept.","2022","Human Resources","Scottish Courts and Tribunals Service","AA/AO","[c]","[c]","[c]","[c]"
"Leaver Dept.","2022","Human Resources","Scottish Courts and Tribunals Service","EO","[c]","[c]","[c]","[c]"
"Leaver Dept.","2022","Human Resources","Submarine Delivery Agency","SEO/HEO","[c]","[c]","[c]","[c]"
"Leaver Dept.","2022","Human Resources","Submarine Delivery Agency","Unknown","[c]","[c]","[c]","[c]"
"Leaver Dept.","2022","Human Resources","The Insolvency Service","AA/AO","[c]","[c]","[c]","[c]"
"Leaver Dept.","2022","Human Resources","The Insolvency Service","G6/G7","[c]","[c]","[c]","[c]"
"Leaver Dept.","2022","Human Resources","The Insolvency Service","SEO/HEO","[c]","[c]","[c]","[c]"
"Leaver Dept.","2022","Human Resources","The National Archives","EO","[c]","[c]","[c]","[c]"
"Leaver Dept.","2022","Human Resources","UK Export Finance","EO","[c]","[c]","[c]","[c]"
"Leaver Dept.","2022","Human Resources","UK Health Security Agency","SEO/HEO","[c]","[c]","[c]","[c]"
"Leaver Dept.","2022","Human Resources","UK Statistics Authority","EO","[c]","[c]","[c]","[c]"
"Leaver Dept.","2022","Human Resources","UK Statistics Authority","G6/G7","[c]","[c]","[c]","[c]"
"Leaver Dept.","2022","Human Resources","UK Statistics Authority","SEO/HEO","10","[c]","[c]","[c]"
"Leaver Dept.","2022","Human Resources","Valuation Office Agency","G6/G7","[c]","[c]","[c]","[c]"
"Leaver Dept.","2022","Human Resources","Welsh Revenue Authority","G6/G7","[c]","[c]","[c]","[c]"
"Leaver Dept.","2022","Internal Audit","Food Standards Agency","G6/G7","[c]","[c]","[c]","[c]"
"Leaver Dept.","2022","Internal Audit","Food Standards Agency","SEO/HEO","[c]","[c]","[c]","[c]"
"Leaver Dept.","2022","Internal Audit","Foreign, Commonwealth and Development Office (excl. agencies)","EO","[c]","[c]","[c]","[c]"
"Leaver Dept.","2022","Internal Audit","Foreign, Commonwealth and Development Office (excl. agencies)","SCS level","[c]","[c]","[c]","[c]"
"Leaver Dept.","2022","Internal Audit","Foreign, Commonwealth and Development Office (excl. agencies)","SEO/HEO","[c]","[c]","[c]","[c]"
"Leaver Dept.","2022","Internal Audit","Government Internal Audit Agency","G6/G7","[c]","[c]","[c]","[c]"
"Leaver Dept.","2022","Internal Audit","Government Internal Audit Agency","SEO/HEO","[c]","[c]","[c]","[c]"
"Leaver Dept.","2022","Internal Audit","Ministry of Defence (excl. agencies)","G6/G7","[c]","[c]","[c]","[c]"
"Leaver Dept.","2022","Internal Audit","Ministry of Defence (excl. agencies)","SEO/HEO","[c]","[c]","[c]","[c]"
"Leaver Dept.","2022","Legal","Attorney General's Office","AA/AO","[c]","[c]","[c]","[c]"
"Leaver Dept.","2022","Legal","Attorney General's Office","EO","[c]","[c]","[c]","[c]"
"Leaver Dept.","2022","Legal","Attorney General's Office","G6/G7","10","[c]","[c]","[c]"
"Leaver Dept.","2022","Legal","Attorney General's Office","SCS level","[c]","[c]","[c]","[c]"
"Leaver Dept.","2022","Legal","Attorney General's Office","SEO/HEO","[c]","[c]","[c]","[c]"
"Leaver Dept.","2022","Legal","Cabinet Office (excl. agencies)","EO","[c]","[c]","[c]","[c]"
"Leaver Dept.","2022","Legal","Cabinet Office (excl. agencies)","SCS level","[c]","[c]","[c]","[c]"
"Leaver Dept.","2022","Legal","Charity Commission","G6/G7","[c]","[c]","[c]","[c]"
"Leaver Dept.","2022","Legal","Competition and Markets Authority","AA/AO","[c]","[c]","[c]","[c]"
"Leaver Dept.","2022","Legal","Competition and Markets Authority","EO","[c]","[c]","[c]","[c]"
"Leaver Dept.","2022","Legal","Competition and Markets Authority","G6/G7","[c]","[c]","[c]","[c]"
"Leaver Dept.","2022","Legal","Competition and Markets Authority","SEO/HEO","[c]","[c]","[c]","[c]"
"Leaver Dept.","2022","Legal","Crown Office and Procurator Fiscal Service","SCS level","[c]","[c]","[c]","[c]"
"Leaver Dept.","2022","Legal","Crown Office and Procurator Fiscal Service","SEO/HEO","[c]","[c]","[c]","[c]"
"Leaver Dept.","2022","Legal","Crown Prosecution Service","AA/AO","35","[c]","23230","23770"
"Leaver Dept.","2022","Legal","Crown Prosecution Service","EO","25","[c]","26700","26970"
"Leaver Dept.","2022","Legal","Crown Prosecution Service","G6/G7","15","[c]","59880","61360"
"Leaver Dept.","2022","Legal","Crown Prosecution Service","SEO/HEO","10","[c]","[c]","[c]"
"Leaver Dept.","2022","Legal","Defence Science and Technology Laboratory","G6/G7","[c]","[c]","[c]","[c]"
"Leaver Dept.","2022","Legal","Department for Work and Pensions (excl. agencies)","EO","[c]","[c]","[c]","[c]"
"Leaver Dept.","2022","Legal","Driver and Vehicle Standards Agency","G6/G7","[c]","[c]","[c]","[c]"
"Leaver Dept.","2022","Legal","Food Standards Agency","G6/G7","[c]","[c]","[c]","[c]"
"Leaver Dept.","2022","Legal","Government Legal Department","AA/AO","[c]","[c]","[c]","[c]"
"Leaver Dept.","2022","Legal","Government Legal Department","EO","20","[c]","27280","27350"
"Leaver Dept.","2022","Legal","Government Legal Department","G6/G7","45","[c]","58380","52330"
"Leaver Dept.","2022","Legal","Government Legal Department","SCS level","[c]","[c]","[c]","[c]"
"Leaver Dept.","2022","Legal","Government Legal Department","SEO/HEO","5","[c]","[c]","[c]"
"Leaver Dept.","2022","Legal","HM Crown Prosecution Service Inspectorate","AA/AO","[c]","[c]","[c]","[c]"
"Leaver Dept.","2022","Legal","HM Crown Prosecution Service Inspectorate","G6/G7","[c]","[c]","[c]","[c]"
"Leaver Dept.","2022","Legal","HM Crown Prosecution Service Inspectorate","SEO/HEO","[c]","[c]","[c]","[c]"
"Leaver Dept.","2022","Legal","Institute for Apprenticeships and Technical Education","G6/G7","[c]","[c]","[c]","[c]"
"Leaver Dept.","2022","Legal","Intellectual Property Office","SCS level","[c]","[c]","[c]","[c]"
"Leaver Dept.","2022","Legal","National Crime Agency","G6/G7","[c]","[c]","[c]","[c]"
"Leaver Dept.","2022","Legal","National Crime Agency","SEO/HEO","[c]","[c]","[c]","[c]"
"Leaver Dept.","2022","Legal","Office for Standards in Education, Children's Services and Skills","SEO/HEO","[c]","[c]","[c]","[c]"
"Leaver Dept.","2022","Legal","Office of Gas and Electricity Markets","G6/G7","[c]","[c]","[c]","[c]"
"Leaver Dept.","2022","Legal","Office of Rail and Road","AA/AO","[c]","[c]","[c]","[c]"
"Leaver Dept.","2022","Legal","Public Health England","G6/G7","[c]","[c]","[c]","[c]"
"Leaver Dept.","2022","Legal","Public Health England","SCS level","[c]","[c]","[c]","[c]"
"Leaver Dept.","2022","Legal","Public Health England","SEO/HEO","[c]","[c]","[c]","[c]"
"Leaver Dept.","2022","Legal","Scottish Courts and Tribunals Service","G6/G7","[c]","[c]","[c]","[c]"
"Leaver Dept.","2022","Legal","Scottish Courts and Tribunals Service","SEO/HEO","[c]","[c]","[c]","[c]"
"Leaver Dept.","2022","Legal","Serious Fraud Office","G6/G7","10","[c]","[c]","[c]"
"Leaver Dept.","2022","Legal","The Insolvency Service","G6/G7","[c]","[c]","[c]","[c]"
"Leaver Dept.","2022","No function","Advisory, Conciliation and Arbitration Service","AA/AO","[c]","[c]","[c]","[c]"
"Leaver Dept.","2022","No function","Advisory, Conciliation and Arbitration Service","EO","30","[c]","24350","24250"
"Leaver Dept.","2022","No function","Advisory, Conciliation and Arbitration Service","SEO/HEO","[c]","[c]","[c]","[c]"
"Leaver Dept.","2022","No function","Animal and Plant Health Agency","AA/AO","20","[c]","21250","21300"
"Leaver Dept.","2022","No function","Animal and Plant Health Agency","EO","10","[c]","[c]","[c]"
"Leaver Dept.","2022","No function","Animal and Plant Health Agency","G6/G7","[c]","[c]","[c]","[c]"
"Leaver Dept.","2022","No function","Animal and Plant Health Agency","SEO/HEO","10","[c]","[c]","[c]"
"Leaver Dept.","2022","No function","Animal and Plant Health Agency","Unknown","[c]","[c]","[c]","[c]"
"Leaver Dept.","2022","No function","Cabinet Office (excl. agencies)","AA/AO","20","[c]","22570","21050"
"Leaver Dept.","2022","No function","Cabinet Office (excl. agencies)","EO","110","[c]","27670","27500"
"Leaver Dept.","2022","No function","Cabinet Office (excl. agencies)","G6/G7","335","[c]","58090","54700"
"Leaver Dept.","2022","No function","Cabinet Office (excl. agencies)","SCS level","70","[c]","85630","75830"
"Leaver Dept.","2022","No function","Cabinet Office (excl. agencies)","SEO/HEO","835","[c]","33090","32000"
"Leaver Dept.","2022","No function","Charity Commission","EO","[c]","[c]","[c]","[c]"
"Leaver Dept.","2022","No function","Charity Commission","G6/G7","[c]","[c]","[c]","[c]"
"Leaver Dept.","2022","No function","Charity Commission","SEO/HEO","10","[c]","[c]","[c]"
"Leaver Dept.","2022","No function","Companies House","AA/AO","5","[c]","[c]","[c]"
"Leaver Dept.","2022","No function","Companies House","EO","[c]","[c]","[c]","[c]"
"Leaver Dept.","2022","No function","Companies House","G6/G7","[c]","[c]","[c]","[c]"
"Leaver Dept.","2022","No function","Companies House","SEO/HEO","[c]","[c]","[c]","[c]"
"Leaver Dept.","2022","No function","Criminal Injuries Compensation Authority","AA/AO","5","[c]","[c]","[c]"
"Leaver Dept.","2022","No function","Criminal Injuries Compensation Authority","EO","10","[c]","[c]","[c]"
"Leaver Dept.","2022","No function","Criminal Injuries Compensation Authority","SEO/HEO","5","[c]","[c]","[c]"
"Leaver Dept.","2022","No function","Crown Commercial Service","AA/AO","[c]","[c]","[c]","[c]"
"Leaver Dept.","2022","No function","Crown Commercial Service","EO","[c]","[c]","[c]","[c]"
"Leaver Dept.","2022","No function","Crown Commercial Service","G6/G7","[c]","[c]","[c]","[c]"
"Leaver Dept.","2022","No function","Crown Commercial Service","SEO/HEO","[c]","[c]","[c]","[c]"
"Leaver Dept.","2022","No function","Crown Office and Procurator Fiscal Service","AA/AO","10","[c]","[c]","[c]"
"Leaver Dept.","2022","No function","Crown Office and Procurator Fiscal Service","EO","[c]","[c]","[c]","[c]"
"Leaver Dept.","2022","No function","Crown Office and Procurator Fiscal Service","SEO/HEO","[c]","[c]","[c]","[c]"
"Leaver Dept.","2022","No function","Defence Equipment and Support","EO","35","[c]","23200","23520"
"Leaver Dept.","2022","No function","Defence Equipment and Support","G6/G7","20","[c]","55370","55420"
"Leaver Dept.","2022","No function","Defence Equipment and Support","SCS level","[c]","[c]","[c]","[c]"
"Leaver Dept.","2022","No function","Defence Equipment and Support","SEO/HEO","80","[c]","35160","35710"
"Leaver Dept.","2022","No function","Defence Science and Technology Laboratory","AA/AO","[c]","[c]","[c]","[c]"
"Leaver Dept.","2022","No function","Defence Science and Technology Laboratory","EO","[c]","[c]","[c]","[c]"
"Leaver Dept.","2022","No function","Defence Science and Technology Laboratory","G6/G7","15","[c]","50410","47010"
"Leaver Dept.","2022","No function","Defence Science and Technology Laboratory","SEO/HEO","20","[c]","32150","29230"
"Leaver Dept.","2022","No function","Department for Business, Energy and Industrial Strategy (excl. agencies)","EO","45","[c]","27340","27680"
"Leaver Dept.","2022","No function","Department for Business, Energy and Industrial Strategy (excl. agencies)","G6/G7","180","[c]","56140","53600"
"Leaver Dept.","2022","No function","Department for Business, Energy and Industrial Strategy (excl. agencies)","SCS level","30","[c]","85350","78040"
"Leaver Dept.","2022","No function","Department for Business, Energy and Industrial Strategy (excl. agencies)","SEO/HEO","235","[c]","36370","35230"
"Leaver Dept.","2022","No function","Department for Business, Energy and Industrial Strategy (excl. agencies)","Unknown","[c]","[c]","[c]","[c]"
"Leaver Dept.","2022","No function","Department for Digital, Culture, Media and Sport","EO","15","[c]","27770","26180"
"Leaver Dept.","2022","No function","Department for Digital, Culture, Media and Sport","G6/G7","60","[c]","55630","53350"
"Leaver Dept.","2022","No function","Department for Digital, Culture, Media and Sport","SCS level","10","[c]","73500","73500"
"Leaver Dept.","2022","No function","Department for Digital, Culture, Media and Sport","SEO/HEO","75","[c]","34450","34020"
"Leaver Dept.","2022","No function","Department for Education (excl. agencies)","AA/AO","[c]","[c]","[c]","[c]"
"Leaver Dept.","2022","No function","Department for Education (excl. agencies)","EO","25","[c]","26870","26000"
"Leaver Dept.","2022","No function","Department for Education (excl. agencies)","G6/G7","70","[c]","55670","54160"
"Leaver Dept.","2022","No function","Department for Education (excl. agencies)","SCS level","15","[c]","86760","76680"
"Leaver Dept.","2022","No function","Department for Education (excl. agencies)","SEO/HEO","115","[c]","35960","36500"
"Leaver Dept.","2022","No function","Department for Environment, Food and Rural Affairs (excl. agencies)","AA/AO","[c]","[c]","[c]","[c]"
"Leaver Dept.","2022","No function","Department for Environment, Food and Rural Affairs (excl. agencies)","EO","30","[c]","[c]","[c]"
"Leaver Dept.","2022","No function","Department for Environment, Food and Rural Affairs (excl. agencies)","G6/G7","75","[c]","[c]","[c]"
"Leaver Dept.","2022","No function","Department for Environment, Food and Rural Affairs (excl. agencies)","SCS level","10","[c]","[c]","[c]"
"Leaver Dept.","2022","No function","Department for Environment, Food and Rural Affairs (excl. agencies)","SEO/HEO","185","[c]","[c]","[c]"
"Leaver Dept.","2022","No function","Department for International Trade","EO","20","[c]","[c]","[c]"
"Leaver Dept.","2022","No function","Department for International Trade","G6/G7","35","[c]","[c]","[c]"
"Leaver Dept.","2022","No function","Department for International Trade","SCS level","[c]","[c]","[c]","[c]"
"Leaver Dept.","2022","No function","Department for International Trade","SEO/HEO","80","[c]","[c]","[c]"
"Leaver Dept.","2022","No function","Department for Levelling Up, Housing and Communities (excl. agencies)","AA/AO","[c]","[c]","[c]","[c]"
"Leaver Dept.","2022","No function","Department for Levelling Up, Housing and Communities (excl. agencies)","EO","40","[c]","27460","27850"
"Leaver Dept.","2022","No function","Department for Levelling Up, Housing and Communities (excl. agencies)","G6/G7","65","[c]","55460","53130"
"Leaver Dept.","2022","No function","Department for Levelling Up, Housing and Communities (excl. agencies)","SCS level","5","[c]","[c]","[c]"
"Leaver Dept.","2022","No function","Department for Levelling Up, Housing and Communities (excl. agencies)","SEO/HEO","105","[c]","35140","33210"
"Leaver Dept.","2022","No function","Department for Transport (excl. agencies)","AA/AO","[c]","[c]","[c]","[c]"
"Leaver Dept.","2022","No function","Department for Transport (excl. agencies)","EO","45","[c]","29620","30270"
"Leaver Dept.","2022","No function","Department for Transport (excl. agencies)","G6/G7","90","[c]","57190","54760"
"Leaver Dept.","2022","No function","Department for Transport (excl. agencies)","SCS level","10","[c]","[c]","[c]"
"Leaver Dept.","2022","No function","Department for Transport (excl. agencies)","SEO/HEO","160","[c]","38080","35430"
"Leaver Dept.","2022","No function","Department for Transport (excl. agencies)","Unknown","[c]","[c]","[c]","[c]"
"Leaver Dept.","2022","No function","Department for Work and Pensions (excl. agencies)","AA/AO","395","[c]","21340","21260"
"Leaver Dept.","2022","No function","Department for Work and Pensions (excl. agencies)","EO","1610","[c]","28210","27570"
"Leaver Dept.","2022","No function","Department for Work and Pensions (excl. agencies)","G6/G7","25","[c]","55850","54070"
"Leaver Dept.","2022","No function","Department for Work and Pensions (excl. agencies)","SCS level","10","[c]","[c]","[c]"
"Leaver Dept.","2022","No function","Department for Work and Pensions (excl. agencies)","SEO/HEO","215","[c]","33370","31990"
"Leaver Dept.","2022","No function","Department of Health and Social Care (excl. agencies)","EO","70","[c]","[c]","[c]"
"Leaver Dept.","2022","No function","Department of Health and Social Care (excl. agencies)","G6/G7","170","[c]","[c]","[c]"
"Leaver Dept.","2022","No function","Department of Health and Social Care (excl. agencies)","SCS level","45","[c]","[c]","[c]"
"Leaver Dept.","2022","No function","Department of Health and Social Care (excl. agencies)","SEO/HEO","205","[c]","[c]","[c]"
"Leaver Dept.","2022","No function","Driver and Vehicle Licensing Agency","AA/AO","55","[c]","21270","21840"
"Leaver Dept.","2022","No function","Driver and Vehicle Licensing Agency","EO","20","[c]","26510","26580"
"Leaver Dept.","2022","No function","Driver and Vehicle Licensing Agency","G6/G7","[c]","[c]","[c]","[c]"
"Leaver Dept.","2022","No function","Driver and Vehicle Licensing Agency","SEO/HEO","10","[c]","36920","38850"
"Leaver Dept.","2022","No function","Driver and Vehicle Standards Agency","AA/AO","30","[c]","22150","21840"
"Leaver Dept.","2022","No function","Driver and Vehicle Standards Agency","EO","35","[c]","27540","26470"
"Leaver Dept.","2022","No function","Driver and Vehicle Standards Agency","SEO/HEO","10","[c]","34030","31850"
"Leaver Dept.","2022","No function","Education and Skills Funding Agency","EO","10","[c]","[c]","[c]"
"Leaver Dept.","2022","No function","Education and Skills Funding Agency","G6/G7","5","[c]","[c]","[c]"
"Leaver Dept.","2022","No function","Education and Skills Funding Agency","SEO/HEO","20","[c]","34520","33610"
"Leaver Dept.","2022","No function","Food Standards Agency","EO","5","[c]","[c]","[c]"
"Leaver Dept.","2022","No function","Food Standards Agency","G6/G7","[c]","[c]","[c]","[c]"
"Leaver Dept.","2022","No function","Food Standards Agency","SEO/HEO","30","[c]","36850","37910"
"Leaver Dept.","2022","No function","Foreign, Commonwealth and Development Office (excl. agencies)","G6/G7","[c]","[c]","[c]","[c]"
"Leaver Dept.","2022","No function","Foreign, Commonwealth and Development Office (excl. agencies)","SEO/HEO","[c]","[c]","[c]","[c]"
"Leaver Dept.","2022","No function","Government Internal Audit Agency","SEO/HEO","[c]","[c]","[c]","[c]"
"Leaver Dept.","2022","No function","Government Legal Department","EO","[c]","[c]","[c]","[c]"
"Leaver Dept.","2022","No function","Health and Safety Executive","AA/AO","10","[c]","[c]","[c]"
"Leaver Dept.","2022","No function","Health and Safety Executive","EO","10","[c]","27290","26410"
"Leaver Dept.","2022","No function","Health and Safety Executive","G6/G7","5","[c]","[c]","[c]"
"Leaver Dept.","2022","No function","Health and Safety Executive","SEO/HEO","35","[c]","40420","41240"
"Leaver Dept.","2022","No function","HM Courts and Tribunals Service","AA/AO","305","[c]","20820","20970"
"Leaver Dept.","2022","No function","HM Courts and Tribunals Service","EO","100","[c]","25310","25120"
"Leaver Dept.","2022","No function","HM Courts and Tribunals Service","G6/G7","20","[c]","56740","58130"
"Leaver Dept.","2022","No function","HM Courts and Tribunals Service","SCS level","5","[c]","[c]","[c]"
"Leaver Dept.","2022","No function","HM Courts and Tribunals Service","SEO/HEO","105","[c]","34640","34260"
"Leaver Dept.","2022","No function","HM Courts and Tribunals Service","Unknown","[c]","[c]","[c]","[c]"
"Leaver Dept.","2022","No function","HM Prison and Probation Service","AA/AO","220","[c]","[c]","[c]"
"Leaver Dept.","2022","No function","HM Prison and Probation Service","EO","60","[c]","[c]","[c]"
"Leaver Dept.","2022","No function","HM Prison and Probation Service","G6/G7","20","[c]","[c]","[c]"
"Leaver Dept.","2022","No function","HM Prison and Probation Service","SCS level","[c]","[c]","[c]","[c]"
"Leaver Dept.","2022","No function","HM Prison and Probation Service","SEO/HEO","130","[c]","[c]","[c]"
"Leaver Dept.","2022","No function","HM Prison and Probation Service","Unknown","125","[c]","[c]","[c]"
"Leaver Dept.","2022","No function","HM Revenue and Customs (excl. agencies)","AA/AO","[c]","[c]","[c]","[c]"
"Leaver Dept.","2022","No function","HM Revenue and Customs (excl. agencies)","G6/G7","[c]","[c]","[c]","[c]"
"Leaver Dept.","2022","No function","HM Revenue and Customs (excl. agencies)","SEO/HEO","[c]","[c]","[c]","[c]"
"Leaver Dept.","2022","No function","HM Treasury (excl. agencies)","AA/AO","[c]","[c]","[c]","[c]"
"Leaver Dept.","2022","No function","HM Treasury (excl. agencies)","EO","15","[c]","[c]","[c]"
"Leaver Dept.","2022","No function","HM Treasury (excl. agencies)","G6/G7","45","[c]","[c]","[c]"
"Leaver Dept.","2022","No function","HM Treasury (excl. agencies)","SCS level","15","[c]","[c]","[c]"
"Leaver Dept.","2022","No function","HM Treasury (excl. agencies)","SEO/HEO","70","[c]","[c]","[c]"
"Leaver Dept.","2022","No function","Institute for Apprenticeships and Technical Education","EO","[c]","[c]","[c]","[c]"
"Leaver Dept.","2022","No function","Institute for Apprenticeships and Technical Education","G6/G7","5","[c]","[c]","[c]"
"Leaver Dept.","2022","No function","Institute for Apprenticeships and Technical Education","SEO/HEO","[c]","[c]","[c]","[c]"
"Leaver Dept.","2022","No function","Intellectual Property Office","AA/AO","[c]","[c]","[c]","[c]"
"Leaver Dept.","2022","No function","Intellectual Property Office","EO","[c]","[c]","[c]","[c]"
"Leaver Dept.","2022","No function","Intellectual Property Office","G6/G7","[c]","[c]","[c]","[c]"
"Leaver Dept.","2022","No function","Intellectual Property Office","SEO/HEO","[c]","[c]","[c]","[c]"
"Leaver Dept.","2022","No function","Legal Aid Agency","AA/AO","15","[c]","20360","20370"
"Leaver Dept.","2022","No function","Legal Aid Agency","EO","15","[c]","24550","25120"
"Leaver Dept.","2022","No function","Legal Aid Agency","G6/G7","5","[c]","[c]","[c]"
"Leaver Dept.","2022","No function","Legal Aid Agency","SCS level","[c]","[c]","[c]","[c]"
"Leaver Dept.","2022","No function","Legal Aid Agency","SEO/HEO","10","[c]","32200","31700"
"Leaver Dept.","2022","No function","Maritime and Coastguard Agency","AA/AO","20","[c]","23770","21840"
"Leaver Dept.","2022","No function","Maritime and Coastguard Agency","EO","10","[c]","[c]","[c]"
"Leaver Dept.","2022","No function","Maritime and Coastguard Agency","G6/G7","[c]","[c]","[c]","[c]"
"Leaver Dept.","2022","No function","Maritime and Coastguard Agency","SEO/HEO","15","[c]","37500","39250"
"Leaver Dept.","2022","No function","Medicines and Healthcare Products Regulatory Agency","EO","[c]","[c]","[c]","[c]"
"Leaver Dept.","2022","No function","Medicines and Healthcare Products Regulatory Agency","G6/G7","5","[c]","[c]","[c]"
"Leaver Dept.","2022","No function","Medicines and Healthcare Products Regulatory Agency","SEO/HEO","5","[c]","[c]","[c]"
"Leaver Dept.","2022","No function","Ministry of Justice (excl. agencies)","AA/AO","25","[c]","22050","22680"
"Leaver Dept.","2022","No function","Ministry of Justice (excl. agencies)","EO","50","[c]","26800","26410"
"Leaver Dept.","2022","No function","Ministry of Justice (excl. agencies)","G6/G7","75","[c]","57000","54880"
"Leaver Dept.","2022","No function","Ministry of Justice (excl. agencies)","SCS level","15","[c]","86560","79760"
"Leaver Dept.","2022","No function","Ministry of Justice (excl. agencies)","SEO/HEO","245","[c]","37280","36800"
"Leaver Dept.","2022","No function","Ministry of Justice (excl. agencies)","Unknown","10","[c]","[c]","[c]"
"Leaver Dept.","2022","No function","National Crime Agency","AA/AO","[c]","[c]","[c]","[c]"
"Leaver Dept.","2022","No function","National Crime Agency","EO","30","[c]","33910","33980"
"Leaver Dept.","2022","No function","National Crime Agency","G6/G7","[c]","[c]","[c]","[c]"
"Leaver Dept.","2022","No function","National Crime Agency","SCS level","[c]","[c]","[c]","[c]"
"Leaver Dept.","2022","No function","National Crime Agency","SEO/HEO","25","[c]","44120","43710"
"Leaver Dept.","2022","No function","National Infrastructure Commission","G6/G7","[c]","[c]","[c]","[c]"
"Leaver Dept.","2022","No function","National Infrastructure Commission","SEO/HEO","[c]","[c]","[c]","[c]"
"Leaver Dept.","2022","No function","Northern Ireland Office","EO","[c]","[c]","[c]","[c]"
"Leaver Dept.","2022","No function","Northern Ireland Office","G6/G7","10","[c]","[c]","[c]"
"Leaver Dept.","2022","No function","Northern Ireland Office","SEO/HEO","[c]","[c]","[c]","[c]"
"Leaver Dept.","2022","No function","Office for Standards in Education, Children's Services and Skills","AA/AO","[c]","[c]","[c]","[c]"
"Leaver Dept.","2022","No function","Office for Standards in Education, Children's Services and Skills","EO","10","[c]","[c]","[c]"
"Leaver Dept.","2022","No function","Office for Standards in Education, Children's Services and Skills","G6/G7","[c]","[c]","[c]","[c]"
"Leaver Dept.","2022","No function","Office for Standards in Education, Children's Services and Skills","SEO/HEO","5","[c]","[c]","[c]"
"Leaver Dept.","2022","No function","Office of Gas and Electricity Markets","AA/AO","[c]","[c]","[c]","[c]"
"Leaver Dept.","2022","No function","Office of Gas and Electricity Markets","EO","35","[c]","24810","24650"
"Leaver Dept.","2022","No function","Office of Gas and Electricity Markets","G6/G7","20","[c]","55590","51670"
"Leaver Dept.","2022","No function","Office of Gas and Electricity Markets","SCS level","[c]","[c]","[c]","[c]"
"Leaver Dept.","2022","No function","Office of Gas and Electricity Markets","SEO/HEO","20","[c]","34960","34240"
"Leaver Dept.","2022","No function","Office of Qualifications and Examinations Regulation","EO","[c]","[c]","[c]","[c]"
"Leaver Dept.","2022","No function","Office of Qualifications and Examinations Regulation","G6/G7","[c]","[c]","[c]","[c]"
"Leaver Dept.","2022","No function","Office of Qualifications and Examinations Regulation","SEO/HEO","5","[c]","[c]","[c]"
"Leaver Dept.","2022","No function","Office of Rail and Road","G6/G7","[c]","[c]","[c]","[c]"
"Leaver Dept.","2022","No function","Office of Rail and Road","SCS level","[c]","[c]","[c]","[c]"
"Leaver Dept.","2022","No function","Office of Rail and Road","SEO/HEO","[c]","[c]","[c]","[c]"
"Leaver Dept.","2022","No function","Office of the Public Guardian","AA/AO","70","[c]","20470","20970"
"Leaver Dept.","2022","No function","Office of the Public Guardian","EO","45","[c]","23550","23700"
"Leaver Dept.","2022","No function","Office of the Public Guardian","G6/G7","[c]","[c]","[c]","[c]"
"Leaver Dept.","2022","No function","Office of the Public Guardian","SCS level","[c]","[c]","[c]","[c]"
"Leaver Dept.","2022","No function","Office of the Public Guardian","SEO/HEO","20","[c]","29910","30450"
"Leaver Dept.","2022","No function","Office of the Secretary of State for Scotland (incl. Office of the Advocate General for Scotland)","AA/AO","[c]","[c]","[c]","[c]"
"Leaver Dept.","2022","No function","Office of the Secretary of State for Scotland (incl. Office of the Advocate General for Scotland)","EO","[c]","[c]","[c]","[c]"
"Leaver Dept.","2022","No function","Office of the Secretary of State for Scotland (incl. Office of the Advocate General for Scotland)","G6/G7","[c]","[c]","[c]","[c]"
"Leaver Dept.","2022","No function","Office of the Secretary of State for Scotland (incl. Office of the Advocate General for Scotland)","SCS level","[c]","[c]","[c]","[c]"
"Leaver Dept.","2022","No function","Office of the Secretary of State for Scotland (incl. Office of the Advocate General for Scotland)","SEO/HEO","5","[c]","[c]","[c]"
"Leaver Dept.","2022","No function","Office of the Secretary of State for Wales","AA/AO","[c]","[c]","[c]","[c]"
"Leaver Dept.","2022","No function","Office of the Secretary of State for Wales","EO","[c]","[c]","[c]","[c]"
"Leaver Dept.","2022","No function","Office of the Secretary of State for Wales","SCS level","[c]","[c]","[c]","[c]"
"Leaver Dept.","2022","No function","Office of the Secretary of State for Wales","SEO/HEO","[c]","[c]","[c]","[c]"
"Leaver Dept.","2022","No function","Office of the Secretary of State for Wales","Unknown","[c]","[c]","[c]","[c]"
"Leaver Dept.","2022","No function","Planning Inspectorate","AA/AO","10","[c]","[c]","[c]"
"Leaver Dept.","2022","No function","Planning Inspectorate","EO","5","[c]","[c]","[c]"
"Leaver Dept.","2022","No function","Planning Inspectorate","G6/G7","20","[c]","59580","58810"
"Leaver Dept.","2022","No function","Planning Inspectorate","SEO/HEO","10","[c]","35940","34860"
"Leaver Dept.","2022","No function","Public Health England","AA/AO","770","[c]","21350","20990"
"Leaver Dept.","2022","No function","Public Health England","EO","795","[c]","25790","26830"
"Leaver Dept.","2022","No function","Public Health England","G6/G7","1525","[c]","58210","54230"
"Leaver Dept.","2022","No function","Public Health England","SCS level","355","[c]","109160","107610"
"Leaver Dept.","2022","No function","Public Health England","SEO/HEO","2350","[c]","35960","36330"
"Leaver Dept.","2022","No function","Public Health England","Unknown","5","[c]","[c]","[c]"
"Leaver Dept.","2022","No function","Registers of Scotland","AA/AO","[c]","[c]","[c]","[c]"
"Leaver Dept.","2022","No function","Registers of Scotland","EO","5","[c]","[c]","[c]"
"Leaver Dept.","2022","No function","Registers of Scotland","G6/G7","[c]","[c]","[c]","[c]"
"Leaver Dept.","2022","No function","Registers of Scotland","SEO/HEO","[c]","[c]","[c]","[c]"
"Leaver Dept.","2022","No function","Scottish Courts and Tribunals Service","AA/AO","10","[c]","23160","23780"
"Leaver Dept.","2022","No function","Scottish Courts and Tribunals Service","EO","[c]","[c]","[c]","[c]"
"Leaver Dept.","2022","No function","Scottish Courts and Tribunals Service","G6/G7","[c]","[c]","[c]","[c]"
"Leaver Dept.","2022","No function","Scottish Courts and Tribunals Service","SEO/HEO","[c]","[c]","[c]","[c]"
"Leaver Dept.","2022","No function","Serious Fraud Office","EO","[c]","[c]","[c]","[c]"
"Leaver Dept.","2022","No function","Serious Fraud Office","G6/G7","[c]","[c]","[c]","[c]"
"Leaver Dept.","2022","No function","Serious Fraud Office","SEO/HEO","[c]","[c]","[c]","[c]"
"Leaver Dept.","2022","No function","Standards and Testing Agency","EO","[c]","[c]","[c]","[c]"
"Leaver Dept.","2022","No function","Standards and Testing Agency","G6/G7","[c]","[c]","[c]","[c]"
"Leaver Dept.","2022","No function","Standards and Testing Agency","SCS level","[c]","[c]","[c]","[c]"
"Leaver Dept.","2022","No function","Teaching Regulation Agency","AA/AO","[c]","[c]","[c]","[c]"
"Leaver Dept.","2022","No function","Teaching Regulation Agency","EO","[c]","[c]","[c]","[c]"
"Leaver Dept.","2022","No function","Teaching Regulation Agency","SEO/HEO","[c]","[c]","[c]","[c]"
"Leaver Dept.","2022","No function","The Insolvency Service","AA/AO","35","[c]","21300","21130"
"Leaver Dept.","2022","No function","The Insolvency Service","EO","10","[c]","25000","24260"
"Leaver Dept.","2022","No function","The Insolvency Service","G6/G7","[c]","[c]","[c]","[c]"
"Leaver Dept.","2022","No function","The Insolvency Service","SEO/HEO","15","[c]","33190","31000"
"Leaver Dept.","2022","No function","The National Archives","EO","[c]","[c]","[c]","[c]"
"Leaver Dept.","2022","No function","The National Archives","SEO/HEO","[c]","[c]","[c]","[c]"
"Leaver Dept.","2022","No function","UK Health Security Agency","AA/AO","[c]","[c]","[c]","[c]"
"Leaver Dept.","2022","No function","UK Health Security Agency","EO","5","[c]","[c]","[c]"
"Leaver Dept.","2022","No function","UK Health Security Agency","G6/G7","15","[c]","57020","53360"
"Leaver Dept.","2022","No function","UK Health Security Agency","SEO/HEO","15","[c]","35820","36820"
"Leaver Dept.","2022","No function","UK Health Security Agency","Unknown","[c]","[c]","[c]","[c]"
"Leaver Dept.","2022","No function","UK Hydrographic Office","SEO/HEO","[c]","[c]","[c]","[c]"
"Leaver Dept.","2022","No function","UK Statistics Authority","AA/AO","25","[c]","20570","19860"
"Leaver Dept.","2022","No function","UK Statistics Authority","EO","15","[c]","24230","23630"
"Leaver Dept.","2022","No function","UK Statistics Authority","G6/G7","5","[c]","[c]","[c]"
"Leaver Dept.","2022","No function","UK Statistics Authority","SCS level","[c]","[c]","[c]","[c]"
"Leaver Dept.","2022","No function","UK Statistics Authority","SEO/HEO","25","[c]","33640","33210"
"Leaver Dept.","2022","No function","Vehicle Certification Agency","AA/AO","[c]","[c]","[c]","[c]"
"Leaver Dept.","2022","No function","Vehicle Certification Agency","EO","[c]","[c]","[c]","[c]"
"Leaver Dept.","2022","No function","Vehicle Certification Agency","G6/G7","[c]","[c]","[c]","[c]"
"Leaver Dept.","2022","No function","Vehicle Certification Agency","SEO/HEO","[c]","[c]","[c]","[c]"
"Leaver Dept.","2022","No function","Water Services Regulation Authority","G6/G7","[c]","[c]","[c]","[c]"
"Leaver Dept.","2022","No function","Water Services Regulation Authority","SEO/HEO","[c]","[c]","[c]","[c]"
"Leaver Dept.","2022","No function","Welsh Revenue Authority","AA/AO","[c]","[c]","[c]","[c]"
"Leaver Dept.","2022","No function","Welsh Revenue Authority","EO","[c]","[c]","[c]","[c]"
"Leaver Dept.","2022","No function","Welsh Revenue Authority","G6/G7","[c]","[c]","[c]","[c]"
"Leaver Dept.","2022","No function","Welsh Revenue Authority","SEO/HEO","[c]","[c]","[c]","[c]"
"Leaver Dept.","2022","Project Delivery","Advisory, Conciliation and Arbitration Service","EO","[c]","[c]","[c]","[c]"
"Leaver Dept.","2022","Project Delivery","Advisory, Conciliation and Arbitration Service","G6/G7","[c]","[c]","[c]","[c]"
"Leaver Dept.","2022","Project Delivery","Advisory, Conciliation and Arbitration Service","SEO/HEO","[c]","[c]","[c]","[c]"
"Leaver Dept.","2022","Project Delivery","Cabinet Office (excl. agencies)","AA/AO","[c]","[c]","[c]","[c]"
"Leaver Dept.","2022","Project Delivery","Cabinet Office (excl. agencies)","EO","[c]","[c]","[c]","[c]"
"Leaver Dept.","2022","Project Delivery","Cabinet Office (excl. agencies)","G6/G7","5","[c]","[c]","[c]"
"Leaver Dept.","2022","Project Delivery","Cabinet Office (excl. agencies)","SCS level","10","[c]","99220","93400"
"Leaver Dept.","2022","Project Delivery","Cabinet Office (excl. agencies)","SEO/HEO","[c]","[c]","[c]","[c]"
"Leaver Dept.","2022","Project Delivery","Charity Commission","SEO/HEO","[c]","[c]","[c]","[c]"
"Leaver Dept.","2022","Project Delivery","Competition and Markets Authority","AA/AO","5","[c]","[c]","[c]"
"Leaver Dept.","2022","Project Delivery","Competition and Markets Authority","EO","5","[c]","[c]","[c]"
"Leaver Dept.","2022","Project Delivery","Competition and Markets Authority","G6/G7","[c]","[c]","[c]","[c]"
"Leaver Dept.","2022","Project Delivery","Competition and Markets Authority","SCS level","[c]","[c]","[c]","[c]"
"Leaver Dept.","2022","Project Delivery","Competition and Markets Authority","SEO/HEO","5","[c]","[c]","[c]"
"Leaver Dept.","2022","Project Delivery","Crown Commercial Service","G6/G7","[c]","[c]","[c]","[c]"
"Leaver Dept.","2022","Project Delivery","Crown Commercial Service","SEO/HEO","[c]","[c]","[c]","[c]"
"Leaver Dept.","2022","Project Delivery","Defence Equipment and Support","EO","65","[c]","22830","23260"
"Leaver Dept.","2022","Project Delivery","Defence Equipment and Support","G6/G7","30","[c]","53170","53270"
"Leaver Dept.","2022","Project Delivery","Defence Equipment and Support","SCS level","[c]","[c]","[c]","[c]"
"Leaver Dept.","2022","Project Delivery","Defence Equipment and Support","SEO/HEO","165","[c]","34100","33730"
"Leaver Dept.","2022","Project Delivery","Defence Science and Technology Laboratory","AA/AO","[c]","[c]","[c]","[c]"
"Leaver Dept.","2022","Project Delivery","Defence Science and Technology Laboratory","EO","[c]","[c]","[c]","[c]"
"Leaver Dept.","2022","Project Delivery","Defence Science and Technology Laboratory","G6/G7","5","[c]","[c]","[c]"
"Leaver Dept.","2022","Project Delivery","Defence Science and Technology Laboratory","SEO/HEO","[c]","[c]","[c]","[c]"
"Leaver Dept.","2022","Project Delivery","Department for Business, Energy and Industrial Strategy (excl. agencies)","G6/G7","5","[c]","[c]","[c]"
"Leaver Dept.","2022","Project Delivery","Department for Business, Energy and Industrial Strategy (excl. agencies)","SEO/HEO","[c]","[c]","[c]","[c]"
"Leaver Dept.","2022","Project Delivery","Department for Digital, Culture, Media and Sport","EO","[c]","[c]","[c]","[c]"
"Leaver Dept.","2022","Project Delivery","Department for Digital, Culture, Media and Sport","G6/G7","5","[c]","[c]","[c]"
"Leaver Dept.","2022","Project Delivery","Department for Digital, Culture, Media and Sport","SEO/HEO","5","[c]","[c]","[c]"
"Leaver Dept.","2022","Project Delivery","Department for Education (excl. agencies)","EO","[c]","[c]","[c]","[c]"
"Leaver Dept.","2022","Project Delivery","Department for Education (excl. agencies)","G6/G7","5","[c]","[c]","[c]"
"Leaver Dept.","2022","Project Delivery","Department for Education (excl. agencies)","SEO/HEO","[c]","[c]","[c]","[c]"
"Leaver Dept.","2022","Project Delivery","Department for International Trade","G6/G7","[c]","[c]","[c]","[c]"
"Leaver Dept.","2022","Project Delivery","Department for International Trade","SEO/HEO","[c]","[c]","[c]","[c]"
"Leaver Dept.","2022","Project Delivery","Department for Levelling Up, Housing and Communities (excl. agencies)","EO","[c]","[c]","[c]","[c]"
"Leaver Dept.","2022","Project Delivery","Department for Levelling Up, Housing and Communities (excl. agencies)","G6/G7","[c]","[c]","[c]","[c]"
"Leaver Dept.","2022","Project Delivery","Department for Levelling Up, Housing and Communities (excl. agencies)","SEO/HEO","5","[c]","[c]","[c]"
"Leaver Dept.","2022","Project Delivery","Department for Work and Pensions (excl. agencies)","AA/AO","[c]","[c]","[c]","[c]"
"Leaver Dept.","2022","Project Delivery","Department for Work and Pensions (excl. agencies)","EO","15","[c]","28030","27570"
"Leaver Dept.","2022","Project Delivery","Department for Work and Pensions (excl. agencies)","G6/G7","10","[c]","[c]","[c]"
"Leaver Dept.","2022","Project Delivery","Department for Work and Pensions (excl. agencies)","SEO/HEO","35","[c]","35070","35310"
"Leaver Dept.","2022","Project Delivery","Driver and Vehicle Licensing Agency","SEO/HEO","[c]","[c]","[c]","[c]"
"Leaver Dept.","2022","Project Delivery","Driver and Vehicle Standards Agency","EO","[c]","[c]","[c]","[c]"
"Leaver Dept.","2022","Project Delivery","Driver and Vehicle Standards Agency","G6/G7","[c]","[c]","[c]","[c]"
"Leaver Dept.","2022","Project Delivery","Driver and Vehicle Standards Agency","SEO/HEO","5","[c]","[c]","[c]"
"Leaver Dept.","2022","Project Delivery","Estyn","G6/G7","[c]","[c]","[c]","[c]"
"Leaver Dept.","2022","Project Delivery","Estyn","SEO/HEO","[c]","[c]","[c]","[c]"
"Leaver Dept.","2022","Project Delivery","Food Standards Agency","G6/G7","[c]","[c]","[c]","[c]"
"Leaver Dept.","2022","Project Delivery","Foreign, Commonwealth and Development Office (excl. agencies)","AA/AO","[c]","[c]","[c]","[c]"
"Leaver Dept.","2022","Project Delivery","Foreign, Commonwealth and Development Office (excl. agencies)","EO","[c]","[c]","[c]","[c]"
"Leaver Dept.","2022","Project Delivery","Foreign, Commonwealth and Development Office (excl. agencies)","G6/G7","30","[c]","53800","52430"
"Leaver Dept.","2022","Project Delivery","Foreign, Commonwealth and Development Office (excl. agencies)","SCS level","[c]","[c]","[c]","[c]"
"Leaver Dept.","2022","Project Delivery","Foreign, Commonwealth and Development Office (excl. agencies)","SEO/HEO","15","[c]","37780","38600"
"Leaver Dept.","2022","Project Delivery","Government Actuary's Department","G6/G7","[c]","[c]","[c]","[c]"
"Leaver Dept.","2022","Project Delivery","Government Legal Department","G6/G7","[c]","[c]","[c]","[c]"
"Leaver Dept.","2022","Project Delivery","Government Legal Department","SCS level","[c]","[c]","[c]","[c]"
"Leaver Dept.","2022","Project Delivery","Government Legal Department","SEO/HEO","[c]","[c]","[c]","[c]"
"Leaver Dept.","2022","Project Delivery","Health and Safety Executive","EO","[c]","[c]","[c]","[c]"
"Leaver Dept.","2022","Project Delivery","Health and Safety Executive","SEO/HEO","[c]","[c]","[c]","[c]"
"Leaver Dept.","2022","Project Delivery","HM Revenue and Customs (excl. agencies)","EO","[c]","[c]","[c]","[c]"
"Leaver Dept.","2022","Project Delivery","HM Revenue and Customs (excl. agencies)","G6/G7","[c]","[c]","[c]","[c]"
"Leaver Dept.","2022","Project Delivery","HM Treasury (excl. agencies)","EO","[c]","[c]","[c]","[c]"
"Leaver Dept.","2022","Project Delivery","HM Treasury (excl. agencies)","G6/G7","[c]","[c]","[c]","[c]"
"Leaver Dept.","2022","Project Delivery","HM Treasury (excl. agencies)","SEO/HEO","[c]","[c]","[c]","[c]"
"Leaver Dept.","2022","Project Delivery","Intellectual Property Office","SEO/HEO","[c]","[c]","[c]","[c]"
"Leaver Dept.","2022","Project Delivery","Met Office","G6/G7","[c]","[c]","[c]","[c]"
"Leaver Dept.","2022","Project Delivery","Met Office","SEO/HEO","[c]","[c]","[c]","[c]"
"Leaver Dept.","2022","Project Delivery","Ministry of Defence (excl. agencies)","EO","10","[c]","[c]","[c]"
"Leaver Dept.","2022","Project Delivery","Ministry of Defence (excl. agencies)","G6/G7","20","[c]","62720","63910"
"Leaver Dept.","2022","Project Delivery","Ministry of Defence (excl. agencies)","SCS level","[c]","[c]","[c]","[c]"
"Leaver Dept.","2022","Project Delivery","Ministry of Defence (excl. agencies)","SEO/HEO","55","[c]","39630","40580"
"Leaver Dept.","2022","Project Delivery","Ministry of Justice (excl. agencies)","SEO/HEO","[c]","[c]","[c]","[c]"
"Leaver Dept.","2022","Project Delivery","National Crime Agency","AA/AO","[c]","[c]","[c]","[c]"
"Leaver Dept.","2022","Project Delivery","National Crime Agency","G6/G7","[c]","[c]","[c]","[c]"
"Leaver Dept.","2022","Project Delivery","National Crime Agency","SEO/HEO","10","[c]","[c]","[c]"
"Leaver Dept.","2022","Project Delivery","National Savings and Investments","SEO/HEO","[c]","[c]","[c]","[c]"
"Leaver Dept.","2022","Project Delivery","Office for Standards in Education, Children's Services and Skills","EO","[c]","[c]","[c]","[c]"
"Leaver Dept.","2022","Project Delivery","Office for Standards in Education, Children's Services and Skills","G6/G7","[c]","[c]","[c]","[c]"
"Leaver Dept.","2022","Project Delivery","Office for Standards in Education, Children's Services and Skills","SEO/HEO","[c]","[c]","[c]","[c]"
"Leaver Dept.","2022","Project Delivery","Office of Gas and Electricity Markets","G6/G7","[c]","[c]","[c]","[c]"
"Leaver Dept.","2022","Project Delivery","Office of Gas and Electricity Markets","SEO/HEO","[c]","[c]","[c]","[c]"
"Leaver Dept.","2022","Project Delivery","Planning Inspectorate","AA/AO","[c]","[c]","[c]","[c]"
"Leaver Dept.","2022","Project Delivery","Queen Elizabeth II Centre","EO","[c]","[c]","[c]","[c]"
"Leaver Dept.","2022","Project Delivery","Queen Elizabeth II Centre","SEO/HEO","[c]","[c]","[c]","[c]"
"Leaver Dept.","2022","Project Delivery","Rural Payments Agency","EO","[c]","[c]","[c]","[c]"
"Leaver Dept.","2022","Project Delivery","Rural Payments Agency","G6/G7","[c]","[c]","[c]","[c]"
"Leaver Dept.","2022","Project Delivery","Rural Payments Agency","SEO/HEO","10","[c]","[c]","[c]"
"Leaver Dept.","2022","Project Delivery","Submarine Delivery Agency","Unknown","10","[c]","[c]","[c]"
"Leaver Dept.","2022","Project Delivery","The Insolvency Service","SEO/HEO","[c]","[c]","[c]","[c]"
"Leaver Dept.","2022","Project Delivery","UK Export Finance","EO","[c]","[c]","[c]","[c]"
"Leaver Dept.","2022","Project Delivery","UK Export Finance","G6/G7","[c]","[c]","[c]","[c]"
"Leaver Dept.","2022","Project Delivery","UK Statistics Authority","EO","[c]","[c]","[c]","[c]"
"Leaver Dept.","2022","Project Delivery","UK Statistics Authority","G6/G7","5","[c]","[c]","[c]"
"Leaver Dept.","2022","Project Delivery","UK Statistics Authority","SEO/HEO","10","[c]","[c]","[c]"
"Leaver Dept.","2022","Project Delivery","Valuation Office Agency","G6/G7","[c]","[c]","[c]","[c]"
"Leaver Dept.","2022","Project Delivery","Valuation Office Agency","SEO/HEO","5","[c]","[c]","[c]"
"Leaver Dept.","2022","Project Delivery","Welsh Revenue Authority","G6/G7","[c]","[c]","[c]","[c]"
"Leaver Dept.","2022","Project Delivery","Wilton Park","SEO/HEO","[c]","[c]","[c]","[c]"
"Leaver Dept.","2022","Property","Cabinet Office (excl. agencies)","EO","[c]","[c]","[c]","[c]"
"Leaver Dept.","2022","Property","Cabinet Office (excl. agencies)","G6/G7","[c]","[c]","[c]","[c]"
"Leaver Dept.","2022","Property","Cabinet Office (excl. agencies)","SEO/HEO","[c]","[c]","[c]","[c]"
"Leaver Dept.","2022","Property","Defence Equipment and Support","EO","[c]","[c]","[c]","[c]"
"Leaver Dept.","2022","Property","Defence Equipment and Support","SEO/HEO","10","[c]","33800","34770"
"Leaver Dept.","2022","Property","Department for Education (excl. agencies)","EO","5","[c]","[c]","[c]"
"Leaver Dept.","2022","Property","Department for Education (excl. agencies)","G6/G7","10","[c]","61460","62420"
"Leaver Dept.","2022","Property","Department for Education (excl. agencies)","SEO/HEO","10","[c]","[c]","[c]"
"Leaver Dept.","2022","Property","Department for Environment, Food and Rural Affairs (excl. agencies)","EO","[c]","[c]","[c]","[c]"
"Leaver Dept.","2022","Property","Department for Environment, Food and Rural Affairs (excl. agencies)","G6/G7","[c]","[c]","[c]","[c]"
"Leaver Dept.","2022","Property","Department for Environment, Food and Rural Affairs (excl. agencies)","SEO/HEO","5","[c]","[c]","[c]"
"Leaver Dept.","2022","Property","Department for Work and Pensions (excl. agencies)","EO","[c]","[c]","[c]","[c]"
"Leaver Dept.","2022","Property","Department for Work and Pensions (excl. agencies)","SCS level","[c]","[c]","[c]","[c]"
"Leaver Dept.","2022","Property","Department for Work and Pensions (excl. agencies)","SEO/HEO","[c]","[c]","[c]","[c]"
"Leaver Dept.","2022","Property","Department of Health and Social Care (excl. agencies)","G6/G7","[c]","[c]","[c]","[c]"
"Leaver Dept.","2022","Property","Department of Health and Social Care (excl. agencies)","SEO/HEO","5","[c]","[c]","[c]"
"Leaver Dept.","2022","Property","Driver and Vehicle Licensing Agency","EO","[c]","[c]","[c]","[c]"
"Leaver Dept.","2022","Property","Driver and Vehicle Standards Agency","EO","[c]","[c]","[c]","[c]"
"Leaver Dept.","2022","Property","Driver and Vehicle Standards Agency","SEO/HEO","[c]","[c]","[c]","[c]"
"Leaver Dept.","2022","Property","Government Property Agency","EO","[c]","[c]","[c]","[c]"
"Leaver Dept.","2022","Property","Government Property Agency","G6/G7","[c]","[c]","[c]","[c]"
"Leaver Dept.","2022","Property","Government Property Agency","SCS level","[c]","[c]","[c]","[c]"
"Leaver Dept.","2022","Property","Government Property Agency","SEO/HEO","[c]","[c]","[c]","[c]"
"Leaver Dept.","2022","Property","Ministry of Defence (excl. agencies)","AA/AO","[c]","[c]","[c]","[c]"
"Leaver Dept.","2022","Property","Ministry of Defence (excl. agencies)","EO","[c]","[c]","[c]","[c]"
"Leaver Dept.","2022","Property","Ministry of Defence (excl. agencies)","G6/G7","[c]","[c]","[c]","[c]"
"Leaver Dept.","2022","Property","Ministry of Defence (excl. agencies)","SEO/HEO","10","[c]","[c]","[c]"
"Leaver Dept.","2022","Property","Office of Gas and Electricity Markets","G6/G7","[c]","[c]","[c]","[c]"
"Leaver Dept.","2022","Property","Public Health England","AA/AO","[c]","[c]","[c]","[c]"
"Leaver Dept.","2022","Property","Public Health England","EO","10","[c]","[c]","[c]"
"Leaver Dept.","2022","Property","Public Health England","G6/G7","5","[c]","[c]","[c]"
"Leaver Dept.","2022","Property","Public Health England","SCS level","[c]","[c]","[c]","[c]"
"Leaver Dept.","2022","Property","Public Health England","SEO/HEO","10","[c]","37990","38200"
"Leaver Dept.","2022","Property","Submarine Delivery Agency","Unknown","[c]","[c]","[c]","[c]"
"Leaver Dept.","2022","Property","Valuation Office Agency","AA/AO","25","[c]","21620","22010"
"Leaver Dept.","2022","Property","Valuation Office Agency","EO","10","[c]","[c]","[c]"
"Leaver Dept.","2022","Property","Valuation Office Agency","SEO/HEO","5","[c]","[c]","[c]"
"Leaver Dept.","2022","Security","Cabinet Office (excl. agencies)","AA/AO","10","[c]","[c]","[c]"
"Leaver Dept.","2022","Security","Cabinet Office (excl. agencies)","EO","15","[c]","26470","26670"
"Leaver Dept.","2022","Security","Cabinet Office (excl. agencies)","G6/G7","15","[c]","56180","54700"
"Leaver Dept.","2022","Security","Cabinet Office (excl. agencies)","SCS level","[c]","[c]","[c]","[c]"
"Leaver Dept.","2022","Security","Cabinet Office (excl. agencies)","SEO/HEO","35","[c]","35460","34090"
"Leaver Dept.","2022","Security","Companies House","AA/AO","[c]","[c]","[c]","[c]"
"Leaver Dept.","2022","Security","Crown Prosecution Service","SEO/HEO","[c]","[c]","[c]","[c]"
"Leaver Dept.","2022","Security","Defence Equipment and Support","SEO/HEO","[c]","[c]","[c]","[c]"
"Leaver Dept.","2022","Security","Defence Science and Technology Laboratory","SEO/HEO","[c]","[c]","[c]","[c]"
"Leaver Dept.","2022","Security","Department for Business, Energy and Industrial Strategy (excl. agencies)","G6/G7","[c]","[c]","[c]","[c]"
"Leaver Dept.","2022","Security","Department for Business, Energy and Industrial Strategy (excl. agencies)","SCS level","[c]","[c]","[c]","[c]"
"Leaver Dept.","2022","Security","Department for Business, Energy and Industrial Strategy (excl. agencies)","SEO/HEO","[c]","[c]","[c]","[c]"
"Leaver Dept.","2022","Security","Department for Education (excl. agencies)","SEO/HEO","[c]","[c]","[c]","[c]"
"Leaver Dept.","2022","Security","Department for International Trade","EO","[c]","[c]","[c]","[c]"
"Leaver Dept.","2022","Security","Department for Work and Pensions (excl. agencies)","SEO/HEO","[c]","[c]","[c]","[c]"
"Leaver Dept.","2022","Security","Driver and Vehicle Standards Agency","SEO/HEO","[c]","[c]","[c]","[c]"
"Leaver Dept.","2022","Security","FCDO Services","EO","[c]","[c]","[c]","[c]"
"Leaver Dept.","2022","Security","Foreign, Commonwealth and Development Office (excl. agencies)","EO","[c]","[c]","[c]","[c]"
"Leaver Dept.","2022","Security","Foreign, Commonwealth and Development Office (excl. agencies)","G6/G7","[c]","[c]","[c]","[c]"
"Leaver Dept.","2022","Security","Foreign, Commonwealth and Development Office (excl. agencies)","SEO/HEO","[c]","[c]","[c]","[c]"
"Leaver Dept.","2022","Security","HM Prison and Probation Service","EO","[c]","[c]","[c]","[c]"
"Leaver Dept.","2022","Security","HM Prison and Probation Service","SEO/HEO","[c]","[c]","[c]","[c]"
"Leaver Dept.","2022","Security","Ministry of Defence (excl. agencies)","AA/AO","15","[c]","25960","20740"
"Leaver Dept.","2022","Security","Ministry of Defence (excl. agencies)","EO","15","[c]","29260","28560"
"Leaver Dept.","2022","Security","Ministry of Defence (excl. agencies)","G6/G7","[c]","[c]","[c]","[c]"
"Leaver Dept.","2022","Security","Ministry of Defence (excl. agencies)","SCS level","[c]","[c]","[c]","[c]"
"Leaver Dept.","2022","Security","Ministry of Defence (excl. agencies)","SEO/HEO","20","[c]","38090","36730"
"Leaver Dept.","2022","Security","National Crime Agency","EO","[c]","[c]","[c]","[c]"
"Leaver Dept.","2022","Security","Serious Fraud Office","G6/G7","[c]","[c]","[c]","[c]"
"Leaver Dept.","2022","Security","Serious Fraud Office","SEO/HEO","[c]","[c]","[c]","[c]"
"Leaver Dept.","2022","Security","Submarine Delivery Agency","Unknown","[c]","[c]","[c]","[c]"
"Leaver Dept.","2022","Unknown","Animal and Plant Health Agency","AA/AO","[c]","[c]","[c]","[c]"
"Leaver Dept.","2022","Unknown","Centre for Environment, Fisheries and Aquaculture Science","SEO/HEO","[c]","[c]","[c]","[c]"
"Leaver Dept.","2022","Unknown","Crown Commercial Service","SEO/HEO","[c]","[c]","[c]","[c]"
"Leaver Dept.","2022","Unknown","Crown Prosecution Service","EO","[c]","[c]","[c]","[c]"
"Leaver Dept.","2022","Unknown","Crown Prosecution Service","G6/G7","[c]","[c]","[c]","[c]"
"Leaver Dept.","2022","Unknown","Crown Prosecution Service","SCS level","[c]","[c]","[c]","[c]"
"Leaver Dept.","2022","Unknown","Crown Prosecution Service","SEO/HEO","[c]","[c]","[c]","[c]"
"Leaver Dept.","2022","Unknown","Department for Work and Pensions (excl. agencies)","AA/AO","35","[c]","21340","21260"
"Leaver Dept.","2022","Unknown","Department for Work and Pensions (excl. agencies)","EO","90","[c]","28080","27570"
"Leaver Dept.","2022","Unknown","Department for Work and Pensions (excl. agencies)","G6/G7","30","[c]","58980","56430"
"Leaver Dept.","2022","Unknown","Department for Work and Pensions (excl. agencies)","SCS level","5","[c]","[c]","[c]"
"Leaver Dept.","2022","Unknown","Department for Work and Pensions (excl. agencies)","SEO/HEO","65","[c]","35700","35450"
"Leaver Dept.","2022","Unknown","Department of Health and Social Care (excl. agencies)","EO","[c]","[c]","[c]","[c]"
"Leaver Dept.","2022","Unknown","Department of Health and Social Care (excl. agencies)","G6/G7","5","[c]","[c]","[c]"
"Leaver Dept.","2022","Unknown","Department of Health and Social Care (excl. agencies)","SEO/HEO","[c]","[c]","[c]","[c]"
"Leaver Dept.","2022","Unknown","Department of Health and Social Care (excl. agencies)","Unknown","90","[c]","[c]","[c]"
"Leaver Dept.","2022","Unknown","Disclosure Scotland","AA/AO","[c]","[c]","[c]","[c]"
"Leaver Dept.","2022","Unknown","Disclosure Scotland","EO","[c]","[c]","[c]","[c]"
"Leaver Dept.","2022","Unknown","Driver and Vehicle Licensing Agency","AA/AO","[c]","[c]","[c]","[c]"
"Leaver Dept.","2022","Unknown","Driver and Vehicle Licensing Agency","EO","[c]","[c]","[c]","[c]"
"Leaver Dept.","2022","Unknown","Driver and Vehicle Licensing Agency","SEO/HEO","[c]","[c]","[c]","[c]"
"Leaver Dept.","2022","Unknown","FCDO Services","SEO/HEO","[c]","[c]","[c]","[c]"
"Leaver Dept.","2022","Unknown","Food Standards Agency","G6/G7","[c]","[c]","[c]","[c]"
"Leaver Dept.","2022","Unknown","Food Standards Scotland","SEO/HEO","[c]","[c]","[c]","[c]"
"Leaver Dept.","2022","Unknown","Foreign, Commonwealth and Development Office (excl. agencies)","AA/AO","10","[c]","[c]","[c]"
"Leaver Dept.","2022","Unknown","Foreign, Commonwealth and Development Office (excl. agencies)","EO","20","[c]","[c]","[c]"
"Leaver Dept.","2022","Unknown","Foreign, Commonwealth and Development Office (excl. agencies)","G6/G7","115","[c]","[c]","[c]"
"Leaver Dept.","2022","Unknown","Foreign, Commonwealth and Development Office (excl. agencies)","SCS level","25","[c]","[c]","[c]"
"Leaver Dept.","2022","Unknown","Foreign, Commonwealth and Development Office (excl. agencies)","SEO/HEO","135","[c]","[c]","[c]"
"Leaver Dept.","2022","Unknown","Forestry and Land Scotland","AA/AO","[c]","[c]","[c]","[c]"
"Leaver Dept.","2022","Unknown","Forestry and Land Scotland","EO","[c]","[c]","[c]","[c]"
"Leaver Dept.","2022","Unknown","Forestry and Land Scotland","G6/G7","[c]","[c]","[c]","[c]"
"Leaver Dept.","2022","Unknown","Forestry and Land Scotland","SEO/HEO","[c]","[c]","[c]","[c]"
"Leaver Dept.","2022","Unknown","Government Legal Department","EO","[c]","[c]","[c]","[c]"
"Leaver Dept.","2022","Unknown","HM Revenue and Customs (excl. agencies)","AA/AO","565","[c]","[c]","[c]"
"Leaver Dept.","2022","Unknown","HM Revenue and Customs (excl. agencies)","EO","255","[c]","[c]","[c]"
"Leaver Dept.","2022","Unknown","HM Revenue and Customs (excl. agencies)","G6/G7","130","[c]","[c]","[c]"
"Leaver Dept.","2022","Unknown","HM Revenue and Customs (excl. agencies)","SCS level","15","[c]","[c]","[c]"
"Leaver Dept.","2022","Unknown","HM Revenue and Customs (excl. agencies)","SEO/HEO","290","[c]","[c]","[c]"
"Leaver Dept.","2022","Unknown","HM Revenue and Customs (excl. agencies)","Unknown","65","[c]","[c]","[c]"
"Leaver Dept.","2022","Unknown","Home Office","AA/AO","170","[c]","22120","21680"
"Leaver Dept.","2022","Unknown","Home Office","EO","535","[c]","26370","25210"
"Leaver Dept.","2022","Unknown","Home Office","G6/G7","205","[c]","61150","57740"
"Leaver Dept.","2022","Unknown","Home Office","SCS level","25","[c]","96110","91080"
"Leaver Dept.","2022","Unknown","Home Office","SEO/HEO","455","[c]","37140","36590"
"Leaver Dept.","2022","Unknown","Home Office","Unknown","10","[c]","[c]","[c]"
"Leaver Dept.","2022","Unknown","Intellectual Property Office","AA/AO","[c]","[c]","[c]","[c]"
"Leaver Dept.","2022","Unknown","Intellectual Property Office","EO","[c]","[c]","[c]","[c]"
"Leaver Dept.","2022","Unknown","Ministry of Defence (excl. agencies)","AA/AO","80","[c]","21520","21170"
"Leaver Dept.","2022","Unknown","Ministry of Defence (excl. agencies)","EO","45","[c]","28050","26670"
"Leaver Dept.","2022","Unknown","Ministry of Defence (excl. agencies)","G6/G7","15","[c]","59520","56730"
"Leaver Dept.","2022","Unknown","Ministry of Defence (excl. agencies)","SCS level","10","[c]","[c]","[c]"
"Leaver Dept.","2022","Unknown","Ministry of Defence (excl. agencies)","SEO/HEO","70","[c]","40190","40580"
"Leaver Dept.","2022","Unknown","National Records of Scotland","G6/G7","[c]","[c]","[c]","[c]"
"Leaver Dept.","2022","Unknown","National Records of Scotland","SEO/HEO","[c]","[c]","[c]","[c]"
"Leaver Dept.","2022","Unknown","Office of the Secretary of State for Scotland (incl. Office of the Advocate General for Scotland)","SEO/HEO","[c]","[c]","[c]","[c]"
"Leaver Dept.","2022","Unknown","Planning Inspectorate","AA/AO","[c]","[c]","[c]","[c]"
"Leaver Dept.","2022","Unknown","Planning Inspectorate","EO","[c]","[c]","[c]","[c]"
"Leaver Dept.","2022","Unknown","Planning Inspectorate","SCS level","[c]","[c]","[c]","[c]"
"Leaver Dept.","2022","Unknown","Planning Inspectorate","SEO/HEO","[c]","[c]","[c]","[c]"
"Leaver Dept.","2022","Unknown","Royal Fleet Auxiliary","Unknown","[c]","[c]","[c]","[c]"
"Leaver Dept.","2022","Unknown","Scottish Forestry","AA/AO","[c]","[c]","[c]","[c]"
"Leaver Dept.","2022","Unknown","Scottish Forestry","EO","[c]","[c]","[c]","[c]"
"Leaver Dept.","2022","Unknown","Scottish Forestry","G6/G7","[c]","[c]","[c]","[c]"
"Leaver Dept.","2022","Unknown","Scottish Forestry","SEO/HEO","[c]","[c]","[c]","[c]"
"Leaver Dept.","2022","Unknown","Scottish Government (excl. agencies)","AA/AO","[c]","[c]","[c]","[c]"
"Leaver Dept.","2022","Unknown","Scottish Government (excl. agencies)","EO","[c]","[c]","[c]","[c]"
"Leaver Dept.","2022","Unknown","Scottish Government (excl. agencies)","G6/G7","10","[c]","[c]","[c]"
"Leaver Dept.","2022","Unknown","Scottish Government (excl. agencies)","SCS level","[c]","[c]","[c]","[c]"
"Leaver Dept.","2022","Unknown","Scottish Government (excl. agencies)","SEO/HEO","15","[c]","40650","40810"
"Leaver Dept.","2022","Unknown","Social Security Scotland","AA/AO","[c]","[c]","[c]","[c]"
"Leaver Dept.","2022","Unknown","Social Security Scotland","EO","[c]","[c]","[c]","[c]"
"Leaver Dept.","2022","Unknown","Social Security Scotland","SEO/HEO","5","[c]","[c]","[c]"
"Leaver Dept.","2022","Unknown","Student Awards Agency for Scotland","AA/AO","[c]","[c]","[c]","[c]"
"Leaver Dept.","2022","Unknown","Student Awards Agency for Scotland","SEO/HEO","[c]","[c]","[c]","[c]"
"Leaver Dept.","2022","Unknown","Transport Scotland","G6/G7","[c]","[c]","[c]","[c]"
"Leaver Dept.","2022","Unknown","Transport Scotland","SEO/HEO","[c]","[c]","[c]","[c]"
"Leaver Dept.","2022","Unknown","Veterinary Medicines Directorate","AA/AO","[c]","[c]","[c]","[c]"
"Leaver Dept.","2022","Unknown","Veterinary Medicines Directorate","EO","[c]","[c]","[c]","[c]"
"Leaver Dept.","2022","Unknown","Veterinary Medicines Directorate","G6/G7","[c]","[c]","[c]","[c]"
"Leaver Dept.","2022","Unknown","Welsh Government (excl. agencies)","AA/AO","5","[c]","[c]","[c]"
"Leaver Dept.","2022","Unknown","Welsh Government (excl. agencies)","EO","15","[c]","27440","27400"
"Leaver Dept.","2022","Unknown","Welsh Government (excl. agencies)","G6/G7","10","[c]","[c]","[c]"
"Leaver Dept.","2022","Unknown","Welsh Government (excl. agencies)","SCS level","[c]","[c]","[c]","[c]"
"Leaver Dept.","2022","Unknown","Welsh Government (excl. agencies)","SEO/HEO","20","[c]","39660","38160"
"Leaver Dept.","2022","Unknown","Welsh Revenue Authority","SEO/HEO","[c]","[c]","[c]","[c]"
"New entrant CS","2022","Analysis","Cabinet Office (excl. agencies)","SEO/HEO","[c]","[c]","[c]","[c]"
"New entrant CS","2022","Analysis","Centre for Environment, Fisheries and Aquaculture Science","AA/AO","15","[c]","20830","21510"
"New entrant CS","2022","Analysis","Centre for Environment, Fisheries and Aquaculture Science","EO","15","[c]","25600","25460"
"New entrant CS","2022","Analysis","Centre for Environment, Fisheries and Aquaculture Science","G6/G7","[c]","[c]","[c]","[c]"
"New entrant CS","2022","Analysis","Centre for Environment, Fisheries and Aquaculture Science","SEO/HEO","25","[c]","31040","29750"
"New entrant CS","2022","Analysis","Companies House","SEO/HEO","5","[c]","[c]","[c]"
"New entrant CS","2022","Analysis","Competition and Markets Authority","AA/AO","10","[c]","[c]","[c]"
"New entrant CS","2022","Analysis","Competition and Markets Authority","EO","[c]","[c]","[c]","[c]"
"New entrant CS","2022","Analysis","Competition and Markets Authority","G6/G7","5","[c]","[c]","[c]"
"New entrant CS","2022","Analysis","Competition and Markets Authority","SEO/HEO","5","[c]","[c]","[c]"
"New entrant CS","2022","Analysis","Defence Science and Technology Laboratory","AA/AO","5","[c]","[c]","[c]"
"New entrant CS","2022","Analysis","Defence Science and Technology Laboratory","G6/G7","10","[c]","46660","47010"
"New entrant CS","2022","Analysis","Defence Science and Technology Laboratory","SEO/HEO","55","[c]","28950","26520"
"New entrant CS","2022","Analysis","Department for Business, Energy and Industrial Strategy (excl. agencies)","AA/AO","[c]","[c]","[c]","[c]"
"New entrant CS","2022","Analysis","Department for Business, Energy and Industrial Strategy (excl. agencies)","EO","15","[c]","27810","27680"
"New entrant CS","2022","Analysis","Department for Business, Energy and Industrial Strategy (excl. agencies)","G6/G7","[c]","[c]","[c]","[c]"
"New entrant CS","2022","Analysis","Department for Business, Energy and Industrial Strategy (excl. agencies)","SEO/HEO","15","[c]","34360","33570"
"New entrant CS","2022","Analysis","Department for Digital, Culture, Media and Sport","AA/AO","[c]","[c]","[c]","[c]"
"New entrant CS","2022","Analysis","Department for Digital, Culture, Media and Sport","EO","[c]","[c]","[c]","[c]"
"New entrant CS","2022","Analysis","Department for Digital, Culture, Media and Sport","G6/G7","[c]","[c]","[c]","[c]"
"New entrant CS","2022","Analysis","Department for Digital, Culture, Media and Sport","SEO/HEO","15","[c]","36880","38020"
"New entrant CS","2022","Analysis","Department for Education (excl. agencies)","AA/AO","[c]","[c]","[c]","[c]"
"New entrant CS","2022","Analysis","Department for Education (excl. agencies)","EO","10","[c]","26500","25000"
"New entrant CS","2022","Analysis","Department for Education (excl. agencies)","G6/G7","[c]","[c]","[c]","[c]"
"New entrant CS","2022","Analysis","Department for Education (excl. agencies)","SEO/HEO","20","[c]","35020","32870"
"New entrant CS","2022","Analysis","Department for International Trade","EO","25","[c]","26250","26250"
"New entrant CS","2022","Analysis","Department for International Trade","G6/G7","[c]","[c]","[c]","[c]"
"New entrant CS","2022","Analysis","Department for International Trade","SEO/HEO","30","[c]","32260","31800"
"New entrant CS","2022","Analysis","Department for Levelling Up, Housing and Communities (excl. agencies)","AA/AO","[c]","[c]","[c]","[c]"
"New entrant CS","2022","Analysis","Department for Levelling Up, Housing and Communities (excl. agencies)","EO","15","[c]","27160","27850"
"New entrant CS","2022","Analysis","Department for Levelling Up, Housing and Communities (excl. agencies)","G6/G7","[c]","[c]","[c]","[c]"
"New entrant CS","2022","Analysis","Department for Levelling Up, Housing and Communities (excl. agencies)","SEO/HEO","20","[c]","31650","30190"
"New entrant CS","2022","Analysis","Department for Transport (excl. agencies)","AA/AO","[c]","[c]","[c]","[c]"
"New entrant CS","2022","Analysis","Department for Transport (excl. agencies)","EO","10","[c]","28560","29970"
"New entrant CS","2022","Analysis","Department for Transport (excl. agencies)","G6/G7","25","[c]","55610","54110"
"New entrant CS","2022","Analysis","Department for Transport (excl. agencies)","SEO/HEO","30","[c]","35540","34710"
"New entrant CS","2022","Analysis","Department for Work and Pensions (excl. agencies)","AA/AO","45","[c]","22690","21260"
"New entrant CS","2022","Analysis","Department for Work and Pensions (excl. agencies)","EO","5","[c]","[c]","[c]"
"New entrant CS","2022","Analysis","Department for Work and Pensions (excl. agencies)","SEO/HEO","50","[c]","34410","35000"
"New entrant CS","2022","Analysis","Department of Health and Social Care (excl. agencies)","AA/AO","[c]","[c]","[c]","[c]"
"New entrant CS","2022","Analysis","Department of Health and Social Care (excl. agencies)","EO","15","[c]","26550","27270"
"New entrant CS","2022","Analysis","Department of Health and Social Care (excl. agencies)","G6/G7","25","[c]","56830","53360"
"New entrant CS","2022","Analysis","Department of Health and Social Care (excl. agencies)","SCS level","[c]","[c]","[c]","[c]"
"New entrant CS","2022","Analysis","Department of Health and Social Care (excl. agencies)","SEO/HEO","45","[c]","34870","32790"
"New entrant CS","2022","Analysis","Driver and Vehicle Standards Agency","EO","[c]","[c]","[c]","[c]"
"New entrant CS","2022","Analysis","Food Standards Agency","AA/AO","[c]","[c]","[c]","[c]"
"New entrant CS","2022","Analysis","Food Standards Agency","G6/G7","[c]","[c]","[c]","[c]"
"New entrant CS","2022","Analysis","Food Standards Agency","SEO/HEO","10","[c]","34800","32350"
"New entrant CS","2022","Analysis","Government Actuary's Department","AA/AO","5","[c]","[c]","[c]"
"New entrant CS","2022","Analysis","Government Actuary's Department","EO","[c]","[c]","[c]","[c]"
"New entrant CS","2022","Analysis","Government Actuary's Department","G6/G7","15","[c]","67450","69690"
"New entrant CS","2022","Analysis","Government Actuary's Department","SEO/HEO","15","[c]","39340","39720"
"New entrant CS","2022","Analysis","Health and Safety Executive","AA/AO","[c]","[c]","[c]","[c]"
"New entrant CS","2022","Analysis","Health and Safety Executive","EO","[c]","[c]","[c]","[c]"
"New entrant CS","2022","Analysis","Health and Safety Executive","G6/G7","[c]","[c]","[c]","[c]"
"New entrant CS","2022","Analysis","Health and Safety Executive","SEO/HEO","[c]","[c]","[c]","[c]"
"New entrant CS","2022","Analysis","HM Courts and Tribunals Service","G6/G7","[c]","[c]","[c]","[c]"
"New entrant CS","2022","Analysis","HM Courts and Tribunals Service","SEO/HEO","[c]","[c]","[c]","[c]"
"New entrant CS","2022","Analysis","HM Land Registry","AA/AO","[c]","[c]","[c]","[c]"
"New entrant CS","2022","Analysis","HM Land Registry","EO","[c]","[c]","[c]","[c]"
"New entrant CS","2022","Analysis","HM Land Registry","G6/G7","[c]","[c]","[c]","[c]"
"New entrant CS","2022","Analysis","HM Land Registry","SEO/HEO","[c]","[c]","[c]","[c]"
"New entrant CS","2022","Analysis","HM Prison and Probation Service","EO","[c]","[c]","[c]","[c]"
"New entrant CS","2022","Analysis","HM Prison and Probation Service","SEO/HEO","[c]","[c]","[c]","[c]"
"New entrant CS","2022","Analysis","HM Revenue and Customs (excl. agencies)","AA/AO","10","[c]","[c]","[c]"
"New entrant CS","2022","Analysis","HM Revenue and Customs (excl. agencies)","EO","5","[c]","[c]","[c]"
"New entrant CS","2022","Analysis","HM Revenue and Customs (excl. agencies)","G6/G7","[c]","[c]","[c]","[c]"
"New entrant CS","2022","Analysis","HM Revenue and Customs (excl. agencies)","SCS level","[c]","[c]","[c]","[c]"
"New entrant CS","2022","Analysis","HM Revenue and Customs (excl. agencies)","SEO/HEO","90","[c]","35560","33370"
"New entrant CS","2022","Analysis","HM Treasury (excl. agencies)","AA/AO","[c]","[c]","[c]","[c]"
"New entrant CS","2022","Analysis","HM Treasury (excl. agencies)","SCS level","[c]","[c]","[c]","[c]"
"New entrant CS","2022","Analysis","HM Treasury (excl. agencies)","SEO/HEO","[c]","[c]","[c]","[c]"
"New entrant CS","2022","Analysis","Intellectual Property Office","EO","5","[c]","[c]","[c]"
"New entrant CS","2022","Analysis","Intellectual Property Office","SEO/HEO","5","[c]","[c]","[c]"
"New entrant CS","2022","Analysis","Ministry of Defence (excl. agencies)","AA/AO","10","[c]","[c]","[c]"
"New entrant CS","2022","Analysis","Ministry of Defence (excl. agencies)","EO","20","[c]","27520","27850"
"New entrant CS","2022","Analysis","Ministry of Defence (excl. agencies)","G6/G7","[c]","[c]","[c]","[c]"
"New entrant CS","2022","Analysis","Ministry of Defence (excl. agencies)","SEO/HEO","30","[c]","35660","34250"
"New entrant CS","2022","Analysis","Ministry of Justice (excl. agencies)","EO","30","[c]","27250","28310"
"New entrant CS","2022","Analysis","Ministry of Justice (excl. agencies)","G6/G7","[c]","[c]","[c]","[c]"
"New entrant CS","2022","Analysis","Ministry of Justice (excl. agencies)","SEO/HEO","35","[c]","34360","34260"
"New entrant CS","2022","Analysis","National Savings and Investments","EO","[c]","[c]","[c]","[c]"
"New entrant CS","2022","Analysis","National Savings and Investments","SEO/HEO","[c]","[c]","[c]","[c]"
"New entrant CS","2022","Analysis","Office for Budget Responsibility","AA/AO","[c]","[c]","[c]","[c]"
"New entrant CS","2022","Analysis","Office for Budget Responsibility","G6/G7","[c]","[c]","[c]","[c]"
"New entrant CS","2022","Analysis","Office for Budget Responsibility","SEO/HEO","[c]","[c]","[c]","[c]"
"New entrant CS","2022","Analysis","Office for Standards in Education, Children's Services and Skills","AA/AO","[c]","[c]","[c]","[c]"
"New entrant CS","2022","Analysis","Office for Standards in Education, Children's Services and Skills","EO","[c]","[c]","[c]","[c]"
"New entrant CS","2022","Analysis","Office for Standards in Education, Children's Services and Skills","G6/G7","[c]","[c]","[c]","[c]"
"New entrant CS","2022","Analysis","Office for Standards in Education, Children's Services and Skills","SEO/HEO","5","[c]","[c]","[c]"
"New entrant CS","2022","Analysis","Office of Gas and Electricity Markets","AA/AO","[c]","[c]","[c]","[c]"
"New entrant CS","2022","Analysis","Office of Gas and Electricity Markets","EO","35","[c]","27390","26500"
"New entrant CS","2022","Analysis","Office of Gas and Electricity Markets","G6/G7","5","[c]","[c]","[c]"
"New entrant CS","2022","Analysis","Office of Gas and Electricity Markets","SCS level","[c]","[c]","[c]","[c]"
"New entrant CS","2022","Analysis","Office of Gas and Electricity Markets","SEO/HEO","20","[c]","36890","36620"
"New entrant CS","2022","Analysis","Office of Rail and Road","AA/AO","[c]","[c]","[c]","[c]"
"New entrant CS","2022","Analysis","Office of Rail and Road","G6/G7","[c]","[c]","[c]","[c]"
"New entrant CS","2022","Analysis","Office of Rail and Road","SEO/HEO","[c]","[c]","[c]","[c]"
"New entrant CS","2022","Analysis","Rural Payments Agency","EO","[c]","[c]","[c]","[c]"
"New entrant CS","2022","Analysis","Rural Payments Agency","SEO/HEO","10","[c]","[c]","[c]"
"New entrant CS","2022","Analysis","Scottish Courts and Tribunals Service","AA/AO","[c]","[c]","[c]","[c]"
"New entrant CS","2022","Analysis","Scottish Courts and Tribunals Service","EO","[c]","[c]","[c]","[c]"
"New entrant CS","2022","Analysis","Scottish Courts and Tribunals Service","SEO/HEO","[c]","[c]","[c]","[c]"
"New entrant CS","2022","Analysis","The Insolvency Service","SEO/HEO","[c]","[c]","[c]","[c]"
"New entrant CS","2022","Analysis","UK Debt Management Office","EO","[c]","[c]","[c]","[c]"
"New entrant CS","2022","Analysis","UK Debt Management Office","G6/G7","[c]","[c]","[c]","[c]"
"New entrant CS","2022","Analysis","UK Debt Management Office","SEO/HEO","[c]","[c]","[c]","[c]"
"New entrant CS","2022","Analysis","UK Export Finance","EO","[c]","[c]","[c]","[c]"
"New entrant CS","2022","Analysis","UK Export Finance","G6/G7","[c]","[c]","[c]","[c]"
"New entrant CS","2022","Analysis","UK Export Finance","SEO/HEO","5","[c]","[c]","[c]"
"New entrant CS","2022","Analysis","UK Space Agency","G6/G7","[c]","[c]","[c]","[c]"
"New entrant CS","2022","Analysis","UK Space Agency","SEO/HEO","[c]","[c]","[c]","[c]"
"New entrant CS","2022","Analysis","UK Statistics Authority","AA/AO","55","[c]","20070","19860"
"New entrant CS","2022","Analysis","UK Statistics Authority","EO","30","[c]","23860","23880"
"New entrant CS","2022","Analysis","UK Statistics Authority","G6/G7","25","[c]","53340","50210"
"New entrant CS","2022","Analysis","UK Statistics Authority","SCS level","[c]","[c]","[c]","[c]"
"New entrant CS","2022","Analysis","UK Statistics Authority","SEO/HEO","285","[c]","32860","30710"
"New entrant CS","2022","Analysis","Valuation Office Agency","AA/AO","[c]","[c]","[c]","[c]"
"New entrant CS","2022","Analysis","Valuation Office Agency","G6/G7","[c]","[c]","[c]","[c]"
"New entrant CS","2022","Analysis","Valuation Office Agency","SEO/HEO","[c]","[c]","[c]","[c]"
"New entrant CS","2022","Analysis","Water Services Regulation Authority","EO","10","[c]","28000","28000"
"New entrant CS","2022","Analysis","Water Services Regulation Authority","G6/G7","[c]","[c]","[c]","[c]"
"New entrant CS","2022","Analysis","Water Services Regulation Authority","SEO/HEO","5","[c]","[c]","[c]"
"New entrant CS","2022","Commercial","Animal and Plant Health Agency","AA/AO","5","[c]","[c]","[c]"
"New entrant CS","2022","Commercial","Animal and Plant Health Agency","SEO/HEO","[c]","[c]","[c]","[c]"
"New entrant CS","2022","Commercial","Cabinet Office (excl. agencies)","AA/AO","[c]","[c]","[c]","[c]"
"New entrant CS","2022","Commercial","Cabinet Office (excl. agencies)","EO","10","[c]","26400","27500"
"New entrant CS","2022","Commercial","Cabinet Office (excl. agencies)","G6/G7","190","[c]","70080","70000"
"New entrant CS","2022","Commercial","Cabinet Office (excl. agencies)","SCS level","15","[c]","132340","126500"
"New entrant CS","2022","Commercial","Cabinet Office (excl. agencies)","SEO/HEO","25","[c]","34900","34550"
"New entrant CS","2022","Commercial","Centre for Environment, Fisheries and Aquaculture Science","SEO/HEO","[c]","[c]","[c]","[c]"
"New entrant CS","2022","Commercial","Competition and Markets Authority","EO","[c]","[c]","[c]","[c]"
"New entrant CS","2022","Commercial","Crown Commercial Service","AA/AO","[c]","[c]","[c]","[c]"
"New entrant CS","2022","Commercial","Crown Commercial Service","EO","15","[c]","26330","25520"
"New entrant CS","2022","Commercial","Crown Commercial Service","SEO/HEO","35","[c]","33450","30420"
"New entrant CS","2022","Commercial","Crown Prosecution Service","EO","[c]","[c]","[c]","[c]"
"New entrant CS","2022","Commercial","Crown Prosecution Service","G6/G7","[c]","[c]","[c]","[c]"
"New entrant CS","2022","Commercial","Crown Prosecution Service","SEO/HEO","5","[c]","[c]","[c]"
"New entrant CS","2022","Commercial","Defence Equipment and Support","EO","15","[c]","25480","26670"
"New entrant CS","2022","Commercial","Defence Equipment and Support","G6/G7","5","[c]","[c]","[c]"
"New entrant CS","2022","Commercial","Defence Equipment and Support","SEO/HEO","15","[c]","35430","35000"
"New entrant CS","2022","Commercial","Defence Science and Technology Laboratory","AA/AO","10","[c]","[c]","[c]"
"New entrant CS","2022","Commercial","Defence Science and Technology Laboratory","EO","10","[c]","23350","23490"
"New entrant CS","2022","Commercial","Defence Science and Technology Laboratory","SEO/HEO","[c]","[c]","[c]","[c]"
"New entrant CS","2022","Commercial","Department for Business, Energy and Industrial Strategy (excl. agencies)","SEO/HEO","5","[c]","[c]","[c]"
"New entrant CS","2022","Commercial","Department for Digital, Culture, Media and Sport","EO","[c]","[c]","[c]","[c]"
"New entrant CS","2022","Commercial","Department for Digital, Culture, Media and Sport","SEO/HEO","5","[c]","[c]","[c]"
"New entrant CS","2022","Commercial","Department for Education (excl. agencies)","EO","25","[c]","25000","25000"
"New entrant CS","2022","Commercial","Department for Education (excl. agencies)","G6/G7","[c]","[c]","[c]","[c]"
"New entrant CS","2022","Commercial","Department for Education (excl. agencies)","SEO/HEO","50","[c]","33860","36500"
"New entrant CS","2022","Commercial","Department for Environment, Food and Rural Affairs (excl. agencies)","EO","[c]","[c]","[c]","[c]"
"New entrant CS","2022","Commercial","Department for Environment, Food and Rural Affairs (excl. agencies)","SEO/HEO","30","[c]","33760","35900"
"New entrant CS","2022","Commercial","Department for International Trade","EO","[c]","[c]","[c]","[c]"
"New entrant CS","2022","Commercial","Department for International Trade","SEO/HEO","10","[c]","[c]","[c]"
"New entrant CS","2022","Commercial","Department for Levelling Up, Housing and Communities (excl. agencies)","EO","[c]","[c]","[c]","[c]"
"New entrant CS","2022","Commercial","Department for Levelling Up, Housing and Communities (excl. agencies)","SEO/HEO","[c]","[c]","[c]","[c]"
"New entrant CS","2022","Commercial","Department for Transport (excl. agencies)","AA/AO","[c]","[c]","[c]","[c]"
"New entrant CS","2022","Commercial","Department for Transport (excl. agencies)","EO","10","[c]","[c]","[c]"
"New entrant CS","2022","Commercial","Department for Transport (excl. agencies)","G6/G7","[c]","[c]","[c]","[c]"
"New entrant CS","2022","Commercial","Department for Transport (excl. agencies)","SEO/HEO","20","[c]","34720","34710"
"New entrant CS","2022","Commercial","Department of Health and Social Care (excl. agencies)","AA/AO","5","[c]","[c]","[c]"
"New entrant CS","2022","Commercial","Department of Health and Social Care (excl. agencies)","EO","[c]","[c]","[c]","[c]"
"New entrant CS","2022","Commercial","Department of Health and Social Care (excl. agencies)","G6/G7","15","[c]","53380","53360"
"New entrant CS","2022","Commercial","Department of Health and Social Care (excl. agencies)","SCS level","[c]","[c]","[c]","[c]"
"New entrant CS","2022","Commercial","Department of Health and Social Care (excl. agencies)","SEO/HEO","80","[c]","37890","40650"
"New entrant CS","2022","Commercial","Driver and Vehicle Licensing Agency","AA/AO","5","[c]","[c]","[c]"
"New entrant CS","2022","Commercial","Driver and Vehicle Licensing Agency","EO","[c]","[c]","[c]","[c]"
"New entrant CS","2022","Commercial","Driver and Vehicle Licensing Agency","SEO/HEO","[c]","[c]","[c]","[c]"
"New entrant CS","2022","Commercial","Driver and Vehicle Standards Agency","AA/AO","[c]","[c]","[c]","[c]"
"New entrant CS","2022","Commercial","Driver and Vehicle Standards Agency","EO","[c]","[c]","[c]","[c]"
"New entrant CS","2022","Commercial","Driver and Vehicle Standards Agency","SEO/HEO","[c]","[c]","[c]","[c]"
"New entrant CS","2022","Commercial","Food Standards Agency","EO","[c]","[c]","[c]","[c]"
"New entrant CS","2022","Commercial","Food Standards Agency","SEO/HEO","[c]","[c]","[c]","[c]"
"New entrant CS","2022","Commercial","Health and Safety Executive","EO","[c]","[c]","[c]","[c]"
"New entrant CS","2022","Commercial","Health and Safety Executive","G6/G7","[c]","[c]","[c]","[c]"
"New entrant CS","2022","Commercial","HM Revenue and Customs (excl. agencies)","EO","5","[c]","[c]","[c]"
"New entrant CS","2022","Commercial","HM Revenue and Customs (excl. agencies)","SEO/HEO","[c]","[c]","[c]","[c]"
"New entrant CS","2022","Commercial","Institute for Apprenticeships and Technical Education","G6/G7","[c]","[c]","[c]","[c]"
"New entrant CS","2022","Commercial","Intellectual Property Office","EO","[c]","[c]","[c]","[c]"
"New entrant CS","2022","Commercial","Intellectual Property Office","SEO/HEO","[c]","[c]","[c]","[c]"
"New entrant CS","2022","Commercial","Maritime and Coastguard Agency","AA/AO","[c]","[c]","[c]","[c]"
"New entrant CS","2022","Commercial","Maritime and Coastguard Agency","G6/G7","[c]","[c]","[c]","[c]"
"New entrant CS","2022","Commercial","Maritime and Coastguard Agency","SEO/HEO","[c]","[c]","[c]","[c]"
"New entrant CS","2022","Commercial","Met Office","EO","[c]","[c]","[c]","[c]"
"New entrant CS","2022","Commercial","Met Office","G6/G7","10","[c]","[c]","[c]"
"New entrant CS","2022","Commercial","Met Office","SEO/HEO","[c]","[c]","[c]","[c]"
"New entrant CS","2022","Commercial","Ministry of Defence (excl. agencies)","AA/AO","15","[c]","21460","21170"
"New entrant CS","2022","Commercial","Ministry of Defence (excl. agencies)","EO","50","[c]","25940","26350"
"New entrant CS","2022","Commercial","Ministry of Defence (excl. agencies)","SEO/HEO","40","[c]","36540","35000"
"New entrant CS","2022","Commercial","Ministry of Justice (excl. agencies)","AA/AO","[c]","[c]","[c]","[c]"
"New entrant CS","2022","Commercial","Ministry of Justice (excl. agencies)","EO","15","[c]","26480","25120"
"New entrant CS","2022","Commercial","Ministry of Justice (excl. agencies)","G6/G7","[c]","[c]","[c]","[c]"
"New entrant CS","2022","Commercial","Ministry of Justice (excl. agencies)","SEO/HEO","25","[c]","36970","36050"
"New entrant CS","2022","Commercial","National Crime Agency","G6/G7","[c]","[c]","[c]","[c]"
"New entrant CS","2022","Commercial","National Savings and Investments","EO","[c]","[c]","[c]","[c]"
"New entrant CS","2022","Commercial","National Savings and Investments","G6/G7","[c]","[c]","[c]","[c]"
"New entrant CS","2022","Commercial","Office for Standards in Education, Children's Services and Skills","G6/G7","[c]","[c]","[c]","[c]"
"New entrant CS","2022","Commercial","Queen Elizabeth II Centre","EO","[c]","[c]","[c]","[c]"
"New entrant CS","2022","Commercial","Registers of Scotland","G6/G7","[c]","[c]","[c]","[c]"
"New entrant CS","2022","Commercial","Scottish Courts and Tribunals Service","AA/AO","[c]","[c]","[c]","[c]"
"New entrant CS","2022","Commercial","Scottish Courts and Tribunals Service","SEO/HEO","[c]","[c]","[c]","[c]"
"New entrant CS","2022","Commercial","Scottish Prison Service","AA/AO","5","[c]","[c]","[c]"
"New entrant CS","2022","Commercial","Serious Fraud Office","SEO/HEO","[c]","[c]","[c]","[c]"
"New entrant CS","2022","Commercial","Submarine Delivery Agency","Unknown","25","[c]","33640","31500"
"New entrant CS","2022","Commercial","The Insolvency Service","SEO/HEO","[c]","[c]","[c]","[c]"
"New entrant CS","2022","Commercial","The National Archives","AA/AO","[c]","[c]","[c]","[c]"
"New entrant CS","2022","Commercial","The National Archives","SEO/HEO","[c]","[c]","[c]","[c]"
"New entrant CS","2022","Commercial","UK Export Finance","EO","10","[c]","[c]","[c]"
"New entrant CS","2022","Commercial","UK Export Finance","G6/G7","5","[c]","[c]","[c]"
"New entrant CS","2022","Commercial","UK Export Finance","SEO/HEO","35","[c]","39730","39000"
"New entrant CS","2022","Commercial","UK Health Security Agency","EO","5","[c]","[c]","[c]"
"New entrant CS","2022","Commercial","UK Health Security Agency","G6/G7","10","[c]","57370","55450"
"New entrant CS","2022","Commercial","UK Health Security Agency","SCS level","[c]","[c]","[c]","[c]"
"New entrant CS","2022","Commercial","UK Health Security Agency","SEO/HEO","10","[c]","35770","36820"
"New entrant CS","2022","Commercial","UK Hydrographic Office","AA/AO","[c]","[c]","[c]","[c]"
"New entrant CS","2022","Commercial","UK Hydrographic Office","EO","[c]","[c]","[c]","[c]"
"New entrant CS","2022","Commercial","UK Hydrographic Office","SEO/HEO","[c]","[c]","[c]","[c]"
"New entrant CS","2022","Commercial","UK Statistics Authority","EO","[c]","[c]","[c]","[c]"
"New entrant CS","2022","Commercial","UK Statistics Authority","SEO/HEO","[c]","[c]","[c]","[c]"
"New entrant CS","2022","Communications","Advisory, Conciliation and Arbitration Service","EO","[c]","[c]","[c]","[c]"
"New entrant CS","2022","Communications","Advisory, Conciliation and Arbitration Service","SEO/HEO","[c]","[c]","[c]","[c]"
"New entrant CS","2022","Communications","Attorney General's Office","EO","[c]","[c]","[c]","[c]"
"New entrant CS","2022","Communications","Attorney General's Office","SEO/HEO","[c]","[c]","[c]","[c]"
"New entrant CS","2022","Communications","Cabinet Office (excl. agencies)","AA/AO","5","[c]","[c]","[c]"
"New entrant CS","2022","Communications","Cabinet Office (excl. agencies)","EO","15","[c]","26130","27500"
"New entrant CS","2022","Communications","Cabinet Office (excl. agencies)","G6/G7","5","[c]","[c]","[c]"
"New entrant CS","2022","Communications","Cabinet Office (excl. agencies)","SEO/HEO","30","[c]","38050","37300"
"New entrant CS","2022","Communications","Charity Commission","EO","[c]","[c]","[c]","[c]"
"New entrant CS","2022","Communications","Charity Commission","G6/G7","[c]","[c]","[c]","[c]"
"New entrant CS","2022","Communications","Charity Commission","SEO/HEO","[c]","[c]","[c]","[c]"
"New entrant CS","2022","Communications","Companies House","AA/AO","[c]","[c]","[c]","[c]"
"New entrant CS","2022","Communications","Competition and Markets Authority","EO","[c]","[c]","[c]","[c]"
"New entrant CS","2022","Communications","Competition and Markets Authority","SEO/HEO","5","[c]","[c]","[c]"
"New entrant CS","2022","Communications","Crown Commercial Service","SEO/HEO","[c]","[c]","[c]","[c]"
"New entrant CS","2022","Communications","Crown Office and Procurator Fiscal Service","AA/AO","[c]","[c]","[c]","[c]"
"New entrant CS","2022","Communications","Crown Office and Procurator Fiscal Service","SEO/HEO","[c]","[c]","[c]","[c]"
"New entrant CS","2022","Communications","Crown Prosecution Service","SEO/HEO","[c]","[c]","[c]","[c]"
"New entrant CS","2022","Communications","Defence Equipment and Support","SEO/HEO","[c]","[c]","[c]","[c]"
"New entrant CS","2022","Communications","Defence Science and Technology Laboratory","SEO/HEO","[c]","[c]","[c]","[c]"
"New entrant CS","2022","Communications","Department for Business, Energy and Industrial Strategy (excl. agencies)","AA/AO","[c]","[c]","[c]","[c]"
"New entrant CS","2022","Communications","Department for Business, Energy and Industrial Strategy (excl. agencies)","G6/G7","[c]","[c]","[c]","[c]"
"New entrant CS","2022","Communications","Department for Business, Energy and Industrial Strategy (excl. agencies)","SCS level","[c]","[c]","[c]","[c]"
"New entrant CS","2022","Communications","Department for Business, Energy and Industrial Strategy (excl. agencies)","SEO/HEO","20","[c]","38260","38620"
"New entrant CS","2022","Communications","Department for Digital, Culture, Media and Sport","EO","[c]","[c]","[c]","[c]"
"New entrant CS","2022","Communications","Department for Digital, Culture, Media and Sport","G6/G7","[c]","[c]","[c]","[c]"
"New entrant CS","2022","Communications","Department for Digital, Culture, Media and Sport","SEO/HEO","[c]","[c]","[c]","[c]"
"New entrant CS","2022","Communications","Department for Education (excl. agencies)","AA/AO","10","[c]","22450","21250"
"New entrant CS","2022","Communications","Department for Education (excl. agencies)","EO","10","[c]","28000","26750"
"New entrant CS","2022","Communications","Department for Education (excl. agencies)","G6/G7","[c]","[c]","[c]","[c]"
"New entrant CS","2022","Communications","Department for Education (excl. agencies)","SEO/HEO","10","[c]","38480","36660"
"New entrant CS","2022","Communications","Department for Environment, Food and Rural Affairs (excl. agencies)","AA/AO","5","[c]","[c]","[c]"
"New entrant CS","2022","Communications","Department for Environment, Food and Rural Affairs (excl. agencies)","EO","10","[c]","[c]","[c]"
"New entrant CS","2022","Communications","Department for Environment, Food and Rural Affairs (excl. agencies)","G6/G7","[c]","[c]","[c]","[c]"
"New entrant CS","2022","Communications","Department for Environment, Food and Rural Affairs (excl. agencies)","SEO/HEO","35","[c]","33520","32560"
"New entrant CS","2022","Communications","Department for Environment, Food and Rural Affairs (excl. agencies)","Unknown","[c]","[c]","[c]","[c]"
"New entrant CS","2022","Communications","Department for International Trade","AA/AO","[c]","[c]","[c]","[c]"
"New entrant CS","2022","Communications","Department for International Trade","EO","[c]","[c]","[c]","[c]"
"New entrant CS","2022","Communications","Department for International Trade","G6/G7","5","[c]","[c]","[c]"
"New entrant CS","2022","Communications","Department for International Trade","SCS level","[c]","[c]","[c]","[c]"
"New entrant CS","2022","Communications","Department for International Trade","SEO/HEO","15","[c]","37150","38160"
"New entrant CS","2022","Communications","Department for Levelling Up, Housing and Communities (excl. agencies)","EO","[c]","[c]","[c]","[c]"
"New entrant CS","2022","Communications","Department for Levelling Up, Housing and Communities (excl. agencies)","G6/G7","[c]","[c]","[c]","[c]"
"New entrant CS","2022","Communications","Department for Levelling Up, Housing and Communities (excl. agencies)","SCS level","[c]","[c]","[c]","[c]"
"New entrant CS","2022","Communications","Department for Levelling Up, Housing and Communities (excl. agencies)","SEO/HEO","5","[c]","[c]","[c]"
"New entrant CS","2022","Communications","Department for Transport (excl. agencies)","AA/AO","[c]","[c]","[c]","[c]"
"New entrant CS","2022","Communications","Department for Transport (excl. agencies)","EO","[c]","[c]","[c]","[c]"
"New entrant CS","2022","Communications","Department for Transport (excl. agencies)","G6/G7","5","[c]","[c]","[c]"
"New entrant CS","2022","Communications","Department for Transport (excl. agencies)","SEO/HEO","20","[c]","37770","38650"
"New entrant CS","2022","Communications","Department for Work and Pensions (excl. agencies)","EO","[c]","[c]","[c]","[c]"
"New entrant CS","2022","Communications","Department for Work and Pensions (excl. agencies)","G6/G7","[c]","[c]","[c]","[c]"
"New entrant CS","2022","Communications","Department for Work and Pensions (excl. agencies)","SEO/HEO","[c]","[c]","[c]","[c]"
"New entrant CS","2022","Communications","Department of Health and Social Care (excl. agencies)","AA/AO","[c]","[c]","[c]","[c]"
"New entrant CS","2022","Communications","Department of Health and Social Care (excl. agencies)","EO","75","[c]","27230","27270"
"New entrant CS","2022","Communications","Department of Health and Social Care (excl. agencies)","G6/G7","40","[c]","56900","53360"
"New entrant CS","2022","Communications","Department of Health and Social Care (excl. agencies)","SCS level","[c]","[c]","[c]","[c]"
"New entrant CS","2022","Communications","Department of Health and Social Care (excl. agencies)","SEO/HEO","15","[c]","35500","32790"
"New entrant CS","2022","Communications","Driver and Vehicle Licensing Agency","AA/AO","[c]","[c]","[c]","[c]"
"New entrant CS","2022","Communications","Driver and Vehicle Licensing Agency","EO","[c]","[c]","[c]","[c]"
"New entrant CS","2022","Communications","Driver and Vehicle Licensing Agency","SEO/HEO","[c]","[c]","[c]","[c]"
"New entrant CS","2022","Communications","Driver and Vehicle Standards Agency","EO","[c]","[c]","[c]","[c]"
"New entrant CS","2022","Communications","Driver and Vehicle Standards Agency","SEO/HEO","[c]","[c]","[c]","[c]"
"New entrant CS","2022","Communications","Food Standards Agency","AA/AO","[c]","[c]","[c]","[c]"
"New entrant CS","2022","Communications","Food Standards Agency","SCS level","[c]","[c]","[c]","[c]"
"New entrant CS","2022","Communications","Food Standards Agency","SEO/HEO","15","[c]","32420","30350"
"New entrant CS","2022","Communications","Government Actuary's Department","AA/AO","[c]","[c]","[c]","[c]"
"New entrant CS","2022","Communications","Government Legal Department","EO","[c]","[c]","[c]","[c]"
"New entrant CS","2022","Communications","Government Legal Department","SEO/HEO","[c]","[c]","[c]","[c]"
"New entrant CS","2022","Communications","HM Courts and Tribunals Service","SEO/HEO","[c]","[c]","[c]","[c]"
"New entrant CS","2022","Communications","HM Land Registry","AA/AO","[c]","[c]","[c]","[c]"
"New entrant CS","2022","Communications","HM Prison and Probation Service","SEO/HEO","[c]","[c]","[c]","[c]"
"New entrant CS","2022","Communications","HM Revenue and Customs (excl. agencies)","AA/AO","100","[c]","21250","21250"
"New entrant CS","2022","Communications","HM Revenue and Customs (excl. agencies)","EO","650","[c]","26610","26590"
"New entrant CS","2022","Communications","HM Revenue and Customs (excl. agencies)","SEO/HEO","130","[c]","33450","33080"
"New entrant CS","2022","Communications","HM Treasury (excl. agencies)","EO","[c]","[c]","[c]","[c]"
"New entrant CS","2022","Communications","HM Treasury (excl. agencies)","G6/G7","[c]","[c]","[c]","[c]"
"New entrant CS","2022","Communications","HM Treasury (excl. agencies)","SEO/HEO","[c]","[c]","[c]","[c]"
"New entrant CS","2022","Communications","Institute for Apprenticeships and Technical Education","AA/AO","[c]","[c]","[c]","[c]"
"New entrant CS","2022","Communications","Institute for Apprenticeships and Technical Education","SEO/HEO","[c]","[c]","[c]","[c]"
"New entrant CS","2022","Communications","Maritime and Coastguard Agency","SEO/HEO","[c]","[c]","[c]","[c]"
"New entrant CS","2022","Communications","Medicines and Healthcare Products Regulatory Agency","AA/AO","[c]","[c]","[c]","[c]"
"New entrant CS","2022","Communications","Medicines and Healthcare Products Regulatory Agency","EO","[c]","[c]","[c]","[c]"
"New entrant CS","2022","Communications","Medicines and Healthcare Products Regulatory Agency","G6/G7","[c]","[c]","[c]","[c]"
"New entrant CS","2022","Communications","Medicines and Healthcare Products Regulatory Agency","SEO/HEO","[c]","[c]","[c]","[c]"
"New entrant CS","2022","Communications","Met Office","G6/G7","[c]","[c]","[c]","[c]"
"New entrant CS","2022","Communications","Met Office","SEO/HEO","[c]","[c]","[c]","[c]"
"New entrant CS","2022","Communications","Ministry of Defence (excl. agencies)","AA/AO","10","[c]","[c]","[c]"
"New entrant CS","2022","Communications","Ministry of Defence (excl. agencies)","EO","10","[c]","[c]","[c]"
"New entrant CS","2022","Communications","Ministry of Defence (excl. agencies)","G6/G7","[c]","[c]","[c]","[c]"
"New entrant CS","2022","Communications","Ministry of Defence (excl. agencies)","SEO/HEO","15","[c]","35800","35000"
"New entrant CS","2022","Communications","Ministry of Justice (excl. agencies)","AA/AO","[c]","[c]","[c]","[c]"
"New entrant CS","2022","Communications","Ministry of Justice (excl. agencies)","EO","[c]","[c]","[c]","[c]"
"New entrant CS","2022","Communications","Ministry of Justice (excl. agencies)","G6/G7","[c]","[c]","[c]","[c]"
"New entrant CS","2022","Communications","Ministry of Justice (excl. agencies)","SEO/HEO","20","[c]","37110","34720"
"New entrant CS","2022","Communications","National Crime Agency","SEO/HEO","[c]","[c]","[c]","[c]"
"New entrant CS","2022","Communications","National Infrastructure Commission","G6/G7","[c]","[c]","[c]","[c]"
"New entrant CS","2022","Communications","National Savings and Investments","AA/AO","[c]","[c]","[c]","[c]"
"New entrant CS","2022","Communications","National Savings and Investments","EO","[c]","[c]","[c]","[c]"
"New entrant CS","2022","Communications","Northern Ireland Office","EO","[c]","[c]","[c]","[c]"
"New entrant CS","2022","Communications","Northern Ireland Office","G6/G7","[c]","[c]","[c]","[c]"
"New entrant CS","2022","Communications","Northern Ireland Office","SCS level","[c]","[c]","[c]","[c]"
"New entrant CS","2022","Communications","Northern Ireland Office","SEO/HEO","[c]","[c]","[c]","[c]"
"New entrant CS","2022","Communications","Office for Standards in Education, Children's Services and Skills","SEO/HEO","[c]","[c]","[c]","[c]"
"New entrant CS","2022","Communications","Office of Gas and Electricity Markets","AA/AO","[c]","[c]","[c]","[c]"
"New entrant CS","2022","Communications","Office of Gas and Electricity Markets","EO","[c]","[c]","[c]","[c]"
"New entrant CS","2022","Communications","Office of Gas and Electricity Markets","G6/G7","5","[c]","[c]","[c]"
"New entrant CS","2022","Communications","Office of Gas and Electricity Markets","SCS level","[c]","[c]","[c]","[c]"
"New entrant CS","2022","Communications","Office of Gas and Electricity Markets","SEO/HEO","10","[c]","[c]","[c]"
"New entrant CS","2022","Communications","Office of Qualifications and Examinations Regulation","G6/G7","[c]","[c]","[c]","[c]"
"New entrant CS","2022","Communications","Office of Qualifications and Examinations Regulation","SEO/HEO","[c]","[c]","[c]","[c]"
"New entrant CS","2022","Communications","Office of Rail and Road","AA/AO","[c]","[c]","[c]","[c]"
"New entrant CS","2022","Communications","Office of Rail and Road","G6/G7","[c]","[c]","[c]","[c]"
"New entrant CS","2022","Communications","Office of Rail and Road","SEO/HEO","[c]","[c]","[c]","[c]"
"New entrant CS","2022","Communications","Office of the Secretary of State for Scotland (incl. Office of the Advocate General for Scotland)","AA/AO","[c]","[c]","[c]","[c]"
"New entrant CS","2022","Communications","Office of the Secretary of State for Wales","SEO/HEO","[c]","[c]","[c]","[c]"
"New entrant CS","2022","Communications","Public Health England","SEO/HEO","[c]","[c]","[c]","[c]"
"New entrant CS","2022","Communications","Registers of Scotland","SEO/HEO","[c]","[c]","[c]","[c]"
"New entrant CS","2022","Communications","Scottish Courts and Tribunals Service","G6/G7","[c]","[c]","[c]","[c]"
"New entrant CS","2022","Communications","Scottish Courts and Tribunals Service","SEO/HEO","[c]","[c]","[c]","[c]"
"New entrant CS","2022","Communications","Serious Fraud Office","SEO/HEO","[c]","[c]","[c]","[c]"
"New entrant CS","2022","Communications","Submarine Delivery Agency","Unknown","[c]","[c]","[c]","[c]"
"New entrant CS","2022","Communications","The National Archives","EO","[c]","[c]","[c]","[c]"
"New entrant CS","2022","Communications","The National Archives","SEO/HEO","[c]","[c]","[c]","[c]"
"New entrant CS","2022","Communications","UK Debt Management Office","SEO/HEO","[c]","[c]","[c]","[c]"
"New entrant CS","2022","Communications","UK Export Finance","AA/AO","[c]","[c]","[c]","[c]"
"New entrant CS","2022","Communications","UK Export Finance","EO","[c]","[c]","[c]","[c]"
"New entrant CS","2022","Communications","UK Export Finance","G6/G7","[c]","[c]","[c]","[c]"
"New entrant CS","2022","Communications","UK Export Finance","SEO/HEO","10","[c]","[c]","[c]"
"New entrant CS","2022","Communications","UK Health Security Agency","AA/AO","[c]","[c]","[c]","[c]"
"New entrant CS","2022","Communications","UK Health Security Agency","EO","[c]","[c]","[c]","[c]"
"New entrant CS","2022","Communications","UK Health Security Agency","G6/G7","[c]","[c]","[c]","[c]"
"New entrant CS","2022","Communications","UK Health Security Agency","SEO/HEO","10","[c]","35690","33140"
"New entrant CS","2022","Communications","UK Hydrographic Office","SEO/HEO","[c]","[c]","[c]","[c]"
"New entrant CS","2022","Communications","UK Statistics Authority","SEO/HEO","[c]","[c]","[c]","[c]"
"New entrant CS","2022","Communications","UK Supreme Court","SEO/HEO","[c]","[c]","[c]","[c]"
"New entrant CS","2022","Communications","Valuation Office Agency","AA/AO","[c]","[c]","[c]","[c]"
"New entrant CS","2022","Communications","Valuation Office Agency","SEO/HEO","[c]","[c]","[c]","[c]"
"New entrant CS","2022","Communications","Vehicle Certification Agency","SEO/HEO","[c]","[c]","[c]","[c]"
"New entrant CS","2022","Communications","Water Services Regulation Authority","EO","[c]","[c]","[c]","[c]"
"New entrant CS","2022","Communications","Water Services Regulation Authority","G6/G7","[c]","[c]","[c]","[c]"
"New entrant CS","2022","Communications","Water Services Regulation Authority","SEO/HEO","[c]","[c]","[c]","[c]"
"New entrant CS","2022","Communications","Welsh Revenue Authority","SEO/HEO","[c]","[c]","[c]","[c]"
"New entrant CS","2022","Counter Fraud","Cabinet Office (excl. agencies)","AA/AO","[c]","[c]","[c]","[c]"
"New entrant CS","2022","Counter Fraud","Cabinet Office (excl. agencies)","EO","10","[c]","25220","24530"
"New entrant CS","2022","Counter Fraud","Cabinet Office (excl. agencies)","G6/G7","[c]","[c]","[c]","[c]"
"New entrant CS","2022","Counter Fraud","Cabinet Office (excl. agencies)","SEO/HEO","10","[c]","32720","32000"
"New entrant CS","2022","Counter Fraud","Companies House","AA/AO","10","[c]","[c]","[c]"
"New entrant CS","2022","Counter Fraud","Companies House","EO","10","[c]","24500","24500"
"New entrant CS","2022","Counter Fraud","Department for Digital, Culture, Media and Sport","G6/G7","[c]","[c]","[c]","[c]"
"New entrant CS","2022","Counter Fraud","Department for Digital, Culture, Media and Sport","SEO/HEO","[c]","[c]","[c]","[c]"
"New entrant CS","2022","Counter Fraud","Department for Work and Pensions (excl. agencies)","AA/AO","395","[c]","22520","21260"
"New entrant CS","2022","Counter Fraud","Department for Work and Pensions (excl. agencies)","EO","345","[c]","28020","27570"
"New entrant CS","2022","Counter Fraud","Department for Work and Pensions (excl. agencies)","G6/G7","[c]","[c]","[c]","[c]"
"New entrant CS","2022","Counter Fraud","Department for Work and Pensions (excl. agencies)","SEO/HEO","25","[c]","34470","35120"
"New entrant CS","2022","Counter Fraud","Driver and Vehicle Standards Agency","EO","[c]","[c]","[c]","[c]"
"New entrant CS","2022","Counter Fraud","Food Standards Agency","EO","[c]","[c]","[c]","[c]"
"New entrant CS","2022","Counter Fraud","Food Standards Agency","SEO/HEO","5","[c]","[c]","[c]"
"New entrant CS","2022","Counter Fraud","Government Internal Audit Agency","SEO/HEO","[c]","[c]","[c]","[c]"
"New entrant CS","2022","Counter Fraud","HM Revenue and Customs (excl. agencies)","AA/AO","130","[c]","21530","21250"
"New entrant CS","2022","Counter Fraud","HM Revenue and Customs (excl. agencies)","EO","470","[c]","27560","26590"
"New entrant CS","2022","Counter Fraud","HM Revenue and Customs (excl. agencies)","G6/G7","20","[c]","54040","52080"
"New entrant CS","2022","Counter Fraud","HM Revenue and Customs (excl. agencies)","SEO/HEO","130","[c]","35380","33080"
"New entrant CS","2022","Counter Fraud","Serious Fraud Office","EO","10","[c]","[c]","[c]"
"New entrant CS","2022","Counter Fraud","Serious Fraud Office","SCS level","[c]","[c]","[c]","[c]"
"New entrant CS","2022","Counter Fraud","Serious Fraud Office","SEO/HEO","[c]","[c]","[c]","[c]"
"New entrant CS","2022","Counter Fraud","The Insolvency Service","SEO/HEO","5","[c]","[c]","[c]"
"New entrant CS","2022","Debt","Department for Work and Pensions (excl. agencies)","AA/AO","290","[c]","21370","21260"
"New entrant CS","2022","Debt","Department for Work and Pensions (excl. agencies)","EO","10","[c]","27570","27570"
"New entrant CS","2022","Debt","Department for Work and Pensions (excl. agencies)","SEO/HEO","5","[c]","[c]","[c]"
"New entrant CS","2022","Debt","HM Revenue and Customs (excl. agencies)","AA/AO","685","[c]","21250","21250"
"New entrant CS","2022","Debt","HM Revenue and Customs (excl. agencies)","EO","30","[c]","26650","26590"
"New entrant CS","2022","Debt","UK Debt Management Office","G6/G7","[c]","[c]","[c]","[c]"
"New entrant CS","2022","Debt","UK Debt Management Office","SEO/HEO","[c]","[c]","[c]","[c]"
"New entrant CS","2022","Digital, Data & Technology","Advisory, Conciliation and Arbitration Service","EO","[c]","[c]","[c]","[c]"
"New entrant CS","2022","Digital, Data & Technology","Advisory, Conciliation and Arbitration Service","SEO/HEO","[c]","[c]","[c]","[c]"
"New entrant CS","2022","Digital, Data & Technology","Cabinet Office (excl. agencies)","AA/AO","25","[c]","20990","18450"
"New entrant CS","2022","Digital, Data & Technology","Cabinet Office (excl. agencies)","EO","25","[c]","26180","27500"
"New entrant CS","2022","Digital, Data & Technology","Cabinet Office (excl. agencies)","G6/G7","105","[c]","54530","54700"
"New entrant CS","2022","Digital, Data & Technology","Cabinet Office (excl. agencies)","SCS level","10","[c]","[c]","[c]"
"New entrant CS","2022","Digital, Data & Technology","Cabinet Office (excl. agencies)","SEO/HEO","85","[c]","35830","34550"
"New entrant CS","2022","Digital, Data & Technology","Centre for Environment, Fisheries and Aquaculture Science","AA/AO","[c]","[c]","[c]","[c]"
"New entrant CS","2022","Digital, Data & Technology","Centre for Environment, Fisheries and Aquaculture Science","EO","5","[c]","[c]","[c]"
"New entrant CS","2022","Digital, Data & Technology","Centre for Environment, Fisheries and Aquaculture Science","SEO/HEO","[c]","[c]","[c]","[c]"
"New entrant CS","2022","Digital, Data & Technology","Charity Commission","EO","5","[c]","[c]","[c]"
"New entrant CS","2022","Digital, Data & Technology","Charity Commission","SEO/HEO","10","[c]","[c]","[c]"
"New entrant CS","2022","Digital, Data & Technology","Companies House","AA/AO","[c]","[c]","[c]","[c]"
"New entrant CS","2022","Digital, Data & Technology","Companies House","EO","10","[c]","33480","35530"
"New entrant CS","2022","Digital, Data & Technology","Companies House","G6/G7","[c]","[c]","[c]","[c]"
"New entrant CS","2022","Digital, Data & Technology","Companies House","SEO/HEO","15","[c]","37600","36150"
"New entrant CS","2022","Digital, Data & Technology","Competition and Markets Authority","AA/AO","[c]","[c]","[c]","[c]"
"New entrant CS","2022","Digital, Data & Technology","Competition and Markets Authority","G6/G7","15","[c]","62430","58280"
"New entrant CS","2022","Digital, Data & Technology","Competition and Markets Authority","SEO/HEO","[c]","[c]","[c]","[c]"
"New entrant CS","2022","Digital, Data & Technology","Crown Commercial Service","EO","5","[c]","[c]","[c]"
"New entrant CS","2022","Digital, Data & Technology","Crown Commercial Service","G6/G7","5","[c]","[c]","[c]"
"New entrant CS","2022","Digital, Data & Technology","Crown Commercial Service","SCS level","[c]","[c]","[c]","[c]"
"New entrant CS","2022","Digital, Data & Technology","Crown Commercial Service","SEO/HEO","10","[c]","36770","38330"
"New entrant CS","2022","Digital, Data & Technology","Crown Office and Procurator Fiscal Service","EO","[c]","[c]","[c]","[c]"
"New entrant CS","2022","Digital, Data & Technology","Crown Office and Procurator Fiscal Service","G6/G7","[c]","[c]","[c]","[c]"
"New entrant CS","2022","Digital, Data & Technology","Crown Office and Procurator Fiscal Service","SEO/HEO","5","[c]","[c]","[c]"
"New entrant CS","2022","Digital, Data & Technology","Crown Prosecution Service","AA/AO","[c]","[c]","[c]","[c]"
"New entrant CS","2022","Digital, Data & Technology","Crown Prosecution Service","EO","5","[c]","[c]","[c]"
"New entrant CS","2022","Digital, Data & Technology","Crown Prosecution Service","G6/G7","[c]","[c]","[c]","[c]"
"New entrant CS","2022","Digital, Data & Technology","Crown Prosecution Service","SEO/HEO","5","[c]","[c]","[c]"
"New entrant CS","2022","Digital, Data & Technology","Defence Equipment and Support","EO","10","[c]","[c]","[c]"
"New entrant CS","2022","Digital, Data & Technology","Defence Equipment and Support","SEO/HEO","15","[c]","33430","30400"
"New entrant CS","2022","Digital, Data & Technology","Defence Science and Technology Laboratory","AA/AO","[c]","[c]","[c]","[c]"
"New entrant CS","2022","Digital, Data & Technology","Defence Science and Technology Laboratory","G6/G7","[c]","[c]","[c]","[c]"
"New entrant CS","2022","Digital, Data & Technology","Defence Science and Technology Laboratory","SEO/HEO","[c]","[c]","[c]","[c]"
"New entrant CS","2022","Digital, Data & Technology","Department for Business, Energy and Industrial Strategy (excl. agencies)","EO","[c]","[c]","[c]","[c]"
"New entrant CS","2022","Digital, Data & Technology","Department for Business, Energy and Industrial Strategy (excl. agencies)","G6/G7","[c]","[c]","[c]","[c]"
"New entrant CS","2022","Digital, Data & Technology","Department for Business, Energy and Industrial Strategy (excl. agencies)","SCS level","[c]","[c]","[c]","[c]"
"New entrant CS","2022","Digital, Data & Technology","Department for Business, Energy and Industrial Strategy (excl. agencies)","SEO/HEO","10","[c]","33730","33570"
"New entrant CS","2022","Digital, Data & Technology","Department for Digital, Culture, Media and Sport","EO","[c]","[c]","[c]","[c]"
"New entrant CS","2022","Digital, Data & Technology","Department for Digital, Culture, Media and Sport","G6/G7","[c]","[c]","[c]","[c]"
"New entrant CS","2022","Digital, Data & Technology","Department for Education (excl. agencies)","AA/AO","5","[c]","[c]","[c]"
"New entrant CS","2022","Digital, Data & Technology","Department for Education (excl. agencies)","EO","25","[c]","26020","25000"
"New entrant CS","2022","Digital, Data & Technology","Department for Education (excl. agencies)","G6/G7","50","[c]","52010","49860"
"New entrant CS","2022","Digital, Data & Technology","Department for Education (excl. agencies)","SEO/HEO","75","[c]","33830","36500"
"New entrant CS","2022","Digital, Data & Technology","Department for Environment, Food and Rural Affairs (excl. agencies)","AA/AO","10","[c]","[c]","[c]"
"New entrant CS","2022","Digital, Data & Technology","Department for Environment, Food and Rural Affairs (excl. agencies)","EO","40","[c]","25040","24920"
"New entrant CS","2022","Digital, Data & Technology","Department for Environment, Food and Rural Affairs (excl. agencies)","G6/G7","110","[c]","50450","47950"
"New entrant CS","2022","Digital, Data & Technology","Department for Environment, Food and Rural Affairs (excl. agencies)","SCS level","[c]","[c]","[c]","[c]"
"New entrant CS","2022","Digital, Data & Technology","Department for Environment, Food and Rural Affairs (excl. agencies)","SEO/HEO","115","[c]","34610","35900"
"New entrant CS","2022","Digital, Data & Technology","Department for International Trade","EO","15","[c]","[c]","[c]"
"New entrant CS","2022","Digital, Data & Technology","Department for International Trade","G6/G7","15","[c]","63360","61000"
"New entrant CS","2022","Digital, Data & Technology","Department for International Trade","SEO/HEO","25","[c]","35770","32750"
"New entrant CS","2022","Digital, Data & Technology","Department for Levelling Up, Housing and Communities (excl. agencies)","G6/G7","15","[c]","52790","53130"
"New entrant CS","2022","Digital, Data & Technology","Department for Levelling Up, Housing and Communities (excl. agencies)","SEO/HEO","10","[c]","[c]","[c]"
"New entrant CS","2022","Digital, Data & Technology","Department for Transport (excl. agencies)","EO","10","[c]","[c]","[c]"
"New entrant CS","2022","Digital, Data & Technology","Department for Transport (excl. agencies)","G6/G7","5","[c]","[c]","[c]"
"New entrant CS","2022","Digital, Data & Technology","Department for Transport (excl. agencies)","SEO/HEO","10","[c]","37870","38650"
"New entrant CS","2022","Digital, Data & Technology","Department for Work and Pensions (excl. agencies)","AA/AO","25","[c]","21260","21260"
"New entrant CS","2022","Digital, Data & Technology","Department for Work and Pensions (excl. agencies)","EO","85","[c]","27730","27570"
"New entrant CS","2022","Digital, Data & Technology","Department for Work and Pensions (excl. agencies)","G6/G7","115","[c]","57080","57000"
"New entrant CS","2022","Digital, Data & Technology","Department for Work and Pensions (excl. agencies)","SEO/HEO","135","[c]","37250","37100"
"New entrant CS","2022","Digital, Data & Technology","Department of Health and Social Care (excl. agencies)","AA/AO","[c]","[c]","[c]","[c]"
"New entrant CS","2022","Digital, Data & Technology","Department of Health and Social Care (excl. agencies)","EO","[c]","[c]","[c]","[c]"
"New entrant CS","2022","Digital, Data & Technology","Department of Health and Social Care (excl. agencies)","G6/G7","10","[c]","[c]","[c]"
"New entrant CS","2022","Digital, Data & Technology","Department of Health and Social Care (excl. agencies)","SEO/HEO","70","[c]","33830","32790"
"New entrant CS","2022","Digital, Data & Technology","Driver and Vehicle Licensing Agency","AA/AO","10","[c]","[c]","[c]"
"New entrant CS","2022","Digital, Data & Technology","Driver and Vehicle Licensing Agency","EO","15","[c]","26450","26130"
"New entrant CS","2022","Digital, Data & Technology","Driver and Vehicle Licensing Agency","G6/G7","5","[c]","[c]","[c]"
"New entrant CS","2022","Digital, Data & Technology","Driver and Vehicle Licensing Agency","SEO/HEO","10","[c]","36990","38650"
"New entrant CS","2022","Digital, Data & Technology","Driver and Vehicle Standards Agency","AA/AO","5","[c]","[c]","[c]"
"New entrant CS","2022","Digital, Data & Technology","Driver and Vehicle Standards Agency","EO","5","[c]","[c]","[c]"
"New entrant CS","2022","Digital, Data & Technology","Driver and Vehicle Standards Agency","G6/G7","[c]","[c]","[c]","[c]"
"New entrant CS","2022","Digital, Data & Technology","Driver and Vehicle Standards Agency","SEO/HEO","35","[c]","34720","30730"
"New entrant CS","2022","Digital, Data & Technology","Education and Skills Funding Agency","EO","[c]","[c]","[c]","[c]"
"New entrant CS","2022","Digital, Data & Technology","Education and Skills Funding Agency","G6/G7","[c]","[c]","[c]","[c]"
"New entrant CS","2022","Digital, Data & Technology","Food Standards Agency","G6/G7","[c]","[c]","[c]","[c]"
"New entrant CS","2022","Digital, Data & Technology","Food Standards Agency","SEO/HEO","[c]","[c]","[c]","[c]"
"New entrant CS","2022","Digital, Data & Technology","Government Actuary's Department","SEO/HEO","[c]","[c]","[c]","[c]"
"New entrant CS","2022","Digital, Data & Technology","Health and Safety Executive","EO","10","[c]","[c]","[c]"
"New entrant CS","2022","Digital, Data & Technology","Health and Safety Executive","G6/G7","[c]","[c]","[c]","[c]"
"New entrant CS","2022","Digital, Data & Technology","Health and Safety Executive","SCS level","[c]","[c]","[c]","[c]"
"New entrant CS","2022","Digital, Data & Technology","Health and Safety Executive","SEO/HEO","10","[c]","[c]","[c]"
"New entrant CS","2022","Digital, Data & Technology","HM Courts and Tribunals Service","EO","10","[c]","25120","25120"
"New entrant CS","2022","Digital, Data & Technology","HM Courts and Tribunals Service","G6/G7","15","[c]","52120","50430"
"New entrant CS","2022","Digital, Data & Technology","HM Courts and Tribunals Service","SEO/HEO","70","[c]","37090","36050"
"New entrant CS","2022","Digital, Data & Technology","HM Land Registry","AA/AO","25","[c]","22410","22600"
"New entrant CS","2022","Digital, Data & Technology","HM Land Registry","EO","25","[c]","28480","27130"
"New entrant CS","2022","Digital, Data & Technology","HM Land Registry","G6/G7","[c]","[c]","[c]","[c]"
"New entrant CS","2022","Digital, Data & Technology","HM Land Registry","SEO/HEO","40","[c]","36230","35560"
"New entrant CS","2022","Digital, Data & Technology","HM Revenue and Customs (excl. agencies)","EO","75","[c]","26910","26590"
"New entrant CS","2022","Digital, Data & Technology","HM Revenue and Customs (excl. agencies)","G6/G7","40","[c]","55940","55210"
"New entrant CS","2022","Digital, Data & Technology","HM Revenue and Customs (excl. agencies)","SCS level","[c]","[c]","[c]","[c]"
"New entrant CS","2022","Digital, Data & Technology","HM Revenue and Customs (excl. agencies)","SEO/HEO","220","[c]","35280","33080"
"New entrant CS","2022","Digital, Data & Technology","HM Treasury (excl. agencies)","AA/AO","[c]","[c]","[c]","[c]"
"New entrant CS","2022","Digital, Data & Technology","HM Treasury (excl. agencies)","EO","[c]","[c]","[c]","[c]"
"New entrant CS","2022","Digital, Data & Technology","HM Treasury (excl. agencies)","G6/G7","[c]","[c]","[c]","[c]"
"New entrant CS","2022","Digital, Data & Technology","Institute for Apprenticeships and Technical Education","G6/G7","[c]","[c]","[c]","[c]"
"New entrant CS","2022","Digital, Data & Technology","Intellectual Property Office","EO","[c]","[c]","[c]","[c]"
"New entrant CS","2022","Digital, Data & Technology","Intellectual Property Office","G6/G7","[c]","[c]","[c]","[c]"
"New entrant CS","2022","Digital, Data & Technology","Intellectual Property Office","SCS level","[c]","[c]","[c]","[c]"
"New entrant CS","2022","Digital, Data & Technology","Intellectual Property Office","SEO/HEO","25","[c]","39870","39910"
"New entrant CS","2022","Digital, Data & Technology","Maritime and Coastguard Agency","AA/AO","[c]","[c]","[c]","[c]"
"New entrant CS","2022","Digital, Data & Technology","Maritime and Coastguard Agency","EO","[c]","[c]","[c]","[c]"
"New entrant CS","2022","Digital, Data & Technology","Maritime and Coastguard Agency","G6/G7","[c]","[c]","[c]","[c]"
"New entrant CS","2022","Digital, Data & Technology","Maritime and Coastguard Agency","SEO/HEO","[c]","[c]","[c]","[c]"
"New entrant CS","2022","Digital, Data & Technology","Medicines and Healthcare Products Regulatory Agency","AA/AO","[c]","[c]","[c]","[c]"
"New entrant CS","2022","Digital, Data & Technology","Medicines and Healthcare Products Regulatory Agency","EO","[c]","[c]","[c]","[c]"
"New entrant CS","2022","Digital, Data & Technology","Medicines and Healthcare Products Regulatory Agency","G6/G7","[c]","[c]","[c]","[c]"
"New entrant CS","2022","Digital, Data & Technology","Medicines and Healthcare Products Regulatory Agency","SCS level","[c]","[c]","[c]","[c]"
"New entrant CS","2022","Digital, Data & Technology","Met Office","AA/AO","85","[c]","18840","17900"
"New entrant CS","2022","Digital, Data & Technology","Met Office","EO","40","[c]","24670","24420"
"New entrant CS","2022","Digital, Data & Technology","Met Office","G6/G7","10","[c]","[c]","[c]"
"New entrant CS","2022","Digital, Data & Technology","Met Office","SEO/HEO","25","[c]","33470","31390"
"New entrant CS","2022","Digital, Data & Technology","Ministry of Defence (excl. agencies)","AA/AO","55","[c]","21160","21170"
"New entrant CS","2022","Digital, Data & Technology","Ministry of Defence (excl. agencies)","EO","50","[c]","26840","26350"
"New entrant CS","2022","Digital, Data & Technology","Ministry of Defence (excl. agencies)","G6/G7","5","[c]","[c]","[c]"
"New entrant CS","2022","Digital, Data & Technology","Ministry of Defence (excl. agencies)","SCS level","[c]","[c]","[c]","[c]"
"New entrant CS","2022","Digital, Data & Technology","Ministry of Defence (excl. agencies)","SEO/HEO","50","[c]","35270","33000"
"New entrant CS","2022","Digital, Data & Technology","Ministry of Justice (excl. agencies)","AA/AO","[c]","[c]","[c]","[c]"
"New entrant CS","2022","Digital, Data & Technology","Ministry of Justice (excl. agencies)","EO","10","[c]","26960","28310"
"New entrant CS","2022","Digital, Data & Technology","Ministry of Justice (excl. agencies)","G6/G7","65","[c]","57630","58130"
"New entrant CS","2022","Digital, Data & Technology","Ministry of Justice (excl. agencies)","SEO/HEO","50","[c]","38630","37700"
"New entrant CS","2022","Digital, Data & Technology","National Crime Agency","AA/AO","5","[c]","[c]","[c]"
"New entrant CS","2022","Digital, Data & Technology","National Crime Agency","EO","10","[c]","30560","30640"
"New entrant CS","2022","Digital, Data & Technology","National Crime Agency","G6/G7","5","[c]","[c]","[c]"
"New entrant CS","2022","Digital, Data & Technology","National Crime Agency","SCS level","[c]","[c]","[c]","[c]"
"New entrant CS","2022","Digital, Data & Technology","National Crime Agency","SEO/HEO","15","[c]","39290","38450"
"New entrant CS","2022","Digital, Data & Technology","National Savings and Investments","G6/G7","[c]","[c]","[c]","[c]"
"New entrant CS","2022","Digital, Data & Technology","Northern Ireland Office","SEO/HEO","[c]","[c]","[c]","[c]"
"New entrant CS","2022","Digital, Data & Technology","Office for Standards in Education, Children's Services and Skills","AA/AO","[c]","[c]","[c]","[c]"
"New entrant CS","2022","Digital, Data & Technology","Office for Standards in Education, Children's Services and Skills","G6/G7","[c]","[c]","[c]","[c]"
"New entrant CS","2022","Digital, Data & Technology","Office for Standards in Education, Children's Services and Skills","SEO/HEO","[c]","[c]","[c]","[c]"
"New entrant CS","2022","Digital, Data & Technology","Office of Gas and Electricity Markets","EO","[c]","[c]","[c]","[c]"
"New entrant CS","2022","Digital, Data & Technology","Office of Gas and Electricity Markets","G6/G7","10","[c]","[c]","[c]"
"New entrant CS","2022","Digital, Data & Technology","Office of Gas and Electricity Markets","SCS level","[c]","[c]","[c]","[c]"
"New entrant CS","2022","Digital, Data & Technology","Office of Gas and Electricity Markets","SEO/HEO","10","[c]","41690","42000"
"New entrant CS","2022","Digital, Data & Technology","Office of Qualifications and Examinations Regulation","EO","[c]","[c]","[c]","[c]"
"New entrant CS","2022","Digital, Data & Technology","Office of Qualifications and Examinations Regulation","G6/G7","[c]","[c]","[c]","[c]"
"New entrant CS","2022","Digital, Data & Technology","Office of Qualifications and Examinations Regulation","SEO/HEO","5","[c]","[c]","[c]"
"New entrant CS","2022","Digital, Data & Technology","Office of Rail and Road","SEO/HEO","[c]","[c]","[c]","[c]"
"New entrant CS","2022","Digital, Data & Technology","Queen Elizabeth II Centre","EO","[c]","[c]","[c]","[c]"
"New entrant CS","2022","Digital, Data & Technology","Registers of Scotland","EO","[c]","[c]","[c]","[c]"
"New entrant CS","2022","Digital, Data & Technology","Scottish Courts and Tribunals Service","EO","5","[c]","[c]","[c]"
"New entrant CS","2022","Digital, Data & Technology","Scottish Courts and Tribunals Service","SEO/HEO","[c]","[c]","[c]","[c]"
"New entrant CS","2022","Digital, Data & Technology","Scottish Prison Service","EO","[c]","[c]","[c]","[c]"
"New entrant CS","2022","Digital, Data & Technology","Scottish Prison Service","SEO/HEO","[c]","[c]","[c]","[c]"
"New entrant CS","2022","Digital, Data & Technology","Serious Fraud Office","AA/AO","[c]","[c]","[c]","[c]"
"New entrant CS","2022","Digital, Data & Technology","Serious Fraud Office","EO","[c]","[c]","[c]","[c]"
"New entrant CS","2022","Digital, Data & Technology","Serious Fraud Office","SEO/HEO","5","[c]","[c]","[c]"
"New entrant CS","2022","Digital, Data & Technology","Submarine Delivery Agency","Unknown","15","[c]","33100","32000"
"New entrant CS","2022","Digital, Data & Technology","The Insolvency Service","EO","[c]","[c]","[c]","[c]"
"New entrant CS","2022","Digital, Data & Technology","The Insolvency Service","G6/G7","[c]","[c]","[c]","[c]"
"New entrant CS","2022","Digital, Data & Technology","The Insolvency Service","SEO/HEO","[c]","[c]","[c]","[c]"
"New entrant CS","2022","Digital, Data & Technology","The National Archives","AA/AO","[c]","[c]","[c]","[c]"
"New entrant CS","2022","Digital, Data & Technology","The National Archives","EO","[c]","[c]","[c]","[c]"
"New entrant CS","2022","Digital, Data & Technology","The National Archives","SEO/HEO","20","[c]","40390","45000"
"New entrant CS","2022","Digital, Data & Technology","UK Debt Management Office","EO","[c]","[c]","[c]","[c]"
"New entrant CS","2022","Digital, Data & Technology","UK Debt Management Office","G6/G7","[c]","[c]","[c]","[c]"
"New entrant CS","2022","Digital, Data & Technology","UK Debt Management Office","SEO/HEO","[c]","[c]","[c]","[c]"
"New entrant CS","2022","Digital, Data & Technology","UK Export Finance","EO","[c]","[c]","[c]","[c]"
"New entrant CS","2022","Digital, Data & Technology","UK Export Finance","G6/G7","[c]","[c]","[c]","[c]"
"New entrant CS","2022","Digital, Data & Technology","UK Export Finance","SCS level","[c]","[c]","[c]","[c]"
"New entrant CS","2022","Digital, Data & Technology","UK Export Finance","SEO/HEO","[c]","[c]","[c]","[c]"
"New entrant CS","2022","Digital, Data & Technology","UK Health Security Agency","AA/AO","[c]","[c]","[c]","[c]"
"New entrant CS","2022","Digital, Data & Technology","UK Health Security Agency","EO","5","[c]","[c]","[c]"
"New entrant CS","2022","Digital, Data & Technology","UK Health Security Agency","G6/G7","[c]","[c]","[c]","[c]"
"New entrant CS","2022","Digital, Data & Technology","UK Health Security Agency","SEO/HEO","25","[c]","33130","32330"
"New entrant CS","2022","Digital, Data & Technology","UK Hydrographic Office","AA/AO","[c]","[c]","[c]","[c]"
"New entrant CS","2022","Digital, Data & Technology","UK Hydrographic Office","EO","[c]","[c]","[c]","[c]"
"New entrant CS","2022","Digital, Data & Technology","UK Hydrographic Office","G6/G7","[c]","[c]","[c]","[c]"
"New entrant CS","2022","Digital, Data & Technology","UK Hydrographic Office","SEO/HEO","10","[c]","38900","37420"
"New entrant CS","2022","Digital, Data & Technology","UK Statistics Authority","AA/AO","10","[c]","[c]","[c]"
"New entrant CS","2022","Digital, Data & Technology","UK Statistics Authority","EO","35","[c]","23980","23880"
"New entrant CS","2022","Digital, Data & Technology","UK Statistics Authority","G6/G7","30","[c]","52550","50210"
"New entrant CS","2022","Digital, Data & Technology","UK Statistics Authority","SCS level","[c]","[c]","[c]","[c]"
"New entrant CS","2022","Digital, Data & Technology","UK Statistics Authority","SEO/HEO","50","[c]","34260","36840"
"New entrant CS","2022","Digital, Data & Technology","UK Supreme Court","EO","[c]","[c]","[c]","[c]"
"New entrant CS","2022","Digital, Data & Technology","UK Supreme Court","SEO/HEO","[c]","[c]","[c]","[c]"
"New entrant CS","2022","Digital, Data & Technology","Valuation Office Agency","SEO/HEO","5","[c]","[c]","[c]"
"New entrant CS","2022","Digital, Data & Technology","Water Services Regulation Authority","EO","[c]","[c]","[c]","[c]"
"New entrant CS","2022","Digital, Data & Technology","Water Services Regulation Authority","SEO/HEO","5","[c]","[c]","[c]"
"New entrant CS","2022","Digital, Data & Technology","Welsh Revenue Authority","EO","[c]","[c]","[c]","[c]"
"New entrant CS","2022","Digital, Data & Technology","Wilton Park","AA/AO","[c]","[c]","[c]","[c]"
"New entrant CS","2022","Finance","Advisory, Conciliation and Arbitration Service","AA/AO","[c]","[c]","[c]","[c]"
"New entrant CS","2022","Finance","Advisory, Conciliation and Arbitration Service","EO","[c]","[c]","[c]","[c]"
"New entrant CS","2022","Finance","Advisory, Conciliation and Arbitration Service","SEO/HEO","[c]","[c]","[c]","[c]"
"New entrant CS","2022","Finance","Cabinet Office (excl. agencies)","AA/AO","[c]","[c]","[c]","[c]"
"New entrant CS","2022","Finance","Cabinet Office (excl. agencies)","EO","[c]","[c]","[c]","[c]"
"New entrant CS","2022","Finance","Cabinet Office (excl. agencies)","G6/G7","[c]","[c]","[c]","[c]"
"New entrant CS","2022","Finance","Cabinet Office (excl. agencies)","SEO/HEO","[c]","[c]","[c]","[c]"
"New entrant CS","2022","Finance","Centre for Environment, Fisheries and Aquaculture Science","AA/AO","[c]","[c]","[c]","[c]"
"New entrant CS","2022","Finance","Centre for Environment, Fisheries and Aquaculture Science","EO","[c]","[c]","[c]","[c]"
"New entrant CS","2022","Finance","Charity Commission","SEO/HEO","[c]","[c]","[c]","[c]"
"New entrant CS","2022","Finance","Companies House","AA/AO","10","[c]","20210","20100"
"New entrant CS","2022","Finance","Companies House","EO","[c]","[c]","[c]","[c]"
"New entrant CS","2022","Finance","Companies House","SEO/HEO","[c]","[c]","[c]","[c]"
"New entrant CS","2022","Finance","Competition and Markets Authority","EO","[c]","[c]","[c]","[c]"
"New entrant CS","2022","Finance","Crown Commercial Service","G6/G7","[c]","[c]","[c]","[c]"
"New entrant CS","2022","Finance","Crown Commercial Service","SEO/HEO","[c]","[c]","[c]","[c]"
"New entrant CS","2022","Finance","Crown Office and Procurator Fiscal Service","SEO/HEO","[c]","[c]","[c]","[c]"
"New entrant CS","2022","Finance","Crown Prosecution Service","AA/AO","[c]","[c]","[c]","[c]"
"New entrant CS","2022","Finance","Crown Prosecution Service","EO","[c]","[c]","[c]","[c]"
"New entrant CS","2022","Finance","Defence Equipment and Support","EO","45","[c]","22000","21000"
"New entrant CS","2022","Finance","Defence Equipment and Support","SEO/HEO","[c]","[c]","[c]","[c]"
"New entrant CS","2022","Finance","Defence Science and Technology Laboratory","EO","[c]","[c]","[c]","[c]"
"New entrant CS","2022","Finance","Defence Science and Technology Laboratory","G6/G7","[c]","[c]","[c]","[c]"
"New entrant CS","2022","Finance","Defence Science and Technology Laboratory","SEO/HEO","[c]","[c]","[c]","[c]"
"New entrant CS","2022","Finance","Department for Business, Energy and Industrial Strategy (excl. agencies)","G6/G7","5","[c]","[c]","[c]"
"New entrant CS","2022","Finance","Department for Business, Energy and Industrial Strategy (excl. agencies)","SEO/HEO","[c]","[c]","[c]","[c]"
"New entrant CS","2022","Finance","Department for Digital, Culture, Media and Sport","EO","5","[c]","[c]","[c]"
"New entrant CS","2022","Finance","Department for Digital, Culture, Media and Sport","G6/G7","[c]","[c]","[c]","[c]"
"New entrant CS","2022","Finance","Department for Digital, Culture, Media and Sport","SEO/HEO","[c]","[c]","[c]","[c]"
"New entrant CS","2022","Finance","Department for Education (excl. agencies)","EO","25","[c]","25270","25000"
"New entrant CS","2022","Finance","Department for Education (excl. agencies)","G6/G7","5","[c]","[c]","[c]"
"New entrant CS","2022","Finance","Department for Education (excl. agencies)","SEO/HEO","20","[c]","34940","36500"
"New entrant CS","2022","Finance","Department for Environment, Food and Rural Affairs (excl. agencies)","EO","15","[c]","22940","22430"
"New entrant CS","2022","Finance","Department for Environment, Food and Rural Affairs (excl. agencies)","G6/G7","15","[c]","52080","48250"
"New entrant CS","2022","Finance","Department for Environment, Food and Rural Affairs (excl. agencies)","SCS level","[c]","[c]","[c]","[c]"
"New entrant CS","2022","Finance","Department for Environment, Food and Rural Affairs (excl. agencies)","SEO/HEO","30","[c]","34460","35900"
"New entrant CS","2022","Finance","Department for International Trade","EO","[c]","[c]","[c]","[c]"
"New entrant CS","2022","Finance","Department for International Trade","G6/G7","[c]","[c]","[c]","[c]"
"New entrant CS","2022","Finance","Department for International Trade","SEO/HEO","[c]","[c]","[c]","[c]"
"New entrant CS","2022","Finance","Department for Levelling Up, Housing and Communities (excl. agencies)","EO","[c]","[c]","[c]","[c]"
"New entrant CS","2022","Finance","Department for Levelling Up, Housing and Communities (excl. agencies)","G6/G7","10","[c]","[c]","[c]"
"New entrant CS","2022","Finance","Department for Levelling Up, Housing and Communities (excl. agencies)","SEO/HEO","10","[c]","[c]","[c]"
"New entrant CS","2022","Finance","Department for Transport (excl. agencies)","EO","5","[c]","[c]","[c]"
"New entrant CS","2022","Finance","Department for Transport (excl. agencies)","G6/G7","15","[c]","54580","54110"
"New entrant CS","2022","Finance","Department for Transport (excl. agencies)","SCS level","[c]","[c]","[c]","[c]"
"New entrant CS","2022","Finance","Department for Transport (excl. agencies)","SEO/HEO","10","[c]","[c]","[c]"
"New entrant CS","2022","Finance","Department for Work and Pensions (excl. agencies)","AA/AO","25","[c]","21400","21260"
"New entrant CS","2022","Finance","Department for Work and Pensions (excl. agencies)","EO","40","[c]","28160","27570"
"New entrant CS","2022","Finance","Department for Work and Pensions (excl. agencies)","G6/G7","10","[c]","58560","56200"
"New entrant CS","2022","Finance","Department for Work and Pensions (excl. agencies)","SEO/HEO","60","[c]","35630","35310"
"New entrant CS","2022","Finance","Department of Health and Social Care (excl. agencies)","AA/AO","[c]","[c]","[c]","[c]"
"New entrant CS","2022","Finance","Department of Health and Social Care (excl. agencies)","EO","60","[c]","24480","23690"
"New entrant CS","2022","Finance","Department of Health and Social Care (excl. agencies)","G6/G7","15","[c]","[c]","[c]"
"New entrant CS","2022","Finance","Department of Health and Social Care (excl. agencies)","SCS level","[c]","[c]","[c]","[c]"
"New entrant CS","2022","Finance","Department of Health and Social Care (excl. agencies)","SEO/HEO","85","[c]","34670","32790"
"New entrant CS","2022","Finance","Driver and Vehicle Licensing Agency","AA/AO","5","[c]","[c]","[c]"
"New entrant CS","2022","Finance","Driver and Vehicle Licensing Agency","SEO/HEO","[c]","[c]","[c]","[c]"
"New entrant CS","2022","Finance","Driver and Vehicle Standards Agency","EO","5","[c]","[c]","[c]"
"New entrant CS","2022","Finance","Driver and Vehicle Standards Agency","G6/G7","[c]","[c]","[c]","[c]"
"New entrant CS","2022","Finance","Driver and Vehicle Standards Agency","SEO/HEO","5","[c]","[c]","[c]"
"New entrant CS","2022","Finance","Education and Skills Funding Agency","EO","15","[c]","25000","25000"
"New entrant CS","2022","Finance","Education and Skills Funding Agency","G6/G7","15","[c]","53090","53000"
"New entrant CS","2022","Finance","Education and Skills Funding Agency","SCS level","[c]","[c]","[c]","[c]"
"New entrant CS","2022","Finance","Education and Skills Funding Agency","SEO/HEO","55","[c]","33210","29360"
"New entrant CS","2022","Finance","Food Standards Agency","SEO/HEO","[c]","[c]","[c]","[c]"
"New entrant CS","2022","Finance","Government Legal Department","EO","[c]","[c]","[c]","[c]"
"New entrant CS","2022","Finance","Government Legal Department","G6/G7","[c]","[c]","[c]","[c]"
"New entrant CS","2022","Finance","Health and Safety Executive","EO","[c]","[c]","[c]","[c]"
"New entrant CS","2022","Finance","Health and Safety Executive","G6/G7","[c]","[c]","[c]","[c]"
"New entrant CS","2022","Finance","Health and Safety Executive","SEO/HEO","[c]","[c]","[c]","[c]"
"New entrant CS","2022","Finance","HM Courts and Tribunals Service","AA/AO","[c]","[c]","[c]","[c]"
"New entrant CS","2022","Finance","HM Courts and Tribunals Service","EO","[c]","[c]","[c]","[c]"
"New entrant CS","2022","Finance","HM Courts and Tribunals Service","SEO/HEO","[c]","[c]","[c]","[c]"
"New entrant CS","2022","Finance","HM Land Registry","SEO/HEO","[c]","[c]","[c]","[c]"
"New entrant CS","2022","Finance","HM Revenue and Customs (excl. agencies)","AA/AO","85","[c]","21300","21250"
"New entrant CS","2022","Finance","HM Revenue and Customs (excl. agencies)","EO","20","[c]","27200","26590"
"New entrant CS","2022","Finance","HM Revenue and Customs (excl. agencies)","G6/G7","10","[c]","59250","58600"
"New entrant CS","2022","Finance","HM Revenue and Customs (excl. agencies)","SCS level","[c]","[c]","[c]","[c]"
"New entrant CS","2022","Finance","HM Revenue and Customs (excl. agencies)","SEO/HEO","55","[c]","37860","40180"
"New entrant CS","2022","Finance","HM Treasury (excl. agencies)","EO","[c]","[c]","[c]","[c]"
"New entrant CS","2022","Finance","HM Treasury (excl. agencies)","G6/G7","5","[c]","[c]","[c]"
"New entrant CS","2022","Finance","HM Treasury (excl. agencies)","SEO/HEO","[c]","[c]","[c]","[c]"
"New entrant CS","2022","Finance","Intellectual Property Office","EO","[c]","[c]","[c]","[c]"
"New entrant CS","2022","Finance","Intellectual Property Office","SEO/HEO","[c]","[c]","[c]","[c]"
"New entrant CS","2022","Finance","Maritime and Coastguard Agency","AA/AO","[c]","[c]","[c]","[c]"
"New entrant CS","2022","Finance","Maritime and Coastguard Agency","EO","[c]","[c]","[c]","[c]"
"New entrant CS","2022","Finance","Maritime and Coastguard Agency","G6/G7","[c]","[c]","[c]","[c]"
"New entrant CS","2022","Finance","Maritime and Coastguard Agency","SEO/HEO","[c]","[c]","[c]","[c]"
"New entrant CS","2022","Finance","Medicines and Healthcare Products Regulatory Agency","EO","[c]","[c]","[c]","[c]"
"New entrant CS","2022","Finance","Medicines and Healthcare Products Regulatory Agency","SCS level","[c]","[c]","[c]","[c]"
"New entrant CS","2022","Finance","Medicines and Healthcare Products Regulatory Agency","SEO/HEO","[c]","[c]","[c]","[c]"
"New entrant CS","2022","Finance","Ministry of Defence (excl. agencies)","AA/AO","20","[c]","21270","21170"
"New entrant CS","2022","Finance","Ministry of Defence (excl. agencies)","EO","25","[c]","26920","26350"
"New entrant CS","2022","Finance","Ministry of Defence (excl. agencies)","G6/G7","5","[c]","[c]","[c]"
"New entrant CS","2022","Finance","Ministry of Defence (excl. agencies)","SEO/HEO","30","[c]","39960","40000"
"New entrant CS","2022","Finance","Ministry of Justice (excl. agencies)","AA/AO","[c]","[c]","[c]","[c]"
"New entrant CS","2022","Finance","Ministry of Justice (excl. agencies)","EO","10","[c]","25120","25120"
"New entrant CS","2022","Finance","Ministry of Justice (excl. agencies)","G6/G7","[c]","[c]","[c]","[c]"
"New entrant CS","2022","Finance","Ministry of Justice (excl. agencies)","SEO/HEO","30","[c]","37080","36050"
"New entrant CS","2022","Finance","National Crime Agency","AA/AO","[c]","[c]","[c]","[c]"
"New entrant CS","2022","Finance","National Crime Agency","EO","[c]","[c]","[c]","[c]"
"New entrant CS","2022","Finance","National Crime Agency","G6/G7","[c]","[c]","[c]","[c]"
"New entrant CS","2022","Finance","National Crime Agency","SEO/HEO","10","[c]","[c]","[c]"
"New entrant CS","2022","Finance","Northern Ireland Office","G6/G7","[c]","[c]","[c]","[c]"
"New entrant CS","2022","Finance","Northern Ireland Office","SEO/HEO","[c]","[c]","[c]","[c]"
"New entrant CS","2022","Finance","Office for Standards in Education, Children's Services and Skills","EO","[c]","[c]","[c]","[c]"
"New entrant CS","2022","Finance","Office for Standards in Education, Children's Services and Skills","SEO/HEO","[c]","[c]","[c]","[c]"
"New entrant CS","2022","Finance","Office of Gas and Electricity Markets","EO","[c]","[c]","[c]","[c]"
"New entrant CS","2022","Finance","Office of Gas and Electricity Markets","SEO/HEO","[c]","[c]","[c]","[c]"
"New entrant CS","2022","Finance","Office of Qualifications and Examinations Regulation","AA/AO","[c]","[c]","[c]","[c]"
"New entrant CS","2022","Finance","Office of Qualifications and Examinations Regulation","EO","[c]","[c]","[c]","[c]"
"New entrant CS","2022","Finance","Office of Qualifications and Examinations Regulation","SEO/HEO","[c]","[c]","[c]","[c]"
"New entrant CS","2022","Finance","Office of Rail and Road","EO","[c]","[c]","[c]","[c]"
"New entrant CS","2022","Finance","Office of Rail and Road","SEO/HEO","[c]","[c]","[c]","[c]"
"New entrant CS","2022","Finance","Public Health England","EO","[c]","[c]","[c]","[c]"
"New entrant CS","2022","Finance","Public Health England","SEO/HEO","[c]","[c]","[c]","[c]"
"New entrant CS","2022","Finance","Registers of Scotland","SEO/HEO","[c]","[c]","[c]","[c]"
"New entrant CS","2022","Finance","Scottish Courts and Tribunals Service","AA/AO","5","[c]","[c]","[c]"
"New entrant CS","2022","Finance","Scottish Courts and Tribunals Service","EO","[c]","[c]","[c]","[c]"
"New entrant CS","2022","Finance","Scottish Courts and Tribunals Service","G6/G7","[c]","[c]","[c]","[c]"
"New entrant CS","2022","Finance","Scottish Courts and Tribunals Service","SEO/HEO","5","[c]","[c]","[c]"
"New entrant CS","2022","Finance","Scottish Prison Service","AA/AO","[c]","[c]","[c]","[c]"
"New entrant CS","2022","Finance","Scottish Prison Service","SCS level","[c]","[c]","[c]","[c]"
"New entrant CS","2022","Finance","Scottish Prison Service","SEO/HEO","[c]","[c]","[c]","[c]"
"New entrant CS","2022","Finance","Serious Fraud Office","EO","[c]","[c]","[c]","[c]"
"New entrant CS","2022","Finance","Serious Fraud Office","G6/G7","[c]","[c]","[c]","[c]"
"New entrant CS","2022","Finance","Submarine Delivery Agency","Unknown","[c]","[c]","[c]","[c]"
"New entrant CS","2022","Finance","The Insolvency Service","EO","[c]","[c]","[c]","[c]"
"New entrant CS","2022","Finance","The Insolvency Service","SEO/HEO","[c]","[c]","[c]","[c]"
"New entrant CS","2022","Finance","The National Archives","G6/G7","[c]","[c]","[c]","[c]"
"New entrant CS","2022","Finance","The National Archives","SEO/HEO","[c]","[c]","[c]","[c]"
"New entrant CS","2022","Finance","UK Export Finance","EO","5","[c]","[c]","[c]"
"New entrant CS","2022","Finance","UK Export Finance","G6/G7","[c]","[c]","[c]","[c]"
"New entrant CS","2022","Finance","UK Export Finance","SEO/HEO","5","[c]","[c]","[c]"
"New entrant CS","2022","Finance","UK Health Security Agency","AA/AO","[c]","[c]","[c]","[c]"
"New entrant CS","2022","Finance","UK Health Security Agency","EO","5","[c]","[c]","[c]"
"New entrant CS","2022","Finance","UK Health Security Agency","G6/G7","10","[c]","[c]","[c]"
"New entrant CS","2022","Finance","UK Health Security Agency","SCS level","[c]","[c]","[c]","[c]"
"New entrant CS","2022","Finance","UK Health Security Agency","SEO/HEO","[c]","[c]","[c]","[c]"
"New entrant CS","2022","Finance","UK Space Agency","EO","[c]","[c]","[c]","[c]"
"New entrant CS","2022","Finance","UK Space Agency","SEO/HEO","[c]","[c]","[c]","[c]"
"New entrant CS","2022","Finance","UK Statistics Authority","AA/AO","[c]","[c]","[c]","[c]"
"New entrant CS","2022","Finance","UK Statistics Authority","EO","[c]","[c]","[c]","[c]"
"New entrant CS","2022","Finance","UK Statistics Authority","G6/G7","[c]","[c]","[c]","[c]"
"New entrant CS","2022","Finance","UK Statistics Authority","SEO/HEO","[c]","[c]","[c]","[c]"
"New entrant CS","2022","Finance","Valuation Office Agency","AA/AO","[c]","[c]","[c]","[c]"
"New entrant CS","2022","Finance","Valuation Office Agency","EO","[c]","[c]","[c]","[c]"
"New entrant CS","2022","Finance","Valuation Office Agency","G6/G7","[c]","[c]","[c]","[c]"
"New entrant CS","2022","Finance","Valuation Office Agency","SEO/HEO","5","[c]","[c]","[c]"
"New entrant CS","2022","Finance","Water Services Regulation Authority","G6/G7","[c]","[c]","[c]","[c]"
"New entrant CS","2022","Finance","Water Services Regulation Authority","SEO/HEO","[c]","[c]","[c]","[c]"
"New entrant CS","2022","Finance","Wilton Park","EO","[c]","[c]","[c]","[c]"
"New entrant CS","2022","Finance","Wilton Park","G6/G7","[c]","[c]","[c]","[c]"
"New entrant CS","2022","Grants Management","Rural Payments Agency","AA/AO","480","[c]","21220","21300"
"New entrant CS","2022","Grants Management","Rural Payments Agency","EO","35","[c]","24940","24920"
"New entrant CS","2022","Grants Management","Rural Payments Agency","SEO/HEO","5","[c]","[c]","[c]"
"New entrant CS","2022","Grants Management","The National Archives","G6/G7","[c]","[c]","[c]","[c]"
"New entrant CS","2022","Grants Management","The National Archives","SEO/HEO","[c]","[c]","[c]","[c]"
"New entrant CS","2022","Human Resources","Advisory, Conciliation and Arbitration Service","AA/AO","[c]","[c]","[c]","[c]"
"New entrant CS","2022","Human Resources","Advisory, Conciliation and Arbitration Service","EO","[c]","[c]","[c]","[c]"
"New entrant CS","2022","Human Resources","Advisory, Conciliation and Arbitration Service","SEO/HEO","[c]","[c]","[c]","[c]"
"New entrant CS","2022","Human Resources","Cabinet Office (excl. agencies)","AA/AO","55","[c]","20990","21050"
"New entrant CS","2022","Human Resources","Cabinet Office (excl. agencies)","EO","35","[c]","24960","23850"
"New entrant CS","2022","Human Resources","Cabinet Office (excl. agencies)","G6/G7","15","[c]","54890","49700"
"New entrant CS","2022","Human Resources","Cabinet Office (excl. agencies)","SCS level","[c]","[c]","[c]","[c]"
"New entrant CS","2022","Human Resources","Cabinet Office (excl. agencies)","SEO/HEO","45","[c]","32370","32000"
"New entrant CS","2022","Human Resources","Centre for Environment, Fisheries and Aquaculture Science","EO","[c]","[c]","[c]","[c]"
"New entrant CS","2022","Human Resources","Charity Commission","EO","[c]","[c]","[c]","[c]"
"New entrant CS","2022","Human Resources","Charity Commission","SEO/HEO","5","[c]","[c]","[c]"
"New entrant CS","2022","Human Resources","Companies House","EO","[c]","[c]","[c]","[c]"
"New entrant CS","2022","Human Resources","Companies House","G6/G7","[c]","[c]","[c]","[c]"
"New entrant CS","2022","Human Resources","Companies House","SEO/HEO","5","[c]","[c]","[c]"
"New entrant CS","2022","Human Resources","Competition and Markets Authority","EO","[c]","[c]","[c]","[c]"
"New entrant CS","2022","Human Resources","Competition and Markets Authority","G6/G7","5","[c]","[c]","[c]"
"New entrant CS","2022","Human Resources","Competition and Markets Authority","SEO/HEO","5","[c]","[c]","[c]"
"New entrant CS","2022","Human Resources","Crown Commercial Service","EO","[c]","[c]","[c]","[c]"
"New entrant CS","2022","Human Resources","Crown Commercial Service","G6/G7","[c]","[c]","[c]","[c]"
"New entrant CS","2022","Human Resources","Crown Office and Procurator Fiscal Service","AA/AO","5","[c]","[c]","[c]"
"New entrant CS","2022","Human Resources","Crown Office and Procurator Fiscal Service","EO","[c]","[c]","[c]","[c]"
"New entrant CS","2022","Human Resources","Crown Office and Procurator Fiscal Service","SEO/HEO","[c]","[c]","[c]","[c]"
"New entrant CS","2022","Human Resources","Crown Prosecution Service","AA/AO","15","[c]","21410","22200"
"New entrant CS","2022","Human Resources","Crown Prosecution Service","EO","[c]","[c]","[c]","[c]"
"New entrant CS","2022","Human Resources","Crown Prosecution Service","SEO/HEO","[c]","[c]","[c]","[c]"
"New entrant CS","2022","Human Resources","Defence Equipment and Support","EO","10","[c]","[c]","[c]"
"New entrant CS","2022","Human Resources","Defence Equipment and Support","G6/G7","[c]","[c]","[c]","[c]"
"New entrant CS","2022","Human Resources","Defence Equipment and Support","SCS level","[c]","[c]","[c]","[c]"
"New entrant CS","2022","Human Resources","Defence Equipment and Support","SEO/HEO","[c]","[c]","[c]","[c]"
"New entrant CS","2022","Human Resources","Defence Science and Technology Laboratory","EO","10","[c]","23740","23490"
"New entrant CS","2022","Human Resources","Defence Science and Technology Laboratory","G6/G7","[c]","[c]","[c]","[c]"
"New entrant CS","2022","Human Resources","Defence Science and Technology Laboratory","SEO/HEO","5","[c]","[c]","[c]"
"New entrant CS","2022","Human Resources","Department for Business, Energy and Industrial Strategy (excl. agencies)","EO","[c]","[c]","[c]","[c]"
"New entrant CS","2022","Human Resources","Department for Digital, Culture, Media and Sport","AA/AO","[c]","[c]","[c]","[c]"
"New entrant CS","2022","Human Resources","Department for Digital, Culture, Media and Sport","EO","5","[c]","[c]","[c]"
"New entrant CS","2022","Human Resources","Department for Digital, Culture, Media and Sport","SEO/HEO","5","[c]","[c]","[c]"
"New entrant CS","2022","Human Resources","Department for Education (excl. agencies)","AA/AO","5","[c]","[c]","[c]"
"New entrant CS","2022","Human Resources","Department for Education (excl. agencies)","EO","10","[c]","[c]","[c]"
"New entrant CS","2022","Human Resources","Department for Education (excl. agencies)","G6/G7","[c]","[c]","[c]","[c]"
"New entrant CS","2022","Human Resources","Department for Education (excl. agencies)","SEO/HEO","10","[c]","[c]","[c]"
"New entrant CS","2022","Human Resources","Department for Environment, Food and Rural Affairs (excl. agencies)","AA/AO","[c]","[c]","[c]","[c]"
"New entrant CS","2022","Human Resources","Department for Environment, Food and Rural Affairs (excl. agencies)","EO","20","[c]","25620","25040"
"New entrant CS","2022","Human Resources","Department for Environment, Food and Rural Affairs (excl. agencies)","G6/G7","20","[c]","51330","47550"
"New entrant CS","2022","Human Resources","Department for Environment, Food and Rural Affairs (excl. agencies)","SCS level","[c]","[c]","[c]","[c]"
"New entrant CS","2022","Human Resources","Department for Environment, Food and Rural Affairs (excl. agencies)","SEO/HEO","50","[c]","32480","32560"
"New entrant CS","2022","Human Resources","Department for International Trade","EO","20","[c]","26250","26250"
"New entrant CS","2022","Human Resources","Department for International Trade","G6/G7","[c]","[c]","[c]","[c]"
"New entrant CS","2022","Human Resources","Department for International Trade","SEO/HEO","[c]","[c]","[c]","[c]"
"New entrant CS","2022","Human Resources","Department for Levelling Up, Housing and Communities (excl. agencies)","AA/AO","10","[c]","23470","23320"
"New entrant CS","2022","Human Resources","Department for Levelling Up, Housing and Communities (excl. agencies)","EO","[c]","[c]","[c]","[c]"
"New entrant CS","2022","Human Resources","Department for Levelling Up, Housing and Communities (excl. agencies)","G6/G7","[c]","[c]","[c]","[c]"
"New entrant CS","2022","Human Resources","Department for Levelling Up, Housing and Communities (excl. agencies)","SEO/HEO","[c]","[c]","[c]","[c]"
"New entrant CS","2022","Human Resources","Department for Transport (excl. agencies)","EO","[c]","[c]","[c]","[c]"
"New entrant CS","2022","Human Resources","Department for Transport (excl. agencies)","G6/G7","10","[c]","[c]","[c]"
"New entrant CS","2022","Human Resources","Department for Transport (excl. agencies)","SCS level","[c]","[c]","[c]","[c]"
"New entrant CS","2022","Human Resources","Department for Transport (excl. agencies)","SEO/HEO","20","[c]","32670","30730"
"New entrant CS","2022","Human Resources","Department for Work and Pensions (excl. agencies)","AA/AO","5","[c]","[c]","[c]"
"New entrant CS","2022","Human Resources","Department for Work and Pensions (excl. agencies)","EO","60","[c]","27920","27570"
"New entrant CS","2022","Human Resources","Department for Work and Pensions (excl. agencies)","G6/G7","10","[c]","[c]","[c]"
"New entrant CS","2022","Human Resources","Department for Work and Pensions (excl. agencies)","SEO/HEO","25","[c]","32190","31990"
"New entrant CS","2022","Human Resources","Department of Health and Social Care (excl. agencies)","EO","45","[c]","27620","27270"
"New entrant CS","2022","Human Resources","Department of Health and Social Care (excl. agencies)","G6/G7","[c]","[c]","[c]","[c]"
"New entrant CS","2022","Human Resources","Department of Health and Social Care (excl. agencies)","SEO/HEO","25","[c]","34040","32790"
"New entrant CS","2022","Human Resources","Driver and Vehicle Licensing Agency","AA/AO","[c]","[c]","[c]","[c]"
"New entrant CS","2022","Human Resources","Driver and Vehicle Licensing Agency","EO","[c]","[c]","[c]","[c]"
"New entrant CS","2022","Human Resources","Driver and Vehicle Licensing Agency","SEO/HEO","5","[c]","[c]","[c]"
"New entrant CS","2022","Human Resources","Driver and Vehicle Standards Agency","AA/AO","5","[c]","[c]","[c]"
"New entrant CS","2022","Human Resources","Driver and Vehicle Standards Agency","EO","5","[c]","[c]","[c]"
"New entrant CS","2022","Human Resources","Driver and Vehicle Standards Agency","SEO/HEO","[c]","[c]","[c]","[c]"
"New entrant CS","2022","Human Resources","Education and Skills Funding Agency","EO","[c]","[c]","[c]","[c]"
"New entrant CS","2022","Human Resources","Estyn","EO","[c]","[c]","[c]","[c]"
"New entrant CS","2022","Human Resources","Food Standards Agency","G6/G7","[c]","[c]","[c]","[c]"
"New entrant CS","2022","Human Resources","Food Standards Agency","SEO/HEO","[c]","[c]","[c]","[c]"
"New entrant CS","2022","Human Resources","Government Actuary's Department","EO","[c]","[c]","[c]","[c]"
"New entrant CS","2022","Human Resources","Government Actuary's Department","SEO/HEO","[c]","[c]","[c]","[c]"
"New entrant CS","2022","Human Resources","Government Internal Audit Agency","SCS level","[c]","[c]","[c]","[c]"
"New entrant CS","2022","Human Resources","Government Legal Department","AA/AO","5","[c]","[c]","[c]"
"New entrant CS","2022","Human Resources","Government Legal Department","EO","[c]","[c]","[c]","[c]"
"New entrant CS","2022","Human Resources","Government Legal Department","G6/G7","[c]","[c]","[c]","[c]"
"New entrant CS","2022","Human Resources","Government Legal Department","SEO/HEO","[c]","[c]","[c]","[c]"
"New entrant CS","2022","Human Resources","Health and Safety Executive","AA/AO","10","[c]","20450","20730"
"New entrant CS","2022","Human Resources","Health and Safety Executive","EO","[c]","[c]","[c]","[c]"
"New entrant CS","2022","Human Resources","Health and Safety Executive","G6/G7","[c]","[c]","[c]","[c]"
"New entrant CS","2022","Human Resources","Health and Safety Executive","SEO/HEO","15","[c]","36820","39330"
"New entrant CS","2022","Human Resources","HM Courts and Tribunals Service","EO","[c]","[c]","[c]","[c]"
"New entrant CS","2022","Human Resources","HM Courts and Tribunals Service","SEO/HEO","[c]","[c]","[c]","[c]"
"New entrant CS","2022","Human Resources","HM Land Registry","AA/AO","[c]","[c]","[c]","[c]"
"New entrant CS","2022","Human Resources","HM Land Registry","EO","[c]","[c]","[c]","[c]"
"New entrant CS","2022","Human Resources","HM Land Registry","G6/G7","[c]","[c]","[c]","[c]"
"New entrant CS","2022","Human Resources","HM Land Registry","SEO/HEO","[c]","[c]","[c]","[c]"
"New entrant CS","2022","Human Resources","HM Prison and Probation Service","AA/AO","[c]","[c]","[c]","[c]"
"New entrant CS","2022","Human Resources","HM Prison and Probation Service","EO","[c]","[c]","[c]","[c]"
"New entrant CS","2022","Human Resources","HM Prison and Probation Service","SEO/HEO","10","[c]","[c]","[c]"
"New entrant CS","2022","Human Resources","HM Prison and Probation Service","Unknown","[c]","[c]","[c]","[c]"
"New entrant CS","2022","Human Resources","HM Revenue and Customs (excl. agencies)","AA/AO","20","[c]","21250","21250"
"New entrant CS","2022","Human Resources","HM Revenue and Customs (excl. agencies)","EO","20","[c]","26630","26590"
"New entrant CS","2022","Human Resources","HM Revenue and Customs (excl. agencies)","G6/G7","[c]","[c]","[c]","[c]"
"New entrant CS","2022","Human Resources","HM Revenue and Customs (excl. agencies)","SCS level","[c]","[c]","[c]","[c]"
"New entrant CS","2022","Human Resources","HM Revenue and Customs (excl. agencies)","SEO/HEO","20","[c]","34160","33080"
"New entrant CS","2022","Human Resources","HM Treasury (excl. agencies)","AA/AO","10","[c]","[c]","[c]"
"New entrant CS","2022","Human Resources","HM Treasury (excl. agencies)","EO","5","[c]","[c]","[c]"
"New entrant CS","2022","Human Resources","HM Treasury (excl. agencies)","G6/G7","[c]","[c]","[c]","[c]"
"New entrant CS","2022","Human Resources","HM Treasury (excl. agencies)","SEO/HEO","[c]","[c]","[c]","[c]"
"New entrant CS","2022","Human Resources","Institute for Apprenticeships and Technical Education","EO","[c]","[c]","[c]","[c]"
"New entrant CS","2022","Human Resources","Institute for Apprenticeships and Technical Education","G6/G7","[c]","[c]","[c]","[c]"
"New entrant CS","2022","Human Resources","Institute for Apprenticeships and Technical Education","SEO/HEO","[c]","[c]","[c]","[c]"
"New entrant CS","2022","Human Resources","Intellectual Property Office","AA/AO","5","[c]","[c]","[c]"
"New entrant CS","2022","Human Resources","Intellectual Property Office","EO","[c]","[c]","[c]","[c]"
"New entrant CS","2022","Human Resources","Intellectual Property Office","G6/G7","[c]","[c]","[c]","[c]"
"New entrant CS","2022","Human Resources","Intellectual Property Office","SEO/HEO","[c]","[c]","[c]","[c]"
"New entrant CS","2022","Human Resources","Maritime and Coastguard Agency","EO","[c]","[c]","[c]","[c]"
"New entrant CS","2022","Human Resources","Maritime and Coastguard Agency","SEO/HEO","[c]","[c]","[c]","[c]"
"New entrant CS","2022","Human Resources","Medicines and Healthcare Products Regulatory Agency","EO","[c]","[c]","[c]","[c]"
"New entrant CS","2022","Human Resources","Medicines and Healthcare Products Regulatory Agency","G6/G7","[c]","[c]","[c]","[c]"
"New entrant CS","2022","Human Resources","Medicines and Healthcare Products Regulatory Agency","SEO/HEO","5","[c]","[c]","[c]"
"New entrant CS","2022","Human Resources","Met Office","EO","[c]","[c]","[c]","[c]"
"New entrant CS","2022","Human Resources","Met Office","G6/G7","[c]","[c]","[c]","[c]"
"New entrant CS","2022","Human Resources","Met Office","SEO/HEO","5","[c]","[c]","[c]"
"New entrant CS","2022","Human Resources","Ministry of Defence (excl. agencies)","AA/AO","90","[c]","21180","21170"
"New entrant CS","2022","Human Resources","Ministry of Defence (excl. agencies)","EO","30","[c]","25660","26350"
"New entrant CS","2022","Human Resources","Ministry of Defence (excl. agencies)","G6/G7","10","[c]","59130","58550"
"New entrant CS","2022","Human Resources","Ministry of Defence (excl. agencies)","SCS level","[c]","[c]","[c]","[c]"
"New entrant CS","2022","Human Resources","Ministry of Defence (excl. agencies)","SEO/HEO","30","[c]","36190","37000"
"New entrant CS","2022","Human Resources","Ministry of Justice (excl. agencies)","AA/AO","5","[c]","[c]","[c]"
"New entrant CS","2022","Human Resources","Ministry of Justice (excl. agencies)","EO","10","[c]","[c]","[c]"
"New entrant CS","2022","Human Resources","Ministry of Justice (excl. agencies)","G6/G7","[c]","[c]","[c]","[c]"
"New entrant CS","2022","Human Resources","Ministry of Justice (excl. agencies)","SEO/HEO","65","[c]","33230","31000"
"New entrant CS","2022","Human Resources","National Crime Agency","AA/AO","[c]","[c]","[c]","[c]"
"New entrant CS","2022","Human Resources","National Crime Agency","EO","5","[c]","[c]","[c]"
"New entrant CS","2022","Human Resources","National Crime Agency","G6/G7","[c]","[c]","[c]","[c]"
"New entrant CS","2022","Human Resources","National Crime Agency","SEO/HEO","[c]","[c]","[c]","[c]"
"New entrant CS","2022","Human Resources","National Savings and Investments","SEO/HEO","[c]","[c]","[c]","[c]"
"New entrant CS","2022","Human Resources","Office for Standards in Education, Children's Services and Skills","AA/AO","[c]","[c]","[c]","[c]"
"New entrant CS","2022","Human Resources","Office for Standards in Education, Children's Services and Skills","EO","[c]","[c]","[c]","[c]"
"New entrant CS","2022","Human Resources","Office for Standards in Education, Children's Services and Skills","SEO/HEO","[c]","[c]","[c]","[c]"
"New entrant CS","2022","Human Resources","Office of Gas and Electricity Markets","AA/AO","5","[c]","[c]","[c]"
"New entrant CS","2022","Human Resources","Office of Gas and Electricity Markets","EO","[c]","[c]","[c]","[c]"
"New entrant CS","2022","Human Resources","Office of Gas and Electricity Markets","G6/G7","10","[c]","[c]","[c]"
"New entrant CS","2022","Human Resources","Office of Gas and Electricity Markets","SEO/HEO","10","[c]","[c]","[c]"
"New entrant CS","2022","Human Resources","Office of Qualifications and Examinations Regulation","AA/AO","[c]","[c]","[c]","[c]"
"New entrant CS","2022","Human Resources","Office of Qualifications and Examinations Regulation","G6/G7","[c]","[c]","[c]","[c]"
"New entrant CS","2022","Human Resources","Office of Qualifications and Examinations Regulation","SEO/HEO","[c]","[c]","[c]","[c]"
"New entrant CS","2022","Human Resources","Office of Rail and Road","EO","[c]","[c]","[c]","[c]"
"New entrant CS","2022","Human Resources","Office of the Secretary of State for Wales","EO","[c]","[c]","[c]","[c]"
"New entrant CS","2022","Human Resources","Public Health England","EO","[c]","[c]","[c]","[c]"
"New entrant CS","2022","Human Resources","Public Health England","SEO/HEO","[c]","[c]","[c]","[c]"
"New entrant CS","2022","Human Resources","Queen Elizabeth II Centre","SEO/HEO","[c]","[c]","[c]","[c]"
"New entrant CS","2022","Human Resources","Scottish Courts and Tribunals Service","AA/AO","[c]","[c]","[c]","[c]"
"New entrant CS","2022","Human Resources","Scottish Courts and Tribunals Service","G6/G7","[c]","[c]","[c]","[c]"
"New entrant CS","2022","Human Resources","Scottish Courts and Tribunals Service","SEO/HEO","[c]","[c]","[c]","[c]"
"New entrant CS","2022","Human Resources","Scottish Prison Service","AA/AO","5","[c]","[c]","[c]"
"New entrant CS","2022","Human Resources","Scottish Prison Service","SEO/HEO","[c]","[c]","[c]","[c]"
"New entrant CS","2022","Human Resources","Serious Fraud Office","AA/AO","[c]","[c]","[c]","[c]"
"New entrant CS","2022","Human Resources","Submarine Delivery Agency","Unknown","[c]","[c]","[c]","[c]"
"New entrant CS","2022","Human Resources","The National Archives","EO","[c]","[c]","[c]","[c]"
"New entrant CS","2022","Human Resources","The National Archives","G6/G7","[c]","[c]","[c]","[c]"
"New entrant CS","2022","Human Resources","UK Export Finance","EO","[c]","[c]","[c]","[c]"
"New entrant CS","2022","Human Resources","UK Export Finance","SEO/HEO","[c]","[c]","[c]","[c]"
"New entrant CS","2022","Human Resources","UK Health Security Agency","AA/AO","10","[c]","[c]","[c]"
"New entrant CS","2022","Human Resources","UK Health Security Agency","EO","30","[c]","26050","25950"
"New entrant CS","2022","Human Resources","UK Health Security Agency","G6/G7","40","[c]","58030","57650"
"New entrant CS","2022","Human Resources","UK Health Security Agency","SCS level","5","[c]","[c]","[c]"
"New entrant CS","2022","Human Resources","UK Health Security Agency","SEO/HEO","35","[c]","35060","33950"
"New entrant CS","2022","Human Resources","UK Hydrographic Office","AA/AO","[c]","[c]","[c]","[c]"
"New entrant CS","2022","Human Resources","UK Hydrographic Office","SEO/HEO","[c]","[c]","[c]","[c]"
"New entrant CS","2022","Human Resources","UK Statistics Authority","AA/AO","[c]","[c]","[c]","[c]"
"New entrant CS","2022","Human Resources","UK Statistics Authority","EO","[c]","[c]","[c]","[c]"
"New entrant CS","2022","Human Resources","UK Statistics Authority","G6/G7","[c]","[c]","[c]","[c]"
"New entrant CS","2022","Human Resources","UK Statistics Authority","SEO/HEO","5","[c]","[c]","[c]"
"New entrant CS","2022","Human Resources","Valuation Office Agency","AA/AO","[c]","[c]","[c]","[c]"
"New entrant CS","2022","Human Resources","Valuation Office Agency","SEO/HEO","[c]","[c]","[c]","[c]"
"New entrant CS","2022","Human Resources","Vehicle Certification Agency","EO","[c]","[c]","[c]","[c]"
"New entrant CS","2022","Human Resources","Vehicle Certification Agency","SEO/HEO","[c]","[c]","[c]","[c]"
"New entrant CS","2022","Human Resources","Water Services Regulation Authority","EO","[c]","[c]","[c]","[c]"
"New entrant CS","2022","Human Resources","Water Services Regulation Authority","SEO/HEO","[c]","[c]","[c]","[c]"
"New entrant CS","2022","Human Resources","Welsh Revenue Authority","AA/AO","[c]","[c]","[c]","[c]"
"New entrant CS","2022","Internal Audit","Food Standards Agency","SEO/HEO","[c]","[c]","[c]","[c]"
"New entrant CS","2022","Internal Audit","Government Internal Audit Agency","G6/G7","5","[c]","[c]","[c]"
"New entrant CS","2022","Internal Audit","Government Internal Audit Agency","SCS level","[c]","[c]","[c]","[c]"
"New entrant CS","2022","Internal Audit","Government Internal Audit Agency","SEO/HEO","20","[c]","40340","39200"
"New entrant CS","2022","Internal Audit","HM Land Registry","G6/G7","[c]","[c]","[c]","[c]"
"New entrant CS","2022","Internal Audit","HM Land Registry","SEO/HEO","[c]","[c]","[c]","[c]"
"New entrant CS","2022","Internal Audit","HM Prison and Probation Service","SEO/HEO","[c]","[c]","[c]","[c]"
"New entrant CS","2022","Internal Audit","HM Revenue and Customs (excl. agencies)","G6/G7","[c]","[c]","[c]","[c]"
"New entrant CS","2022","Internal Audit","HM Revenue and Customs (excl. agencies)","SEO/HEO","[c]","[c]","[c]","[c]"
"New entrant CS","2022","Internal Audit","Maritime and Coastguard Agency","EO","[c]","[c]","[c]","[c]"
"New entrant CS","2022","Internal Audit","Ministry of Defence (excl. agencies)","AA/AO","[c]","[c]","[c]","[c]"
"New entrant CS","2022","Internal Audit","Ministry of Defence (excl. agencies)","EO","[c]","[c]","[c]","[c]"
"New entrant CS","2022","Internal Audit","Ministry of Defence (excl. agencies)","G6/G7","[c]","[c]","[c]","[c]"
"New entrant CS","2022","Internal Audit","Ministry of Defence (excl. agencies)","SEO/HEO","5","[c]","[c]","[c]"
"New entrant CS","2022","Internal Audit","UK Debt Management Office","G6/G7","[c]","[c]","[c]","[c]"
"New entrant CS","2022","Internal Audit","UK Export Finance","SEO/HEO","[c]","[c]","[c]","[c]"
"New entrant CS","2022","Internal Audit","UK Hydrographic Office","EO","[c]","[c]","[c]","[c]"
"New entrant CS","2022","Internal Audit","UK Statistics Authority","AA/AO","[c]","[c]","[c]","[c]"
"New entrant CS","2022","Internal Audit","UK Statistics Authority","EO","[c]","[c]","[c]","[c]"
"New entrant CS","2022","Legal","Attorney General's Office","EO","[c]","[c]","[c]","[c]"
"New entrant CS","2022","Legal","Cabinet Office (excl. agencies)","SCS level","[c]","[c]","[c]","[c]"
"New entrant CS","2022","Legal","Charity Commission","G6/G7","[c]","[c]","[c]","[c]"
"New entrant CS","2022","Legal","Charity Commission","SEO/HEO","[c]","[c]","[c]","[c]"
"New entrant CS","2022","Legal","Companies House","G6/G7","[c]","[c]","[c]","[c]"
"New entrant CS","2022","Legal","Competition and Markets Authority","AA/AO","5","[c]","[c]","[c]"
"New entrant CS","2022","Legal","Competition and Markets Authority","EO","[c]","[c]","[c]","[c]"
"New entrant CS","2022","Legal","Competition and Markets Authority","G6/G7","10","[c]","61290","60000"
"New entrant CS","2022","Legal","Competition and Markets Authority","SCS level","5","[c]","[c]","[c]"
"New entrant CS","2022","Legal","Competition and Markets Authority","SEO/HEO","5","[c]","[c]","[c]"
"New entrant CS","2022","Legal","Crown Office and Procurator Fiscal Service","EO","25","[c]","27230","27230"
"New entrant CS","2022","Legal","Crown Office and Procurator Fiscal Service","SEO/HEO","60","[c]","41940","41750"
"New entrant CS","2022","Legal","Crown Prosecution Service","AA/AO","290","[c]","21340","21250"
"New entrant CS","2022","Legal","Crown Prosecution Service","EO","90","[c]","26230","25480"
"New entrant CS","2022","Legal","Crown Prosecution Service","G6/G7","140","[c]","51770","53050"
"New entrant CS","2022","Legal","Crown Prosecution Service","SEO/HEO","85","[c]","37560","38000"
"New entrant CS","2022","Legal","Department for Education (excl. agencies)","EO","[c]","[c]","[c]","[c]"
"New entrant CS","2022","Legal","Department for Education (excl. agencies)","G6/G7","[c]","[c]","[c]","[c]"
"New entrant CS","2022","Legal","Department for Work and Pensions (excl. agencies)","EO","5","[c]","[c]","[c]"
"New entrant CS","2022","Legal","Food Standards Agency","G6/G7","[c]","[c]","[c]","[c]"
"New entrant CS","2022","Legal","Government Legal Department","AA/AO","[c]","[c]","[c]","[c]"
"New entrant CS","2022","Legal","Government Legal Department","EO","125","[c]","27410","26950"
"New entrant CS","2022","Legal","Government Legal Department","G6/G7","125","[c]","52870","50500"
"New entrant CS","2022","Legal","Government Legal Department","SCS level","[c]","[c]","[c]","[c]"
"New entrant CS","2022","Legal","Government Legal Department","SEO/HEO","45","[c]","43780","43920"
"New entrant CS","2022","Legal","Health and Safety Executive","G6/G7","[c]","[c]","[c]","[c]"
"New entrant CS","2022","Legal","HM Crown Prosecution Service Inspectorate","AA/AO","[c]","[c]","[c]","[c]"
"New entrant CS","2022","Legal","HM Crown Prosecution Service Inspectorate","G6/G7","[c]","[c]","[c]","[c]"
"New entrant CS","2022","Legal","HM Crown Prosecution Service Inspectorate","SCS level","[c]","[c]","[c]","[c]"
"New entrant CS","2022","Legal","HM Land Registry","AA/AO","[c]","[c]","[c]","[c]"
"New entrant CS","2022","Legal","HM Land Registry","EO","5","[c]","[c]","[c]"
"New entrant CS","2022","Legal","HM Land Registry","G6/G7","5","[c]","[c]","[c]"
"New entrant CS","2022","Legal","HM Land Registry","SEO/HEO","5","[c]","[c]","[c]"
"New entrant CS","2022","Legal","HM Revenue and Customs (excl. agencies)","AA/AO","15","[c]","22210","21250"
"New entrant CS","2022","Legal","HM Revenue and Customs (excl. agencies)","EO","40","[c]","28090","26590"
"New entrant CS","2022","Legal","HM Revenue and Customs (excl. agencies)","G6/G7","35","[c]","54500","52080"
"New entrant CS","2022","Legal","HM Revenue and Customs (excl. agencies)","SEO/HEO","10","[c]","37610","37610"
"New entrant CS","2022","Legal","Institute for Apprenticeships and Technical Education","AA/AO","[c]","[c]","[c]","[c]"
"New entrant CS","2022","Legal","Institute for Apprenticeships and Technical Education","G6/G7","[c]","[c]","[c]","[c]"
"New entrant CS","2022","Legal","Institute for Apprenticeships and Technical Education","SEO/HEO","[c]","[c]","[c]","[c]"
"New entrant CS","2022","Legal","Met Office","G6/G7","[c]","[c]","[c]","[c]"
"New entrant CS","2022","Legal","Ministry of Justice (excl. agencies)","EO","[c]","[c]","[c]","[c]"
"New entrant CS","2022","Legal","Ministry of Justice (excl. agencies)","SEO/HEO","[c]","[c]","[c]","[c]"
"New entrant CS","2022","Legal","National Crime Agency","AA/AO","[c]","[c]","[c]","[c]"
"New entrant CS","2022","Legal","National Crime Agency","EO","[c]","[c]","[c]","[c]"
"New entrant CS","2022","Legal","National Crime Agency","G6/G7","[c]","[c]","[c]","[c]"
"New entrant CS","2022","Legal","National Crime Agency","SCS level","[c]","[c]","[c]","[c]"
"New entrant CS","2022","Legal","Office for Standards in Education, Children's Services and Skills","AA/AO","[c]","[c]","[c]","[c]"
"New entrant CS","2022","Legal","Office for Standards in Education, Children's Services and Skills","G6/G7","[c]","[c]","[c]","[c]"
"New entrant CS","2022","Legal","Office for Standards in Education, Children's Services and Skills","SEO/HEO","[c]","[c]","[c]","[c]"
"New entrant CS","2022","Legal","Office of Gas and Electricity Markets","AA/AO","[c]","[c]","[c]","[c]"
"New entrant CS","2022","Legal","Office of Gas and Electricity Markets","G6/G7","20","[c]","55720","56330"
"New entrant CS","2022","Legal","Office of Qualifications and Examinations Regulation","G6/G7","[c]","[c]","[c]","[c]"
"New entrant CS","2022","Legal","Office of Rail and Road","AA/AO","[c]","[c]","[c]","[c]"
"New entrant CS","2022","Legal","Office of Rail and Road","G6/G7","[c]","[c]","[c]","[c]"
"New entrant CS","2022","Legal","Scottish Courts and Tribunals Service","EO","[c]","[c]","[c]","[c]"
"New entrant CS","2022","Legal","Scottish Courts and Tribunals Service","SEO/HEO","[c]","[c]","[c]","[c]"
"New entrant CS","2022","Legal","Scottish Prison Service","AA/AO","[c]","[c]","[c]","[c]"
"New entrant CS","2022","Legal","Serious Fraud Office","G6/G7","[c]","[c]","[c]","[c]"
"New entrant CS","2022","Legal","Serious Fraud Office","SEO/HEO","[c]","[c]","[c]","[c]"
"New entrant CS","2022","Legal","The Insolvency Service","EO","[c]","[c]","[c]","[c]"
"New entrant CS","2022","Legal","The Insolvency Service","G6/G7","[c]","[c]","[c]","[c]"
"New entrant CS","2022","Legal","The National Archives","SEO/HEO","[c]","[c]","[c]","[c]"
"New entrant CS","2022","Legal","UK Debt Management Office","G6/G7","[c]","[c]","[c]","[c]"
"New entrant CS","2022","Legal","UK Export Finance","EO","[c]","[c]","[c]","[c]"
"New entrant CS","2022","Legal","UK Export Finance","G6/G7","5","[c]","[c]","[c]"
"New entrant CS","2022","Legal","UK Export Finance","SEO/HEO","[c]","[c]","[c]","[c]"
"New entrant CS","2022","Legal","UK Supreme Court","EO","[c]","[c]","[c]","[c]"
"New entrant CS","2022","Legal","UK Supreme Court","SEO/HEO","10","[c]","[c]","[c]"
"New entrant CS","2022","Legal","Water Services Regulation Authority","EO","[c]","[c]","[c]","[c]"
"New entrant CS","2022","Legal","Water Services Regulation Authority","SEO/HEO","[c]","[c]","[c]","[c]"
"New entrant CS","2022","Legal","Welsh Revenue Authority","G6/G7","[c]","[c]","[c]","[c]"
"New entrant CS","2022","No function","Advisory, Conciliation and Arbitration Service","AA/AO","[c]","[c]","[c]","[c]"
"New entrant CS","2022","No function","Advisory, Conciliation and Arbitration Service","EO","25","[c]","24250","24250"
"New entrant CS","2022","No function","Advisory, Conciliation and Arbitration Service","SEO/HEO","10","[c]","31360","30950"
"New entrant CS","2022","No function","Animal and Plant Health Agency","AA/AO","200","[c]","22300","21300"
"New entrant CS","2022","No function","Animal and Plant Health Agency","EO","150","[c]","25770","24920"
"New entrant CS","2022","No function","Animal and Plant Health Agency","G6/G7","5","[c]","[c]","[c]"
"New entrant CS","2022","No function","Animal and Plant Health Agency","SEO/HEO","100","[c]","33910","35900"
"New entrant CS","2022","No function","Cabinet Office (excl. agencies)","AA/AO","30","[c]","20360","18450"
"New entrant CS","2022","No function","Cabinet Office (excl. agencies)","EO","50","[c]","26900","27500"
"New entrant CS","2022","No function","Cabinet Office (excl. agencies)","G6/G7","50","[c]","55340","54700"
"New entrant CS","2022","No function","Cabinet Office (excl. agencies)","SCS level","10","[c]","91180","87500"
"New entrant CS","2022","No function","Cabinet Office (excl. agencies)","SEO/HEO","675","[c]","29150","28000"
"New entrant CS","2022","No function","Centre for Environment, Fisheries and Aquaculture Science","EO","[c]","[c]","[c]","[c]"
"New entrant CS","2022","No function","Centre for Environment, Fisheries and Aquaculture Science","SEO/HEO","[c]","[c]","[c]","[c]"
"New entrant CS","2022","No function","Charity Commission","AA/AO","20","[c]","17770","17140"
"New entrant CS","2022","No function","Charity Commission","EO","20","[c]","24400","24440"
"New entrant CS","2022","No function","Charity Commission","G6/G7","[c]","[c]","[c]","[c]"
"New entrant CS","2022","No function","Charity Commission","SEO/HEO","15","[c]","30820","29160"
"New entrant CS","2022","No function","Companies House","AA/AO","65","[c]","20140","20100"
"New entrant CS","2022","No function","Companies House","EO","5","[c]","[c]","[c]"
"New entrant CS","2022","No function","Companies House","G6/G7","[c]","[c]","[c]","[c]"
"New entrant CS","2022","No function","Companies House","SEO/HEO","5","[c]","[c]","[c]"
"New entrant CS","2022","No function","Criminal Injuries Compensation Authority","AA/AO","25","[c]","20860","20970"
"New entrant CS","2022","No function","Criminal Injuries Compensation Authority","EO","[c]","[c]","[c]","[c]"
"New entrant CS","2022","No function","Criminal Injuries Compensation Authority","SEO/HEO","15","[c]","31330","30450"
"New entrant CS","2022","No function","Crown Commercial Service","AA/AO","20","[c]","20160","20330"
"New entrant CS","2022","No function","Crown Commercial Service","EO","10","[c]","25500","25520"
"New entrant CS","2022","No function","Crown Commercial Service","G6/G7","[c]","[c]","[c]","[c]"
"New entrant CS","2022","No function","Crown Commercial Service","SEO/HEO","[c]","[c]","[c]","[c]"
"New entrant CS","2022","No function","Crown Office and Procurator Fiscal Service","AA/AO","240","[c]","21050","21050"
"New entrant CS","2022","No function","Crown Office and Procurator Fiscal Service","EO","20","[c]","27260","27230"
"New entrant CS","2022","No function","Crown Office and Procurator Fiscal Service","SEO/HEO","45","[c]","31540","31540"
"New entrant CS","2022","No function","Defence Equipment and Support","EO","25","[c]","17740","17140"
"New entrant CS","2022","No function","Defence Equipment and Support","G6/G7","[c]","[c]","[c]","[c]"
"New entrant CS","2022","No function","Defence Equipment and Support","SEO/HEO","10","[c]","33320","31950"
"New entrant CS","2022","No function","Defence Science and Technology Laboratory","AA/AO","85","[c]","18260","17790"
"New entrant CS","2022","No function","Defence Science and Technology Laboratory","EO","15","[c]","23470","23490"
"New entrant CS","2022","No function","Defence Science and Technology Laboratory","G6/G7","55","[c]","51450","47010"
"New entrant CS","2022","No function","Defence Science and Technology Laboratory","SCS level","[c]","[c]","[c]","[c]"
"New entrant CS","2022","No function","Defence Science and Technology Laboratory","SEO/HEO","245","[c]","29550","29230"
"New entrant CS","2022","No function","Department for Business, Energy and Industrial Strategy (excl. agencies)","AA/AO","10","[c]","24350","24900"
"New entrant CS","2022","No function","Department for Business, Energy and Industrial Strategy (excl. agencies)","EO","120","[c]","27330","27680"
"New entrant CS","2022","No function","Department for Business, Energy and Industrial Strategy (excl. agencies)","G6/G7","80","[c]","55510","53380"
"New entrant CS","2022","No function","Department for Business, Energy and Industrial Strategy (excl. agencies)","SCS level","5","[c]","[c]","[c]"
"New entrant CS","2022","No function","Department for Business, Energy and Industrial Strategy (excl. agencies)","SEO/HEO","365","[c]","36250","33570"
"New entrant CS","2022","No function","Department for Digital, Culture, Media and Sport","AA/AO","[c]","[c]","[c]","[c]"
"New entrant CS","2022","No function","Department for Digital, Culture, Media and Sport","EO","75","[c]","26070","26180"
"New entrant CS","2022","No function","Department for Digital, Culture, Media and Sport","G6/G7","45","[c]","53550","51730"
"New entrant CS","2022","No function","Department for Digital, Culture, Media and Sport","SCS level","[c]","[c]","[c]","[c]"
"New entrant CS","2022","No function","Department for Digital, Culture, Media and Sport","SEO/HEO","190","[c]","34040","34020"
"New entrant CS","2022","No function","Department for Education (excl. agencies)","AA/AO","[c]","[c]","[c]","[c]"
"New entrant CS","2022","No function","Department for Education (excl. agencies)","EO","115","[c]","25800","25000"
"New entrant CS","2022","No function","Department for Education (excl. agencies)","G6/G7","25","[c]","55260","53420"
"New entrant CS","2022","No function","Department for Education (excl. agencies)","SEO/HEO","170","[c]","34320","36500"
"New entrant CS","2022","No function","Department for Environment, Food and Rural Affairs (excl. agencies)","AA/AO","25","[c]","21730","21300"
"New entrant CS","2022","No function","Department for Environment, Food and Rural Affairs (excl. agencies)","EO","140","[c]","26240","25170"
"New entrant CS","2022","No function","Department for Environment, Food and Rural Affairs (excl. agencies)","G6/G7","250","[c]","53060","52290"
"New entrant CS","2022","No function","Department for Environment, Food and Rural Affairs (excl. agencies)","SCS level","20","[c]","83110","75570"
"New entrant CS","2022","No function","Department for Environment, Food and Rural Affairs (excl. agencies)","SEO/HEO","780","[c]","33680","32560"
"New entrant CS","2022","No function","Department for Environment, Food and Rural Affairs (excl. agencies)","Unknown","[c]","[c]","[c]","[c]"
"New entrant CS","2022","No function","Department for International Trade","EO","85","[c]","25850","26250"
"New entrant CS","2022","No function","Department for International Trade","G6/G7","35","[c]","54670","51710"
"New entrant CS","2022","No function","Department for International Trade","SCS level","5","[c]","[c]","[c]"
"New entrant CS","2022","No function","Department for International Trade","SEO/HEO","115","[c]","33490","31800"
"New entrant CS","2022","No function","Department for Levelling Up, Housing and Communities (excl. agencies)","AA/AO","20","[c]","21290","18200"
"New entrant CS","2022","No function","Department for Levelling Up, Housing and Communities (excl. agencies)","EO","120","[c]","26760","27850"
"New entrant CS","2022","No function","Department for Levelling Up, Housing and Communities (excl. agencies)","G6/G7","70","[c]","53250","53130"
"New entrant CS","2022","No function","Department for Levelling Up, Housing and Communities (excl. agencies)","SCS level","[c]","[c]","[c]","[c]"
"New entrant CS","2022","No function","Department for Levelling Up, Housing and Communities (excl. agencies)","SEO/HEO","250","[c]","34090","33210"
"New entrant CS","2022","No function","Department for Transport (excl. agencies)","AA/AO","10","[c]","21580","21840"
"New entrant CS","2022","No function","Department for Transport (excl. agencies)","EO","70","[c]","27250","26130"
"New entrant CS","2022","No function","Department for Transport (excl. agencies)","G6/G7","125","[c]","57430","54110"
"New entrant CS","2022","No function","Department for Transport (excl. agencies)","SCS level","10","[c]","83480","74000"
"New entrant CS","2022","No function","Department for Transport (excl. agencies)","SEO/HEO","205","[c]","37510","35560"
"New entrant CS","2022","No function","Department for Transport (excl. agencies)","Unknown","[c]","[c]","[c]","[c]"
"New entrant CS","2022","No function","Department for Work and Pensions (excl. agencies)","AA/AO","3270","[c]","21520","21260"
"New entrant CS","2022","No function","Department for Work and Pensions (excl. agencies)","EO","3785","[c]","28310","27570"
"New entrant CS","2022","No function","Department for Work and Pensions (excl. agencies)","G6/G7","25","[c]","51180","49170"
"New entrant CS","2022","No function","Department for Work and Pensions (excl. agencies)","SCS level","[c]","[c]","[c]","[c]"
"New entrant CS","2022","No function","Department for Work and Pensions (excl. agencies)","SEO/HEO","55","[c]","34500","33490"
"New entrant CS","2022","No function","Department of Health and Social Care (excl. agencies)","AA/AO","[c]","[c]","[c]","[c]"
"New entrant CS","2022","No function","Department of Health and Social Care (excl. agencies)","EO","70","[c]","26790","27270"
"New entrant CS","2022","No function","Department of Health and Social Care (excl. agencies)","G6/G7","45","[c]","56570","53360"
"New entrant CS","2022","No function","Department of Health and Social Care (excl. agencies)","SCS level","15","[c]","[c]","[c]"
"New entrant CS","2022","No function","Department of Health and Social Care (excl. agencies)","SEO/HEO","140","[c]","34120","32790"
"New entrant CS","2022","No function","Department of Health and Social Care (excl. agencies)","Unknown","[c]","[c]","[c]","[c]"
"New entrant CS","2022","No function","Driver and Vehicle Licensing Agency","AA/AO","545","[c]","20210","21840"
"New entrant CS","2022","No function","Driver and Vehicle Licensing Agency","EO","10","[c]","26130","26130"
"New entrant CS","2022","No function","Driver and Vehicle Licensing Agency","G6/G7","[c]","[c]","[c]","[c]"
"New entrant CS","2022","No function","Driver and Vehicle Licensing Agency","SEO/HEO","10","[c]","[c]","[c]"
"New entrant CS","2022","No function","Driver and Vehicle Standards Agency","AA/AO","170","[c]","22780","21840"
"New entrant CS","2022","No function","Driver and Vehicle Standards Agency","EO","355","[c]","26650","26130"
"New entrant CS","2022","No function","Driver and Vehicle Standards Agency","G6/G7","[c]","[c]","[c]","[c]"
"New entrant CS","2022","No function","Driver and Vehicle Standards Agency","SEO/HEO","5","[c]","[c]","[c]"
"New entrant CS","2022","No function","Education and Skills Funding Agency","AA/AO","[c]","[c]","[c]","[c]"
"New entrant CS","2022","No function","Education and Skills Funding Agency","EO","30","[c]","25630","25000"
"New entrant CS","2022","No function","Education and Skills Funding Agency","G6/G7","10","[c]","[c]","[c]"
"New entrant CS","2022","No function","Education and Skills Funding Agency","SEO/HEO","55","[c]","32920","32940"
"New entrant CS","2022","No function","Food Standards Agency","AA/AO","[c]","[c]","[c]","[c]"
"New entrant CS","2022","No function","Food Standards Agency","EO","40","[c]","24850","24470"
"New entrant CS","2022","No function","Food Standards Agency","G6/G7","5","[c]","[c]","[c]"
"New entrant CS","2022","No function","Food Standards Agency","SEO/HEO","95","[c]","33780","32350"
"New entrant CS","2022","No function","Government Internal Audit Agency","SEO/HEO","[c]","[c]","[c]","[c]"
"New entrant CS","2022","No function","Health and Safety Executive","AA/AO","40","[c]","20700","20730"
"New entrant CS","2022","No function","Health and Safety Executive","EO","85","[c]","26410","26370"
"New entrant CS","2022","No function","Health and Safety Executive","G6/G7","5","[c]","[c]","[c]"
"New entrant CS","2022","No function","Health and Safety Executive","SCS level","[c]","[c]","[c]","[c]"
"New entrant CS","2022","No function","Health and Safety Executive","SEO/HEO","95","[c]","41580","36040"
"New entrant CS","2022","No function","HM Courts and Tribunals Service","AA/AO","1385","[c]","21120","20970"
"New entrant CS","2022","No function","HM Courts and Tribunals Service","EO","190","[c]","26450","25120"
"New entrant CS","2022","No function","HM Courts and Tribunals Service","G6/G7","10","[c]","[c]","[c]"
"New entrant CS","2022","No function","HM Courts and Tribunals Service","SCS level","[c]","[c]","[c]","[c]"
"New entrant CS","2022","No function","HM Courts and Tribunals Service","SEO/HEO","195","[c]","33370","34260"
"New entrant CS","2022","No function","HM Land Registry","AA/AO","230","[c]","22670","22600"
"New entrant CS","2022","No function","HM Land Registry","EO","110","[c]","27460","27130"
"New entrant CS","2022","No function","HM Land Registry","G6/G7","[c]","[c]","[c]","[c]"
"New entrant CS","2022","No function","HM Land Registry","SEO/HEO","10","[c]","[c]","[c]"
"New entrant CS","2022","No function","HM Prison and Probation Service","AA/AO","5820","[c]","23980","23140"
"New entrant CS","2022","No function","HM Prison and Probation Service","EO","195","[c]","25620","24620"
"New entrant CS","2022","No function","HM Prison and Probation Service","G6/G7","5","[c]","[c]","[c]"
"New entrant CS","2022","No function","HM Prison and Probation Service","SEO/HEO","300","[c]","33330","31920"
"New entrant CS","2022","No function","HM Prison and Probation Service","Unknown","8825","[c]","28540","26310"
"New entrant CS","2022","No function","HM Revenue and Customs (excl. agencies)","AA/AO","2290","[c]","21310","21250"
"New entrant CS","2022","No function","HM Revenue and Customs (excl. agencies)","EO","890","[c]","27090","26590"
"New entrant CS","2022","No function","HM Revenue and Customs (excl. agencies)","G6/G7","30","[c]","56520","52080"
"New entrant CS","2022","No function","HM Revenue and Customs (excl. agencies)","SCS level","[c]","[c]","[c]","[c]"
"New entrant CS","2022","No function","HM Revenue and Customs (excl. agencies)","SEO/HEO","890","[c]","34070","33080"
"New entrant CS","2022","No function","HM Treasury (excl. agencies)","AA/AO","30","[c]","22250","22750"
"New entrant CS","2022","No function","HM Treasury (excl. agencies)","EO","45","[c]","25100","24300"
"New entrant CS","2022","No function","HM Treasury (excl. agencies)","G6/G7","30","[c]","54030","52500"
"New entrant CS","2022","No function","HM Treasury (excl. agencies)","SEO/HEO","135","[c]","30260","29320"
"New entrant CS","2022","No function","Institute for Apprenticeships and Technical Education","AA/AO","[c]","[c]","[c]","[c]"
"New entrant CS","2022","No function","Institute for Apprenticeships and Technical Education","EO","[c]","[c]","[c]","[c]"
"New entrant CS","2022","No function","Institute for Apprenticeships and Technical Education","G6/G7","20","[c]","50910","49960"
"New entrant CS","2022","No function","Institute for Apprenticeships and Technical Education","SCS level","[c]","[c]","[c]","[c]"
"New entrant CS","2022","No function","Institute for Apprenticeships and Technical Education","SEO/HEO","20","[c]","36200","36570"
"New entrant CS","2022","No function","Intellectual Property Office","AA/AO","80","[c]","21750","21810"
"New entrant CS","2022","No function","Intellectual Property Office","EO","55","[c]","27100","27380"
"New entrant CS","2022","No function","Intellectual Property Office","G6/G7","[c]","[c]","[c]","[c]"
"New entrant CS","2022","No function","Intellectual Property Office","SEO/HEO","10","[c]","37890","39910"
"New entrant CS","2022","No function","Legal Aid Agency","AA/AO","80","[c]","21010","20970"
"New entrant CS","2022","No function","Legal Aid Agency","EO","[c]","[c]","[c]","[c]"
"New entrant CS","2022","No function","Legal Aid Agency","G6/G7","[c]","[c]","[c]","[c]"
"New entrant CS","2022","No function","Legal Aid Agency","SEO/HEO","5","[c]","[c]","[c]"
"New entrant CS","2022","No function","Maritime and Coastguard Agency","AA/AO","90","[c]","25060","26840"
"New entrant CS","2022","No function","Maritime and Coastguard Agency","EO","20","[c]","28580","26130"
"New entrant CS","2022","No function","Maritime and Coastguard Agency","G6/G7","5","[c]","[c]","[c]"
"New entrant CS","2022","No function","Maritime and Coastguard Agency","SCS level","[c]","[c]","[c]","[c]"
"New entrant CS","2022","No function","Maritime and Coastguard Agency","SEO/HEO","40","[c]","38640","37190"
"New entrant CS","2022","No function","Medicines and Healthcare Products Regulatory Agency","EO","5","[c]","[c]","[c]"
"New entrant CS","2022","No function","Medicines and Healthcare Products Regulatory Agency","G6/G7","[c]","[c]","[c]","[c]"
"New entrant CS","2022","No function","Medicines and Healthcare Products Regulatory Agency","SCS level","[c]","[c]","[c]","[c]"
"New entrant CS","2022","No function","Medicines and Healthcare Products Regulatory Agency","SEO/HEO","15","[c]","35510","32640"
"New entrant CS","2022","No function","Ministry of Justice (excl. agencies)","AA/AO","60","[c]","21120","20970"
"New entrant CS","2022","No function","Ministry of Justice (excl. agencies)","EO","80","[c]","28000","28310"
"New entrant CS","2022","No function","Ministry of Justice (excl. agencies)","G6/G7","25","[c]","55980","54270"
"New entrant CS","2022","No function","Ministry of Justice (excl. agencies)","SCS level","[c]","[c]","[c]","[c]"
"New entrant CS","2022","No function","Ministry of Justice (excl. agencies)","SEO/HEO","105","[c]","36340","34260"
"New entrant CS","2022","No function","National Crime Agency","AA/AO","45","[c]","22430","22850"
"New entrant CS","2022","No function","National Crime Agency","EO","265","[c]","33490","32770"
"New entrant CS","2022","No function","National Crime Agency","G6/G7","10","[c]","64420","62700"
"New entrant CS","2022","No function","National Crime Agency","SCS level","[c]","[c]","[c]","[c]"
"New entrant CS","2022","No function","National Crime Agency","SEO/HEO","100","[c]","42840","41860"
"New entrant CS","2022","No function","National Infrastructure Commission","EO","[c]","[c]","[c]","[c]"
"New entrant CS","2022","No function","National Infrastructure Commission","G6/G7","5","[c]","[c]","[c]"
"New entrant CS","2022","No function","National Infrastructure Commission","SEO/HEO","5","[c]","[c]","[c]"
"New entrant CS","2022","No function","National Savings and Investments","G6/G7","[c]","[c]","[c]","[c]"
"New entrant CS","2022","No function","National Savings and Investments","SEO/HEO","[c]","[c]","[c]","[c]"
"New entrant CS","2022","No function","Northern Ireland Office","AA/AO","[c]","[c]","[c]","[c]"
"New entrant CS","2022","No function","Northern Ireland Office","EO","[c]","[c]","[c]","[c]"
"New entrant CS","2022","No function","Northern Ireland Office","G6/G7","[c]","[c]","[c]","[c]"
"New entrant CS","2022","No function","Northern Ireland Office","SEO/HEO","10","[c]","36020","35160"
"New entrant CS","2022","No function","Office for Budget Responsibility","SCS level","[c]","[c]","[c]","[c]"
"New entrant CS","2022","No function","Office for Standards in Education, Children's Services and Skills","AA/AO","25","[c]","19800","21200"
"New entrant CS","2022","No function","Office for Standards in Education, Children's Services and Skills","EO","15","[c]","27690","28620"
"New entrant CS","2022","No function","Office for Standards in Education, Children's Services and Skills","G6/G7","70","[c]","72490","70500"
"New entrant CS","2022","No function","Office for Standards in Education, Children's Services and Skills","SCS level","[c]","[c]","[c]","[c]"
"New entrant CS","2022","No function","Office for Standards in Education, Children's Services and Skills","SEO/HEO","95","[c]","46690","46360"
"New entrant CS","2022","No function","Office of Gas and Electricity Markets","AA/AO","40","[c]","19160","19750"
"New entrant CS","2022","No function","Office of Gas and Electricity Markets","EO","155","[c]","25470","25750"
"New entrant CS","2022","No function","Office of Gas and Electricity Markets","G6/G7","35","[c]","61990","60000"
"New entrant CS","2022","No function","Office of Gas and Electricity Markets","SCS level","[c]","[c]","[c]","[c]"
"New entrant CS","2022","No function","Office of Gas and Electricity Markets","SEO/HEO","60","[c]","36840","35900"
"New entrant CS","2022","No function","Office of Qualifications and Examinations Regulation","AA/AO","[c]","[c]","[c]","[c]"
"New entrant CS","2022","No function","Office of Qualifications and Examinations Regulation","EO","5","[c]","[c]","[c]"
"New entrant CS","2022","No function","Office of Qualifications and Examinations Regulation","G6/G7","10","[c]","52400","50000"
"New entrant CS","2022","No function","Office of Qualifications and Examinations Regulation","SEO/HEO","30","[c]","35040","36540"
"New entrant CS","2022","No function","Office of Rail and Road","AA/AO","[c]","[c]","[c]","[c]"
"New entrant CS","2022","No function","Office of Rail and Road","EO","[c]","[c]","[c]","[c]"
"New entrant CS","2022","No function","Office of Rail and Road","G6/G7","10","[c]","53660","53700"
"New entrant CS","2022","No function","Office of Rail and Road","SCS level","[c]","[c]","[c]","[c]"
"New entrant CS","2022","No function","Office of Rail and Road","SEO/HEO","10","[c]","40320","43500"
"New entrant CS","2022","No function","Office of the Public Guardian","AA/AO","170","[c]","20960","20970"
"New entrant CS","2022","No function","Office of the Public Guardian","EO","35","[c]","25170","25120"
"New entrant CS","2022","No function","Office of the Public Guardian","G6/G7","[c]","[c]","[c]","[c]"
"New entrant CS","2022","No function","Office of the Public Guardian","SEO/HEO","5","[c]","[c]","[c]"
"New entrant CS","2022","No function","Office of the Secretary of State for Scotland (incl. Office of the Advocate General for Scotland)","AA/AO","[c]","[c]","[c]","[c]"
"New entrant CS","2022","No function","Office of the Secretary of State for Scotland (incl. Office of the Advocate General for Scotland)","EO","[c]","[c]","[c]","[c]"
"New entrant CS","2022","No function","Office of the Secretary of State for Scotland (incl. Office of the Advocate General for Scotland)","SEO/HEO","[c]","[c]","[c]","[c]"
"New entrant CS","2022","No function","Office of the Secretary of State for Wales","AA/AO","[c]","[c]","[c]","[c]"
"New entrant CS","2022","No function","Office of the Secretary of State for Wales","EO","5","[c]","[c]","[c]"
"New entrant CS","2022","No function","Planning Inspectorate","AA/AO","20","[c]","20160","21520"
"New entrant CS","2022","No function","Planning Inspectorate","EO","5","[c]","[c]","[c]"
"New entrant CS","2022","No function","Planning Inspectorate","G6/G7","25","[c]","41480","41020"
"New entrant CS","2022","No function","Planning Inspectorate","SEO/HEO","25","[c]","36160","32780"
"New entrant CS","2022","No function","Planning Inspectorate","Unknown","[c]","[c]","[c]","[c]"
"New entrant CS","2022","No function","Public Health England","AA/AO","30","[c]","21830","23060"
"New entrant CS","2022","No function","Public Health England","EO","45","[c]","25720","26880"
"New entrant CS","2022","No function","Public Health England","G6/G7","45","[c]","60310","55000"
"New entrant CS","2022","No function","Public Health England","SCS level","15","[c]","93960","89860"
"New entrant CS","2022","No function","Public Health England","SEO/HEO","110","[c]","35870","36330"
"New entrant CS","2022","No function","Registers of Scotland","AA/AO","40","[c]","22780","22780"
"New entrant CS","2022","No function","Registers of Scotland","SEO/HEO","5","[c]","[c]","[c]"
"New entrant CS","2022","No function","Scottish Courts and Tribunals Service","AA/AO","255","[c]","21560","22000"
"New entrant CS","2022","No function","Scottish Courts and Tribunals Service","EO","5","[c]","[c]","[c]"
"New entrant CS","2022","No function","Scottish Courts and Tribunals Service","G6/G7","[c]","[c]","[c]","[c]"
"New entrant CS","2022","No function","Scottish Courts and Tribunals Service","SEO/HEO","[c]","[c]","[c]","[c]"
"New entrant CS","2022","No function","Scottish Prison Service","AA/AO","315","[c]","21730","21640"
"New entrant CS","2022","No function","Scottish Prison Service","EO","30","[c]","27250","27020"
"New entrant CS","2022","No function","Scottish Prison Service","G6/G7","[c]","[c]","[c]","[c]"
"New entrant CS","2022","No function","Scottish Prison Service","SEO/HEO","[c]","[c]","[c]","[c]"
"New entrant CS","2022","No function","Serious Fraud Office","EO","[c]","[c]","[c]","[c]"
"New entrant CS","2022","No function","Serious Fraud Office","SEO/HEO","[c]","[c]","[c]","[c]"
"New entrant CS","2022","No function","Standards and Testing Agency","EO","5","[c]","[c]","[c]"
"New entrant CS","2022","No function","Standards and Testing Agency","SEO/HEO","10","[c]","[c]","[c]"
"New entrant CS","2022","No function","Teaching Regulation Agency","AA/AO","10","[c]","[c]","[c]"
"New entrant CS","2022","No function","Teaching Regulation Agency","EO","15","[c]","25000","25000"
"New entrant CS","2022","No function","Teaching Regulation Agency","SEO/HEO","[c]","[c]","[c]","[c]"
"New entrant CS","2022","No function","The Insolvency Service","AA/AO","35","[c]","20940","21130"
"New entrant CS","2022","No function","The Insolvency Service","EO","[c]","[c]","[c]","[c]"
"New entrant CS","2022","No function","The Insolvency Service","G6/G7","[c]","[c]","[c]","[c]"
"New entrant CS","2022","No function","The Insolvency Service","SEO/HEO","[c]","[c]","[c]","[c]"
"New entrant CS","2022","No function","The National Archives","AA/AO","20","[c]","20340","20340"
"New entrant CS","2022","No function","The National Archives","EO","10","[c]","[c]","[c]"
"New entrant CS","2022","No function","The National Archives","G6/G7","[c]","[c]","[c]","[c]"
"New entrant CS","2022","No function","The National Archives","SCS level","[c]","[c]","[c]","[c]"
"New entrant CS","2022","No function","The National Archives","SEO/HEO","25","[c]","32100","28830"
"New entrant CS","2022","No function","UK Health Security Agency","AA/AO","255","[c]","21340","19880"
"New entrant CS","2022","No function","UK Health Security Agency","EO","385","[c]","25760","26880"
"New entrant CS","2022","No function","UK Health Security Agency","G6/G7","310","[c]","55580","52860"
"New entrant CS","2022","No function","UK Health Security Agency","SCS level","65","[c]","99060","88790"
"New entrant CS","2022","No function","UK Health Security Agency","SEO/HEO","835","[c]","34590","32790"
"New entrant CS","2022","No function","UK Health Security Agency","Unknown","[c]","[c]","[c]","[c]"
"New entrant CS","2022","No function","UK Hydrographic Office","AA/AO","55","[c]","20420","20420"
"New entrant CS","2022","No function","UK Hydrographic Office","EO","10","[c]","27680","26740"
"New entrant CS","2022","No function","UK Hydrographic Office","G6/G7","[c]","[c]","[c]","[c]"
"New entrant CS","2022","No function","UK Hydrographic Office","SCS level","[c]","[c]","[c]","[c]"
"New entrant CS","2022","No function","UK Hydrographic Office","SEO/HEO","15","[c]","34440","33290"
"New entrant CS","2022","No function","UK Statistics Authority","AA/AO","305","[c]","19780","19860"
"New entrant CS","2022","No function","UK Statistics Authority","EO","35","[c]","23900","23880"
"New entrant CS","2022","No function","UK Statistics Authority","G6/G7","20","[c]","54540","51310"
"New entrant CS","2022","No function","UK Statistics Authority","SCS level","[c]","[c]","[c]","[c]"
"New entrant CS","2022","No function","UK Statistics Authority","SEO/HEO","60","[c]","33390","30710"
"New entrant CS","2022","No function","Vehicle Certification Agency","AA/AO","10","[c]","21440","21840"
"New entrant CS","2022","No function","Vehicle Certification Agency","SEO/HEO","[c]","[c]","[c]","[c]"
"New entrant CS","2022","No function","Water Services Regulation Authority","EO","5","[c]","[c]","[c]"
"New entrant CS","2022","No function","Water Services Regulation Authority","G6/G7","[c]","[c]","[c]","[c]"
"New entrant CS","2022","No function","Water Services Regulation Authority","SEO/HEO","5","[c]","[c]","[c]"
"New entrant CS","2022","No function","Welsh Revenue Authority","AA/AO","[c]","[c]","[c]","[c]"
"New entrant CS","2022","No function","Welsh Revenue Authority","EO","[c]","[c]","[c]","[c]"
"New entrant CS","2022","No function","Welsh Revenue Authority","SEO/HEO","[c]","[c]","[c]","[c]"
"New entrant CS","2022","Project Delivery","Advisory, Conciliation and Arbitration Service","EO","[c]","[c]","[c]","[c]"
"New entrant CS","2022","Project Delivery","Advisory, Conciliation and Arbitration Service","SEO/HEO","[c]","[c]","[c]","[c]"
"New entrant CS","2022","Project Delivery","Animal and Plant Health Agency","AA/AO","25","[c]","21300","21300"
"New entrant CS","2022","Project Delivery","Animal and Plant Health Agency","EO","5","[c]","[c]","[c]"
"New entrant CS","2022","Project Delivery","Cabinet Office (excl. agencies)","AA/AO","[c]","[c]","[c]","[c]"
"New entrant CS","2022","Project Delivery","Cabinet Office (excl. agencies)","EO","10","[c]","26070","27500"
"New entrant CS","2022","Project Delivery","Cabinet Office (excl. agencies)","G6/G7","10","[c]","57540","55610"
"New entrant CS","2022","Project Delivery","Cabinet Office (excl. agencies)","SCS level","10","[c]","[c]","[c]"
"New entrant CS","2022","Project Delivery","Cabinet Office (excl. agencies)","SEO/HEO","5","[c]","[c]","[c]"
"New entrant CS","2022","Project Delivery","Centre for Environment, Fisheries and Aquaculture Science","AA/AO","[c]","[c]","[c]","[c]"
"New entrant CS","2022","Project Delivery","Centre for Environment, Fisheries and Aquaculture Science","EO","5","[c]","[c]","[c]"
"New entrant CS","2022","Project Delivery","Centre for Environment, Fisheries and Aquaculture Science","SEO/HEO","[c]","[c]","[c]","[c]"
"New entrant CS","2022","Project Delivery","Charity Commission","SEO/HEO","5","[c]","[c]","[c]"
"New entrant CS","2022","Project Delivery","Companies House","EO","[c]","[c]","[c]","[c]"
"New entrant CS","2022","Project Delivery","Companies House","SEO/HEO","5","[c]","[c]","[c]"
"New entrant CS","2022","Project Delivery","Competition and Markets Authority","AA/AO","10","[c]","[c]","[c]"
"New entrant CS","2022","Project Delivery","Competition and Markets Authority","EO","[c]","[c]","[c]","[c]"
"New entrant CS","2022","Project Delivery","Competition and Markets Authority","G6/G7","5","[c]","[c]","[c]"
"New entrant CS","2022","Project Delivery","Competition and Markets Authority","SCS level","[c]","[c]","[c]","[c]"
"New entrant CS","2022","Project Delivery","Competition and Markets Authority","SEO/HEO","15","[c]","35840","33120"
"New entrant CS","2022","Project Delivery","Crown Commercial Service","G6/G7","[c]","[c]","[c]","[c]"
"New entrant CS","2022","Project Delivery","Crown Prosecution Service","EO","[c]","[c]","[c]","[c]"
"New entrant CS","2022","Project Delivery","Defence Equipment and Support","EO","315","[c]","21470","20400"
"New entrant CS","2022","Project Delivery","Defence Equipment and Support","G6/G7","45","[c]","56660","55000"
"New entrant CS","2022","Project Delivery","Defence Equipment and Support","SEO/HEO","415","[c]","36090","34000"
"New entrant CS","2022","Project Delivery","Defence Science and Technology Laboratory","AA/AO","15","[c]","17920","18330"
"New entrant CS","2022","Project Delivery","Defence Science and Technology Laboratory","EO","30","[c]","23500","23490"
"New entrant CS","2022","Project Delivery","Defence Science and Technology Laboratory","G6/G7","15","[c]","53080","51450"
"New entrant CS","2022","Project Delivery","Defence Science and Technology Laboratory","SEO/HEO","50","[c]","30870","29230"
"New entrant CS","2022","Project Delivery","Department for Business, Energy and Industrial Strategy (excl. agencies)","SEO/HEO","[c]","[c]","[c]","[c]"
"New entrant CS","2022","Project Delivery","Department for Education (excl. agencies)","EO","[c]","[c]","[c]","[c]"
"New entrant CS","2022","Project Delivery","Department for Education (excl. agencies)","G6/G7","5","[c]","[c]","[c]"
"New entrant CS","2022","Project Delivery","Department for Education (excl. agencies)","SEO/HEO","5","[c]","[c]","[c]"
"New entrant CS","2022","Project Delivery","Department for International Trade","EO","5","[c]","[c]","[c]"
"New entrant CS","2022","Project Delivery","Department for International Trade","G6/G7","5","[c]","[c]","[c]"
"New entrant CS","2022","Project Delivery","Department for International Trade","SEO/HEO","5","[c]","[c]","[c]"
"New entrant CS","2022","Project Delivery","Department for Levelling Up, Housing and Communities (excl. agencies)","EO","[c]","[c]","[c]","[c]"
"New entrant CS","2022","Project Delivery","Department for Levelling Up, Housing and Communities (excl. agencies)","G6/G7","10","[c]","[c]","[c]"
"New entrant CS","2022","Project Delivery","Department for Levelling Up, Housing and Communities (excl. agencies)","SEO/HEO","15","[c]","33900","33210"
"New entrant CS","2022","Project Delivery","Department for Transport (excl. agencies)","AA/AO","[c]","[c]","[c]","[c]"
"New entrant CS","2022","Project Delivery","Department for Transport (excl. agencies)","EO","[c]","[c]","[c]","[c]"
"New entrant CS","2022","Project Delivery","Department for Transport (excl. agencies)","G6/G7","35","[c]","55420","54110"
"New entrant CS","2022","Project Delivery","Department for Transport (excl. agencies)","SCS level","[c]","[c]","[c]","[c]"
"New entrant CS","2022","Project Delivery","Department for Transport (excl. agencies)","SEO/HEO","25","[c]","35200","34710"
"New entrant CS","2022","Project Delivery","Department for Work and Pensions (excl. agencies)","AA/AO","40","[c]","21450","21260"
"New entrant CS","2022","Project Delivery","Department for Work and Pensions (excl. agencies)","EO","10","[c]","28260","27570"
"New entrant CS","2022","Project Delivery","Department for Work and Pensions (excl. agencies)","G6/G7","[c]","[c]","[c]","[c]"
"New entrant CS","2022","Project Delivery","Department for Work and Pensions (excl. agencies)","SEO/HEO","10","[c]","34210","33650"
"New entrant CS","2022","Project Delivery","Department of Health and Social Care (excl. agencies)","G6/G7","[c]","[c]","[c]","[c]"
"New entrant CS","2022","Project Delivery","Department of Health and Social Care (excl. agencies)","SEO/HEO","[c]","[c]","[c]","[c]"
"New entrant CS","2022","Project Delivery","Driver and Vehicle Licensing Agency","AA/AO","[c]","[c]","[c]","[c]"
"New entrant CS","2022","Project Delivery","Driver and Vehicle Licensing Agency","EO","[c]","[c]","[c]","[c]"
"New entrant CS","2022","Project Delivery","Driver and Vehicle Standards Agency","AA/AO","[c]","[c]","[c]","[c]"
"New entrant CS","2022","Project Delivery","Driver and Vehicle Standards Agency","EO","[c]","[c]","[c]","[c]"
"New entrant CS","2022","Project Delivery","Driver and Vehicle Standards Agency","SEO/HEO","10","[c]","[c]","[c]"
"New entrant CS","2022","Project Delivery","Estyn","G6/G7","10","[c]","67050","66900"
"New entrant CS","2022","Project Delivery","Estyn","SCS level","[c]","[c]","[c]","[c]"
"New entrant CS","2022","Project Delivery","Food Standards Agency","EO","[c]","[c]","[c]","[c]"
"New entrant CS","2022","Project Delivery","Food Standards Agency","G6/G7","[c]","[c]","[c]","[c]"
"New entrant CS","2022","Project Delivery","Food Standards Agency","SEO/HEO","[c]","[c]","[c]","[c]"
"New entrant CS","2022","Project Delivery","Government Actuary's Department","G6/G7","[c]","[c]","[c]","[c]"
"New entrant CS","2022","Project Delivery","Government Internal Audit Agency","G6/G7","[c]","[c]","[c]","[c]"
"New entrant CS","2022","Project Delivery","Government Internal Audit Agency","SEO/HEO","[c]","[c]","[c]","[c]"
"New entrant CS","2022","Project Delivery","Government Legal Department","G6/G7","[c]","[c]","[c]","[c]"
"New entrant CS","2022","Project Delivery","Government Legal Department","SEO/HEO","[c]","[c]","[c]","[c]"
"New entrant CS","2022","Project Delivery","Health and Safety Executive","EO","[c]","[c]","[c]","[c]"
"New entrant CS","2022","Project Delivery","Health and Safety Executive","G6/G7","[c]","[c]","[c]","[c]"
"New entrant CS","2022","Project Delivery","Health and Safety Executive","SEO/HEO","[c]","[c]","[c]","[c]"
"New entrant CS","2022","Project Delivery","HM Land Registry","AA/AO","15","[c]","22600","22600"
"New entrant CS","2022","Project Delivery","HM Land Registry","EO","10","[c]","[c]","[c]"
"New entrant CS","2022","Project Delivery","HM Land Registry","SCS level","[c]","[c]","[c]","[c]"
"New entrant CS","2022","Project Delivery","HM Land Registry","SEO/HEO","5","[c]","[c]","[c]"
"New entrant CS","2022","Project Delivery","HM Revenue and Customs (excl. agencies)","AA/AO","10","[c]","21250","21250"
"New entrant CS","2022","Project Delivery","HM Revenue and Customs (excl. agencies)","EO","20","[c]","27800","26590"
"New entrant CS","2022","Project Delivery","HM Revenue and Customs (excl. agencies)","G6/G7","40","[c]","59820","58600"
"New entrant CS","2022","Project Delivery","HM Revenue and Customs (excl. agencies)","SCS level","[c]","[c]","[c]","[c]"
"New entrant CS","2022","Project Delivery","HM Revenue and Customs (excl. agencies)","SEO/HEO","100","[c]","38300","40180"
"New entrant CS","2022","Project Delivery","HM Treasury (excl. agencies)","EO","[c]","[c]","[c]","[c]"
"New entrant CS","2022","Project Delivery","HM Treasury (excl. agencies)","SEO/HEO","[c]","[c]","[c]","[c]"
"New entrant CS","2022","Project Delivery","Institute for Apprenticeships and Technical Education","SEO/HEO","[c]","[c]","[c]","[c]"
"New entrant CS","2022","Project Delivery","Intellectual Property Office","AA/AO","[c]","[c]","[c]","[c]"
"New entrant CS","2022","Project Delivery","Intellectual Property Office","G6/G7","[c]","[c]","[c]","[c]"
"New entrant CS","2022","Project Delivery","Intellectual Property Office","SEO/HEO","5","[c]","[c]","[c]"
"New entrant CS","2022","Project Delivery","Medicines and Healthcare Products Regulatory Agency","EO","[c]","[c]","[c]","[c]"
"New entrant CS","2022","Project Delivery","Met Office","EO","15","[c]","24620","24150"
"New entrant CS","2022","Project Delivery","Met Office","G6/G7","10","[c]","[c]","[c]"
"New entrant CS","2022","Project Delivery","Met Office","SEO/HEO","[c]","[c]","[c]","[c]"
"New entrant CS","2022","Project Delivery","Ministry of Defence (excl. agencies)","AA/AO","[c]","[c]","[c]","[c]"
"New entrant CS","2022","Project Delivery","Ministry of Defence (excl. agencies)","EO","30","[c]","26610","26350"
"New entrant CS","2022","Project Delivery","Ministry of Defence (excl. agencies)","G6/G7","30","[c]","57020","53500"
"New entrant CS","2022","Project Delivery","Ministry of Defence (excl. agencies)","SCS level","[c]","[c]","[c]","[c]"
"New entrant CS","2022","Project Delivery","Ministry of Defence (excl. agencies)","SEO/HEO","135","[c]","36890","35000"
"New entrant CS","2022","Project Delivery","Ministry of Justice (excl. agencies)","AA/AO","[c]","[c]","[c]","[c]"
"New entrant CS","2022","Project Delivery","Ministry of Justice (excl. agencies)","EO","10","[c]","[c]","[c]"
"New entrant CS","2022","Project Delivery","Ministry of Justice (excl. agencies)","G6/G7","[c]","[c]","[c]","[c]"
"New entrant CS","2022","Project Delivery","Ministry of Justice (excl. agencies)","SEO/HEO","10","[c]","35410","34780"
"New entrant CS","2022","Project Delivery","National Crime Agency","EO","[c]","[c]","[c]","[c]"
"New entrant CS","2022","Project Delivery","National Crime Agency","G6/G7","[c]","[c]","[c]","[c]"
"New entrant CS","2022","Project Delivery","National Crime Agency","SEO/HEO","[c]","[c]","[c]","[c]"
"New entrant CS","2022","Project Delivery","National Savings and Investments","G6/G7","[c]","[c]","[c]","[c]"
"New entrant CS","2022","Project Delivery","National Savings and Investments","SEO/HEO","[c]","[c]","[c]","[c]"
"New entrant CS","2022","Project Delivery","Northern Ireland Office","SEO/HEO","5","[c]","[c]","[c]"
"New entrant CS","2022","Project Delivery","Office for Standards in Education, Children's Services and Skills","EO","[c]","[c]","[c]","[c]"
"New entrant CS","2022","Project Delivery","Office for Standards in Education, Children's Services and Skills","G6/G7","[c]","[c]","[c]","[c]"
"New entrant CS","2022","Project Delivery","Office for Standards in Education, Children's Services and Skills","SEO/HEO","[c]","[c]","[c]","[c]"
"New entrant CS","2022","Project Delivery","Office of Gas and Electricity Markets","G6/G7","[c]","[c]","[c]","[c]"
"New entrant CS","2022","Project Delivery","Office of Gas and Electricity Markets","SEO/HEO","[c]","[c]","[c]","[c]"
"New entrant CS","2022","Project Delivery","Queen Elizabeth II Centre","EO","[c]","[c]","[c]","[c]"
"New entrant CS","2022","Project Delivery","Queen Elizabeth II Centre","SEO/HEO","[c]","[c]","[c]","[c]"
"New entrant CS","2022","Project Delivery","Rural Payments Agency","EO","[c]","[c]","[c]","[c]"
"New entrant CS","2022","Project Delivery","Rural Payments Agency","G6/G7","[c]","[c]","[c]","[c]"
"New entrant CS","2022","Project Delivery","Rural Payments Agency","SEO/HEO","[c]","[c]","[c]","[c]"
"New entrant CS","2022","Project Delivery","Serious Fraud Office","SEO/HEO","[c]","[c]","[c]","[c]"
"New entrant CS","2022","Project Delivery","Submarine Delivery Agency","Unknown","185","[c]","35730","32000"
"New entrant CS","2022","Project Delivery","The Insolvency Service","G6/G7","[c]","[c]","[c]","[c]"
"New entrant CS","2022","Project Delivery","UK Debt Management Office","G6/G7","[c]","[c]","[c]","[c]"
"New entrant CS","2022","Project Delivery","UK Export Finance","EO","[c]","[c]","[c]","[c]"
"New entrant CS","2022","Project Delivery","UK Export Finance","G6/G7","[c]","[c]","[c]","[c]"
"New entrant CS","2022","Project Delivery","UK Export Finance","SEO/HEO","[c]","[c]","[c]","[c]"
"New entrant CS","2022","Project Delivery","UK Space Agency","EO","[c]","[c]","[c]","[c]"
"New entrant CS","2022","Project Delivery","UK Space Agency","G6/G7","[c]","[c]","[c]","[c]"
"New entrant CS","2022","Project Delivery","UK Space Agency","SCS level","[c]","[c]","[c]","[c]"
"New entrant CS","2022","Project Delivery","UK Space Agency","SEO/HEO","[c]","[c]","[c]","[c]"
"New entrant CS","2022","Project Delivery","UK Statistics Authority","AA/AO","[c]","[c]","[c]","[c]"
"New entrant CS","2022","Project Delivery","UK Statistics Authority","EO","[c]","[c]","[c]","[c]"
"New entrant CS","2022","Project Delivery","UK Statistics Authority","G6/G7","10","[c]","[c]","[c]"
"New entrant CS","2022","Project Delivery","UK Statistics Authority","SEO/HEO","15","[c]","34720","36840"
"New entrant CS","2022","Project Delivery","Valuation Office Agency","G6/G7","[c]","[c]","[c]","[c]"
"New entrant CS","2022","Project Delivery","Valuation Office Agency","SEO/HEO","[c]","[c]","[c]","[c]"
"New entrant CS","2022","Project Delivery","Water Services Regulation Authority","EO","[c]","[c]","[c]","[c]"
"New entrant CS","2022","Project Delivery","Water Services Regulation Authority","SEO/HEO","[c]","[c]","[c]","[c]"
"New entrant CS","2022","Project Delivery","Wilton Park","AA/AO","[c]","[c]","[c]","[c]"
"New entrant CS","2022","Project Delivery","Wilton Park","EO","[c]","[c]","[c]","[c]"
"New entrant CS","2022","Project Delivery","Wilton Park","G6/G7","[c]","[c]","[c]","[c]"
"New entrant CS","2022","Project Delivery","Wilton Park","SEO/HEO","[c]","[c]","[c]","[c]"
"New entrant CS","2022","Property","Cabinet Office (excl. agencies)","AA/AO","[c]","[c]","[c]","[c]"
"New entrant CS","2022","Property","Cabinet Office (excl. agencies)","EO","[c]","[c]","[c]","[c]"
"New entrant CS","2022","Property","Cabinet Office (excl. agencies)","G6/G7","[c]","[c]","[c]","[c]"
"New entrant CS","2022","Property","Cabinet Office (excl. agencies)","SCS level","[c]","[c]","[c]","[c]"
"New entrant CS","2022","Property","Cabinet Office (excl. agencies)","SEO/HEO","[c]","[c]","[c]","[c]"
"New entrant CS","2022","Property","Companies House","G6/G7","[c]","[c]","[c]","[c]"
"New entrant CS","2022","Property","Companies House","SEO/HEO","[c]","[c]","[c]","[c]"
"New entrant CS","2022","Property","Competition and Markets Authority","G6/G7","[c]","[c]","[c]","[c]"
"New entrant CS","2022","Property","Crown Prosecution Service","SEO/HEO","[c]","[c]","[c]","[c]"
"New entrant CS","2022","Property","Defence Equipment and Support","EO","15","[c]","19730","19460"
"New entrant CS","2022","Property","Defence Equipment and Support","SEO/HEO","10","[c]","31020","30000"
"New entrant CS","2022","Property","Defence Science and Technology Laboratory","G6/G7","[c]","[c]","[c]","[c]"
"New entrant CS","2022","Property","Defence Science and Technology Laboratory","SEO/HEO","5","[c]","[c]","[c]"
"New entrant CS","2022","Property","Department for Digital, Culture, Media and Sport","SEO/HEO","[c]","[c]","[c]","[c]"
"New entrant CS","2022","Property","Department for Education (excl. agencies)","EO","30","[c]","25120","25000"
"New entrant CS","2022","Property","Department for Education (excl. agencies)","G6/G7","40","[c]","56190","53420"
"New entrant CS","2022","Property","Department for Education (excl. agencies)","SCS level","[c]","[c]","[c]","[c]"
"New entrant CS","2022","Property","Department for Education (excl. agencies)","SEO/HEO","15","[c]","31660","29360"
"New entrant CS","2022","Property","Department for Environment, Food and Rural Affairs (excl. agencies)","AA/AO","[c]","[c]","[c]","[c]"
"New entrant CS","2022","Property","Department for Environment, Food and Rural Affairs (excl. agencies)","EO","10","[c]","25450","24920"
"New entrant CS","2022","Property","Department for Environment, Food and Rural Affairs (excl. agencies)","G6/G7","25","[c]","53400","52290"
"New entrant CS","2022","Property","Department for Environment, Food and Rural Affairs (excl. agencies)","SCS level","[c]","[c]","[c]","[c]"
"New entrant CS","2022","Property","Department for Environment, Food and Rural Affairs (excl. agencies)","SEO/HEO","25","[c]","34580","35900"
"New entrant CS","2022","Property","Department for Transport (excl. agencies)","G6/G7","[c]","[c]","[c]","[c]"
"New entrant CS","2022","Property","Department for Transport (excl. agencies)","SCS level","[c]","[c]","[c]","[c]"
"New entrant CS","2022","Property","Department for Transport (excl. agencies)","SEO/HEO","[c]","[c]","[c]","[c]"
"New entrant CS","2022","Property","Department for Work and Pensions (excl. agencies)","G6/G7","[c]","[c]","[c]","[c]"
"New entrant CS","2022","Property","Department for Work and Pensions (excl. agencies)","SEO/HEO","15","[c]","39350","40000"
"New entrant CS","2022","Property","Department of Health and Social Care (excl. agencies)","G6/G7","[c]","[c]","[c]","[c]"
"New entrant CS","2022","Property","Department of Health and Social Care (excl. agencies)","SEO/HEO","10","[c]","[c]","[c]"
"New entrant CS","2022","Property","Driver and Vehicle Licensing Agency","AA/AO","[c]","[c]","[c]","[c]"
"New entrant CS","2022","Property","Driver and Vehicle Licensing Agency","EO","[c]","[c]","[c]","[c]"
"New entrant CS","2022","Property","Driver and Vehicle Licensing Agency","G6/G7","[c]","[c]","[c]","[c]"
"New entrant CS","2022","Property","Driver and Vehicle Licensing Agency","SEO/HEO","[c]","[c]","[c]","[c]"
"New entrant CS","2022","Property","Driver and Vehicle Standards Agency","AA/AO","[c]","[c]","[c]","[c]"
"New entrant CS","2022","Property","Driver and Vehicle Standards Agency","EO","[c]","[c]","[c]","[c]"
"New entrant CS","2022","Property","Driver and Vehicle Standards Agency","SEO/HEO","[c]","[c]","[c]","[c]"
"New entrant CS","2022","Property","Government Property Agency","EO","10","[c]","[c]","[c]"
"New entrant CS","2022","Property","Government Property Agency","G6/G7","35","[c]","58210","57000"
"New entrant CS","2022","Property","Government Property Agency","SCS level","[c]","[c]","[c]","[c]"
"New entrant CS","2022","Property","Government Property Agency","SEO/HEO","35","[c]","37600","37300"
"New entrant CS","2022","Property","HM Courts and Tribunals Service","EO","[c]","[c]","[c]","[c]"
"New entrant CS","2022","Property","HM Courts and Tribunals Service","G6/G7","[c]","[c]","[c]","[c]"
"New entrant CS","2022","Property","HM Courts and Tribunals Service","SEO/HEO","5","[c]","[c]","[c]"
"New entrant CS","2022","Property","HM Revenue and Customs (excl. agencies)","AA/AO","[c]","[c]","[c]","[c]"
"New entrant CS","2022","Property","HM Revenue and Customs (excl. agencies)","EO","10","[c]","[c]","[c]"
"New entrant CS","2022","Property","HM Revenue and Customs (excl. agencies)","G6/G7","[c]","[c]","[c]","[c]"
"New entrant CS","2022","Property","HM Revenue and Customs (excl. agencies)","SEO/HEO","20","[c]","35910","33080"
"New entrant CS","2022","Property","Maritime and Coastguard Agency","EO","[c]","[c]","[c]","[c]"
"New entrant CS","2022","Property","Maritime and Coastguard Agency","SEO/HEO","[c]","[c]","[c]","[c]"
"New entrant CS","2022","Property","Medicines and Healthcare Products Regulatory Agency","G6/G7","[c]","[c]","[c]","[c]"
"New entrant CS","2022","Property","Met Office","AA/AO","[c]","[c]","[c]","[c]"
"New entrant CS","2022","Property","Ministry of Defence (excl. agencies)","AA/AO","50","[c]","19230","19010"
"New entrant CS","2022","Property","Ministry of Defence (excl. agencies)","EO","45","[c]","26260","26350"
"New entrant CS","2022","Property","Ministry of Defence (excl. agencies)","G6/G7","5","[c]","[c]","[c]"
"New entrant CS","2022","Property","Ministry of Defence (excl. agencies)","SEO/HEO","95","[c]","35370","33000"
"New entrant CS","2022","Property","Ministry of Justice (excl. agencies)","AA/AO","[c]","[c]","[c]","[c]"
"New entrant CS","2022","Property","Ministry of Justice (excl. agencies)","EO","[c]","[c]","[c]","[c]"
"New entrant CS","2022","Property","Ministry of Justice (excl. agencies)","G6/G7","10","[c]","55530","54270"
"New entrant CS","2022","Property","Ministry of Justice (excl. agencies)","SEO/HEO","10","[c]","37420","36050"
"New entrant CS","2022","Property","Office for Standards in Education, Children's Services and Skills","EO","[c]","[c]","[c]","[c]"
"New entrant CS","2022","Property","Office of Rail and Road","EO","[c]","[c]","[c]","[c]"
"New entrant CS","2022","Property","Queen Elizabeth II Centre","SEO/HEO","[c]","[c]","[c]","[c]"
"New entrant CS","2022","Property","Registers of Scotland","G6/G7","[c]","[c]","[c]","[c]"
"New entrant CS","2022","Property","Scottish Courts and Tribunals Service","G6/G7","[c]","[c]","[c]","[c]"
"New entrant CS","2022","Property","Scottish Courts and Tribunals Service","SEO/HEO","[c]","[c]","[c]","[c]"
"New entrant CS","2022","Property","Scottish Prison Service","AA/AO","20","[c]","24520","24140"
"New entrant CS","2022","Property","Scottish Prison Service","SEO/HEO","[c]","[c]","[c]","[c]"
"New entrant CS","2022","Property","Serious Fraud Office","AA/AO","[c]","[c]","[c]","[c]"
"New entrant CS","2022","Property","The National Archives","EO","[c]","[c]","[c]","[c]"
"New entrant CS","2022","Property","The National Archives","G6/G7","[c]","[c]","[c]","[c]"
"New entrant CS","2022","Property","UK Health Security Agency","AA/AO","[c]","[c]","[c]","[c]"
"New entrant CS","2022","Property","UK Health Security Agency","G6/G7","[c]","[c]","[c]","[c]"
"New entrant CS","2022","Property","UK Health Security Agency","SEO/HEO","[c]","[c]","[c]","[c]"
"New entrant CS","2022","Property","UK Statistics Authority","SEO/HEO","[c]","[c]","[c]","[c]"
"New entrant CS","2022","Property","UK Supreme Court","EO","[c]","[c]","[c]","[c]"
"New entrant CS","2022","Property","Valuation Office Agency","AA/AO","230","[c]","21850","21750"
"New entrant CS","2022","Property","Valuation Office Agency","EO","135","[c]","25680","25000"
"New entrant CS","2022","Property","Valuation Office Agency","G6/G7","[c]","[c]","[c]","[c]"
"New entrant CS","2022","Property","Valuation Office Agency","SEO/HEO","105","[c]","35030","31130"
"New entrant CS","2022","Property","Wilton Park","AA/AO","[c]","[c]","[c]","[c]"
"New entrant CS","2022","Security","Cabinet Office (excl. agencies)","AA/AO","5","[c]","[c]","[c]"
"New entrant CS","2022","Security","Cabinet Office (excl. agencies)","EO","90","[c]","25050","23850"
"New entrant CS","2022","Security","Cabinet Office (excl. agencies)","G6/G7","10","[c]","[c]","[c]"
"New entrant CS","2022","Security","Cabinet Office (excl. agencies)","SCS level","[c]","[c]","[c]","[c]"
"New entrant CS","2022","Security","Cabinet Office (excl. agencies)","SEO/HEO","55","[c]","33530","32000"
"New entrant CS","2022","Security","Companies House","G6/G7","[c]","[c]","[c]","[c]"
"New entrant CS","2022","Security","Competition and Markets Authority","G6/G7","[c]","[c]","[c]","[c]"
"New entrant CS","2022","Security","Defence Equipment and Support","EO","[c]","[c]","[c]","[c]"
"New entrant CS","2022","Security","Defence Equipment and Support","SEO/HEO","[c]","[c]","[c]","[c]"
"New entrant CS","2022","Security","Defence Science and Technology Laboratory","EO","[c]","[c]","[c]","[c]"
"New entrant CS","2022","Security","Defence Science and Technology Laboratory","SEO/HEO","[c]","[c]","[c]","[c]"
"New entrant CS","2022","Security","Department for Business, Energy and Industrial Strategy (excl. agencies)","EO","[c]","[c]","[c]","[c]"
"New entrant CS","2022","Security","Department for Business, Energy and Industrial Strategy (excl. agencies)","G6/G7","[c]","[c]","[c]","[c]"
"New entrant CS","2022","Security","Department for Business, Energy and Industrial Strategy (excl. agencies)","SEO/HEO","[c]","[c]","[c]","[c]"
"New entrant CS","2022","Security","Department for Education (excl. agencies)","G6/G7","[c]","[c]","[c]","[c]"
"New entrant CS","2022","Security","Department for Education (excl. agencies)","SEO/HEO","5","[c]","[c]","[c]"
"New entrant CS","2022","Security","Department for International Trade","AA/AO","[c]","[c]","[c]","[c]"
"New entrant CS","2022","Security","Department for International Trade","EO","[c]","[c]","[c]","[c]"
"New entrant CS","2022","Security","Department for International Trade","SEO/HEO","[c]","[c]","[c]","[c]"
"New entrant CS","2022","Security","Department for Transport (excl. agencies)","EO","[c]","[c]","[c]","[c]"
"New entrant CS","2022","Security","Department for Transport (excl. agencies)","G6/G7","[c]","[c]","[c]","[c]"
"New entrant CS","2022","Security","Department for Transport (excl. agencies)","SEO/HEO","15","[c]","38600","38650"
"New entrant CS","2022","Security","Department for Work and Pensions (excl. agencies)","G6/G7","[c]","[c]","[c]","[c]"
"New entrant CS","2022","Security","Department for Work and Pensions (excl. agencies)","SEO/HEO","[c]","[c]","[c]","[c]"
"New entrant CS","2022","Security","Driver and Vehicle Licensing Agency","AA/AO","5","[c]","[c]","[c]"
"New entrant CS","2022","Security","Driver and Vehicle Standards Agency","SEO/HEO","[c]","[c]","[c]","[c]"
"New entrant CS","2022","Security","Food Standards Agency","SEO/HEO","[c]","[c]","[c]","[c]"
"New entrant CS","2022","Security","Government Actuary's Department","SEO/HEO","[c]","[c]","[c]","[c]"
"New entrant CS","2022","Security","HM Prison and Probation Service","AA/AO","10","[c]","[c]","[c]"
"New entrant CS","2022","Security","HM Prison and Probation Service","EO","[c]","[c]","[c]","[c]"
"New entrant CS","2022","Security","HM Prison and Probation Service","SEO/HEO","25","[c]","33440","31390"
"New entrant CS","2022","Security","HM Prison and Probation Service","Unknown","[c]","[c]","[c]","[c]"
"New entrant CS","2022","Security","HM Revenue and Customs (excl. agencies)","G6/G7","[c]","[c]","[c]","[c]"
"New entrant CS","2022","Security","HM Revenue and Customs (excl. agencies)","SEO/HEO","[c]","[c]","[c]","[c]"
"New entrant CS","2022","Security","Intellectual Property Office","EO","[c]","[c]","[c]","[c]"
"New entrant CS","2022","Security","Medicines and Healthcare Products Regulatory Agency","SCS level","[c]","[c]","[c]","[c]"
"New entrant CS","2022","Security","Ministry of Defence (excl. agencies)","AA/AO","455","[c]","25180","24540"
"New entrant CS","2022","Security","Ministry of Defence (excl. agencies)","EO","85","[c]","30090","28700"
"New entrant CS","2022","Security","Ministry of Defence (excl. agencies)","G6/G7","[c]","[c]","[c]","[c]"
"New entrant CS","2022","Security","Ministry of Defence (excl. agencies)","SEO/HEO","20","[c]","38760","37000"
"New entrant CS","2022","Security","Ministry of Defence (excl. agencies)","Unknown","[c]","[c]","[c]","[c]"
"New entrant CS","2022","Security","Ministry of Justice (excl. agencies)","G6/G7","[c]","[c]","[c]","[c]"
"New entrant CS","2022","Security","Ministry of Justice (excl. agencies)","SEO/HEO","5","[c]","[c]","[c]"
"New entrant CS","2022","Security","National Crime Agency","AA/AO","[c]","[c]","[c]","[c]"
"New entrant CS","2022","Security","National Crime Agency","EO","[c]","[c]","[c]","[c]"
"New entrant CS","2022","Security","National Crime Agency","SEO/HEO","[c]","[c]","[c]","[c]"
"New entrant CS","2022","Security","Northern Ireland Office","G6/G7","[c]","[c]","[c]","[c]"
"New entrant CS","2022","Security","Northern Ireland Office","SEO/HEO","[c]","[c]","[c]","[c]"
"New entrant CS","2022","Security","Serious Fraud Office","G6/G7","[c]","[c]","[c]","[c]"
"New entrant CS","2022","Security","Submarine Delivery Agency","Unknown","5","[c]","[c]","[c]"
"New entrant CS","2022","Security","UK Debt Management Office","EO","[c]","[c]","[c]","[c]"
"New entrant CS","2022","Security","UK Export Finance","SEO/HEO","[c]","[c]","[c]","[c]"
"New entrant CS","2022","Security","UK Hydrographic Office","EO","[c]","[c]","[c]","[c]"
"New entrant CS","2022","Security","UK Hydrographic Office","SEO/HEO","[c]","[c]","[c]","[c]"
"New entrant CS","2022","Security","UK Statistics Authority","EO","[c]","[c]","[c]","[c]"
"New entrant CS","2022","Security","UK Statistics Authority","G6/G7","[c]","[c]","[c]","[c]"
"New entrant CS","2022","Security","UK Statistics Authority","SEO/HEO","5","[c]","[c]","[c]"
"New entrant CS","2022","Unknown","Accountant in Bankruptcy","AA/AO","[c]","[c]","[c]","[c]"
"New entrant CS","2022","Unknown","Accountant in Bankruptcy","EO","5","[c]","[c]","[c]"
"New entrant CS","2022","Unknown","Crown Commercial Service","EO","[c]","[c]","[c]","[c]"
"New entrant CS","2022","Unknown","Crown Prosecution Service","EO","5","[c]","[c]","[c]"
"New entrant CS","2022","Unknown","Crown Prosecution Service","G6/G7","[c]","[c]","[c]","[c]"
"New entrant CS","2022","Unknown","Crown Prosecution Service","SEO/HEO","5","[c]","[c]","[c]"
"New entrant CS","2022","Unknown","Department for Work and Pensions (excl. agencies)","AA/AO","560","[c]","21480","21260"
"New entrant CS","2022","Unknown","Department for Work and Pensions (excl. agencies)","EO","515","[c]","27760","27570"
"New entrant CS","2022","Unknown","Department for Work and Pensions (excl. agencies)","G6/G7","65","[c]","56630","54070"
"New entrant CS","2022","Unknown","Department for Work and Pensions (excl. agencies)","SCS level","[c]","[c]","[c]","[c]"
"New entrant CS","2022","Unknown","Department for Work and Pensions (excl. agencies)","SEO/HEO","130","[c]","36020","36650"
"New entrant CS","2022","Unknown","Department of Health and Social Care (excl. agencies)","AA/AO","[c]","[c]","[c]","[c]"
"New entrant CS","2022","Unknown","Department of Health and Social Care (excl. agencies)","EO","[c]","[c]","[c]","[c]"
"New entrant CS","2022","Unknown","Department of Health and Social Care (excl. agencies)","G6/G7","[c]","[c]","[c]","[c]"
"New entrant CS","2022","Unknown","Department of Health and Social Care (excl. agencies)","SCS level","[c]","[c]","[c]","[c]"
"New entrant CS","2022","Unknown","Department of Health and Social Care (excl. agencies)","SEO/HEO","10","[c]","[c]","[c]"
"New entrant CS","2022","Unknown","Department of Health and Social Care (excl. agencies)","Unknown","15","[c]","[c]","[c]"
"New entrant CS","2022","Unknown","Disclosure Scotland","AA/AO","55","[c]","21050","21050"
"New entrant CS","2022","Unknown","Disclosure Scotland","EO","[c]","[c]","[c]","[c]"
"New entrant CS","2022","Unknown","Disclosure Scotland","G6/G7","[c]","[c]","[c]","[c]"
"New entrant CS","2022","Unknown","Disclosure Scotland","SEO/HEO","[c]","[c]","[c]","[c]"
"New entrant CS","2022","Unknown","Driver and Vehicle Licensing Agency","EO","[c]","[c]","[c]","[c]"
"New entrant CS","2022","Unknown","Driver and Vehicle Licensing Agency","SEO/HEO","[c]","[c]","[c]","[c]"
"New entrant CS","2022","Unknown","Education Scotland","AA/AO","5","[c]","[c]","[c]"
"New entrant CS","2022","Unknown","Education Scotland","EO","[c]","[c]","[c]","[c]"
"New entrant CS","2022","Unknown","Education Scotland","G6/G7","35","[c]","60450","65280"
"New entrant CS","2022","Unknown","Education Scotland","SEO/HEO","10","[c]","37680","39660"
"New entrant CS","2022","Unknown","Food Standards Scotland","AA/AO","10","[c]","24610","25160"
"New entrant CS","2022","Unknown","Food Standards Scotland","EO","30","[c]","27510","27230"
"New entrant CS","2022","Unknown","Food Standards Scotland","G6/G7","10","[c]","56740","53480"
"New entrant CS","2022","Unknown","Food Standards Scotland","SEO/HEO","35","[c]","33580","31540"
"New entrant CS","2022","Unknown","HM Revenue and Customs (excl. agencies)","AA/AO","465","[c]","[c]","[c]"
"New entrant CS","2022","Unknown","HM Revenue and Customs (excl. agencies)","EO","45","[c]","[c]","[c]"
"New entrant CS","2022","Unknown","HM Revenue and Customs (excl. agencies)","G6/G7","[c]","[c]","[c]","[c]"
"New entrant CS","2022","Unknown","HM Revenue and Customs (excl. agencies)","SCS level","[c]","[c]","[c]","[c]"
"New entrant CS","2022","Unknown","HM Revenue and Customs (excl. agencies)","SEO/HEO","35","[c]","[c]","[c]"
"New entrant CS","2022","Unknown","HM Revenue and Customs (excl. agencies)","Unknown","[c]","[c]","[c]","[c]"
"New entrant CS","2022","Unknown","HM Treasury (excl. agencies)","AA/AO","10","[c]","22750","22750"
"New entrant CS","2022","Unknown","HM Treasury (excl. agencies)","EO","[c]","[c]","[c]","[c]"
"New entrant CS","2022","Unknown","Home Office","AA/AO","535","[c]","21920","21680"
"New entrant CS","2022","Unknown","Home Office","EO","1485","[c]","27240","24880"
"New entrant CS","2022","Unknown","Home Office","G6/G7","160","[c]","59900","57430"
"New entrant CS","2022","Unknown","Home Office","SCS level","10","[c]","99050","95000"
"New entrant CS","2022","Unknown","Home Office","SEO/HEO","375","[c]","36560","35050"
"New entrant CS","2022","Unknown","Home Office","Unknown","5","[c]","[c]","[c]"
"New entrant CS","2022","Unknown","Intellectual Property Office","AA/AO","[c]","[c]","[c]","[c]"
"New entrant CS","2022","Unknown","Intellectual Property Office","EO","10","[c]","[c]","[c]"
"New entrant CS","2022","Unknown","Intellectual Property Office","G6/G7","[c]","[c]","[c]","[c]"
"New entrant CS","2022","Unknown","Intellectual Property Office","SEO/HEO","[c]","[c]","[c]","[c]"
"New entrant CS","2022","Unknown","Met Office","AA/AO","[c]","[c]","[c]","[c]"
"New entrant CS","2022","Unknown","Met Office","EO","[c]","[c]","[c]","[c]"
"New entrant CS","2022","Unknown","Met Office","G6/G7","[c]","[c]","[c]","[c]"
"New entrant CS","2022","Unknown","Ministry of Defence (excl. agencies)","AA/AO","550","[c]","20910","21170"
"New entrant CS","2022","Unknown","Ministry of Defence (excl. agencies)","EO","300","[c]","27350","26350"
"New entrant CS","2022","Unknown","Ministry of Defence (excl. agencies)","G6/G7","90","[c]","66580","65750"
"New entrant CS","2022","Unknown","Ministry of Defence (excl. agencies)","SCS level","20","[c]","92220","87210"
"New entrant CS","2022","Unknown","Ministry of Defence (excl. agencies)","SEO/HEO","320","[c]","37630","36960"
"New entrant CS","2022","Unknown","Ministry of Defence (excl. agencies)","Unknown","5","[c]","[c]","[c]"
"New entrant CS","2022","Unknown","National Records of Scotland","AA/AO","[c]","[c]","[c]","[c]"
"New entrant CS","2022","Unknown","National Records of Scotland","EO","30","[c]","27320","27230"
"New entrant CS","2022","Unknown","National Records of Scotland","G6/G7","10","[c]","59350","53480"
"New entrant CS","2022","Unknown","National Records of Scotland","SEO/HEO","30","[c]","37800","39660"
"New entrant CS","2022","Unknown","Office of the Scottish Charity Regulator","AA/AO","[c]","[c]","[c]","[c]"
"New entrant CS","2022","Unknown","Office of the Scottish Charity Regulator","EO","[c]","[c]","[c]","[c]"
"New entrant CS","2022","Unknown","Office of the Scottish Charity Regulator","G6/G7","[c]","[c]","[c]","[c]"
"New entrant CS","2022","Unknown","Office of the Scottish Charity Regulator","SEO/HEO","[c]","[c]","[c]","[c]"
"New entrant CS","2022","Unknown","Office of the Secretary of State for Scotland (incl. Office of the Advocate General for Scotland)","AA/AO","[c]","[c]","[c]","[c]"
"New entrant CS","2022","Unknown","Office of the Secretary of State for Scotland (incl. Office of the Advocate General for Scotland)","EO","[c]","[c]","[c]","[c]"
"New entrant CS","2022","Unknown","Office of the Secretary of State for Scotland (incl. Office of the Advocate General for Scotland)","G6/G7","5","[c]","[c]","[c]"
"New entrant CS","2022","Unknown","Office of the Secretary of State for Scotland (incl. Office of the Advocate General for Scotland)","SEO/HEO","[c]","[c]","[c]","[c]"
"New entrant CS","2022","Unknown","Planning Inspectorate","SEO/HEO","[c]","[c]","[c]","[c]"
"New entrant CS","2022","Unknown","Revenue Scotland","AA/AO","10","[c]","24670","24400"
"New entrant CS","2022","Unknown","Revenue Scotland","EO","5","[c]","[c]","[c]"
"New entrant CS","2022","Unknown","Revenue Scotland","G6/G7","5","[c]","[c]","[c]"
"New entrant CS","2022","Unknown","Revenue Scotland","SEO/HEO","10","[c]","36400","34600"
"New entrant CS","2022","Unknown","Royal Fleet Auxiliary","Unknown","155","[c]","20590","16190"
"New entrant CS","2022","Unknown","Scottish Fiscal Commission","EO","[c]","[c]","[c]","[c]"
"New entrant CS","2022","Unknown","Scottish Fiscal Commission","G6/G7","[c]","[c]","[c]","[c]"
"New entrant CS","2022","Unknown","Scottish Fiscal Commission","SEO/HEO","10","[c]","[c]","[c]"
"New entrant CS","2022","Unknown","Scottish Government (excl. agencies)","AA/AO","310","[c]","23110","24400"
"New entrant CS","2022","Unknown","Scottish Government (excl. agencies)","EO","245","[c]","27420","27230"
"New entrant CS","2022","Unknown","Scottish Government (excl. agencies)","G6/G7","210","[c]","56550","53480"
"New entrant CS","2022","Unknown","Scottish Government (excl. agencies)","SCS level","10","[c]","88510","78810"
"New entrant CS","2022","Unknown","Scottish Government (excl. agencies)","SEO/HEO","675","[c]","35920","33540"
"New entrant CS","2022","Unknown","Scottish Housing Regulator","AA/AO","[c]","[c]","[c]","[c]"
"New entrant CS","2022","Unknown","Scottish Housing Regulator","EO","[c]","[c]","[c]","[c]"
"New entrant CS","2022","Unknown","Scottish Housing Regulator","G6/G7","[c]","[c]","[c]","[c]"
"New entrant CS","2022","Unknown","Scottish Housing Regulator","SEO/HEO","5","[c]","[c]","[c]"
"New entrant CS","2022","Unknown","Scottish Prison Service","AA/AO","[c]","[c]","[c]","[c]"
"New entrant CS","2022","Unknown","Scottish Public Pensions Agency","AA/AO","50","[c]","24400","24400"
"New entrant CS","2022","Unknown","Scottish Public Pensions Agency","G6/G7","[c]","[c]","[c]","[c]"
"New entrant CS","2022","Unknown","Scottish Public Pensions Agency","SEO/HEO","[c]","[c]","[c]","[c]"
"New entrant CS","2022","Unknown","Social Security Scotland","AA/AO","515","[c]","21450","21050"
"New entrant CS","2022","Unknown","Social Security Scotland","EO","575","[c]","27420","27230"
"New entrant CS","2022","Unknown","Social Security Scotland","G6/G7","30","[c]","56750","52860"
"New entrant CS","2022","Unknown","Social Security Scotland","SEO/HEO","275","[c]","34520","31540"
"New entrant CS","2022","Unknown","Student Awards Agency for Scotland","AA/AO","25","[c]","21090","21050"
"New entrant CS","2022","Unknown","Student Awards Agency for Scotland","EO","5","[c]","[c]","[c]"
"New entrant CS","2022","Unknown","Student Awards Agency for Scotland","G6/G7","[c]","[c]","[c]","[c]"
"New entrant CS","2022","Unknown","Student Awards Agency for Scotland","SEO/HEO","10","[c]","[c]","[c]"
"New entrant CS","2022","Unknown","Transport Scotland","AA/AO","10","[c]","22390","21050"
"New entrant CS","2022","Unknown","Transport Scotland","EO","5","[c]","[c]","[c]"
"New entrant CS","2022","Unknown","Transport Scotland","G6/G7","10","[c]","54470","49860"
"New entrant CS","2022","Unknown","Transport Scotland","SEO/HEO","30","[c]","34800","31540"
"New entrant CS","2022","Unknown","UK Space Agency","SEO/HEO","[c]","[c]","[c]","[c]"
"New entrant CS","2022","Unknown","Veterinary Medicines Directorate","AA/AO","[c]","[c]","[c]","[c]"
"New entrant CS","2022","Unknown","Veterinary Medicines Directorate","EO","[c]","[c]","[c]","[c]"
"New entrant CS","2022","Unknown","Veterinary Medicines Directorate","G6/G7","[c]","[c]","[c]","[c]"
"New entrant CS","2022","Unknown","Veterinary Medicines Directorate","SEO/HEO","10","[c]","37860","38750"
"New entrant CS","2022","Unknown","Welsh Government (excl. agencies)","AA/AO","80","[c]","21960","21300"
"New entrant CS","2022","Unknown","Welsh Government (excl. agencies)","EO","75","[c]","26480","25860"
"New entrant CS","2022","Unknown","Welsh Government (excl. agencies)","G6/G7","45","[c]","57080","54280"
"New entrant CS","2022","Unknown","Welsh Government (excl. agencies)","SCS level","10","[c]","77680","75110"
"New entrant CS","2022","Unknown","Welsh Government (excl. agencies)","SEO/HEO","140","[c]","36010","35180"
"New entrant CS","2022","Unknown","Welsh Revenue Authority","EO","[c]","[c]","[c]","[c]"
"New entrant CS","2022","Unknown","Welsh Revenue Authority","SEO/HEO","[c]","[c]","[c]","[c]"
"Notes","Summary figures are suppressed when information relates to less than 5 civil servants for FTE or Headcount, and less than 10 civil servants for median and mean salary (shown as [c]). Zero responses and salaries for less than 30 civil servants have been suppressed for GPDR special category data. FTE figures are not shown for entrants or leavers due to data quality concerns for these groups. Figures are rounded to the nearest 5, or £10 as appropriate.","","","","","","",""
"Data source","All figures are aggregated from the Cabinet Office Annual Civil Service Employment Survey collection. https://www.gov.uk/government/collections/civil-service-statistics","","","","","","",""
"Version","Generated on 2023-02-14, with GIT 71a76ea.","","","","","","",""
"Data column","Description","","","","","","",""
"Status","Employment status of the civil servants.","","","","","","",""
"","In post - includes staff that were in post on the reference date (31 March).","","","","","","",""
"","New entrant CS - includes new entrants to the Civil Service over the year (1 April to 31 March).","","","","","","",""
"","Leaver CS - includes leavers from the Civil Service over the year (1 April to 31 March). This includes employees who have an Unknown leaving cause.","","","","","","",""
"","Leaver Dept. - includes leavers from the department over the year (1 April to 31 March), who did not leave the Civil Service.","","","","","","",""
"","Five organisations do not report when their employees first entered the Civil Service and so entrants data for these organisations is not available . These are as follows: Foreign Commonwealth and Development Office (excl. agencies), Foreign Commonwealth and Development Office Services, Defence Electronics and Components Agency, Scottish Forestry and Forest and Land Scotland. A further three organisations also could not provide entrants data in 2021. These are as follows: Department for International Development, Foreign and Commonwealth Office (excl. agencies) and Royal Fleet Auxiliary.","","","","","","",""
"","Organisation specific notes on status: In late June 2021 around 7,000 employees from Community Rehabilitation Companies were transferred in from the private sector to HM Prison and Probation Service, counting as entrants. HM Land Registry do not record where their departing employees transfer to and so are unable to identify those that transfer to another Civil Service department.","","","","","","",""
"Year","Year of data collection (as at 31 March).","","","","","","",""
"Organisation","Executive Agencies, Ministerial and Non-Ministerial Departments, Crown Non-departmental Public Bodies.","","","","","","",""
"","On 30 September 2021, the Ministry for Housing, Communities and Local Government changed it's name to the Department for Levelling Up, Housing and Communities.","","","","","","",""
"","On 1 October 2021, Public Health England was dissolved and its staff were transferred into either the newly created UK Health Security Agency, the NHS or the Department for Health and Social Care (excl. agencies). In addition to this the DHSC have been offboarding Test and Trace staff as well as onboarding the former PHE staff onto their system and so caution should be advised when interpretting data at DHSC as they are currently undertaking data cleansing exercises. PHE only includes entrants and leavers up to 30 September 2021 and UKHSA only inlcudes entrants and leavers from 1 October to 31 March 2022.","","","","","","",""
"Responsibility_level_grouped","With the exception of the centrally managed Senior Civil Service, government departments have delegated pay and grading. For statistical purposes departments are asked to map their grades to a common framework by responsibility level.","","","","","","",""
"","This table shows staff in their substantive responsibility level unless on temporary promotion in which case staff are recorded at the higher responsibility level.","","","","","","",""
"","Responsibility_level_grouped combines the mapped grades into five broad responsibility levels. This is the headline measure for responsibility level for the Civil Service and is consistent with the published National Statistics.","","","","","","",""
"Function_of_post","Functions relate to the post occupied by the person and are not dependent on qualifications the individual may have.","","","","","","",""
"","Home Office, Welsh Government and Royal Fleet Auxiliary did not report any functions information for their employees.","","","","","","",""
"","Of the 20 bodies under the Scottish Government, 16 did not report any functions information for their employees.","","","","","","",""
"Headcount","Total number of civil servants (rounded to nearest 5).","","","","","","",""
"FTE","Total full-time equivalent (FTE) employment numbers (rounded to nearest 5).","","","","","","",""
"","FTE figures are not shown for entrants or leavers due to data quality concerns for these groups.","","","","","","",""
"Mean_salary","Average salary (mean, rounded to nearest £10). For part-time employees, salaries represent the full-time equivalent earnings, while for full-time employees they are the actual annual gross salaries.","","","","","","",""
"","These figures should be interpreted with caution when the total number of employees in a group is small, as they will tend to show more variability than larger groups (i.e. may be much higher or lower than can be explained by the data shown).","","","","","","",""
"Median_salary","Median salary (rounded to nearest £10). For part-time employees, salaries represent the full-time equivalent earnings, while for full-time employees they are the actual annual gross salaries.","","","","","","",""
"","These figures should be interpreted with caution when the total number of employees in a group is small, as they will tend to show more variability than larger groups (i.e. may be much higher or lower than can be explained by the data shown).","","","","","","",""
